1.31582094e+01    3.02247095e+14    1.31539386e+01
4.16099116e+01    1.92721817e+15    4.15964079e+01
1.31582094e+02    1.22885214e+16    1.31539403e+02
4.16099116e+02    7.83552996e+16    4.15964187e+02
1.31582094e+03    4.99616902e+17    1.31539472e+03
4.16099116e+03    3.18570728e+18    4.15964626e+03
1.31582094e+04    2.03130256e+19    1.31539751e+04
4.16099116e+04    1.29521946e+20    4.15966410e+04
1.31582094e+05    8.25870794e+20    1.31540889e+05
4.16099116e+05    5.26600000e+21    4.15973663e+05
1.04516019e+06    2.31800000e+22    1.04486326e+06
2.62539257e+06    9.75500000e+22    2.62472478e+06
6.59477869e+06    3.91100000e+23    6.59342142e+06
8.30166550e+06    5.25900000e+23    8.30008727e+06
1.65616512e+07    1.43500000e+24    1.65594494e+07
3.30510668e+07    3.83300000e+24    3.30492290e+07
6.59582068e+07    1.00600000e+25    6.59613044e+07
1.31584187e+08    2.60400000e+25    1.31607983e+08
2.62533539e+08    6.67600000e+25    2.62626397e+08
3.30502386e+08    8.73800000e+25    3.30641239e+08
5.23899524e+08    1.62900000e+26    5.24196708e+08
8.30159999e+08    3.02900000e+26    8.30774276e+08
1.04524049e+09    4.12900000e+26    1.04611566e+09
1.21174084e+09    5.03600000e+26    1.21283618e+09
1.60403269e+09    6.86000000e+26    1.60569367e+09
2.54240133e+09    1.27200000e+27    2.54563731e+09
4.16069052e+09    2.35600000e+27    4.16720076e+09
6.59468718e+09    4.36200000e+27    6.60707627e+09
8.01587683e+09    5.66200000e+27    8.03212580e+09
1.00916975e+10    7.70200000e+27    1.01140534e+10
1.31618543e+10    1.04800000e+28    1.31940439e+10
1.65672568e+10    1.42500000e+28    1.66112860e+10
2.08578692e+10    1.93800000e+28    2.09180804e+10
2.52640269e+10    2.50300000e+28    2.53421273e+10
3.30516885e+10    3.40400000e+28    3.31638452e+10
4.16062737e+10    4.62800000e+28    4.17588672e+10
5.02208849e+10    5.94900000e+28    5.04171451e+10
6.59481311e+10    8.08900000e+28    6.62299501e+10
8.30364452e+10    1.10000000e+29    8.34184308e+10
1.02142343e+11    1.45000000e+29    1.02644501e+11
1.08688968e+11    1.49500000e+29    1.09233809e+11
1.40903933e+11    2.03300000e+29    1.41667601e+11
1.69295180e+11    2.59700000e+29    1.70264172e+11
1.83517505e+11    2.89200000e+29    1.84593512e+11
2.08537815e+11    3.29000000e+29    2.09807282e+11
2.71451551e+11    4.47300000e+29    2.73232411e+11
3.30514294e+11    5.81600000e+29    3.32805937e+11
4.16105955e+11    7.53800000e+29    4.19181422e+11
4.27109490e+11    7.80500000e+29    4.30288853e+11
4.30592626e+11    7.89000000e+29    4.33805038e+11
4.49363775e+11    8.35200000e+29    4.52755600e+11
4.79136616e+11    9.09800000e+29    4.82817420e+11
4.94574092e+11    9.49100000e+29    4.98406800e+11
5.07801045e+11    9.83100000e+29    5.11764998e+11
5.67514203e+11    1.08300000e+30    5.72079220e+11
2.09493590e+12    2.15470000e+30    2.11612045e+12
3.14622309e+12    3.42720000e+30    3.17954564e+12
4.43795632e+12    5.26790000e+30    4.48689206e+12
5.98823546e+12    7.79760000e+30    6.05674823e+12
7.82064016e+12    1.11470000e+31    7.91328380e+12
1.24478979e+13    2.08940000e+31    1.26053243e+13
1.85930543e+13    3.58410000e+31    1.88431403e+13
2.65669622e+13    5.76110000e+31    2.69458823e+13
3.66530756e+13    8.81170000e+31    3.72058330e+13
4.89477058e+13    1.29470000e+32    4.97256161e+13
7.08784433e+13    2.16200000e+32    7.20878926e+13
1.03285521e+14    3.84750000e+32    1.05194059e+14
1.21508275e+14    5.04620000e+32    1.23839983e+14
1.26132876e+14    5.37110000e+32    1.28575375e+14
1.41145808e+14    7.18670000e+32    1.43961371e+14
1.49448503e+14    8.02250000e+32    1.52479383e+14
1.57751197e+14    8.93310000e+32    1.61002788e+14
1.66053892e+14    9.92530000e+32    1.69531761e+14
1.74356587e+14    1.10050000e+33    1.78066494e+14
1.82659281e+14    1.21780000e+33    1.86607190e+14
1.90961976e+14    1.34520000e+33    1.95154069e+14
1.99264671e+14    1.48320000e+33    2.03707364e+14
2.07567365e+14    1.63250000e+33    2.12267315e+14
2.15870060e+14    1.79370000e+33    2.20834171e+14
2.24172754e+14    1.96740000e+33    2.29408189e+14
2.32475449e+14    2.15440000e+33    2.37989635e+14
2.40778144e+14    2.35520000e+33    2.46578782e+14
2.49080838e+14    2.57040000e+33    2.55175906e+14
2.57383533e+14    2.80080000e+33    2.63781290e+14
2.65686227e+14    3.04680000e+33    2.72395219e+14
2.73988922e+14    3.30900000e+33    2.81017980e+14
2.82291617e+14    3.58840000e+33    2.89649868e+14
2.90594311e+14    3.88530000e+33    2.98291183e+14
2.98897006e+14    4.20050000e+33    3.06942223e+14
3.07199700e+14    4.53460000e+33    3.15603294e+14
3.15502395e+14    4.88820000e+33    3.24274702e+14
3.23805090e+14    5.26180000e+33    3.32956754e+14
3.32107784e+14    5.65630000e+33    3.41649759e+14
3.40410479e+14    6.07210000e+33    3.50354031e+14
3.48713173e+14    6.51010000e+33    3.59069885e+14
3.57015868e+14    6.97050000e+33    3.67797636e+14
3.65318563e+14    7.45440000e+33    3.76537602e+14
3.73621257e+14    7.96210000e+33    3.85290102e+14
3.81923952e+14    8.49450000e+33    3.94055459e+14
3.90226646e+14    9.05200000e+33    4.02833994e+14
3.98529341e+14    9.63550000e+33    4.11626032e+14
4.06832036e+14    1.02450000e+34    4.20431895e+14
4.15134730e+14    1.08820000e+34    4.29251908e+14
4.31740119e+14    1.22250000e+34    4.46935409e+14
4.48345509e+14    1.36950000e+34    4.64679053e+14
4.64950898e+14    1.53010000e+34    4.82486028e+14
4.81556287e+14    1.70500000e+34    5.00359616e+14
4.98161676e+14    1.89650000e+34    5.18303435e+14
5.14767066e+14    2.10400000e+34    5.36321200e+14
5.31372455e+14    2.33030000e+34    5.54416756e+14
5.47977844e+14    2.57410000e+34    5.72593997e+14
5.64583233e+14    2.83690000e+34    5.90856596e+14
5.81188622e+14    3.12190000e+34    6.09208771e+14
5.97794012e+14    3.42740000e+34    6.27654764e+14
6.14399401e+14    3.75660000e+34    6.46198786e+14
6.31004790e+14    4.10970000e+34    6.64845350e+14
6.47610179e+14    4.48650000e+34    6.83598730e+14
6.64215568e+14    4.88850000e+34    7.02463160e+14
6.80820958e+14    5.31760000e+34    7.21443134e+14
6.97426347e+14    5.77520000e+34    7.40543376e+14
7.14031736e+14    6.25960000e+34    7.59768358e+14
7.30637125e+14    6.77250000e+34    7.79122330e+14
7.47242514e+14    7.31700000e+34    7.98609952e+14
7.63847904e+14    7.89170000e+34    8.18235902e+14
7.80453293e+14    8.49970000e+34    8.38004846e+14
7.97058682e+14    9.13930000e+34    8.57921431e+14
8.13664071e+14    9.81350000e+34    8.77990248e+14
8.30269460e+14    1.05210000e+35    8.98215907e+14
8.46874850e+14    1.12650000e+35    9.18603028e+14
8.63480239e+14    1.20460000e+35    9.39156467e+14
8.80085628e+14    1.28630000e+35    9.59880839e+14
8.96691017e+14    1.37190000e+35    9.80780786e+14
9.29901796e+14    1.55490000e+35    1.02312641e+15
9.63112574e+14    1.75410000e+35    1.06623095e+15
9.96323353e+14    1.97100000e+35    1.11013319e+15
1.02953413e+15    2.20520000e+35    1.15487155e+15
1.06274491e+15    2.45850000e+35    1.20048429e+15
1.09595569e+15    2.73090000e+35    1.24701055e+15
1.12916647e+15    3.02210000e+35    1.29448662e+15
1.16237724e+15    3.33570000e+35    1.34295179e+15
1.19558802e+15    3.66960000e+35    1.39244584e+15
1.22879880e+15    4.02580000e+35    1.44300594e+15
1.26200958e+15    4.40410000e+35    1.49467010e+15
1.29522036e+15    4.80630000e+35    1.54747655e+15
1.32843114e+15    5.23370000e+35    1.60146601e+15
1.36164192e+15    5.68490000e+35    1.65667715e+15
1.39485269e+15    6.16150000e+35    1.71314691e+15
1.42806347e+15    6.66330000e+35    1.77091236e+15
1.46127425e+15    7.19200000e+35    1.83001074e+15
1.49448503e+15    7.74920000e+35    1.89048177e+15
1.52769581e+15    8.33340000e+35    1.95236365e+15
1.56090659e+15    8.94600000e+35    2.01569267e+15
1.59411736e+15    9.58880000e+35    2.08050737e+15
1.62732814e+15    1.02620000e+36    2.14684706e+15
1.66053892e+15    1.09650000e+36    2.21474899e+15
1.69374970e+15    1.16970000e+36    2.28424738e+15
1.72696048e+15    1.24640000e+36    2.35538061e+15
1.76017126e+15    1.32620000e+36    2.42818796e+15
1.79338203e+15    1.40930000e+36    2.50270500e+15
1.82659281e+15    1.49570000e+36    2.57896806e+15
1.85980359e+15    1.58630000e+36    2.65702109e+15
1.89301437e+15    1.67810000e+36    2.73688643e+15
1.92622515e+15    1.77620000e+36    2.81860441e+15
1.95943593e+15    1.87590000e+36    2.90221987e+15
1.99264671e+15    1.98050000e+36    2.98776127e+15
2.02585748e+15    2.08810000e+36    3.07527014e+15
2.05906826e+15    2.20050000e+36    3.16478506e+15
2.09227904e+15    2.31440000e+36    3.25633078e+15
2.12548982e+15    2.43490000e+36    3.34994574e+15
2.15870060e+15    2.55820000e+36    3.44567996e+15
2.19191138e+15    2.68500000e+36    3.54355466e+15
2.22512215e+15    2.81640000e+36    3.64360551e+15
