6.64215570e+00    1.00947862e+08    7.75482142e+00
7.85434928e+00    1.00947860e+09    7.81447425e+00
7.90416510e+00    1.00947860e+10    7.85424255e+00
8.15324630e+00    1.00947866e+11    8.10279415e+00
1.16071672e+01    1.20938350e+12    1.15328122e+01
1.64393353e+01    1.39928062e+13    1.63050103e+01
4.51666585e+01    1.69913806e+14    4.48387781e+01
2.10888443e+02    5.81700740e+15    2.10772076e+02
1.15075350e+03    1.89897153e+17    1.14333911e+03
1.04530927e+04    9.73897479e+18    1.03795310e+04
2.62531188e+04    4.96545464e+19    2.60681313e+04
6.59566086e+04    2.42973973e+20    6.54884736e+04
1.65655361e+05    1.15040925e+21    1.64441991e+05
4.16131075e+05    5.26336394e+21    4.13192817e+05
1.04514316e+06    2.31679512e+22    1.03795302e+06
2.62531203e+06    9.75005502e+22    2.60681321e+06
6.59566069e+06    3.90892180e+23    6.54984186e+06
8.30269456e+06    5.25639425e+23    8.24496620e+06
1.65655356e+07    1.43427209e+24    1.64541402e+07
3.30447244e+07    3.83100416e+24    3.28287453e+07
6.59566054e+07    1.00549336e+25    6.55083613e+07
1.31581109e+08    2.60273097e+25    1.30738346e+08
2.62531193e+08    6.67267005e+25    2.60880147e+08
3.30447244e+08    8.73355286e+25    3.28486307e+08
5.23900011e+08    1.62817230e+26    5.20666657e+08
8.30269459e+08    3.02752455e+26    8.25291978e+08
1.04514321e+09    4.12694767e+26    1.03894725e+09
1.31581102e+09    5.03336444e+26    1.30837759e+09
1.65655355e+09    6.85656302e+26    1.64740250e+09
2.62531202e+09    1.27134227e+27    2.61079006e+09
4.16131070e+09    2.35486031e+27    4.13988158e+09
6.59566031e+09    4.35980669e+27    6.56276664e+09
8.30269439e+09    5.65902779e+27    8.26385617e+09
1.04514317e+10    7.69810749e+27    1.03994148e+10
1.31581102e+10    1.04747238e+28    1.31036605e+10
1.65655363e+10    1.42426438e+28    1.64939098e+10
2.08563688e+10    1.93703660e+28    2.07789454e+10
2.62531190e+10    2.50175991e+28    2.61576098e+10
3.30447255e+10    3.40227918e+28    3.29381082e+10
4.16131064e+10    4.62554851e+28    4.14783540e+10
5.23900031e+10    5.94603582e+28    5.22356828e+10
6.59566031e+10    8.08483584e+28    6.57867405e+10
8.30269439e+10    1.09944113e+29    8.28374068e+10
1.04514323e+11    1.49422922e+29    1.04292414e+11
1.31581108e+11    2.03193161e+29    1.31434287e+11
1.65655363e+11    2.59576144e+29    1.65436197e+11
1.83489546e+11    2.89045389e+29    1.83331934e+11
2.08563682e+11    3.28826213e+29    2.08385983e+11
2.62531197e+11    4.47078556e+29    2.62470884e+11
3.30447249e+11    5.81307565e+29    3.30574140e+11
4.16131032e+11    7.80104443e+29    4.16374275e+11
4.27090624e+11    7.83392705e+29    4.27409994e+11
4.43363885e+11    7.88593174e+29    4.43416732e+11
5.19084457e+11    8.34771856e+29    5.19771906e+11
6.56078946e+11    8.40397282e+29    6.57171434e+11
7.90250449e+11    9.09329557e+29    7.91787185e+11
9.65105224e+11    9.82600683e+29    9.67165426e+11
1.18612299e+12    1.08244586e+30    1.18907264e+12
1.45894949e+12    1.21737183e+30    1.46247986e+12
1.66053894e+12    1.39827991e+30    1.67330908e+12
8.30269462e+12    1.25950947e+31    8.38150158e+12
1.66053892e+13    2.59379048e+31    1.67793276e+13
2.49080838e+13    4.69467030e+31    2.51877944e+13
3.32107784e+13    7.24980903e+31    3.36050865e+13
4.15134730e+13    1.01781131e+32    4.20300730e+13
4.98161676e+13    1.34469487e+32    5.04619881e+13
5.81188622e+13    1.70428099e+32    5.89002868e+13
6.64215568e+13    2.09626038e+32    6.73445699e+13
7.47242514e+13    2.52096177e+32    7.57945392e+13
8.30269460e+13    2.97913144e+32    8.42499703e+13
9.13296407e+13    3.47180199e+32    9.27106941e+13
9.96323353e+13    4.00020966e+32    1.01176584e+14
1.07935030e+14    4.56574067e+32    1.09647546e+14
1.16237724e+14    5.16989519e+32    1.18123515e+14
1.24540419e+14    5.81426288e+32    1.26604445e+14
1.32843114e+14    6.49024343e+32    1.35090309e+14
1.41145808e+14    7.09013667e+32    1.41982832e+14
1.49448503e+14    7.74064071e+32    1.50373947e+14
1.57751197e+14    8.37595442e+32    1.58761085e+14
1.66053892e+14    9.00179649e+32    1.67144246e+14
1.74356587e+14    9.62495792e+32    1.75523431e+14
1.82659281e+14    1.02516936e+33    1.83898638e+14
1.90961976e+14    1.08880795e+33    1.92273845e+14
1.99264671e+14    1.15407281e+33    2.00651041e+14
2.07567365e+14    1.22158941e+33    2.09022272e+14
2.15870060e+14    1.29196537e+33    2.17393503e+14
2.24172754e+14    1.36586191e+33    2.25764733e+14
2.32475449e+14    1.44390453e+33    2.34135964e+14
2.40778144e+14    1.52671870e+33    2.42507195e+14
2.49080838e+14    1.61494778e+33    2.50898309e+14
2.57383533e+14    1.70919938e+33    2.59269540e+14
2.65686227e+14    1.81015260e+33    2.67660655e+14
2.73988922e+14    1.91845080e+33    2.76051770e+14
2.82291617e+14    2.03461224e+33    2.84442884e+14
2.90594311e+14    2.15935175e+33    2.92833999e+14
2.98897006e+14    2.29320547e+33    3.01244998e+14
3.07199700e+14    2.43706694e+33    3.09655997e+14
3.15502395e+14    2.59129359e+33    3.18086880e+14
3.23805090e+14    2.75660024e+33    3.26517763e+14
3.32107784e+14    2.93370176e+33    3.34948646e+14
3.40410479e+14    3.12313425e+33    3.43399414e+14
3.48713173e+14    3.32561257e+33    3.51850181e+14
3.57015868e+14    3.54167285e+33    3.60320832e+14
3.65318563e+14    3.77202991e+33    3.68811368e+14
3.73621257e+14    4.01721990e+33    3.77301904e+14
3.81923952e+14    4.27795764e+33    3.85812323e+14
3.98529341e+14    4.83499641e+33    4.02853047e+14
4.15134730e+14    5.44118040e+33    4.19714813e+14
4.31740119e+14    6.09793929e+33    4.36755537e+14
4.48345509e+14    6.80706018e+33    4.53796261e+14
4.64950898e+14    7.57461921e+33    4.70836984e+14
4.81556287e+14    8.40383316e+33    4.87877708e+14
4.98161676e+14    9.29488073e+33    5.04918432e+14
5.14767066e+14    1.02540168e+34    5.22138113e+14
5.31372455e+14    1.12826710e+34    5.39337910e+14
5.47977844e+14    1.23858472e+34    5.56537706e+14
5.64583233e+14    1.35633668e+34    5.73737503e+14
5.81188622e+14    1.48214845e+34    5.91116258e+14
5.97794012e+14    1.61589494e+34    6.08316055e+14
6.14399401e+14    1.75832673e+34    6.25694809e+14
6.31004790e+14    1.91023015e+34    6.43073563e+14
6.47610179e+14    2.07178390e+34    6.60611391e+14
6.64215568e+14    2.24102218e+34    6.78149219e+14
6.80820958e+14    2.41991079e+34    6.95667162e+14
6.97426347e+14    2.60987941e+34    7.13204990e+14
7.14031736e+14    2.80914096e+34    7.30921775e+14
7.30637125e+14    3.01805283e+34    7.48459602e+14
7.47242514e+14    3.23804472e+34    7.66315576e+14
7.63847904e+14    3.46750824e+34    7.84012477e+14
7.80453293e+14    3.70966015e+34    8.01888336e+14
7.97058682e+14    3.96146241e+34    8.19923267e+14
8.13664071e+14    4.22577435e+34    8.37799126e+14
8.30269460e+14    4.50098760e+34    8.55814173e+14
8.46874850e+14    4.78745958e+34    8.74028062e+14
8.63480239e+14    5.08661995e+34    8.92062994e+14
8.80085628e+14    5.39686034e+34    9.10416072e+14
8.96691017e+14    5.71978914e+34    9.28610076e+14
9.13296407e+14    6.05522762e+34    9.46983039e+14
9.29901796e+14    6.40335451e+34    9.65515074e+14
9.46507185e+14    6.76434852e+34    9.83868152e+14
9.63112574e+14    7.13928189e+34    1.00255926e+15
9.79717963e+14    7.52708238e+34    1.02109130e+15
9.96323353e+14    7.92757127e+34    1.03996136e+15
1.01292874e+15    8.34217824e+34    1.05865247e+15
1.02953413e+15    8.77108201e+34    1.07752254e+15
1.04613952e+15    9.21428257e+34    1.09653179e+15
1.06274491e+15    9.67160121e+34    1.11556093e+15
1.07935030e+15    1.01432166e+35    1.13459007e+15
1.09595569e+15    1.06307373e+35    1.15377829e+15
1.11256108e+15    1.11307676e+35    1.17314546e+15
1.12916647e+15    1.16483114e+35    1.19249274e+15
1.14577186e+15    1.21801521e+35    1.21201898e+15
1.16237724e+15    1.27277192e+35    1.23154523e+15
1.17898263e+15    1.32895832e+35    1.25123054e+15
1.19558802e+15    1.38687820e+35    1.27091586e+15
1.22879880e+15    1.50732867e+35    1.31062453e+15
1.26200958e+15    1.63487393e+35    1.35065134e+15
1.29522036e+15    1.76783410e+35    1.39119514e+15
1.32843114e+15    1.90862176e+35    1.43205708e+15
1.36164192e+15    2.05587872e+35    1.47341613e+15
1.39485269e+15    2.21099891e+35    1.51511321e+15
1.42806347e+15    2.37237395e+35    1.55712844e+15
1.46127425e+15    2.54179094e+35    1.59979984e+15
1.49448503e+15    2.71907117e+35    1.64282916e+15
1.52769581e+15    2.90260624e+35    1.68583859e+15
1.56090659e+15    3.09400454e+35    1.73049841e+15
1.59411736e+15    3.29344479e+35    1.77517812e+15
1.62732814e+15    3.50074828e+35    1.81983794e+15
1.66053892e+15    3.71770210e+35    1.86451764e+15
1.69374970e+15    3.94073206e+35    1.91082784e+15
1.72696048e+15    4.17180396e+35    1.95715793e+15
1.76017126e+15    4.41252620e+35    2.00352779e+15
1.79338203e+15    4.66093296e+35    2.05144861e+15
1.82659281e+15    4.91738167e+35    2.09936943e+15
1.85980359e+15    5.18169362e+35    2.14748910e+15
1.89301437e+15    5.45547719e+35    2.19700065e+15
1.92622515e+15    5.73712400e+35    2.24671105e+15
1.95943593e+15    6.02842114e+35    2.29622260e+15
1.99264671e+15    6.32740280e+35    2.34752373e+15
2.02585748e+15    6.63603481e+35    2.39882486e+15
2.05906826e+15    6.95253004e+35    2.45012598e+15
2.09227904e+15    7.27706723e+35    2.50301785e+15
2.12548982e+15    7.61107603e+35    2.55610855e+15
2.15870060e+15    7.95276937e+35    2.60900041e+15
2.19191138e+15    8.30411304e+35    2.66368185e+15
2.22512215e+15    8.66349865e+35    2.71816444e+15
2.25833293e+15    9.03217718e+35    2.77443661e+15
2.29154371e+15    9.40889765e+35    2.83070877e+15
2.32475449e+15    9.79348136e+35    2.88698094e+15
2.35796527e+15    1.01875367e+36    2.94484384e+15
2.39117605e+15    1.05894553e+36    3.00270674e+15
2.42438682e+15    1.09994158e+36    3.06056964e+15
2.45759760e+15    1.14172395e+36    3.12022212e+15
2.49080838e+15    1.18445349e+36    3.17967575e+15
2.52401916e+15    1.22782638e+36    3.24091896e+15
2.55722994e+15    1.27198560e+36    3.30216217e+15
2.59044072e+15    1.31693114e+36    3.36340538e+15
2.62365150e+15    1.36282384e+36    3.42623932e+15
2.65686227e+15    1.40935990e+36    3.48907326e+15
2.69007305e+15    1.45682525e+36    3.55369677e+15
2.72328383e+15    1.50525564e+36    3.61812144e+15
2.75649461e+15    1.55449022e+36    3.68274496e+15
2.78970539e+15    1.60481492e+36    3.74895920e+15
2.82291617e+15    1.65546131e+36    3.81497461e+15
2.85612694e+15    1.69186452e+36    3.88118886e+15
2.88933772e+15    1.72984037e+36    3.94899384e+15
2.92254850e+15    1.76783410e+36    4.01679882e+15
2.95575928e+15    1.80747195e+36    4.08480264e+15
2.98897006e+15    1.84857523e+36    4.15419835e+15
3.02218084e+15    1.89289529e+36    4.22379290e+15
3.05539161e+15    1.94025341e+36    4.29477935e+15
3.08860239e+15    1.99261541e+36    4.36755537e+15
3.12181317e+15    2.04801548e+36    4.43874066e+15
3.15502395e+15    2.10967040e+36    4.51330625e+15
