6.64215570e+00    1.00947862e+08    7.75482142e+00
7.85434928e+00    1.00947860e+09    7.81447425e+00
7.90416510e+00    1.00947860e+10    7.85424255e+00
8.15324630e+00    1.00947866e+11    8.10279415e+00
1.16071672e+01    1.20938350e+12    1.15328122e+01
1.64393353e+01    1.39928062e+13    1.63050103e+01
4.51666585e+01    1.69913806e+14    4.48387781e+01
2.10888443e+02    5.81700740e+15    2.10772076e+02
1.15075350e+03    1.89897153e+17    1.14333911e+03
1.04530927e+04    9.73897479e+18    1.03795310e+04
2.62531188e+04    4.96545464e+19    2.60681313e+04
6.59566086e+04    2.42973973e+20    6.54884736e+04
1.65655361e+05    1.15040925e+21    1.64441991e+05
4.16131075e+05    5.26336394e+21    4.13192817e+05
1.04514316e+06    2.31679512e+22    1.03795302e+06
2.62531203e+06    9.75005502e+22    2.60681321e+06
6.59566069e+06    3.90892180e+23    6.54984186e+06
8.30269456e+06    5.25639425e+23    8.24496620e+06
1.65655356e+07    1.43427209e+24    1.64541402e+07
3.30447244e+07    3.83100416e+24    3.28287453e+07
6.59566054e+07    1.00549336e+25    6.55083613e+07
1.31581109e+08    2.60273097e+25    1.30738346e+08
2.62531193e+08    6.67267005e+25    2.60880147e+08
3.30447244e+08    8.73355286e+25    3.28486307e+08
5.23900011e+08    1.62817230e+26    5.20666657e+08
8.30269459e+08    3.02752455e+26    8.25291978e+08
1.04514321e+09    4.12694767e+26    1.03894725e+09
1.31581102e+09    5.03336444e+26    1.30837759e+09
1.65655355e+09    6.85656302e+26    1.64740250e+09
2.62531202e+09    1.27134227e+27    2.61079006e+09
4.16131070e+09    2.35486031e+27    4.13988158e+09
6.59566031e+09    4.35980669e+27    6.56276664e+09
8.30269439e+09    5.65902779e+27    8.26385617e+09
1.04514317e+10    7.69810749e+27    1.03994148e+10
1.31581102e+10    1.04747238e+28    1.31036605e+10
1.65655363e+10    1.42426438e+28    1.64939098e+10
2.08563688e+10    1.93703660e+28    2.07789454e+10
2.62531190e+10    2.50175991e+28    2.61576098e+10
3.30447255e+10    3.40227918e+28    3.29381082e+10
4.16131064e+10    4.62554851e+28    4.14783540e+10
5.23900031e+10    5.94603582e+28    5.22356828e+10
6.59566031e+10    8.08483584e+28    6.57867405e+10
8.30269439e+10    1.09944113e+29    8.28374068e+10
1.04514323e+11    1.49422922e+29    1.04292414e+11
1.31581108e+11    2.03193161e+29    1.31434287e+11
1.65655363e+11    2.59576144e+29    1.65436197e+11
1.83489546e+11    2.89045389e+29    1.83331934e+11
2.08563682e+11    3.28826213e+29    2.08385983e+11
2.62531197e+11    4.47078556e+29    2.62470884e+11
3.30447249e+11    5.81307565e+29    3.30574140e+11
4.16131032e+11    7.80104443e+29    4.16374275e+11
4.27090624e+11    7.83392705e+29    4.27409994e+11
4.43363885e+11    7.88593174e+29    4.43416732e+11
5.19084457e+11    8.34771856e+29    5.19771906e+11
6.56078946e+11    8.40397282e+29    6.57171434e+11
7.90250449e+11    9.09329557e+29    7.91787185e+11
9.65105224e+11    9.82600683e+29    9.67165426e+11
1.18612299e+12    1.08244586e+30    1.18907264e+12
1.45894949e+12    1.21737183e+30    1.46247986e+12
1.66053894e+12    1.39827991e+30    1.67330908e+12
8.30269462e+12    1.25950947e+31    8.38150158e+12
1.66053892e+13    2.59379048e+31    1.67793276e+13
2.49080838e+13    4.69467030e+31    2.51877944e+13
3.32107784e+13    7.24980903e+31    3.36050865e+13
4.15134730e+13    1.01781131e+32    4.20300730e+13
4.98161676e+13    1.34469487e+32    5.04619881e+13
5.81188622e+13    1.70428099e+32    5.89002868e+13
6.64215568e+13    2.09626038e+32    6.73445699e+13
7.47242514e+13    2.52096177e+32    7.57945392e+13
8.30269460e+13    2.97913144e+32    8.42499703e+13
9.13296407e+13    3.47180199e+32    9.27106941e+13
9.96323353e+13    4.00020966e+32    1.01176584e+14
1.07935030e+14    4.56574067e+32    1.09647546e+14
1.16237724e+14    5.16989519e+32    1.18123515e+14
1.24540419e+14    5.81426288e+32    1.26604445e+14
1.32843114e+14    6.49024343e+32    1.35090309e+14
1.41145808e+14    7.13731608e+32    1.41988798e+14
1.49448503e+14    7.88414476e+32    1.50395820e+14
1.57751197e+14    8.66421349e+32    1.58804830e+14
1.66053892e+14    9.48324097e+32    1.67219806e+14
1.74356587e+14    1.03471246e+33    1.75636770e+14
1.82659281e+14    1.12619406e+33    1.84057711e+14
1.90961976e+14    1.22330502e+33    1.92482629e+14
1.99264671e+14    1.32667083e+33    2.00909535e+14
2.07567365e+14    1.43686336e+33    2.09340419e+14
2.15870060e+14    1.55447234e+33    2.17771302e+14
2.24172754e+14    1.68006966e+33    2.26222069e+14
2.32475449e+14    1.81426293e+33    2.34652952e+14
2.40778144e+14    1.95758827e+33    2.43103719e+14
2.49080838e+14    2.11074266e+33    2.51554487e+14
2.57383533e+14    2.27408351e+33    2.60005254e+14
2.65686227e+14    2.44850437e+33    2.68475905e+14
2.73988922e+14    2.63436267e+33    2.76926673e+14
2.82291617e+14    2.83237324e+33    2.85397324e+14
2.90594311e+14    3.04289351e+33    2.93867975e+14
2.98897006e+14    3.26681702e+33    3.02338627e+14
3.07199700e+14    3.50450119e+33    3.10809278e+14
3.15502395e+14    3.75666086e+33    3.19299814e+14
3.23805090e+14    4.02401087e+33    3.27790349e+14
3.32107784e+14    4.30672994e+33    3.36280885e+14
3.40410479e+14    4.60571161e+33    3.44771421e+14
3.48713173e+14    4.92149200e+33    3.53261956e+14
3.57015868e+14    5.25460726e+33    3.61772376e+14
3.65318563e+14    5.60559351e+33    3.70262912e+14
3.73621257e+14    5.97516559e+33    3.78773331e+14
3.81923952e+14    6.36385962e+33    3.87303635e+14
3.98529341e+14    7.18842711e+33    4.04344359e+14
4.15134730e+14    8.07786630e+33    4.21544156e+14
4.31740119e+14    9.03700235e+33    4.38743953e+14
4.48345509e+14    1.00672649e+34    4.55963634e+14
4.64950898e+14    1.11720495e+34    4.73163431e+14
4.81556287e+14    1.23542156e+34    4.90522301e+14
4.98161676e+14    1.36155500e+34    5.07901055e+14
5.14767066e+14    1.49624866e+34    5.25279810e+14
5.31372455e+14    1.63962761e+34    5.42817637e+14
5.47977844e+14    1.79156677e+34    5.60176507e+14
5.64583233e+14    1.95455020e+34    5.77714335e+14
5.81188622e+14    2.12557558e+34    5.95411236e+14
5.97794012e+14    2.30911065e+34    6.12949064e+14
6.14399401e+14    2.50050895e+34    6.30665849e+14
6.31004790e+14    2.70477437e+34    6.48521823e+14
6.47610179e+14    2.91994110e+34    6.66397681e+14
6.64215568e+14    3.14636654e+34    6.84253655e+14
6.80820958e+14    3.38530168e+34    7.02129514e+14
6.97426347e+14    3.63531683e+34    7.20164445e+14
7.14031736e+14    3.89802039e+34    7.38199377e+14
7.30637125e+14    4.17341235e+34    7.56393382e+14
7.47242514e+14    4.46310110e+34    7.74587386e+14
7.63847904e+14    4.76529955e+34    7.92781391e+14
7.80453293e+14    5.08036511e+34    8.11154353e+14
7.97058682e+14    5.41115714e+34    8.29686389e+14
8.13664071e+14    5.75445886e+34    8.48218425e+14
8.30269460e+14    6.11223608e+34    8.66750460e+14
8.46874850e+14    6.48413139e+34    8.85441569e+14
8.63480239e+14    6.87193188e+34    9.04132678e+14
8.80085628e+14    7.27385045e+34    9.22982860e+14
8.96691017e+14    7.69167420e+34    9.41852926e+14
9.13296407e+14    8.12540313e+34    9.60882065e+14
9.29901796e+14    8.57325015e+34    9.80070278e+14
9.46507185e+14    9.03861073e+34    9.99099418e+14
9.63112574e+14    9.51969779e+34    1.01844670e+15
9.79717963e+14    1.00181197e+35    1.03781387e+15
9.96323353e+14    1.05326255e+35    1.05732023e+15
1.01292874e+15    1.10642875e+35    1.07684648e+15
1.02953413e+15    1.16118546e+35    1.09653179e+15
1.04613952e+15    1.21785437e+35    1.11621711e+15
1.06274491e+15    1.27625677e+35    1.13608138e+15
1.07935030e+15    1.33655349e+35    1.15610473e+15
1.09595569e+15    1.39858370e+35    1.17610819e+15
1.11256108e+15    1.46236526e+35    1.19629062e+15
1.12916647e+15    1.52821986e+35    1.21649292e+15
1.14577186e+15    1.59530756e+35    1.23683441e+15
1.16237724e+15    1.66495081e+35    1.25735487e+15
1.17898263e+15    1.73775722e+35    1.27803439e+15
1.19558802e+15    1.81051002e+35    1.29871391e+15
1.22879880e+15    1.96402183e+35    1.34039111e+15
1.26200958e+15    2.12557558e+35    1.38274437e+15
1.29522036e+15    2.29481386e+35    1.42543566e+15
1.32843114e+15    2.47209408e+35    1.46862405e+15
1.36164192e+15    2.66045432e+35    1.51228966e+15
1.39485269e+15    2.85506940e+35    1.55663133e+15
1.42806347e+15    3.06094321e+35    1.60129115e+15
1.46127425e+15    3.27610993e+35    1.64662703e+15
1.49448503e+15    3.49931860e+35    1.69246002e+15
1.52769581e+15    3.73342857e+35    1.73877022e+15
1.56090659e+15    3.97718888e+35    1.78675070e+15
1.59411736e+15    4.23202920e+35    1.83308078e+15
1.62732814e+15    4.49634114e+35    1.88106126e+15
1.66053892e+15    4.77173310e+35    1.93069212e+15
1.69374970e+15    5.05820508e+35    1.98032298e+15
1.72696048e+15    5.35575707e+35    2.02997372e+15
1.76017126e+15    5.66438907e+35    2.08127485e+15
1.79338203e+15    5.98410108e+35    2.13257598e+15
1.82659281e+15    6.31471440e+35    2.18387711e+15
1.85980359e+15    6.65819483e+35    2.23676897e+15
1.89301437e+15    7.01436367e+35    2.28966083e+15
1.92622515e+15    7.38143381e+35    2.34434226e+15
1.95943593e+15    7.76137106e+35    2.39882486e+15
1.99264671e+15    8.15381801e+35    2.45509702e+15
2.02585748e+15    8.56056175e+35    2.51136919e+15
2.05906826e+15    8.97999389e+35    2.56923209e+15
2.09227904e+15    9.41211443e+35    2.62709499e+15
2.12548982e+15    9.85835306e+35    2.68515674e+15
2.15870060e+15    1.03188885e+36    2.74461037e+15
2.19191138e+15    1.07921123e+36    2.80426284e+15
2.22512215e+15    1.12812413e+36    2.86550605e+15
2.25833293e+15    1.17828800e+36    2.92833999e+15
2.29154371e+15    1.23004239e+36    2.99117393e+15
2.32475449e+15    1.28336942e+36    3.05400787e+15
2.35796527e+15    1.33812614e+36    3.11863139e+15
2.39117605e+15    1.39447337e+36    3.18305606e+15
2.42438682e+15    1.45225028e+36    3.24927031e+15
2.45759760e+15    1.51176068e+36    3.31707529e+15
2.49080838e+15    1.57284372e+36    3.38488027e+15
2.52401916e+15    1.63487393e+36    3.45447482e+15
2.55722994e+15    1.69976349e+36    3.52387053e+15
2.59044072e+15    1.76624358e+36    3.59505582e+15
2.62365150e+15    1.83427844e+36    3.66624111e+15
2.65686227e+15    1.90236691e+36    3.73901713e+15
2.69007305e+15    1.97349345e+36    3.81338388e+15
2.72328383e+15    2.04801548e+36    3.88775063e+15
2.75649461e+15    2.12235880e+36    3.96390696e+15
2.78970539e+15    2.19831051e+36    4.04006328e+15
2.82291617e+15    2.27747900e+36    4.11781034e+15
2.85612694e+15    2.35664748e+36    4.19714813e+15
2.88933772e+15    2.43885404e+36    4.27668477e+15
2.92254850e+15    2.52266898e+36    4.35761329e+15
2.95575928e+15    2.60987941e+36    4.43874066e+15
2.98897006e+15    2.69691114e+36    4.52304949e+15
3.02218084e+15    2.78698093e+36    4.60755716e+15
3.05539161e+15    2.87883782e+36    4.69186599e+15
3.08860239e+15    2.97230310e+36    4.77955513e+15
3.12181317e+15    3.06880644e+36    4.86724427e+15
3.15502395e+15    3.16691818e+36    4.95493341e+15
