6.64215570e+00    1.00947862e+08    7.75482142e+00
7.85434928e+00    1.00947860e+09    7.81447425e+00
7.90416510e+00    1.00947860e+10    7.85424255e+00
8.15324630e+00    1.00947866e+11    8.10279415e+00
1.16071672e+01    1.20938350e+12    1.15328122e+01
1.64393353e+01    1.39928062e+13    1.63050103e+01
4.51666585e+01    1.69913806e+14    4.48387781e+01
2.10888443e+02    5.81700740e+15    2.10772076e+02
1.15075350e+03    1.89897153e+17    1.14333911e+03
1.04530927e+04    9.73897479e+18    1.03795310e+04
2.62531188e+04    4.96545464e+19    2.60681313e+04
6.59566086e+04    2.42973973e+20    6.54884736e+04
1.65655361e+05    1.15040925e+21    1.64441991e+05
4.16131075e+05    5.26336394e+21    4.13192817e+05
1.04514316e+06    2.31679512e+22    1.03795302e+06
2.62531203e+06    9.75005502e+22    2.60681321e+06
6.59566069e+06    3.90892180e+23    6.54984186e+06
8.30269456e+06    5.25639425e+23    8.24496620e+06
1.65655356e+07    1.43427209e+24    1.64541402e+07
3.30447244e+07    3.83100416e+24    3.28287453e+07
6.59566054e+07    1.00549336e+25    6.55083613e+07
1.31581109e+08    2.60273097e+25    1.30738346e+08
2.62531193e+08    6.67267005e+25    2.60880147e+08
3.30447244e+08    8.73355286e+25    3.28486307e+08
5.23900011e+08    1.62817230e+26    5.20666657e+08
8.30269459e+08    3.02752455e+26    8.25291978e+08
1.04514321e+09    4.12694767e+26    1.03894725e+09
1.31581102e+09    5.03336444e+26    1.30837759e+09
1.65655355e+09    6.85656302e+26    1.64740250e+09
2.62531202e+09    1.27134227e+27    2.61079006e+09
4.16131070e+09    2.35486031e+27    4.13988158e+09
6.59566031e+09    4.35980669e+27    6.56276664e+09
8.30269439e+09    5.65902779e+27    8.26385617e+09
1.04514317e+10    7.69810749e+27    1.03994148e+10
1.31581102e+10    1.04747238e+28    1.31036605e+10
1.65655363e+10    1.42426438e+28    1.64939098e+10
2.08563688e+10    1.93703660e+28    2.07789454e+10
2.62531190e+10    2.50175991e+28    2.61576098e+10
3.30447255e+10    3.40227918e+28    3.29381082e+10
4.16131064e+10    4.62554851e+28    4.14783540e+10
5.23900031e+10    5.94603582e+28    5.22356828e+10
6.59566031e+10    8.08483584e+28    6.57867405e+10
8.30269439e+10    1.09944113e+29    8.28374068e+10
1.04514323e+11    1.49422922e+29    1.04292414e+11
1.31581108e+11    2.03193161e+29    1.31434287e+11
1.65655363e+11    2.59576144e+29    1.65436197e+11
1.83489546e+11    2.89045389e+29    1.83331934e+11
2.08563682e+11    3.28826213e+29    2.08385983e+11
2.62531197e+11    4.47078556e+29    2.62470884e+11
3.30447249e+11    5.81307565e+29    3.30574140e+11
4.16131032e+11    7.80104443e+29    4.16374275e+11
4.27090624e+11    7.83392705e+29    4.27409994e+11
4.43363885e+11    7.88593174e+29    4.43416732e+11
5.19084457e+11    8.34771856e+29    5.19771906e+11
6.56078946e+11    8.40397282e+29    6.57171434e+11
7.90250449e+11    9.09329557e+29    7.91787185e+11
9.65105224e+11    9.82600683e+29    9.67165426e+11
1.18612299e+12    1.08244586e+30    1.18907264e+12
1.45894949e+12    1.21737183e+30    1.46247986e+12
1.66053894e+12    1.39827991e+30    1.67330908e+12
8.30269462e+12    1.25950947e+31    8.38150158e+12
1.66053892e+13    2.59379048e+31    1.67793276e+13
2.49080838e+13    4.69467030e+31    2.51877944e+13
3.32107784e+13    7.24980903e+31    3.36050865e+13
4.15134730e+13    1.01781131e+32    4.20300730e+13
4.98161676e+13    1.34469487e+32    5.04619881e+13
5.81188622e+13    1.70428099e+32    5.89002868e+13
6.64215568e+13    2.09626038e+32    6.73445699e+13
7.47242514e+13    2.52096177e+32    7.57945392e+13
8.30269460e+13    2.97913144e+32    8.42499703e+13
9.13296407e+13    3.47180199e+32    9.27106941e+13
9.96323353e+13    4.00020966e+32    1.01176584e+14
1.07935030e+14    4.56574067e+32    1.09647546e+14
1.16237724e+14    5.16989519e+32    1.18123515e+14
1.24540419e+14    5.81426288e+32    1.26604445e+14
1.32843114e+14    6.49024343e+32    1.35090309e+14
1.41145808e+14    7.19396712e+32    1.41996751e+14
1.49448503e+14    8.03229527e+32    1.50421669e+14
1.57751197e+14    8.94371578e+32    1.58858517e+14
1.66053892e+14    9.93948735e+32    1.67307296e+14
1.74356587e+14    1.10306900e+33    1.75768006e+14
1.82659281e+14    1.22285825e+33    1.84242634e+14
1.90961976e+14    1.35440661e+33    1.92727204e+14
1.99264671e+14    1.49885782e+33    2.01227682e+14
2.07567365e+14    1.65730202e+33    2.09738102e+14
2.15870060e+14    1.83088295e+33    2.18248521e+14
2.24172754e+14    2.02067287e+33    2.26778825e+14
2.32475449e+14    2.22779764e+33    2.35309129e+14
2.40778144e+14    2.45350825e+33    2.43859317e+14
2.49080838e+14    2.69851953e+33    2.52429390e+14
2.57383533e+14    2.96443986e+33    2.60979578e+14
2.65686227e+14    3.25216280e+33    2.69569534e+14
2.73988922e+14    3.56276061e+33    2.78159490e+14
2.82291617e+14    3.89748426e+33    2.86749447e+14
2.90594311e+14    4.25722730e+33    2.95339403e+14
2.98897006e+14    4.64324068e+33    3.03949244e+14
3.07199700e+14    5.05677540e+33    3.12578968e+14
3.15502395e+14    5.49872499e+33    3.21208693e+14
3.23805090e+14    5.97016171e+33    3.29838418e+14
3.32107784e+14    6.47251525e+33    3.38468142e+14
3.40410479e+14    7.00667914e+33    3.47117751e+14
3.48713173e+14    7.57372566e+33    3.55767360e+14
3.57015868e+14    8.17490578e+33    3.64436853e+14
3.65318563e+14    8.81111303e+33    3.73086462e+14
3.73621257e+14    9.48377710e+33    3.81755955e+14
3.81923952e+14    1.01937915e+34    3.90445332e+14
3.98529341e+14    1.17069283e+34    4.07804202e+14
4.15134730e+14    1.33939498e+34    4.25342030e+14
4.31740119e+14    1.52662934e+34    4.43058815e+14
4.48345509e+14    1.73300354e+34    4.60576759e+14
4.64950898e+14    1.96241344e+34    4.78452617e+14
4.81556287e+14    2.21260730e+34    4.96328475e+14
4.98161676e+14    2.48639087e+34    5.14184449e+14
5.14767066e+14    2.78555125e+34    5.32219381e+14
5.31372455e+14    3.11151811e+34    5.50413386e+14
5.47977844e+14    3.46607856e+34    5.68627275e+14
5.64583233e+14    3.84905388e+34    5.87139426e+14
5.81188622e+14    4.26205246e+34    6.05671462e+14
5.97794012e+14    4.70686141e+34    6.24203497e+14
6.14399401e+14    5.18473169e+34    6.43073563e+14
6.31004790e+14    5.69762911e+34    6.61923745e+14
6.47610179e+14    6.24680464e+34    6.81111958e+14
6.64215568e+14    6.83386667e+34    7.00300171e+14
6.80820958e+14    7.45738552e+34    7.19826414e+14
6.97426347e+14    8.12218635e+34    7.39352658e+14
7.14031736e+14    8.82809047e+34    7.59197048e+14
7.30637125e+14    9.57509786e+34    7.79061322e+14
7.47242514e+14    1.03664253e+35    7.99243743e+14
7.63847904e+14    1.12020728e+35    8.19585237e+14
7.80453293e+14    1.20836488e+35    8.40105688e+14
7.97058682e+14    1.30125828e+35    8.60944286e+14
8.13664071e+14    1.39906621e+35    8.81961841e+14
8.30269460e+14    1.50178866e+35    9.03138470e+14
8.46874850e+14    1.60956861e+35    9.24474172e+14
8.63480239e+14    1.72192352e+35    9.46147904e+14
8.80085628e+14    1.84071199e+35    9.68159667e+14
8.96691017e+14    1.96402183e+35    9.90330504e+14
9.13296407e+14    2.09376522e+35    1.01281949e+15
9.29901796e+14    2.22833377e+35    1.03548743e+15
9.46507185e+14    2.36915718e+35    1.05849340e+15
9.63112574e+14    2.51641414e+35    1.08165844e+15
9.79717963e+14    2.66831755e+35    1.10514163e+15
9.96323353e+14    2.82665453e+35    1.12896286e+15
1.01292874e+15    2.99124635e+35    1.15312211e+15
1.02953413e+15    3.16209301e+35    1.17759951e+15
1.04613952e+15    3.33937324e+35    1.20225586e+15
1.06274491e+15    3.52451670e+35    1.22740932e+15
1.07935030e+15    3.71448532e+35    1.25272186e+15
1.09595569e+15    3.91070879e+35    1.27853149e+15
1.11256108e+15    4.11497421e+35    1.30450020e+15
1.12916647e+15    4.32692416e+35    1.33096602e+15
1.14577186e+15    4.54387798e+35    1.35761079e+15
1.16237724e+15    4.76851633e+35    1.38473278e+15
1.17898263e+15    5.00119662e+35    1.41219281e+15
1.19558802e+15    5.24013176e+35    1.43999086e+15
1.22879880e+15    5.74034078e+35    1.49674025e+15
1.26200958e+15    6.27039435e+35    1.55514002e+15
1.29522036e+15    6.83064989e+35    1.61503110e+15
1.32843114e+15    7.42271580e+35    1.67591640e+15
1.36164192e+15    8.04623465e+35    1.74044049e+15
1.39485269e+15    8.70299354e+35    1.80496458e+15
1.42806347e+15    9.39156279e+35    1.87113906e+15
1.46127425e+15    1.01148018e+36    1.94061431e+15
1.49448503e+15    1.08712808e+36    2.01008956e+15
1.52769581e+15    1.16626082e+36    2.08286558e+15
1.56090659e+15    1.24903925e+36    2.15743117e+15
1.59411736e+15    1.33512381e+36    2.23338866e+15
1.62732814e+15    1.42501489e+36    2.31113572e+15
1.66053892e+15    1.51855165e+36    2.39226308e+15
1.69374970e+15    1.61589494e+36    2.47498118e+15
1.72696048e+15    1.71718771e+36    2.55929001e+15
1.76017126e+15    1.82159004e+36    2.64538842e+15
1.79338203e+15    1.93078179e+36    2.73466829e+15
1.82659281e+15    2.04319031e+36    2.82732847e+15
1.85980359e+15    2.16024530e+36    2.91998865e+15
1.89301437e+15    2.28051706e+36    3.01602913e+15
1.92622515e+15    2.40561400e+36    3.11525108e+15
1.95943593e+15    2.53374900e+36    3.21606376e+15
1.99264671e+15    2.66670916e+36    3.31866602e+15
2.02585748e+15    2.80449450e+36    3.42464858e+15
2.05906826e+15    2.94531790e+36    3.53381261e+15
2.09227904e+15    3.09096647e+36    3.64456737e+15
2.12548982e+15    3.23965311e+36    3.75890128e+15
2.15870060e+15    3.39477331e+36    3.87462709e+15
2.19191138e+15    3.55311028e+36    3.99373319e+15
2.22512215e+15    3.71609371e+36    4.11621961e+15
2.25833293e+15    3.88390231e+36    4.24029676e+15
2.29154371e+15    4.05474898e+36    4.36755537e+15
2.32475449e+15    4.23202920e+36    4.49660356e+15
2.35796527e+15    4.41252620e+36    4.63062278e+15
2.39117605e+15    4.59766966e+36    4.76643158e+15
2.42438682e+15    4.78745958e+36    4.90522301e+15
2.45759760e+15    4.98225337e+36    5.04600285e+15
2.49080838e+15    5.18169362e+36    5.19155489e+15
2.52401916e+15    5.38578033e+36    5.33869766e+15
2.55722994e+15    5.59469221e+36    5.48922074e+15
2.59044072e+15    5.80842925e+36    5.64312412e+15
2.62365150e+15    6.02520436e+36    5.80040782e+15
2.65686227e+15    6.24823432e+36    5.96087297e+15
2.69007305e+15    6.47626815e+36    6.12451960e+15
2.72328383e+15    6.70734006e+36    6.28995579e+15
2.75649461e+15    6.94305842e+36    6.46036303e+15
2.78970539e+15    7.18521034e+36    6.63255984e+15
2.82291617e+15    7.43057903e+36    6.80793812e+15
2.85612694e+15    7.67898580e+36    6.98828743e+15
2.88933772e+15    7.93382612e+36    7.17022748e+15
2.92254850e+15    8.19188322e+36    7.35713857e+15
2.95575928e+15    8.45458677e+36    7.54564039e+15
2.98897006e+15    8.72050711e+36    7.73931209e+15
3.02218084e+15    8.99107390e+36    7.93457453e+15
3.05539161e+15    9.26485747e+36    8.13460916e+15
3.08860239e+15    9.54185782e+36    8.33663221e+15
3.12181317e+15    9.82189624e+36    8.54342745e+15
3.15502395e+15    1.01053301e+37    8.75181343e+15
