6.64215570e+00    1.00947862e+08    7.75482142e+00
7.85434928e+00    1.00947860e+09    7.81447425e+00
7.90416510e+00    1.00947860e+10    7.85424255e+00
8.15324630e+00    1.00947866e+11    8.10279415e+00
1.16071672e+01    1.20938350e+12    1.15328122e+01
1.64393353e+01    1.39928062e+13    1.63050103e+01
4.51666585e+01    1.69913806e+14    4.48387781e+01
2.10888443e+02    5.81700740e+15    2.10772076e+02
1.15075350e+03    1.89897153e+17    1.14333911e+03
1.04530927e+04    9.73897479e+18    1.03795310e+04
2.62531188e+04    4.96545464e+19    2.60681313e+04
6.59566086e+04    2.42973973e+20    6.54884736e+04
1.65655361e+05    1.15040925e+21    1.64441991e+05
4.16131075e+05    5.26336394e+21    4.13192817e+05
1.04514316e+06    2.31679512e+22    1.03795302e+06
2.62531203e+06    9.75005502e+22    2.60681321e+06
6.59566069e+06    3.90892180e+23    6.54984186e+06
8.30269456e+06    5.25639425e+23    8.24496620e+06
1.65655356e+07    1.43427209e+24    1.64541402e+07
3.30447244e+07    3.83100416e+24    3.28287453e+07
6.59566054e+07    1.00549336e+25    6.55083613e+07
1.31581109e+08    2.60273097e+25    1.30738346e+08
2.62531193e+08    6.67267005e+25    2.60880147e+08
3.30447244e+08    8.73355286e+25    3.28486307e+08
5.23900011e+08    1.62817230e+26    5.20666657e+08
8.30269459e+08    3.02752455e+26    8.25291978e+08
1.04514321e+09    4.12694767e+26    1.03894725e+09
1.31581102e+09    5.03336444e+26    1.30837759e+09
1.65655355e+09    6.85656302e+26    1.64740250e+09
2.62531202e+09    1.27134227e+27    2.61079006e+09
4.16131070e+09    2.35486031e+27    4.13988158e+09
6.59566031e+09    4.35980669e+27    6.56276664e+09
8.30269439e+09    5.65902779e+27    8.26385617e+09
1.04514317e+10    7.69810749e+27    1.03994148e+10
1.31581102e+10    1.04747238e+28    1.31036605e+10
1.65655363e+10    1.42426438e+28    1.64939098e+10
2.08563688e+10    1.93703660e+28    2.07789454e+10
2.62531190e+10    2.50175991e+28    2.61576098e+10
3.30447255e+10    3.40227918e+28    3.29381082e+10
4.16131064e+10    4.62554851e+28    4.14783540e+10
5.23900031e+10    5.94603582e+28    5.22356828e+10
6.59566031e+10    8.08483584e+28    6.57867405e+10
8.30269439e+10    1.09944113e+29    8.28374068e+10
1.04514323e+11    1.49422922e+29    1.04292414e+11
1.31581108e+11    2.03193161e+29    1.31434287e+11
1.65655363e+11    2.59576144e+29    1.65436197e+11
1.83489546e+11    2.89045389e+29    1.83331934e+11
2.08563682e+11    3.28826213e+29    2.08385983e+11
2.62531197e+11    4.47078556e+29    2.62470884e+11
3.30447249e+11    5.81307565e+29    3.30574140e+11
4.16131032e+11    7.80104443e+29    4.16374275e+11
4.27090624e+11    7.83392705e+29    4.27409994e+11
4.43363885e+11    7.88593174e+29    4.43416732e+11
5.19084457e+11    8.34771856e+29    5.19771906e+11
6.56078946e+11    8.40397282e+29    6.57171434e+11
7.90250449e+11    9.09329557e+29    7.91787185e+11
9.65105224e+11    9.82600683e+29    9.67165426e+11
1.18612299e+12    1.08244586e+30    1.18907264e+12
1.45894949e+12    1.21737183e+30    1.46247986e+12
1.66053894e+12    1.39827991e+30    1.67330908e+12
8.30269462e+12    1.25950947e+31    8.38150158e+12
1.66053892e+13    2.59379048e+31    1.67793276e+13
2.49080838e+13    4.69467030e+31    2.51877944e+13
3.32107784e+13    7.24980903e+31    3.36050865e+13
4.15134730e+13    1.01781131e+32    4.20300730e+13
4.98161676e+13    1.34469487e+32    5.04619881e+13
5.81188622e+13    1.70428099e+32    5.89002868e+13
6.64215568e+13    2.09626038e+32    6.73445699e+13
7.47242514e+13    2.52096177e+32    7.57945392e+13
8.30269460e+13    2.97913144e+32    8.42499703e+13
9.13296407e+13    3.47180199e+32    9.27106941e+13
9.96323353e+13    4.00020966e+32    1.01176584e+14
1.07935030e+14    4.56574067e+32    1.09647546e+14
1.16237724e+14    5.16989519e+32    1.18123515e+14
1.24540419e+14    5.81426288e+32    1.26604445e+14
1.32843114e+14    6.49024343e+32    1.35090309e+14
1.41145808e+14    7.18467421e+32    1.41992774e+14
1.49448503e+14    8.02032171e+32    1.50407750e+14
1.57751197e+14    8.93066995e+32    1.58830680e+14
1.66053892e+14    9.92250991e+32    1.67261563e+14
1.74356587e+14    1.10017390e+33    1.75698411e+14
1.82659281e+14    1.21747908e+33    1.84145202e+14
1.90961976e+14    1.34480989e+33    1.92599946e+14
1.99264671e+14    1.48279180e+33    2.01068609e+14
2.07567365e+14    1.63205031e+33    2.09539260e+14
2.15870060e+14    1.79317516e+33    2.18009912e+14
2.24172754e+14    1.96688119e+33    2.26500447e+14
2.32475449e+14    2.15381174e+33    2.34990983e+14
2.40778144e+14    2.35450296e+33    2.43501402e+14
2.49080838e+14    2.56966969e+33    2.52031706e+14
2.57383533e+14    2.80002675e+33    2.60562010e+14
2.65686227e+14    3.04593158e+33    2.69092314e+14
2.73988922e+14    3.30809900e+33    2.77642502e+14
2.82291617e+14    3.58742258e+33    2.86192690e+14
2.90594311e+14    3.88425973e+33    2.94762763e+14
2.98897006e+14    4.19932529e+33    3.03332835e+14
3.07199700e+14    4.53333409e+33    3.11922791e+14
3.15502395e+14    4.88682228e+33    3.20532632e+14
3.23805090e+14    5.26032598e+33    3.29142472e+14
3.32107784e+14    5.65473873e+33    3.37772197e+14
3.40410479e+14    6.07041797e+33    3.46401922e+14
3.48713173e+14    6.50825723e+33    3.55051530e+14
3.57015868e+14    6.96861393e+33    3.63721024e+14
3.65318563e+14    7.45238164e+33    3.72390517e+14
3.73621257e+14    7.95991776e+33    3.81060010e+14
3.81923952e+14    8.49211585e+33    3.89769271e+14
3.90226646e+14    9.04951204e+33    3.98478532e+14
3.98529341e+14    9.63282116e+33    4.07207678e+14
4.06832036e+14    1.02424006e+34    4.15936823e+14
4.15134730e+14    1.08791440e+34    4.24685853e+14
4.31740119e+14    1.22212554e+34    4.42223680e+14
4.48345509e+14    1.36915018e+34    4.59602435e+14
4.64950898e+14    1.52963167e+34    4.77120378e+14
4.81556287e+14    1.70451718e+34    4.94837163e+14
4.98161676e+14    1.89593335e+34    5.12534064e+14
5.14767066e+14    2.10341555e+34    5.30230965e+14
5.31372455e+14    2.32966229e+34    5.48106823e+14
5.47977844e+14    2.57342259e+34    5.65962798e+14
5.64583233e+14    2.83612615e+34    5.83997729e+14
5.81188622e+14    3.12098974e+34    6.02032661e+14
5.97794012e+14    3.42640496e+34    6.20226666e+14
6.14399401e+14    3.75558860e+34    6.38599628e+14
6.31004790e+14    4.10854066e+34    6.56972590e+14
6.47610179e+14    4.48526113e+34    6.75325668e+14
6.64215568e+14    4.88717970e+34    6.93857704e+14
6.80820958e+14    5.31608347e+34    7.12548812e+14
6.97426347e+14    5.77358082e+34    7.31418879e+14
7.14031736e+14    6.25788465e+34    7.50428134e+14
7.30637125e+14    6.77060336e+34    7.69457274e+14
7.47242514e+14    7.31495373e+34    7.88645486e+14
7.63847904e+14    7.88950606e+34    8.08012656e+14
7.80453293e+14    8.49729844e+34    8.27359942e+14
7.97058682e+14    9.13672247e+34    8.47045259e+14
8.13664071e+14    9.81081622e+34    8.66750460e+14
8.30269460e+14    1.05183287e+35    8.86753923e+14
8.46874850e+14    1.12621193e+35    9.06777271e+14
8.63480239e+14    1.20423668e+35    9.26959691e+14
8.80085628e+14    1.28590710e+35    9.47480143e+14
8.96691017e+14    1.37152702e+35    9.68000594e+14
9.29901796e+14    1.55449022e+35    1.00967779e+15
9.63112574e+14    1.75357305e+35    1.05221000e+15
9.96323353e+14    1.97045538e+35    1.09537851e+15
1.02953413e+15    2.20456536e+35    1.13956111e+15
1.06274491e+15    2.45779729e+35    1.18438000e+15
1.09595569e+15    2.73015118e+35    1.23037206e+15
1.12916647e+15    3.02126961e+35    1.27719926e+15
1.16237724e+15    3.33472678e+35    1.32484170e+15
1.19558802e+15    3.66855688e+35    1.37381638e+15
1.22879880e+15    4.02472571e+35    1.42360631e+15
1.26200958e+15    4.40287587e+35    1.47456941e+15
1.29522036e+15    4.80497315e+35    1.52668579e+15
1.32843114e+15    5.23226852e+35    1.57995545e+15
1.36164192e+15    5.68333232e+35    1.63455735e+15
1.39485269e+15    6.15977292e+35    1.69080963e+15
1.42806347e+15    6.66141161e+35    1.74704203e+15
1.46127425e+15    7.19003550e+35    1.80496458e+15
1.49448503e+15    7.74707427e+35    1.86616802e+15
1.52769581e+15    8.33109823e+35    1.92737146e+15
1.56090659e+15    8.94353707e+35    1.98861467e+15
1.59411736e+15    9.58617788e+35    2.05303934e+15
1.62732814e+15    1.02588419e+36    2.11925359e+15
1.66053892e+15    1.09615293e+36    2.18705857e+15
1.69374970e+15    1.16942399e+36    2.25486355e+15
1.72696048e+15    1.24601905e+36    2.32604884e+15
1.76017126e+15    1.32579515e+36    2.39723412e+15
1.79338203e+15    1.40887739e+36    2.47160088e+15
1.82659281e+15    1.49528362e+36    2.54775720e+15
1.85980359e+15    1.58581806e+36    2.62391353e+15
1.89301437e+15    1.67762134e+36    2.70325132e+15
1.92622515e+15    1.77573307e+36    2.78437869e+15
1.95943593e+15    1.87538172e+36    2.86709678e+15
1.99264671e+15    1.97992701e+36    2.95319519e+15
2.02585748e+15    2.08751037e+36    3.03909475e+15
2.05906826e+15    2.19991890e+36    3.12857347e+15
2.09227904e+15    2.31375711e+36    3.21944407e+15
2.12548982e+15    2.43420758e+36    3.31210425e+15
2.15870060e+15    2.55751741e+36    3.40635516e+15
2.19191138e+15    2.68422273e+36    3.50398637e+15
2.22512215e+15    2.81557451e+36    3.60320832e+15
2.25833293e+15    2.95157275e+36    3.70581058e+15
2.29154371e+15    3.09096647e+36    3.80841284e+15
2.32475449e+15    3.23500665e+36    3.91598613e+15
2.35796527e+15    3.38208490e+36    4.02355943e+15
2.39117605e+15    3.53559671e+36    4.13431419e+15
2.42438682e+15    3.69232529e+36    4.24844926e+15
2.45759760e+15    3.85227066e+36    4.36437390e+15
2.49080838e+15    4.01829216e+36    4.48169044e+15
2.52401916e+15    4.18931753e+36    4.60258612e+15
2.55722994e+15    4.36338098e+36    4.72507254e+15
2.59044072e+15    4.54387798e+36    4.85074042e+15
2.62365150e+15    4.72741305e+36    4.97978860e+15
2.65686227e+15    4.91577329e+36    5.11042752e+15
2.69007305e+15    5.11038837e+36    5.24444675e+15
2.72328383e+15    5.30822023e+36    5.38184628e+15
2.75649461e+15    5.51087726e+36    5.52083655e+15
2.78970539e+15    5.71978914e+36    5.66141755e+15
2.82291617e+15    5.93334747e+36    5.80696959e+15
2.85612694e+15    6.15012258e+36    5.95411236e+15
2.88933772e+15    6.37493964e+36    6.10483428e+15
2.92254850e+15    6.60279476e+36    6.25853882e+15
2.95575928e+15    6.83547506e+36    6.41403294e+15
2.98897006e+15    7.07441020e+36    6.57469694e+15
3.02218084e+15    7.31817050e+36    6.73675283e+15
3.05539161e+15    7.56675598e+36    6.90218903e+15
3.08860239e+15    7.81980920e+36    7.06921596e+15
3.12181317e+15    8.07947469e+36    7.24141277e+15
3.15502395e+15    8.34217824e+36    7.41679104e+15
3.18823473e+15    8.61113665e+36    7.59376005e+15
3.22144551e+15    8.88652861e+36    7.77410937e+15
3.25465629e+15    9.16513735e+36    7.95764015e+15
3.28786706e+15    9.45000093e+36    8.14634081e+15
3.32107784e+15    9.73968968e+36    8.33663221e+15
