6.64215570e+00    1.00947862e+08    7.75482142e+00
7.85434928e+00    1.00947860e+09    7.81447425e+00
7.90416510e+00    1.00947860e+10    7.85424255e+00
8.15324630e+00    1.00947866e+11    8.10279415e+00
1.16071672e+01    1.20938350e+12    1.15328122e+01
1.64393353e+01    1.39928062e+13    1.63050103e+01
4.51666585e+01    1.69913806e+14    4.48387781e+01
2.10888443e+02    5.81700740e+15    2.10772076e+02
1.15075350e+03    1.89897153e+17    1.14333911e+03
1.04530927e+04    9.73897479e+18    1.03795310e+04
2.62531188e+04    4.96545464e+19    2.60681313e+04
6.59566086e+04    2.42973973e+20    6.54884736e+04
1.65655361e+05    1.15040925e+21    1.64441991e+05
4.16131075e+05    5.26336394e+21    4.13192817e+05
1.04514316e+06    2.31679512e+22    1.03795302e+06
2.62531203e+06    9.75005502e+22    2.60681321e+06
6.59566069e+06    3.90892180e+23    6.54984186e+06
8.30269456e+06    5.25639425e+23    8.24496620e+06
1.65655356e+07    1.43427209e+24    1.64541402e+07
3.30447244e+07    3.83100416e+24    3.28287453e+07
6.59566054e+07    1.00549336e+25    6.55083613e+07
1.31581109e+08    2.60273097e+25    1.30738346e+08
2.62531193e+08    6.67267005e+25    2.60880147e+08
3.30447244e+08    8.73355286e+25    3.28486307e+08
5.23900011e+08    1.62817230e+26    5.20666657e+08
8.30269459e+08    3.02752455e+26    8.25291978e+08
1.04514321e+09    4.12694767e+26    1.03894725e+09
1.31581102e+09    5.03336444e+26    1.30837759e+09
1.65655355e+09    6.85656302e+26    1.64740250e+09
2.62531202e+09    1.27134227e+27    2.61079006e+09
4.16131070e+09    2.35486031e+27    4.13988158e+09
6.59566031e+09    4.35980669e+27    6.56276664e+09
8.30269439e+09    5.65902779e+27    8.26385617e+09
1.04514317e+10    7.69810749e+27    1.03994148e+10
1.31581102e+10    1.04747238e+28    1.31036605e+10
1.65655363e+10    1.42426438e+28    1.64939098e+10
2.08563688e+10    1.93703660e+28    2.07789454e+10
2.62531190e+10    2.50175991e+28    2.61576098e+10
3.30447255e+10    3.40227918e+28    3.29381082e+10
4.16131064e+10    4.62554851e+28    4.14783540e+10
5.23900031e+10    5.94603582e+28    5.22356828e+10
6.59566031e+10    8.08483584e+28    6.57867405e+10
8.30269439e+10    1.09944113e+29    8.28374068e+10
1.04514323e+11    1.49422922e+29    1.04292414e+11
1.31581108e+11    2.03193161e+29    1.31434287e+11
1.65655363e+11    2.59576144e+29    1.65436197e+11
1.83489546e+11    2.89045389e+29    1.83331934e+11
2.08563682e+11    3.28826213e+29    2.08385983e+11
2.62531197e+11    4.47078556e+29    2.62470884e+11
3.30447249e+11    5.81307565e+29    3.30574140e+11
4.16131032e+11    7.80104443e+29    4.16374275e+11
4.27090624e+11    7.83392705e+29    4.27409994e+11
4.43363885e+11    7.88593174e+29    4.43416732e+11
5.19084457e+11    8.34771856e+29    5.19771906e+11
6.56078946e+11    8.40397282e+29    6.57171434e+11
7.90250449e+11    9.09329557e+29    7.91787185e+11
9.65105224e+11    9.82600683e+29    9.67165426e+11
1.18612299e+12    1.08244586e+30    1.18907264e+12
1.45894949e+12    1.21737183e+30    1.46247986e+12
1.66053894e+12    1.39827991e+30    1.67330908e+12
8.30269462e+12    1.25950947e+31    8.38150158e+12
1.66053892e+13    2.59379048e+31    1.67793276e+13
2.49080838e+13    4.69467030e+31    2.51877944e+13
3.32107784e+13    7.24980903e+31    3.36050865e+13
4.15134730e+13    1.01781131e+32    4.20300730e+13
4.98161676e+13    1.34469487e+32    5.04619881e+13
5.81188622e+13    1.70428099e+32    5.89002868e+13
6.64215568e+13    2.09626038e+32    6.73445699e+13
7.47242514e+13    2.52096177e+32    7.57945392e+13
8.30269460e+13    2.97913144e+32    8.42499703e+13
9.13296407e+13    3.47180199e+32    9.27106941e+13
9.96323353e+13    4.00020966e+32    1.01176584e+14
1.07935030e+14    4.56574067e+32    1.09647546e+14
1.16237724e+14    5.16989519e+32    1.18123515e+14
1.24540419e+14    5.81426288e+32    1.26604445e+14
1.32843114e+14    6.49024343e+32    1.35090309e+14
1.66053892e+14    2.20134858e+33    1.68941774e+14
2.49080838e+14    6.85066540e+33    2.55630739e+14
3.32107784e+14    1.49188814e+34    3.44612347e+14
4.15134730e+14    2.70745502e+34    4.36377738e+14
4.98161676e+14    4.26759247e+34    5.31304710e+14
5.81188622e+14    5.74659562e+34    6.29075116e+14
6.64215568e+14    7.32156599e+34    7.29231621e+14
7.47242514e+14    9.15459346e+34    8.31754341e+14
8.30269460e+14    1.12848155e+35    9.36742697e+14
9.13296407e+14    1.37306392e+35    1.04425634e+15
9.96323353e+14    1.65029659e+35    1.15441458e+15
1.07935030e+15    1.96098376e+35    1.26729694e+15
1.16237724e+15    2.30303451e+35    1.38296309e+15
1.24540419e+15    2.65723754e+35    1.50141302e+15
1.32843114e+15    3.03574511e+35    1.62256720e+15
1.41145808e+15    3.44266756e+35    1.74646539e+15
1.49448503e+15    3.87979198e+35    1.87312748e+15
1.57751197e+15    4.32120544e+35    2.00253358e+15
1.66053892e+15    4.77745182e+35    2.13456439e+15
1.74356587e+15    5.25728791e+35    2.26918014e+15
1.82659281e+15    5.76321564e+35    2.40638084e+15
1.90961976e+15    6.29380534e+35    2.54616647e+15
1.99264671e+15    6.85048669e+35    2.68853704e+15
2.07567365e+15    7.43522549e+35    2.83369140e+15
2.15870060e+15    8.04873658e+35    2.98143069e+15
2.24172754e+15    8.69155610e+35    3.13195377e+15
2.32475449e+15    9.36404147e+35    3.28506179e+15
2.40778144e+15    1.00665501e+36    3.44115243e+15
2.49080838e+15    1.07996181e+36    3.59962918e+15
2.57383533e+15    1.15634242e+36    3.76108854e+15
2.65686227e+15    1.23574323e+36    3.92533169e+15
2.73988922e+15    1.31818211e+36    4.09235862e+15
2.82291617e+15    1.40365906e+36    4.26236817e+15
2.90594311e+15    1.49217407e+36    4.43496267e+15
2.98897006e+15    1.58374503e+36    4.61053978e+15
3.07199700e+15    1.67837192e+36    4.78909953e+15
3.15502395e+15    1.77603688e+36    4.97044305e+15
3.23805090e+15    1.87681140e+36    5.15476920e+15
3.32107784e+15    1.98064185e+36    5.34187913e+15
3.40410479e+15    2.08733166e+36    5.53197168e+15
