6.64215570e+00    1.00947862e+08    7.75482142e+00
7.85434928e+00    1.00947860e+09    7.81447425e+00
7.90416510e+00    1.00947860e+10    7.85424255e+00
8.15324630e+00    1.00947866e+11    8.10279415e+00
1.16071672e+01    1.20938350e+12    1.15328122e+01
1.64393353e+01    1.39928062e+13    1.63050103e+01
4.51666585e+01    1.69913806e+14    4.48387781e+01
2.10888443e+02    5.81700740e+15    2.10772076e+02
1.15075350e+03    1.89897153e+17    1.14333911e+03
1.04530927e+04    9.73897479e+18    1.03795310e+04
2.62531188e+04    4.96545464e+19    2.60681313e+04
6.59566086e+04    2.42973973e+20    6.54884736e+04
1.65655361e+05    1.15040925e+21    1.64441991e+05
4.16131075e+05    5.26336394e+21    4.13192817e+05
1.04514316e+06    2.31679512e+22    1.03795302e+06
2.62531203e+06    9.75005502e+22    2.60681321e+06
6.59566069e+06    3.90892180e+23    6.54984186e+06
8.30269456e+06    5.25639425e+23    8.24496620e+06
1.65655356e+07    1.43427209e+24    1.64541402e+07
3.30447244e+07    3.83100416e+24    3.28287453e+07
6.59566054e+07    1.00549336e+25    6.55083613e+07
1.31581109e+08    2.60273097e+25    1.30738346e+08
2.62531193e+08    6.67267005e+25    2.60880147e+08
3.30447244e+08    8.73355286e+25    3.28486307e+08
5.23900011e+08    1.62817230e+26    5.20666657e+08
8.30269459e+08    3.02752455e+26    8.25291978e+08
1.04514321e+09    4.12694767e+26    1.03894725e+09
1.31581102e+09    5.03336444e+26    1.30837759e+09
1.65655355e+09    6.85656302e+26    1.64740250e+09
2.62531202e+09    1.27134227e+27    2.61079006e+09
4.16131070e+09    2.35486031e+27    4.13988158e+09
6.59566031e+09    4.35980669e+27    6.56276664e+09
8.30269439e+09    5.65902779e+27    8.26385617e+09
1.04514317e+10    7.69810749e+27    1.03994148e+10
1.31581102e+10    1.04747238e+28    1.31036605e+10
1.65655363e+10    1.42426438e+28    1.64939098e+10
2.08563688e+10    1.93703660e+28    2.07789454e+10
2.62531190e+10    2.50175991e+28    2.61576098e+10
3.30447255e+10    3.40227918e+28    3.29381082e+10
4.16131064e+10    4.62554851e+28    4.14783540e+10
5.23900031e+10    5.94603582e+28    5.22356828e+10
6.59566031e+10    8.08483584e+28    6.57867405e+10
8.30269439e+10    1.09944113e+29    8.28374068e+10
1.04514323e+11    1.49422922e+29    1.04292414e+11
1.31581108e+11    2.03193161e+29    1.31434287e+11
1.65655363e+11    2.59576144e+29    1.65436197e+11
1.83489546e+11    2.89045389e+29    1.83331934e+11
2.08563682e+11    3.28826213e+29    2.08385983e+11
2.62531197e+11    4.47078556e+29    2.62470884e+11
3.30447249e+11    5.81307565e+29    3.30574140e+11
4.16131032e+11    7.80104443e+29    4.16374275e+11
4.27090624e+11    7.83392705e+29    4.27409994e+11
4.43363885e+11    7.88593174e+29    4.43416732e+11
5.19084457e+11    8.34771856e+29    5.19771906e+11
6.56078946e+11    8.40397282e+29    6.57171434e+11
7.90250449e+11    9.09329557e+29    7.91787185e+11
9.65105224e+11    9.82600683e+29    9.67165426e+11
1.18612299e+12    1.08244586e+30    1.18907264e+12
1.45894949e+12    1.21737183e+30    1.46247986e+12
1.66053894e+12    1.39827991e+30    1.67330908e+12
8.30269462e+12    1.25950947e+31    8.38150158e+12
1.66053892e+13    2.59379048e+31    1.67793276e+13
2.49080838e+13    4.69467030e+31    2.51877944e+13
3.32107784e+13    7.24980903e+31    3.36050865e+13
4.15134730e+13    1.01781131e+32    4.20300730e+13
4.98161676e+13    1.34469487e+32    5.04619881e+13
5.81188622e+13    1.70428099e+32    5.89002868e+13
6.64215568e+13    2.09626038e+32    6.73445699e+13
7.47242514e+13    2.52096177e+32    7.57945392e+13
8.30269460e+13    2.97913144e+32    8.42499703e+13
9.13296407e+13    3.47180199e+32    9.27106941e+13
9.96323353e+13    4.00020966e+32    1.01176584e+14
1.07935030e+14    4.56574067e+32    1.09647546e+14
1.16237724e+14    5.16989519e+32    1.18123515e+14
1.24540419e+14    5.81426288e+32    1.26604445e+14
1.32843114e+14    6.49024343e+32    1.35090309e+14
1.66053892e+14    2.38541978e+33    1.69051137e+14
1.82659281e+14    3.15137042e+33    1.86260876e+14
1.99264671e+14    4.01275215e+33    2.03554128e+14
2.15870060e+14    4.98600628e+33    2.20932883e+14
2.32475449e+14    6.08632315e+33    2.38391174e+14
2.49080838e+14    7.32371051e+33    2.55948886e+14
2.65686227e+14    8.70710387e+33    2.73606018e+14
2.82291617e+14    1.02459748e+34    2.91362571e+14
2.98897006e+14    1.19485441e+34    3.09238430e+14
3.15502395e+14    1.38239258e+34    3.27213709e+14
3.32107784e+14    1.58805193e+34    3.45308293e+14
3.48713173e+14    1.81265454e+34    3.63502298e+14
3.65318563e+14    2.05695098e+34    3.81835492e+14
3.81923952e+14    2.32197776e+34    4.00307875e+14
3.98529341e+14    2.60791361e+34    4.18899563e+14
4.15134730e+14    2.91583077e+34    4.37630440e+14
4.31740119e+14    3.24590796e+34    4.56500506e+14
4.48345509e+14    3.59886001e+34    4.75529646e+14
4.64950898e+14    3.97486565e+34    4.94697974e+14
4.82718664e+14    4.40073135e+34    5.15278078e+14
5.00486431e+14    4.77888150e+34    5.36295633e+14
5.28383485e+14    4.97724949e+34    5.69164147e+14
5.55118161e+14    5.18616137e+34    6.00819727e+14
5.80856515e+14    5.40525971e+34    6.31421447e+14
6.05764598e+14    5.63400838e+34    6.61028958e+14
6.29676359e+14    5.87222868e+34    6.89761567e+14
6.52923904e+14    6.11956319e+34    7.17718694e+14
6.75507233e+14    6.37565448e+34    7.44979875e+14
6.97592401e+14    6.64050255e+34    7.71584878e+14
7.19013353e+14    6.91357128e+34    7.97633126e+14
7.39936143e+14    7.19486067e+34    8.23144501e+14
7.60526826e+14    7.48419200e+34    8.48198540e+14
7.80453293e+14    7.78120786e+34    8.72835012e+14
8.00213706e+14    8.08608695e+34    8.97073801e+14
8.19642011e+14    8.39829315e+34    9.20974560e+14
8.38572155e+14    8.71800517e+34    9.44557171e+14
8.58996784e+14    9.20945740e+34    9.70048662e+14
8.77594820e+14    9.71163223e+34    9.93193823e+14
8.95694694e+14    1.02243509e+35    1.01602084e+15
9.13628514e+14    1.07476135e+35    1.03860924e+15
9.31230227e+14    1.12812413e+35    1.06101869e+15
9.48665886e+14    1.18248768e+35    1.08330883e+15
9.65935490e+14    1.23785201e+35    1.10553932e+15
9.83205095e+14    1.29421711e+35    1.12773004e+15
1.00030865e+15    1.35158299e+35    1.14992076e+15
1.01724614e+15    1.40993178e+35    1.17213136e+15
1.03434969e+15    1.46926346e+35    1.19438174e+15
1.05128719e+15    1.52957805e+35    1.21671165e+15
1.06822469e+15    1.59085768e+35    1.23910121e+15
1.08516218e+15    1.65313808e+35    1.26157031e+15
1.10209968e+15    1.71638352e+35    1.28419848e+15
1.11903718e+15    1.78062973e+35    1.30698572e+15
1.13597468e+15    1.84589458e+35    1.32993204e+15
1.15307823e+15    1.91201725e+35    1.35305732e+15
1.17018178e+15    1.97921217e+35    1.37636155e+15
1.18745138e+15    2.04747935e+35    1.39986463e+15
1.20472099e+15    2.11664008e+35    1.42358643e+15
1.22199059e+15    2.18669437e+35    1.44750707e+15
1.23942625e+15    2.25799962e+35    1.47162656e+15
1.25686191e+15    2.33019842e+35    1.49600453e+15
1.27446362e+15    2.40329077e+35    1.52058135e+15
1.29206533e+15    2.47763409e+35    1.54541667e+15
1.30983310e+15    2.55287096e+35    1.57049059e+15
1.32776692e+15    2.62918008e+35    1.59580312e+15
1.34570074e+15    2.70638276e+35    1.62139404e+15
1.36380062e+15    2.78483641e+35    1.64722356e+15
1.38190049e+15    2.86418361e+35    1.67333146e+15
1.40016642e+15    2.94460306e+35    1.69969785e+15
1.41843235e+15    3.02609478e+35    1.72634262e+15
1.43703038e+15    3.10865875e+35    1.75328566e+15
1.45562842e+15    3.19229499e+35    1.78048719e+15
1.47422645e+15    3.27700348e+35    1.80798698e+15
1.49299054e+15    3.36296294e+35    1.83578503e+15
1.51208674e+15    3.44981596e+35    1.86390123e+15
1.53101689e+15    3.53774123e+35    1.89229581e+15
1.55027914e+15    3.62691747e+35    1.92100853e+15
1.56954139e+15    3.71716597e+35    1.95001952e+15
1.58896969e+15    3.80848673e+35    1.97936854e+15
1.60856405e+15    3.90087975e+35    2.00909535e+15
1.62832447e+15    3.99452374e+35    2.03892159e+15
1.64808488e+15    4.08923999e+35    2.06934435e+15
1.66817740e+15    4.18520720e+35    2.09996596e+15
1.68826992e+15    4.28224668e+35    2.13098524e+15
1.70852850e+15    4.38053713e+35    2.16220337e+15
1.72878707e+15    4.47989983e+35    2.19401803e+15
1.74937775e+15    4.58051351e+35    2.22603152e+15
1.76996844e+15    4.68219944e+35    2.25844270e+15
1.79089123e+15    4.78531506e+35    2.29105272e+15
1.81181402e+15    4.88950293e+35    2.32425926e+15
1.83290286e+15    4.99476306e+35    2.35766465e+15
1.85415776e+15    5.10145287e+35    2.39146772e+15
1.87557871e+15    5.20939366e+35    2.42566847e+15
1.89699966e+15    5.31840670e+35    2.46026691e+15
1.97238813e+15    5.70906654e+35    2.58494058e+15
2.09028639e+15    6.33365765e+35    2.78378216e+15
