1.31582094e+01    3.02247095e+14    1.31539386e+01
4.16099116e+01    1.92721817e+15    4.15964079e+01
1.31582094e+02    1.22885214e+16    1.31539403e+02
4.16099116e+02    7.83552996e+16    4.15964187e+02
1.31582094e+03    4.99616902e+17    1.31539472e+03
4.16099116e+03    3.18570728e+18    4.15964626e+03
1.31582094e+04    2.03130256e+19    1.31539751e+04
4.16099116e+04    1.29521946e+20    4.15966410e+04
1.31582094e+05    8.25870794e+20    1.31540889e+05
4.16099116e+05    5.26600000e+21    4.15973663e+05
1.04516019e+06    2.31800000e+22    1.04486332e+06
2.62539257e+06    9.75500000e+22    2.62472525e+06
6.59477869e+06    3.91100000e+23    6.59342389e+06
8.30166550e+06    5.25900000e+23    8.30009259e+06
1.65616512e+07    1.43500000e+24    1.65594619e+07
3.30510668e+07    3.83300000e+24    3.30492581e+07
6.59582068e+07    1.00600000e+25    6.59613711e+07
1.31584187e+08    2.60400000e+25    1.31608133e+08
2.62533539e+08    6.67600000e+25    2.62626726e+08
3.30502386e+08    8.73800000e+25    3.30641385e+08
5.23899524e+08    1.62900000e+26    5.24196955e+08
8.30159999e+08    3.02900000e+26    8.30774690e+08
1.04524049e+09    4.12900000e+26    1.04611619e+09
1.21174084e+09    5.03600000e+26    1.21283679e+09
1.60403269e+09    6.86000000e+26    1.60569521e+09
2.54240133e+09    1.27200000e+27    2.54563980e+09
4.16069052e+09    2.35600000e+27    4.16720099e+09
6.59468718e+09    4.36200000e+27    6.60707672e+09
8.01587683e+09    5.66200000e+27    8.03212636e+09
1.00916975e+10    7.70200000e+27    1.01140542e+10
1.31618543e+10    1.04800000e+28    1.31940229e+10
1.65672568e+10    1.42500000e+28    1.66112595e+10
2.08578692e+10    1.93800000e+28    2.09180471e+10
2.52640269e+10    2.50300000e+28    2.53420870e+10
3.30516885e+10    3.40400000e+28    3.31637486e+10
4.16062737e+10    4.62800000e+28    4.17587455e+10
5.02208849e+10    5.94900000e+28    5.04169982e+10
6.59481311e+10    8.08900000e+28    6.62295291e+10
8.30364452e+10    1.10000000e+29    8.34179007e+10
1.02142343e+11    1.45000000e+29    1.02643849e+11
1.08688968e+11    1.49500000e+29    1.09233052e+11
1.40903933e+11    2.03300000e+29    1.41666946e+11
1.69295180e+11    2.59700000e+29    1.70263385e+11
1.83517505e+11    2.89200000e+29    1.84592659e+11
2.08537815e+11    3.29000000e+29    2.09805643e+11
2.71451551e+11    4.47300000e+29    2.73232778e+11
3.30514294e+11    5.81600000e+29    3.32806385e+11
4.16105955e+11    7.53800000e+29    4.19182781e+11
4.27109490e+11    7.80500000e+29    4.30290247e+11
4.30592626e+11    7.89000000e+29    4.33806444e+11
4.49363775e+11    8.35200000e+29    4.52757067e+11
4.79136616e+11    9.09800000e+29    4.82818984e+11
4.94574092e+11    9.49100000e+29    4.98408415e+11
5.07801045e+11    9.83100000e+29    5.11766656e+11
5.67514203e+11    1.08300000e+30    5.72079655e+11
2.09493590e+12    2.15470000e+30    2.11582256e+12
3.14622309e+12    3.42720000e+30    3.17918698e+12
4.43795632e+12    5.26790000e+30    4.48634911e+12
5.98823546e+12    7.79760000e+30    6.05602382e+12
7.82064016e+12    1.11470000e+31    7.91223052e+12
1.24478979e+13    2.08940000e+31    1.26032353e+13
4.98161676e+13    3.58100000e+31    5.04100000e+13
9.96323353e+13    3.14800000e+32    1.00900000e+14
1.49448503e+14    1.23700000e+33    1.51800000e+14
1.99264671e+14    3.12400000e+33    2.03100000e+14
2.49080838e+14    6.12600000e+33    2.54900000e+14
2.98897006e+14    1.04000000e+34    3.07300000e+14
3.48713173e+14    1.62400000e+34    3.60400000e+14
3.98529341e+14    2.38900000e+34    4.14400000e+14
4.48345509e+14    3.36000000e+34    4.69400000e+14
4.98161676e+14    4.56100000e+34    5.25600000e+14
5.47977844e+14    5.71100000e+34    5.83900000e+14
5.97794012e+14    6.92400000e+34    6.43800000e+14
6.47610179e+14    8.31300000e+34    7.05000000e+14
6.97426347e+14    9.88300000e+34    7.67600000e+14
7.47242514e+14    1.14900000e+35    8.31500000e+14
7.97058682e+14    1.32100000e+35    8.96700000e+14
8.46874850e+14    1.50800000e+35    9.63100000e+14
8.96691017e+14    1.71000000e+35    1.03100000e+15
9.46507185e+14    1.92800000e+35    1.10000000e+15
9.96323353e+14    2.16400000e+35    1.17000000e+15
1.04613952e+15    2.41600000e+35    1.24200000e+15
1.09595569e+15    2.68500000e+35    1.31500000e+15
1.14577186e+15    2.97200000e+35    1.39000000e+15
1.19558802e+15    3.26000000e+35    1.46600000e+15
1.24540419e+15    3.55600000e+35    1.54300000e+15
1.29522036e+15    3.86300000e+35    1.62100000e+15
1.34503653e+15    4.18200000e+35    1.70100000e+15
1.39485269e+15    4.51200000e+35    1.78200000e+15
1.44466886e+15    4.85600000e+35    1.86500000e+15
1.49448503e+15    5.19100000e+35    1.94900000e+15
1.54430120e+15    5.51700000e+35    2.03400000e+15
1.59411736e+15    5.84700000e+35    2.12000000e+15
1.64393353e+15    6.18300000e+35    2.20800000e+15
1.69374970e+15    6.52500000e+35    2.29600000e+15
1.74356587e+15    6.87500000e+35    2.38600000e+15
1.79338203e+15    7.23200000e+35    2.47600000e+15
1.84319820e+15    7.59700000e+35    2.56900000e+15
1.89301437e+15    7.96900000e+35    2.66200000e+15
1.94283054e+15    8.34600000e+35    2.75600000e+15
1.99264671e+15    8.72700000e+35    2.85200000e+15
