7.85434910e+00    1.01020000e+09    7.86000000e+00
7.90416526e+00    1.01020000e+10    7.90000000e+00
8.15324610e+00    1.01020000e+11    8.15000000e+00
1.16071671e+01    1.20970000e+12    1.16000000e+01
1.64393353e+01    1.40020000e+13    1.64000000e+01
4.51666587e+01    1.70040000e+14    4.51000000e+01
2.10888443e+02    5.82020000e+15    2.12000000e+02
1.15075347e+03    1.89990000e+17    1.15000000e+03
1.04530925e+04    9.74230000e+18    1.04400000e+04
2.62531203e+04    4.96820000e+19    2.62200000e+04
6.59566059e+04    2.43110000e+20    6.58700000e+04
1.65655363e+05    1.15130000e+21    1.65400000e+05
4.16131054e+05    5.26570000e+21    4.15600000e+05
1.04514320e+06    2.31790000e+22    1.04400000e+06
2.62531203e+06    9.75130000e+22    2.62200000e+06
6.59566059e+06    3.91130000e+23    6.58800000e+06
8.30269460e+06    5.25940000e+23    8.29300000e+06
1.65655363e+07    1.43530000e+24    1.65500000e+07
3.30447245e+07    3.83310000e+24    3.30200000e+07
6.59566059e+07    1.00570000e+25    6.58900000e+07
1.31581104e+08    2.60370000e+25    1.31500000e+08
2.62531203e+08    6.67580000e+25    2.62400000e+08
3.30447245e+08    8.73760000e+25    3.30400000e+08
5.23900030e+08    1.62940000e+26    5.23700000e+08
8.30269460e+08    3.02880000e+26    8.30100000e+08
1.04514320e+09    4.12880000e+26    1.04500000e+09
1.31581104e+09    5.03560000e+26    1.31600000e+09
1.65655363e+09    6.86010000e+26    1.65700000e+09
2.62531203e+09    1.27170000e+27    2.62600000e+09
4.16131054e+09    2.35560000e+27    4.16400000e+09
6.59566059e+09    4.36160000e+27    6.60100000e+09
8.30269460e+09    5.66210000e+27    8.31200000e+09
1.04514320e+10    7.70220000e+27    1.04600000e+10
1.31581104e+10    1.04790000e+28    1.31800000e+10
1.65655363e+10    1.42540000e+28    1.65900000e+10
2.08563688e+10    1.93770000e+28    2.09000000e+10
2.62531203e+10    2.50300000e+28    2.63100000e+10
3.30447245e+10    3.40440000e+28    3.31300000e+10
4.16131054e+10    4.62760000e+28    4.17200000e+10
5.23900030e+10    5.94880000e+28    5.25400000e+10
6.59566059e+10    8.08870000e+28    6.61700000e+10
8.30269460e+10    1.10010000e+29    8.33200000e+10
1.04514320e+11    1.49460000e+29    1.04900000e+11
1.31581104e+11    2.03300000e+29    1.32200000e+11
1.65655363e+11    2.59740000e+29    1.66400000e+11
1.83489551e+11    2.89210000e+29    1.84400000e+11
2.08563688e+11    3.29030000e+29    2.09600000e+11
2.62531203e+11    4.47300000e+29    2.64000000e+11
3.30447245e+11    5.81580000e+29    3.32500000e+11
4.16131054e+11    7.53770000e+29    4.18800000e+11
4.27090610e+11    7.80470000e+29    4.29900000e+11
4.43363892e+11    7.89000000e+29    4.46000000e+11
5.19084467e+11    8.35020000e+29    5.23000000e+11
6.56078928e+11    9.10420000e+29    6.61000000e+11
7.90250473e+11    9.83220000e+29    7.96000000e+11
9.65105221e+11    1.08030000e+30    9.73000000e+11
1.18612295e+12    1.21960000e+30    1.20000000e+12
1.45894950e+12    1.40020000e+30    1.47000000e+12
1.78840042e+12    1.64020000e+30    1.80000000e+12
2.18194814e+12    1.95030000e+30    2.20000000e+12
2.90262203e+12    2.59020000e+30    2.93000000e+12
3.79765251e+12    3.50960000e+30    3.83000000e+12
4.88530551e+12    4.76960000e+30    4.93000000e+12
6.18716802e+12    6.47990000e+30    6.25000000e+12
7.72150598e+12    8.75010000e+30    7.80000000e+12
9.51156694e+12    1.17020000e+31    9.61000000e+12
1.23278409e+13    1.68960000e+31    1.25000000e+13
1.47904202e+13    2.21000000e+31    1.50000000e+13
1.75851072e+13    2.84990000e+31    1.78000000e+13
2.18360868e+13    3.93020000e+31    2.21000000e+13
2.95077766e+13    6.17970000e+31    2.99000000e+13
3.71794664e+13    8.76990000e+31    3.77000000e+13
5.00984592e+13    1.39040000e+32    5.08000000e+13
6.10248053e+13    1.88020000e+32    6.19000000e+13
7.61357095e+13    2.66030000e+32    7.73000000e+13
9.66599706e+13    3.89960000e+32    9.83000000e+13
1.24009047e+14    5.85980000e+32    1.26000000e+14
1.55609102e+14    8.59020000e+32    1.59000000e+14
1.66053892e+14    2.33600000e+33    1.69100000e+14
3.32107784e+14    3.33000000e+34    3.49500000e+14
4.98161676e+14    1.29800000e+35    5.62900000e+14
6.64215568e+14    2.89400000e+35    8.23600000e+14
8.30269460e+14    5.03000000e+35    1.13600000e+15
9.96323353e+14    7.66500000e+35    1.50200000e+15
1.32843114e+15    1.43700000e+36    2.39400000e+15
1.66053892e+15    2.29300000e+36    3.49800000e+15
1.99264671e+15    3.33400000e+36    4.81300000e+15
2.32475449e+15    4.55700000e+36    6.33800000e+15
2.65686227e+15    5.96200000e+36    8.07300000e+15
2.98897006e+15    7.54900000e+36    1.00100000e+16
3.32107784e+15    9.31600000e+36    1.21600000e+16
3.65318563e+15    1.12600000e+37    1.45200000e+16
3.98529341e+15    1.33900000e+37    1.70800000e+16
4.31740119e+15    1.57000000e+37    1.98500000e+16
4.64950898e+15    1.81900000e+37    2.28300000e+16
4.98161676e+15    2.08600000e+37    2.60000000e+16
