6.64215570e+00    1.00947862e+08    7.75482142e+00
7.85434928e+00    1.00947860e+09    7.81447425e+00
7.90416510e+00    1.00947860e+10    7.85424255e+00
8.15324630e+00    1.00947866e+11    8.10279415e+00
1.16071672e+01    1.20938350e+12    1.15328122e+01
1.64393353e+01    1.39928062e+13    1.63050103e+01
4.51666585e+01    1.69913806e+14    4.48387781e+01
2.10888443e+02    5.81700740e+15    2.10772076e+02
1.15075350e+03    1.89897153e+17    1.14333911e+03
1.04530927e+04    9.73897479e+18    1.03795310e+04
2.62531188e+04    4.96545464e+19    2.60681313e+04
6.59566086e+04    2.42973973e+20    6.54884736e+04
1.65655361e+05    1.15040925e+21    1.64441991e+05
4.16131075e+05    5.26336394e+21    4.13192817e+05
1.04514316e+06    2.31679512e+22    1.03795302e+06
2.62531203e+06    9.75005502e+22    2.60681321e+06
6.59566069e+06    3.90892180e+23    6.54984186e+06
8.30269456e+06    5.25639425e+23    8.24496620e+06
1.65655356e+07    1.43427209e+24    1.64541402e+07
3.30447244e+07    3.83100416e+24    3.28287453e+07
6.59566054e+07    1.00549336e+25    6.55083613e+07
1.31581109e+08    2.60273097e+25    1.30738346e+08
2.62531193e+08    6.67267005e+25    2.60880147e+08
3.30447244e+08    8.73355286e+25    3.28486307e+08
5.23900011e+08    1.62817230e+26    5.20666657e+08
8.30269459e+08    3.02752455e+26    8.25291978e+08
1.04514321e+09    4.12694767e+26    1.03894725e+09
1.31581102e+09    5.03336444e+26    1.30837759e+09
1.65655355e+09    6.85656302e+26    1.64740250e+09
2.62531202e+09    1.27134227e+27    2.61079006e+09
4.16131070e+09    2.35486031e+27    4.13988158e+09
6.59566031e+09    4.35980669e+27    6.56276664e+09
8.30269439e+09    5.65902779e+27    8.26385617e+09
1.04514317e+10    7.69810749e+27    1.03994148e+10
1.31581102e+10    1.04747238e+28    1.31036605e+10
1.65655363e+10    1.42426438e+28    1.64939098e+10
2.08563688e+10    1.93703660e+28    2.07789454e+10
2.62531190e+10    2.50175991e+28    2.61576098e+10
3.30447255e+10    3.40227918e+28    3.29381082e+10
4.16131064e+10    4.62554851e+28    4.14783540e+10
5.23900031e+10    5.94603582e+28    5.22356828e+10
6.59566031e+10    8.08483584e+28    6.57867405e+10
8.30269439e+10    1.09944113e+29    8.28374068e+10
1.04514323e+11    1.49422922e+29    1.04292414e+11
1.31581108e+11    2.03193161e+29    1.31434287e+11
1.65655363e+11    2.59576144e+29    1.65436197e+11
1.83489546e+11    2.89045389e+29    1.83331934e+11
2.08563682e+11    3.28826213e+29    2.08385983e+11
2.62531197e+11    4.47078556e+29    2.62470884e+11
3.30447249e+11    5.81307565e+29    3.30574140e+11
4.16131032e+11    7.83392705e+29    4.16374275e+11
4.43363885e+11    7.88593174e+29    4.43416732e+11
5.19084457e+11    8.34771856e+29    5.19771906e+11
6.56078946e+11    9.09329557e+29    6.57171434e+11
7.90250449e+11    9.82600683e+29    7.91787185e+11
9.65105224e+11    1.08244586e+30    9.67165426e+11
1.18612299e+12    1.21737183e+30    1.18907264e+12
1.45894949e+12    1.39827991e+30    1.46247986e+12
6.64215570e+12    9.28740126e+30    6.70346707e+12
1.32843114e+13    1.86697458e+31    1.34187816e+13
1.99264671e+13    3.33934972e+31    2.01415605e+13
2.65686227e+13    5.15079679e+31    2.68705899e+13
3.32107784e+13    7.23043645e+31    3.36050865e+13
3.98529341e+13    9.54671996e+31    4.03445008e+13
4.64950898e+13    1.20829167e+32    4.70884295e+13
5.31372455e+13    1.48303594e+32    5.38365666e+13
5.97794012e+13    1.77853927e+32    6.05886755e+13
6.64215568e+13    2.09477010e+32    6.73445699e+13
7.30637125e+13    2.43192964e+32    7.41041020e+13
7.97058682e+13    2.79038678e+32    8.08671542e+13
8.63480239e+13    3.17063454e+32    8.76336326e+13
9.29901796e+13    3.57325996e+32    9.44034622e+13
9.96323353e+13    3.99892286e+32    1.01176584e+14
1.06274491e+14    4.44834052e+32    1.07952951e+14
1.12916647e+14    4.92227657e+32    1.14732530e+14
1.19558802e+14    5.42153278e+32    1.21515293e+14
1.26200958e+14    5.94694297e+32    1.28301223e+14
1.32843114e+14    6.49291305e+32    1.35090309e+14
1.66053892e+14    8.98910809e+32    1.68856272e+14
2.32475449e+14    2.30357064e+33    2.37019167e+14
2.98897006e+14    5.08608382e+33    3.05818355e+14
3.65318563e+14    1.00899611e+34    3.75611750e+14
4.31740119e+14    1.86573138e+34    4.46598195e+14
4.98161676e+14    3.07559742e+34    5.19374215e+14
5.64583233e+14    4.78942538e+34    5.94337491e+14
6.31004790e+14    7.17520258e+34    6.71885709e+14
6.97426347e+14    1.03794711e+35    7.52814233e+14
7.63847904e+14    1.43932955e+35    8.37520747e+14
8.30269460e+14    1.92470565e+35    9.26601776e+14
8.96691017e+14    2.50193863e+35    1.02025616e+15
9.63112574e+14    3.16673947e+35    1.11908043e+15
1.02953413e+15    3.91732106e+35    1.22327342e+15
1.09595569e+15    4.75547050e+35    1.33323281e+15
1.16237724e+15    5.68476200e+35    1.44915746e+15
1.22879880e+15    6.70698264e+35    1.57124619e+15
1.29522036e+15    7.81498403e+35    1.69969785e+15
1.36164192e+15    9.00519198e+35    1.83471129e+15
1.42806347e+15    1.02650968e+36    1.97648533e+15
1.49448503e+15    1.15768275e+36    2.12561652e+15
1.56090659e+15    1.29314485e+36    2.28071296e+15
1.62732814e+15    1.43307471e+36    2.44177464e+15
1.69374970e+15    1.57908070e+36    2.60880157e+15
