6.64215570e+00    1.00947862e+08    7.75482142e+00
7.85434928e+00    1.00947860e+09    7.81447425e+00
7.90416510e+00    1.00947860e+10    7.85424255e+00
8.15324630e+00    1.00947866e+11    8.10279415e+00
1.16071672e+01    1.20938350e+12    1.15328122e+01
1.64393353e+01    1.39928062e+13    1.63050103e+01
4.51666585e+01    1.69913806e+14    4.48387781e+01
2.10888443e+02    5.81700740e+15    2.10772076e+02
1.15075350e+03    1.89897153e+17    1.14333911e+03
1.04530927e+04    9.73897479e+18    1.03795310e+04
2.62531188e+04    4.96545464e+19    2.60681313e+04
6.59566086e+04    2.42973973e+20    6.54884736e+04
1.65655361e+05    1.15040925e+21    1.64441991e+05
4.16131075e+05    5.26336394e+21    4.13192817e+05
1.04514316e+06    2.31679512e+22    1.03795302e+06
2.62531203e+06    9.75005502e+22    2.60681321e+06
6.59566069e+06    3.90892180e+23    6.54984186e+06
8.30269456e+06    5.25639425e+23    8.24496620e+06
1.65655356e+07    1.43427209e+24    1.64541402e+07
3.30447244e+07    3.83100416e+24    3.28287453e+07
6.59566054e+07    1.00549336e+25    6.55083613e+07
1.31581109e+08    2.60273097e+25    1.30738346e+08
2.62531193e+08    6.67267005e+25    2.60880147e+08
3.30447244e+08    8.73355286e+25    3.28486307e+08
5.23900011e+08    1.62817230e+26    5.20666657e+08
8.30269459e+08    3.02752455e+26    8.25291978e+08
1.04514321e+09    4.12694767e+26    1.03894725e+09
1.31581102e+09    5.03336444e+26    1.30837759e+09
1.65655355e+09    6.85656302e+26    1.64740250e+09
2.62531202e+09    1.27134227e+27    2.61079006e+09
4.16131070e+09    2.35486031e+27    4.13988158e+09
6.59566031e+09    4.35980669e+27    6.56276664e+09
8.30269439e+09    5.65902779e+27    8.26385617e+09
1.04514317e+10    7.69810749e+27    1.03994148e+10
1.31581102e+10    1.04747238e+28    1.31036605e+10
1.65655363e+10    1.42426438e+28    1.64939098e+10
2.08563688e+10    1.93703660e+28    2.07789454e+10
2.62531190e+10    2.50175991e+28    2.61576098e+10
3.30447255e+10    3.40227918e+28    3.29381082e+10
4.16131064e+10    4.62554851e+28    4.14783540e+10
5.23900031e+10    5.94603582e+28    5.22356828e+10
6.59566031e+10    8.08483584e+28    6.57867405e+10
8.30269439e+10    1.09944113e+29    8.28374068e+10
1.04514323e+11    1.49422922e+29    1.04292414e+11
1.31581108e+11    2.03193161e+29    1.31434287e+11
1.65655363e+11    2.59576144e+29    1.65436197e+11
1.83489546e+11    2.89045389e+29    1.83331934e+11
2.08563682e+11    3.28826213e+29    2.08385983e+11
2.62531197e+11    4.47078556e+29    2.62470884e+11
3.30447249e+11    5.81307565e+29    3.30574140e+11
4.16131032e+11    7.80104443e+29    4.16374275e+11
4.27090624e+11    7.83392705e+29    4.27409994e+11
4.43363885e+11    7.88593174e+29    4.43416732e+11
5.19084457e+11    8.34771856e+29    5.19771906e+11
6.56078946e+11    8.40397282e+29    6.57171434e+11
7.90250449e+11    9.09329557e+29    7.91787185e+11
9.65105224e+11    9.82600683e+29    9.67165426e+11
1.18612299e+12    1.08244586e+30    1.18907264e+12
1.45894949e+12    1.21737183e+30    1.46247986e+12
1.66053894e+12    1.39827991e+30    1.67330908e+12
8.30269462e+12    1.25950947e+31    8.38150158e+12
1.66053892e+13    2.59379048e+31    1.67793276e+13
2.49080838e+13    4.69467030e+31    2.51877944e+13
3.32107784e+13    7.24980903e+31    3.36050865e+13
4.15134730e+13    1.01781131e+32    4.20300730e+13
4.98161676e+13    1.34469487e+32    5.04619881e+13
5.81188622e+13    1.70428099e+32    5.89002868e+13
6.64215568e+13    2.09626038e+32    6.73445699e+13
7.47242514e+13    2.52096177e+32    7.57945392e+13
8.30269460e+13    2.97913144e+32    8.42499703e+13
9.13296407e+13    3.47180199e+32    9.27106941e+13
9.96323353e+13    4.00020966e+32    1.01176584e+14
1.07935030e+14    4.56574067e+32    1.09647546e+14
1.16237724e+14    5.16989519e+32    1.18123515e+14
1.24540419e+14    5.81426288e+32    1.26604445e+14
1.32843114e+14    6.49024343e+32    1.35090309e+14
1.99264671e+14    4.49151598e+33    2.03454708e+14
2.65686227e+14    9.80474009e+33    2.73705439e+14
3.32107784e+14    1.83695909e+34    3.45785513e+14
3.98529341e+14    3.22017373e+34    4.20271570e+14
4.64950898e+14    5.40472358e+34    4.97958976e+14
5.31372455e+14    8.58361532e+34    5.79861824e+14
5.97794012e+14    1.27659632e+35    6.66855017e+14
6.64215568e+14    1.78559786e+35    7.59614615e+14
7.30637125e+14    2.37523331e+35    8.58458766e+14
7.97058682e+14    3.03788963e+35    9.63665848e+14
8.63480239e+14    3.76863442e+35    1.07531540e+15
9.29901796e+14    4.56371478e+35    1.19348695e+15
9.96323353e+14    5.42080747e+35    1.31824016e+15
1.06274491e+15    6.33848282e+35    1.44955514e+15
1.12916647e+15    7.31531115e+35    1.58745178e+15
1.19558802e+15    8.35057761e+35    1.73194996e+15
1.26200958e+15    9.44356737e+35    1.88300991e+15
1.32843114e+15    1.05935656e+36    2.04071117e+15
1.39485269e+15    1.18003936e+36    2.20475547e+15
1.46127425e+15    1.30635152e+36    2.37556039e+15
1.52769581e+15    1.43827517e+36    2.55272824e+15
1.59411736e+15    1.57577456e+36    2.73645786e+15
1.66053892e+15    1.71884971e+36    2.92674926e+15
1.72696048e+15    1.86751848e+36    3.12340358e+15
1.79338203e+15    2.02156642e+36    3.32661968e+15
1.85980359e+15    2.18133307e+36    3.53639755e+15
1.92622515e+15    2.34646102e+36    3.75253835e+15
1.99264671e+15    2.51712898e+36    3.97504208e+15
2.05906826e+15    2.69315823e+36    4.20410759e+15
2.12548982e+15    2.87472749e+36    4.43953602e+15
2.19191138e+15    3.06183676e+36    4.68132739e+15
2.25833293e+15    3.25448603e+36    4.92948168e+15
2.32475449e+15    3.45249660e+36    5.18399891e+15
2.39117605e+15    3.65586847e+36    5.44507791e+15
2.45759760e+15    3.86478035e+36    5.71232099e+15
2.52401916e+15    4.07905352e+36    5.98612585e+15
2.59044072e+15    4.29868799e+36    6.26609480e+15
2.65686227e+15    4.52386247e+36    6.55242668e+15
2.72328383e+15    4.75457695e+36    6.84532033e+15
2.78970539e+15    4.99047402e+36    7.14417923e+15
2.85612694e+15    5.23191110e+36    7.44959990e+15
2.92254850e+15    5.47870948e+36    7.76138351e+15
2.98897006e+15    5.73104786e+36    8.07933120e+15
3.05539161e+15    5.98856883e+36    8.40364182e+15
3.12181317e+15    6.25162981e+36    8.73431537e+15
3.18823473e+15    6.52005208e+36    9.07115301e+15
3.25465629e+15    6.79401436e+36    9.41435359e+15
3.32107784e+15    7.07315923e+36    9.76371825e+15
