6.64215570e+00    1.00947862e+08    7.75482142e+00
7.85434928e+00    1.00947860e+09    7.81447425e+00
7.90416510e+00    1.00947860e+10    7.85424255e+00
8.15324630e+00    1.00947866e+11    8.10279415e+00
1.16071672e+01    1.20938350e+12    1.15328122e+01
1.64393353e+01    1.39928062e+13    1.63050103e+01
4.51666585e+01    1.69913806e+14    4.48387781e+01
2.10888443e+02    5.81700740e+15    2.10772076e+02
1.15075350e+03    1.89897153e+17    1.14333911e+03
1.04530927e+04    9.73897479e+18    1.03795310e+04
2.62531188e+04    4.96545464e+19    2.60681313e+04
6.59566086e+04    2.42973973e+20    6.54884736e+04
1.65655361e+05    1.15040925e+21    1.64441991e+05
4.16131075e+05    5.26336394e+21    4.13192817e+05
1.04514316e+06    2.31679512e+22    1.03795302e+06
2.62531203e+06    9.75005502e+22    2.60681321e+06
6.59566069e+06    3.90892180e+23    6.54984186e+06
8.30269456e+06    5.25639425e+23    8.24496620e+06
1.65655356e+07    1.43427209e+24    1.64541402e+07
3.30447244e+07    3.83100416e+24    3.28287453e+07
6.59566054e+07    1.00549336e+25    6.55083613e+07
1.31581109e+08    2.60273097e+25    1.30738346e+08
2.62531193e+08    6.67267005e+25    2.60880147e+08
3.30447244e+08    8.73355286e+25    3.28486307e+08
5.23900011e+08    1.62817230e+26    5.20666657e+08
8.30269459e+08    3.02752455e+26    8.25291978e+08
1.04514321e+09    4.12694767e+26    1.03894725e+09
1.31581102e+09    5.03336444e+26    1.30837759e+09
1.65655355e+09    6.85656302e+26    1.64740250e+09
2.62531202e+09    1.27134227e+27    2.61079006e+09
4.16131070e+09    2.35486031e+27    4.13988158e+09
6.59566031e+09    4.35980669e+27    6.56276664e+09
8.30269439e+09    5.65902779e+27    8.26385617e+09
1.04514317e+10    7.69810749e+27    1.03994148e+10
1.31581102e+10    1.04747238e+28    1.31036605e+10
1.65655363e+10    1.42426438e+28    1.64939098e+10
2.08563688e+10    1.93703660e+28    2.07789454e+10
2.62531190e+10    2.50175991e+28    2.61576098e+10
3.30447255e+10    3.40227918e+28    3.29381082e+10
4.16131064e+10    4.62554851e+28    4.14783540e+10
5.23900031e+10    5.94603582e+28    5.22356828e+10
6.59566031e+10    8.08483584e+28    6.57867405e+10
8.30269439e+10    1.09944113e+29    8.28374068e+10
1.04514323e+11    1.49422922e+29    1.04292414e+11
1.31581108e+11    2.03193161e+29    1.31434287e+11
1.65655363e+11    2.59576144e+29    1.65436197e+11
1.83489546e+11    2.89045389e+29    1.83331934e+11
2.08563682e+11    3.28826213e+29    2.08385983e+11
2.62531197e+11    4.47078556e+29    2.62470884e+11
3.30447249e+11    5.81307565e+29    3.30574140e+11
4.16131032e+11    7.80104443e+29    4.16374275e+11
4.27090624e+11    7.83392705e+29    4.27409994e+11
4.43363885e+11    7.88593174e+29    4.43416732e+11
5.19084457e+11    8.34771856e+29    5.19771906e+11
6.56078946e+11    9.09329557e+29    6.57171434e+11
7.90250449e+11    9.52033677e+29    7.91787185e+11
9.65105224e+11    9.82600683e+29    9.67165426e+11
1.18612299e+12    1.08244586e+30    1.18907264e+12
1.45894949e+12    1.21737183e+30    1.46247986e+12
1.66053894e+12    1.39827991e+30    1.67330908e+12
6.64215570e+12    9.28740126e+30    6.70346707e+12
1.32843114e+13    1.86697458e+31    1.34187816e+13
1.99264671e+13    3.33934972e+31    2.01415605e+13
2.65686227e+13    5.15079679e+31    2.68705899e+13
3.32107784e+13    7.23043645e+31    3.36050865e+13
3.98529341e+13    9.54671996e+31    4.03445008e+13
4.64950898e+13    1.20829167e+32    4.70884295e+13
5.31372455e+13    1.48303594e+32    5.38365666e+13
5.97794012e+13    1.77853927e+32    6.05886755e+13
6.64215568e+13    2.09477010e+32    6.73445699e+13
7.30637125e+13    2.43192964e+32    7.41041020e+13
7.97058682e+13    2.79038678e+32    8.08671542e+13
8.63480239e+13    3.17063454e+32    8.76336326e+13
9.29901796e+13    3.57325996e+32    9.44034622e+13
9.96323353e+13    3.99892286e+32    1.01176584e+14
1.06274491e+14    4.44834052e+32    1.07952951e+14
1.12916647e+14    4.92227657e+32    1.14732530e+14
1.19558802e+14    5.42153278e+32    1.21515293e+14
1.26200958e+14    5.94694297e+32    1.28301223e+14
1.32843114e+14    6.49291305e+32    1.35090309e+14
1.99264671e+14    4.05331930e+33    2.03434824e+14
2.65686227e+14    8.49747715e+33    2.73387292e+14
3.32107784e+14    1.47687650e+34    3.44831073e+14
3.98529341e+14    2.29749451e+34    4.17845702e+14
4.64950898e+14    3.31506869e+34    4.92550485e+14
5.31372455e+14    4.52850893e+34    5.69024958e+14
5.97794012e+14    5.93173908e+34    6.47308889e+14
6.64215568e+14    7.51600237e+34    7.27422163e+14
7.30637125e+14    9.27075490e+34    8.09404548e+14
7.97058682e+14    1.11845592e+35    8.93236159e+14
8.63480239e+14    1.32457993e+35    9.78897113e+14
9.29901796e+14    1.54437523e+35    1.06638741e+15
9.96323353e+14    1.77676959e+35    1.15568716e+15
1.06274491e+15    2.02085158e+35    1.24673673e+15
1.12916647e+15    2.27569190e+35    1.33951621e+15
1.19558802e+15    2.54071868e+35    1.43400573e+15
1.26200958e+15    2.81485967e+35    1.53016552e+15
1.32843114e+15    3.09793616e+35    1.62795581e+15
1.39485269e+15    3.38905459e+35    1.72733683e+15
1.46127425e+15    3.68803626e+35    1.82828870e+15
1.52769581e+15    3.99416632e+35    1.93077165e+15
1.59411736e+15    4.30726607e+35    2.03474592e+15
1.66053892e+15    4.62679937e+35    2.14013196e+15
1.72696048e+15    4.95258753e+35    2.24710873e+15
1.79338203e+15    5.28445181e+35    2.35527855e+15
1.85980359e+15    5.62185611e+35    2.46503910e+15
1.92622515e+15    5.96480041e+35    2.57599271e+15
1.99264671e+15    6.31292730e+35    2.68833820e+15
2.05906826e+15    6.66605807e+35    2.80207559e+15
2.12548982e+15    7.02401400e+35    2.91700602e+15
2.19191138e+15    7.38679511e+35    3.03312951e+15
2.25833293e+15    7.75404396e+35    3.15064488e+15
2.32475449e+15    8.12576055e+35    3.26915447e+15
2.39117605e+15    8.50176619e+35    3.38905594e+15
2.45759760e+15    8.88188215e+35    3.50995162e+15
2.52401916e+15    9.26610844e+35    3.63204035e+15
2.59044072e+15    9.65408764e+35    3.75532214e+15
2.65686227e+15    1.00461772e+36    3.87979697e+15
2.72328383e+15    1.04418409e+36    4.00526601e+15
2.78970539e+15    1.08412575e+36    4.13172925e+15
2.85612694e+15    1.12440696e+36    4.25938555e+15
2.92254850e+15    1.16504560e+36    4.38803605e+15
2.98897006e+15    1.20604165e+36    4.51768076e+15
3.05539161e+15    1.24735938e+36    4.64831968e+15
3.12181317e+15    1.28901666e+36    4.77995281e+15
3.18823473e+15    1.33099561e+36    4.91277899e+15
3.25465629e+15    1.37327837e+36    5.04640053e+15
3.32107784e+15    1.41588281e+36    5.18101629e+15
