2.62531282e+04    4.98548254e+19    2.61874373e+04
6.59567214e+04    2.43953582e+20    6.57881994e+04
1.65655576e+05    1.15504525e+21    1.65194658e+05
4.16131086e+05    5.28457420e+21    4.15083051e+05
1.04514238e+06    2.32613009e+22    1.04270150e+06
2.62531101e+06    9.78937578e+22    2.61874373e+06
6.59566455e+06    3.92467772e+23    6.57981980e+06
8.30269070e+06    5.27759428e+23    8.28270131e+06
1.65655462e+07    1.44005474e+24    1.65294347e+07
3.30447187e+07    3.84644033e+24    3.29789633e+07
6.59565695e+07    1.00954806e+25    6.58081982e+07
1.31580963e+08    2.61322016e+25    1.31336367e+08
2.62531282e+08    6.69955567e+25    2.62074038e+08
3.30447187e+08    8.76875629e+25    3.29988648e+08
5.23899591e+08    1.63473741e+26    5.23048547e+08
8.30269452e+08    3.03972993e+26    8.29069617e+08
1.04514383e+09    4.14358259e+26    1.04370052e+09
1.31580963e+09    5.05365977e+26    1.31436504e+09
1.65655195e+09    6.88420826e+26    1.65494056e+09
2.62531282e+09    1.27646526e+27    2.62273734e+09
4.16130990e+09    2.36435672e+27    4.15882264e+09
6.59565695e+09    4.37737749e+27    6.59279239e+09
8.30269452e+09    5.68184000e+27    8.30165919e+09
1.04514383e+10    7.72913691e+27    1.04469912e+10
1.31580963e+10    1.05169546e+28    1.31636037e+10
1.65655195e+10    1.43701400e+28    1.66499104e+10
5.23900797e+10    6.00407350e+28    5.27296635e+10
1.65655195e+11    2.61438775e+29    1.67000588e+11
2.62531282e+11    4.50756502e+29    2.64952487e+11
4.27090646e+11    7.87923403e+29    4.31451517e+11
6.56078883e+11    9.17740716e+29    6.63384011e+11
1.18612391e+12    1.22786325e+30    1.20031435e+12
2.18194631e+12    1.96530519e+30    2.20994263e+12
3.79765107e+12    3.53394674e+30    3.84682119e+12
6.18717015e+12    6.52694571e+30    6.27052639e+12
9.51156674e+12    1.17917972e+31    9.64466173e+12
1.47904048e+13    2.21773678e+31    1.50139166e+13
2.18360992e+13    3.96661454e+31    2.21796659e+13
2.95077476e+13    6.23849742e+31    2.99876891e+13
3.71794584e+13    8.85278669e+31    3.78157745e+13
5.00984235e+13    1.39733327e+32    5.09930513e+13
6.10247571e+13    1.89317168e+32    6.21531294e+13
7.61356499e+13    2.61438775e+32    7.75986204e+13
9.66598372e+13    3.93061041e+32    9.86138694e+13
1.24008958e+14    5.91398202e+32    1.26654609e+14
1.53882084e+14    8.69440767e+32    1.57297927e+14
1.71541443e+14    1.89068858e+33    1.73680876e+14
1.75537157e+14    2.04818886e+33    1.77777175e+14
1.79625942e+14    2.21702199e+33    1.81973857e+14
1.83809968e+14    2.39800453e+33    1.86271752e+14
1.88091452e+14    2.59185081e+33    1.90675547e+14
1.92472665e+14    2.79949696e+33    1.95187050e+14
1.96955929e+14    3.02169064e+33    1.99808519e+14
2.01543622e+14    3.25949260e+33    2.04544120e+14
2.06238176e+14    3.51382396e+33    2.09396298e+14
2.11042080e+14    3.78573317e+33    2.14368515e+14
2.15957882e+14    4.07643010e+33    2.19463348e+14
2.20988187e+14    4.38702390e+33    2.24684959e+14
2.26135663e+14    4.71889159e+33    2.30036632e+14
2.31403040e+14    5.07317683e+33    2.35521739e+14
2.36792564e+14    5.45142448e+33    2.41143744e+14
2.42308729e+14    5.85517662e+33    2.46907340e+14
2.47952824e+14    6.28608139e+33    2.52815676e+14
2.53728387e+14    6.74512496e+33    2.58873145e+14
2.59638481e+14    7.22520211e+33    2.65084296e+14
2.65686238e+14    7.73072100e+33    2.71452596e+14
2.71874865e+14    8.26551655e+33    2.77982208e+14
2.78207645e+14    8.83181575e+33    2.84679373e+14
2.84687933e+14    9.43235201e+33    2.91546613e+14
2.91319167e+14    1.00695485e+34    2.98590510e+14
2.98104862e+14    1.07458308e+34    3.05815153e+14
3.05048616e+14    1.14641009e+34    3.13226141e+14
3.12154111e+14    1.22272840e+34    3.20829282e+14
3.19425115e+14    1.30385711e+34    3.28629087e+14
3.26865481e+14    1.39008066e+34    3.36632467e+14
3.34479157e+14    1.48180140e+34    3.44845847e+14
3.42270177e+14    1.57939224e+34    3.53275077e+14
3.50242674e+14    1.68321658e+34    3.61926181e+14
3.58400873e+14    1.79370079e+34    3.70807065e+14
3.66749102e+14    1.91139304e+34    3.79924237e+14
3.75291786e+14    2.03666688e+34    3.89285296e+14
3.84033455e+14    2.17010126e+34    3.98898130e+14
3.92978743e+14    2.31227775e+34    4.08769986e+14
4.02132394e+14    2.46382581e+34    4.18910263e+14
4.11499261e+14    2.62530642e+34    4.29326801e+14
4.21084310e+14    2.79743497e+34    4.40029710e+14
4.30892623e+14    2.98098644e+34    4.51027477e+14
4.40929402e+14    3.17680092e+34    4.62330985e+14
4.51199967e+14    3.38555599e+34    4.73950516e+14
4.61709765e+14    3.60836116e+34    4.85895638e+14
4.72464367e+14    3.84609494e+34    4.98179669e+14
4.83469475e+14    4.09968038e+34    5.10813069e+14
4.94730926e+14    4.37048868e+34    5.23807847e+14
5.06254690e+14    4.65950734e+34    5.37178967e+14
5.18046876e+14    4.96798184e+34    5.50938345e+14
5.30113738e+14    5.29748822e+34    5.65100901e+14
5.42461673e+14    5.64923967e+34    5.79682247e+14
5.55097229e+14    6.02490218e+34    5.94695976e+14
5.68027104e+14    6.42613729e+34    6.10160375e+14
5.81258155e+14    6.85472443e+34    6.26093219e+14
5.94797397e+14    7.31256939e+34    6.42511640e+14
6.08652008e+14    7.80153390e+34    6.59435009e+14
6.22829335e+14    8.32415196e+34    6.76885171e+14
6.37336894e+14    8.88239332e+34    6.94878701e+14
6.52182377e+14    9.47872667e+34    7.13444181e+14
6.67373656e+14    1.01160275e+35    7.32600145e+14
6.82918786e+14    1.07971715e+35    7.52372650e+14
6.98826008e+14    1.15249752e+35    7.72790901e+14
7.15103756e+14    1.23024044e+35    7.93876598e+14
7.31760663e+14    1.31334855e+35    8.15661568e+14
7.48803834e+14    1.40216783e+35    8.38179433e+14
7.66247480e+14    1.49706273e+35    8.61457785e+14
7.84095677e+14    1.59849028e+35    8.85533510e+14
8.02359611e+14    1.70686825e+35    9.10439308e+14
8.21048968e+14    1.82267820e+35    9.36218029e+14
8.40173655e+14    1.94643542e+35    9.62908455e+14
8.59743813e+14    2.07873917e+35    9.90551363e+14
8.79769819e+14    2.22008703e+35    1.01919199e+15
9.00262291e+14    2.37115530e+35    1.04887806e+15
9.21232094e+14    2.53256150e+35    1.07965997e+15
9.42690346e+14    2.70501701e+35    1.11159350e+15
9.64648425e+14    2.88934898e+35    1.14472983e+15
9.87117973e+14    3.08631323e+35    1.17913627e+15
1.01011090e+15    3.29670434e+35    1.21486774e+15
1.03363941e+15    3.52159980e+35    1.25199617e+15
1.05771596e+15    3.76183723e+35    1.29059209e+15
1.08235333e+15    4.01855577e+35    1.33073322e+15
1.10756458e+15    4.29279352e+35    1.37249256e+15
1.13336308e+15    4.58585164e+35    1.41596331e+15
1.15976249e+15    4.89880328e+35    1.46123141e+15
1.18677683e+15    5.23323214e+35    1.50839123e+15
1.21442042e+15    5.59049161e+35    1.55754284e+15
1.24270790e+15    5.97214028e+35    1.60879979e+15
1.27165429e+15    6.37984313e+35    1.66227166e+15
1.30127492e+15    6.81522189e+35    1.71808244e+15
1.33158244e+15    7.28031214e+35    1.77635597e+15
1.36260212e+15    7.77714149e+35    1.83723623e+15
1.39434120e+15    8.30768460e+35    1.90086380e+15
1.42681958e+15    8.87442043e+35    1.96739698e+15
1.46005447e+15    9.47981801e+35    2.03699517e+15
1.49406351e+15    1.01255821e+36    2.10976945e+15
1.52886472e+15    1.08108539e+36    2.18602941e+15
1.56447656e+15    1.15286910e+36    2.26588571e+15
1.60091790e+15    1.22803289e+36    2.34950839e+15
1.63820806e+15    1.30671236e+36    2.43706998e+15
1.67636683e+15    1.38912075e+36    2.52875643e+15
1.71541443e+15    1.47540075e+36    2.62476847e+15
1.75537157e+15    1.56577733e+36    2.72529802e+15
1.79625942e+15    1.66038958e+36    2.83057717e+15
1.83809968e+15    1.75946244e+36    2.94081023e+15
1.88091452e+15    1.86320225e+36    3.05623679e+15
1.92472665e+15    1.97183241e+36    3.17710084e+15
1.96955929e+15    2.08559511e+36    3.30367259e+15
2.01543622e+15    2.20470253e+36    3.43619657e+15
2.06238176e+15    2.32943180e+36    3.57497493e+15
2.11042080e+15    2.46002772e+36    3.72029176e+15
2.15957882e+15    2.59680895e+36    3.87245161e+15
2.20988187e+15    2.73999645e+36    4.03179090e+15
2.26135663e+15    2.88994781e+36    4.19863382e+15
2.31403040e+15    3.04698278e+36    4.37334763e+15
2.36792564e+15    3.21136744e+36    4.55628624e+15
2.42308729e+15    3.38352975e+36    4.74785011e+15
2.47952824e+15    3.56385479e+36    4.94843648e+15
2.53728387e+15    3.75266676e+36    5.15849483e+15
2.59638481e+15    3.95029928e+36    5.37843594e+15
2.65686238e+15    4.15728693e+36    5.60874893e+15
2.71874865e+15    4.37401230e+36    5.84990751e+15
2.78207645e+15    4.60097634e+36    6.10243272e+15
2.84687933e+15    4.83860311e+36    6.36687026e+15
2.91319167e+15    5.08756534e+36    6.64376099e+15
2.98104862e+15    5.34810592e+36    6.93371521e+15
3.05048616e+15    5.62095360e+36    7.23732374e+15
3.12154111e+15    5.90676918e+36    7.55523540e+15
3.19425115e+15    6.20583179e+36    7.88814708e+15
3.26865481e+15    6.51928549e+36    8.23671426e+15
3.34479157e+15    6.84731015e+36    8.60175364e+15
3.42270177e+15    7.19084620e+36    8.98396394e+15
3.50242674e+15    7.55057455e+36    9.38419449e+15
3.58400873e+15    7.92720337e+36    9.80329338e+15
3.66749102e+15    8.32166062e+36    1.02421469e+16
3.75291786e+15    8.73453924e+36    1.07016563e+16
3.84033455e+15    9.16705844e+36    1.11828629e+16
3.92978743e+15    9.61988765e+36    1.16867297e+16
4.02132394e+15    1.00941557e+37    1.22143399e+16
4.11499261e+15    1.05905862e+37    1.27667984e+16
4.21083340e+15    1.11106636e+37    1.33453202e+16
4.30892623e+15    1.16549389e+37    1.39510855e+16
4.40929402e+15    1.22250319e+37    1.45854220e+16
4.51199967e+15    1.28221248e+37    1.52496543e+16
4.61709765e+15    1.34471423e+37    1.59451644e+16
4.72464367e+15    1.41016522e+37    1.66734703e+16
4.83469475e+15    1.47873380e+37    1.74361261e+16
4.94730926e+15    1.55049368e+37    1.82347158e+16
5.06254690e+15    1.62566105e+37    1.90708917e+16
5.18046876e+15    1.70435477e+37    1.99465137e+16
5.30113738e+15    1.78673440e+37    2.08633959e+16
5.42461673e+15    1.87305271e+37    2.18234798e+16
5.55097229e+15    1.96340549e+37    2.28287956e+16
5.68027104e+15    2.05802194e+37    2.38815769e+16
5.81258155e+15    2.15709862e+37    2.49838866e+16
