2.62531188e+04    4.96545464e+19    2.60681313e+04
6.59566086e+04    2.42973973e+20    6.54884736e+04
1.65655361e+05    1.15040925e+21    1.64441991e+05
4.16131075e+05    5.26336394e+21    4.13192817e+05
1.04514316e+06    2.31679512e+22    1.03795302e+06
2.62531203e+06    9.75005502e+22    2.60681321e+06
6.59566069e+06    3.90892180e+23    6.54984186e+06
8.30269456e+06    5.25639425e+23    8.24496620e+06
1.65655356e+07    1.43427209e+24    1.64541402e+07
3.30447244e+07    3.83100416e+24    3.28287453e+07
6.59566054e+07    1.00549336e+25    6.55083613e+07
1.31581109e+08    2.60273097e+25    1.30738346e+08
2.62531193e+08    6.67267005e+25    2.60880147e+08
3.30447244e+08    8.73355286e+25    3.28486307e+08
5.23900011e+08    1.62817230e+26    5.20666657e+08
8.30269459e+08    3.02752455e+26    8.25291978e+08
1.04514321e+09    4.12694767e+26    1.03894725e+09
1.31581102e+09    5.03336444e+26    1.30837759e+09
1.65655355e+09    6.85656302e+26    1.64740250e+09
2.62531202e+09    1.27134227e+27    2.61079006e+09
4.16131070e+09    2.35486031e+27    4.13988158e+09
6.59566031e+09    4.35980669e+27    6.56276664e+09
8.30269439e+09    5.65902779e+27    8.26385617e+09
1.04514317e+10    7.69810749e+27    1.03994148e+10
1.31581102e+10    1.04747238e+28    1.31036605e+10
1.65655363e+10    1.43124477e+28    1.65741228e+10
5.23900030e+10    5.97998093e+28    5.24897179e+10
1.65655363e+11    2.60389567e+29    1.66240746e+11
2.62531203e+11    4.48947565e+29    2.63747333e+11
4.27090627e+11    7.84760234e+29    4.29488593e+11
6.56078944e+11    8.40397282e+29    6.60367373e+11
1.18612300e+12    9.14057117e+29    1.19485540e+12
1.66053894e+12    1.22293300e+30    1.67330908e+12
8.30269462e+12    1.25950947e+31    8.38150158e+12
1.66053892e+13    2.59379048e+31    1.67793276e+13
2.49080838e+13    4.69467030e+31    2.51877944e+13
3.32107784e+13    7.24980903e+31    3.36050865e+13
4.15134730e+13    1.01781131e+32    4.20300730e+13
4.98161676e+13    1.34469487e+32    5.04619881e+13
5.81188622e+13    1.70428099e+32    5.89002868e+13
6.64215568e+13    2.09626038e+32    6.73445699e+13
7.47242514e+13    2.52096177e+32    7.57945392e+13
8.30269460e+13    2.97913144e+32    8.42499703e+13
9.13296407e+13    3.47180199e+32    9.27106941e+13
9.96323353e+13    4.00020966e+32    1.01176584e+14
1.07935030e+14    4.56574067e+32    1.09647546e+14
1.16237724e+14    5.16989519e+32    1.18123515e+14
1.24540419e+14    5.81426288e+32    1.26604445e+14
1.32843114e+14    6.49024343e+32    1.35090309e+14
1.64725461e+14    1.89064354e+33    1.66697648e+14
1.96607808e+14    2.88975699e+33    1.99461969e+14
2.28490156e+14    4.11979938e+33    2.32427915e+14
2.60372503e+14    5.57921593e+33    2.65598668e+14
2.92254850e+14    7.24609680e+33    2.98990135e+14
3.24137197e+14    9.13305892e+33    3.32606293e+14
3.56019545e+14    1.12490914e+34    3.66455095e+14
3.87901892e+14    1.36004848e+34    4.00542508e+14
4.19784239e+14    1.61895088e+34    4.34872507e+14
4.51666587e+14    1.90217033e+34    4.69447082e+14
4.83548934e+14    2.20998027e+34    5.04272196e+14
5.15431281e+14    2.54263088e+34    5.39349840e+14
5.47313628e+14    2.90056894e+34    5.74680013e+14
5.79195976e+14    3.28391955e+34    6.10268679e+14
6.11078323e+14    3.69305800e+34    6.46115840e+14
6.42960670e+14    4.12816300e+34    6.82225471e+14
6.74843017e+14    4.58943113e+34    7.18595585e+14
7.06725365e+14    5.07716620e+34    7.55232147e+14
7.38607712e+14    5.59147543e+34    7.92135156e+14
7.70490059e+14    6.13262688e+34    8.29306602e+14
8.02372407e+14    6.70074566e+34    8.66746483e+14
8.34254754e+14    7.29599261e+34    9.04458778e+14
8.66137101e+14    7.91858216e+34    9.42443485e+14
8.98019448e+14    8.56858582e+34    9.80700606e+14
9.29901796e+14    9.24621803e+34    1.01923412e+15
9.61784143e+14    9.95156814e+34    1.05804402e+15
9.93666490e+14    1.06847613e+35    1.09713229e+15
1.02554884e+15    1.14459582e+35    1.13649696e+15
1.05743118e+15    1.22352126e+35    1.17614399e+15
1.08931353e+15    1.30526853e+35    1.21607138e+15
1.12119588e+15    1.38984478e+35    1.25627913e+15
1.15307823e+15    1.47726073e+35    1.29677123e+15
1.18496057e+15    1.56752710e+35    1.33754768e+15
1.21684292e+15    1.66064926e+35    1.37860846e+15
1.24872527e+15    1.75663971e+35    1.41995359e+15
1.28060762e+15    1.85550917e+35    1.46158704e+15
1.31248996e+15    1.95724872e+35    1.50350881e+15
1.34437231e+15    2.06188337e+35    1.54571692e+15
1.37625466e+15    2.16941312e+35    1.58821533e+15
1.40813701e+15    2.27985584e+35    1.63100405e+15
1.44001935e+15    2.39319366e+35    1.67408308e+15
1.47190170e+15    2.50946232e+35    1.71745440e+15
1.50378405e+15    2.62864395e+35    1.76111803e+15
1.53566639e+15    2.75073856e+35    1.80507395e+15
1.56754874e+15    2.87578188e+35    1.84932415e+15
1.59943109e+15    3.00375604e+35    1.89386666e+15
1.63131344e+15    3.13467891e+35    1.93870742e+15
1.66319578e+15    3.26855050e+35    1.98384048e+15
1.69507813e+15    3.40537080e+35    2.02927777e+15
1.72696048e+15    3.54513982e+35    2.07499145e+15
1.75884283e+15    3.68787542e+35    2.12102328e+15
1.79072517e+15    3.83355973e+35    2.16735337e+15
1.82260752e+15    3.98222850e+35    2.21396184e+15
1.85448987e+15    4.13386385e+35    2.26088845e+15
1.88637221e+15    4.28848366e+35    2.30811333e+15
1.91825456e+15    4.44607005e+35    2.35563646e+15
1.95013691e+15    4.60664090e+35    2.40345787e+15
1.98201926e+15    4.77017833e+35    2.45157753e+15
2.01390160e+15    4.93671809e+35    2.49999545e+15
2.04578395e+15    5.10626017e+35    2.54873153e+15
2.07766630e+15    5.27878671e+35    2.59776586e+15
2.10954865e+15    5.45429771e+35    2.64709846e+15
2.14143099e+15    5.63281103e+35    2.69672932e+15
2.17331334e+15    5.81432668e+35    2.74667832e+15
2.20519569e+15    5.99884465e+35    2.79692559e+15
2.23707803e+15    6.18638282e+35    2.84747112e+15
2.26896038e+15    6.37690545e+35    2.89833480e+15
2.30084273e+15    6.57044827e+35    2.94949674e+15
2.33272508e+15    6.76701129e+35    3.00095694e+15
2.36460742e+15    6.96657664e+35    3.05273529e+15
2.39648977e+15    7.16916219e+35    3.10481190e+15
2.42837212e+15    7.37475006e+35    3.15720665e+15
2.46025447e+15    7.58337600e+35    3.20989967e+15
2.49213681e+15    7.79500427e+35    3.26289096e+15
2.52401916e+15    8.00967060e+35    3.31622027e+15
2.55590151e+15    8.22735713e+35    3.36982796e+15
2.58778385e+15    8.44806386e+35    3.42377368e+15
2.61966620e+15    8.67180866e+35    3.47799778e+15
2.65154855e+15    8.89857365e+35    3.53255991e+15
2.68343090e+15    9.12835885e+35    3.58742030e+15
2.71531324e+15    9.36118211e+35    3.64257896e+15
2.74719559e+15    9.59704344e+35    3.69807564e+15
2.77907794e+15    9.83592496e+35    3.75385071e+15
2.81096029e+15    1.00778624e+36    3.80996380e+15
2.84284263e+15    1.03228201e+36    3.86637516e+15
2.87472498e+15    1.05707980e+36    3.92310466e+15
2.90660733e+15    1.08218318e+36    3.98015231e+15
2.93848967e+15    1.10759036e+36    4.03749823e+15
2.97037202e+15    1.13330136e+36    4.09516228e+15
3.00225437e+15    1.15931616e+36    4.15314449e+15
3.03413672e+15    1.18563655e+36    4.21142496e+15
3.06601906e+15    1.21225896e+36    4.27002357e+15
3.09790141e+15    1.23918697e+36    4.32896022e+15
3.12978376e+15    1.26641879e+36    4.38817524e+15
3.16166611e+15    1.29395441e+36    4.44772830e+15
3.19354845e+15    1.32179563e+36    4.50759950e+15
3.22543080e+15    1.34994065e+36    4.56776896e+15
3.25731315e+15    1.37839126e+36    4.62825657e+15
3.28919549e+15    1.40714569e+36    4.68906232e+15
3.32107784e+15    1.43620570e+36    4.75018623e+15
