1.55809180e+04    1.00000000e+10    1.55809180e+04
2.98293867e+05    1.00000000e+13    2.98293867e+05
5.71078231e+06    1.00000000e+16    5.71078231e+06
1.09331898e+08    1.00000000e+19    1.09331898e+08
2.09313948e+09    1.00000000e+22    2.09313949e+09
4.00727781e+10    1.00000000e+25    4.00727864e+10
7.67186115e+11    1.00000000e+28    7.67194406e+11
1.46876399e+13    1.00000000e+31    1.46959318e+13
3.92918469e+13    1.00000000e+32    3.93747656e+13
4.00727781e+13    1.04712855e+32    4.01596047e+13
4.08692305e+13    1.09647820e+32    4.09601491e+13
4.16815124e+13    1.14815362e+32    4.17767159e+13
4.25099386e+13    1.20226443e+32    4.26096288e+13
4.33548298e+13    1.25892541e+32    4.34592183e+13
4.42165134e+13    1.31825674e+32    4.43258216e+13
4.50953231e+13    1.38038426e+32    4.52097828e+13
4.59915993e+13    1.44543977e+32    4.61114533e+13
4.69056890e+13    1.51356125e+32    4.70311916e+13
4.78379465e+13    1.58489319e+32    4.79693638e+13
4.87887327e+13    1.65958691e+32    4.89263435e+13
4.97584159e+13    1.73780083e+32    4.99025122e+13
5.07473717e+13    1.81970086e+32    5.08982590e+13
5.17559832e+13    1.90546072e+32    5.19139816e+13
5.27846409e+13    1.99526231e+32    5.29500855e+13
5.38337434e+13    2.08929613e+32    5.40069852e+13
5.49036969e+13    2.18776162e+32    5.50851034e+13
5.59949159e+13    2.29086765e+32    5.61848718e+13
5.71078231e+13    2.39883292e+32    5.73067313e+13
5.82428495e+13    2.51188643e+32    5.84511319e+13
5.94004346e+13    2.63026799e+32    5.96185331e+13
6.05810270e+13    2.75422870e+32    6.08094041e+13
6.17850838e+13    2.88403150e+32    6.20242240e+13
6.30130714e+13    3.01995172e+32    6.32634820e+13
6.42654654e+13    3.16227766e+32    6.45276775e+13
6.55427509e+13    3.31131121e+32    6.58173207e+13
6.68454227e+13    3.46736850e+32    6.71329325e+13
6.81739853e+13    3.63078055e+32    6.84750450e+13
6.95289532e+13    3.80189396e+32    6.98442015e+13
7.09108514e+13    3.98107171e+32    7.12409568e+13
7.23202149e+13    4.16869383e+32    7.26658778e+13
7.37575898e+13    4.36515832e+32    7.41195432e+13
7.52235327e+13    4.57088190e+32    7.56025445e+13
7.67186115e+13    4.78630092e+32    7.71154855e+13
7.82434051e+13    5.01187234e+32    7.86589832e+13
7.97985042e+13    5.24807460e+32    8.02336680e+13
8.13845112e+13    5.49540874e+32    8.18401836e+13
8.30020403e+13    5.75439937e+32    8.34791878e+13
8.46517180e+13    6.02559586e+32    8.51513528e+13
8.63341833e+13    6.30957344e+32    8.68573652e+13
8.80500879e+13    6.60693448e+32    8.85979265e+13
8.98000963e+13    6.91830971e+32    9.03737538e+13
9.15848863e+13    7.24435960e+32    9.21855795e+13
9.34051494e+13    7.58577575e+32    9.40341523e+13
9.52615904e+13    7.94328235e+32    9.59202374e+13
9.71549285e+13    8.31763771e+32    9.78446165e+13
9.90858969e+13    8.70963590e+32    9.98080890e+13
1.01055244e+14    9.12010839e+32    1.01811472e+14
1.03063731e+14    9.54992586e+32    1.03855599e+14
1.05112138e+14    1.00000000e+33    1.05941326e+14
1.07201257e+14    1.04712855e+33    1.08069523e+14
1.09331898e+14    1.09647820e+33    1.10241084e+14
1.11504886e+14    1.14815362e+33    1.12456920e+14
1.13721061e+14    1.20226443e+33    1.14717964e+14
1.15981284e+14    1.25892541e+33    1.17025169e+14
1.18286429e+14    1.31825674e+33    1.19379511e+14
1.20637389e+14    1.38038426e+33    1.21781987e+14
1.23035075e+14    1.44543977e+33    1.24233616e+14
1.25480415e+14    1.51356125e+33    1.26735441e+14
1.27974357e+14    1.58489319e+33    1.29288530e+14
1.30517866e+14    1.65958691e+33    1.31893975e+14
1.33111928e+14    1.73780083e+33    1.34552890e+14
1.35757547e+14    1.81970086e+33    1.37266420e+14
1.38455748e+14    1.90546072e+33    1.40035732e+14
1.41207576e+14    1.99526231e+33    1.42862023e+14
1.44014098e+14    2.08929613e+33    1.45746516e+14
1.46876399e+14    2.18776162e+33    1.48690463e+14
1.49795589e+14    2.29086765e+33    1.51695147e+14
1.52772798e+14    2.39883292e+33    1.54761880e+14
1.55809180e+14    2.51188643e+33    1.57892004e+14
1.58905910e+14    2.63026799e+33    1.61086895e+14
1.62064188e+14    2.75422870e+33    1.64347960e+14
1.65285238e+14    2.88403150e+33    1.67676640e+14
1.68570306e+14    3.01995172e+33    1.71074412e+14
1.71920666e+14    3.16227766e+33    1.74542787e+14
1.75337614e+14    3.31131121e+33    1.78083312e+14
1.78822475e+14    3.46736850e+33    1.81697573e+14
1.82376598e+14    3.63078055e+33    1.85387195e+14
1.86001359e+14    3.80189396e+33    1.89153842e+14
1.89698164e+14    3.98107171e+33    1.92999218e+14
1.93468443e+14    4.16869383e+33    1.96925071e+14
1.97313656e+14    4.36515832e+33    2.00933190e+14
2.01235294e+14    4.57088190e+33    2.05025412e+14
2.05234875e+14    4.78630092e+33    2.09203615e+14
2.09313948e+14    5.01187234e+33    2.13469730e+14
2.13474094e+14    5.24807460e+33    2.17825731e+14
2.17716923e+14    5.49540874e+33    2.22273646e+14
2.22044078e+14    5.75439937e+33    2.26815554e+14
2.26457237e+14    6.02559586e+33    2.31453585e+14
2.30958108e+14    6.30957344e+33    2.36189926e+14
2.35548434e+14    6.60693448e+33    2.41026821e+14
2.40229994e+14    6.91830971e+33    2.45966569e+14
2.45004600e+14    7.24435960e+33    2.51011532e+14
2.49874102e+14    7.58577575e+33    2.56164132e+14
2.54840387e+14    7.94328235e+33    2.61426856e+14
2.59905377e+14    8.31763771e+33    2.66802257e+14
2.65071034e+14    8.70963590e+33    2.72292954e+14
2.70339360e+14    9.12010839e+33    2.77901639e+14
2.75712394e+14    9.54992586e+33    2.83631072e+14
2.81192218e+14    1.00000000e+34    2.89484092e+14
2.86780955e+14    1.04712855e+34    2.95463613e+14
2.92480768e+14    1.09647820e+34    3.01572627e+14
2.98293867e+14    1.14815362e+34    3.07814212e+14
3.04222501e+14    1.20226443e+34    3.14191526e+14
3.10268968e+14    1.25892541e+34    3.20707818e+14
3.16435609e+14    1.31825674e+34    3.27366428e+14
3.22724813e+14    1.38038426e+34    3.34170785e+14
3.29139016e+14    1.44543977e+34    3.41124420e+14
3.35680702e+14    1.51356125e+34    3.48230961e+14
3.42352405e+14    1.58489319e+34    3.55494140e+14
3.49156709e+14    1.65958691e+34    3.62917795e+14
3.56096250e+14    1.73780083e+34    3.70505876e+14
3.63173715e+14    1.81970086e+34    3.78262446e+14
3.70391846e+14    1.90546072e+34    3.86191686e+14
3.77753438e+14    1.99526231e+34    3.94297902e+14
3.85261343e+14    2.08929613e+34    4.02585524e+14
3.92918469e+14    2.18776162e+34    4.11059113e+14
4.00727781e+14    2.29086765e+34    4.19723367e+14
4.08692305e+14    2.39883292e+34    4.28583125e+14
4.16815124e+14    2.51188643e+34    4.37643370e+14
4.25099386e+14    2.63026799e+34    4.46909236e+14
4.33548298e+14    2.75422870e+34    4.56386016e+14
4.42165134e+14    2.88403150e+34    4.66079160e+14
4.50953231e+14    3.01995172e+34    4.75994290e+14
4.59915993e+14    3.16227766e+34    4.86137201e+14
4.69056890e+14    3.31131121e+34    4.96513866e+14
4.78379465e+14    3.46736850e+34    5.07130448e+14
4.87887327e+14    3.63078055e+34    5.17993302e+14
4.97584159e+14    3.80189396e+34    5.29108985e+14
5.07473717e+14    3.98107171e+34    5.40484262e+14
5.17559832e+14    4.16869383e+34    5.52126115e+14
5.27846409e+14    4.36515832e+34    5.64041752e+14
5.38337434e+14    4.57088190e+34    5.76238610e+14
5.49036969e+14    4.78630092e+34    5.88724373e+14
5.59949159e+14    5.01187234e+34    6.01506973e+14
5.71078231e+14    5.24807460e+34    6.14594604e+14
5.82428495e+14    5.49540874e+34    6.27995731e+14
5.94004346e+14    5.75439937e+34    6.41719101e+14
6.05810270e+14    6.02559586e+34    6.55773751e+14
6.17850838e+14    6.30957344e+34    6.70169025e+14
6.30130714e+14    6.60693448e+34    6.84914582e+14
6.42654654e+14    6.91830971e+34    7.00020406e+14
6.55427509e+14    7.24435960e+34    7.15496826e+14
6.68454227e+14    7.58577575e+34    7.31354524e+14
6.81739853e+14    7.94328235e+34    7.47604549e+14
6.95289532e+14    8.31763771e+34    7.64258336e+14
7.09108514e+14    8.70963590e+34    7.81327717e+14
7.23202149e+14    9.12010839e+34    7.98824939e+14
7.37575898e+14    9.54992586e+34    8.16762680e+14
7.52235327e+14    1.00000000e+35    8.35154067e+14
7.67186115e+14    1.04712855e+35    8.54012694e+14
7.82434051e+14    1.09647820e+35    8.73352641e+14
7.97985042e+14    1.14815362e+35    8.93188494e+14
8.13845112e+14    1.20226443e+35    9.13535364e+14
8.30020403e+14    1.25892541e+35    9.34408911e+14
8.46517180e+14    1.31825674e+35    9.55825367e+14
8.63341833e+14    1.38038426e+35    9.77801557e+14
8.80500879e+14    1.44543977e+35    1.00035492e+15
8.98000963e+14    1.51356125e+35    1.02350355e+15
9.15848863e+14    1.58489319e+35    1.04726621e+15
9.34051494e+14    1.65958691e+35    1.07166235e+15
9.52615904e+14    1.73780083e+35    1.09671216e+15
9.71549285e+14    1.81970086e+35    1.12243659e+15
9.90858969e+14    1.90546072e+35    1.14885737e+15
1.01055244e+15    1.99526231e+35    1.17599707e+15
1.03063731e+15    2.08929613e+35    1.20387912e+15
1.05112138e+15    2.18776162e+35    1.23252782e+15
1.07201257e+15    2.29086765e+35    1.26196843e+15
1.09331898e+15    2.39883292e+35    1.29222718e+15
1.11504886e+15    2.51188643e+35    1.32333131e+15
1.13721061e+15    2.63026799e+35    1.35530912e+15
1.15981284e+15    2.75422870e+35    1.38819002e+15
1.18286429e+15    2.88403150e+35    1.42200455e+15
1.20637389e+15    3.01995172e+35    1.45678448e+15
1.23035075e+15    3.16227766e+35    1.49256283e+15
1.25480415e+15    3.31131121e+35    1.52937391e+15
1.27974357e+15    3.46736850e+35    1.56725340e+15
1.30517866e+15    3.63078055e+35    1.60623841e+15
1.33111928e+15    3.80189396e+35    1.64636753e+15
1.35757547e+15    3.98107171e+35    1.68768092e+15
1.38455748e+15    4.16869383e+35    1.73022032e+15
1.41207576e+15    4.36515832e+35    1.77402919e+15
1.44014098e+15    4.57088190e+35    1.81915274e+15
1.46876399e+15    4.78630092e+35    1.86563803e+15
1.49795589e+15    5.01187234e+35    1.91353403e+15
1.52772798e+15    5.24807460e+35    1.96289171e+15
1.55809180e+15    5.49540874e+35    2.01376416e+15
1.58905910e+15    5.75439937e+35    2.06620664e+15
1.62064188e+15    6.02559586e+35    2.12027670e+15
1.65285238e+15    6.30957344e+35    2.17603426e+15
1.68570306e+15    6.60693448e+35    2.23354174e+15
1.71920666e+15    6.91830971e+35    2.29286418e+15
1.75337614e+15    7.24435960e+35    2.35406931e+15
1.78822475e+15    7.58577575e+35    2.41722771e+15
1.82376598e+15    7.94328235e+35    2.48241294e+15
1.86001359e+15    8.31763771e+35    2.54970163e+15
1.89698164e+15    8.70963590e+35    2.61917367e+15
1.93468443e+15    9.12010839e+35    2.69091232e+15
1.97313656e+15    9.54992586e+35    2.76500438e+15
2.01235294e+15    1.00000000e+36    2.84154034e+15
2.05234875e+15    1.04712855e+36    2.92061454e+15
2.09313948e+15    1.09647820e+36    3.00232538e+15
2.13474094e+15    1.14815362e+36    3.08677545e+15
2.17716923e+15    1.20226443e+36    3.17407174e+15
2.22044078e+15    1.25892541e+36    3.26432587e+15
2.26457237e+15    1.31825674e+36    3.35765424e+15
2.30958108e+15    1.38038426e+36    3.45417831e+15
2.35548434e+15    1.44543977e+36    3.55402478e+15
2.40229994e+15    1.51356125e+36    3.65732585e+15
2.45004600e+15    1.58489319e+36    3.76421946e+15
2.49874102e+15    1.65958691e+36    3.87484957e+15
2.54840387e+15    1.73780083e+36    3.98936641e+15
2.59905377e+15    1.81970086e+36    4.10792678e+15
2.65071034e+15    1.90546072e+36    4.23069435e+15
2.70339360e+15    1.99526231e+36    4.35783996e+15
2.75712394e+15    2.08929613e+36    4.48954196e+15
2.81192218e+15    2.18776162e+36    4.62598655e+15
2.86780955e+15    2.29086765e+36    4.76736813e+15
2.92480768e+15    2.39883292e+36    4.91388971e+15
2.98293867e+15    2.51188643e+36    5.06576324e+15
3.04222501e+15    2.63026799e+36    5.22321008e+15
3.10268968e+15    2.75422870e+36    5.38646140e+15
3.16435609e+15    2.88403150e+36    5.55575866e+15
3.22724813e+15    3.01995172e+36    5.73135403e+15
3.29139016e+15    3.16227766e+36    5.91351094e+15
3.35680702e+15    3.31131121e+36    6.10250455e+15
3.42352405e+15    3.46736850e+36    6.29862231e+15
3.49156709e+15    3.63078055e+36    6.50216456e+15
3.56096250e+15    3.80189396e+36    6.71344506e+15
3.63173715e+15    3.98107171e+36    6.93279164e+15
3.70391846e+15    4.16869383e+36    7.16054685e+15
3.77753438e+15    4.36515832e+36    7.39706865e+15
3.85261343e+15    4.57088190e+36    7.64273109e+15
3.92918469e+15    4.78630092e+36    7.89792509e+15
4.00727781e+15    5.01187234e+36    8.16305919e+15
4.08692305e+15    5.24807460e+36    8.43856036e+15
4.16815124e+15    5.49540874e+36    8.72487490e+15
4.25099386e+15    5.75439937e+36    9.02246929e+15
4.33548298e+15    6.02559586e+36    9.33183113e+15
4.42165134e+15    6.30957344e+36    9.65347012e+15
4.50953231e+15    6.60693448e+36    9.98791911e+15
4.59915993e+15    6.91830971e+36    1.03357351e+16
4.69056890e+15    7.24435960e+36    1.06975006e+16
4.78379465e+15    7.58577575e+36    1.10738243e+16
4.87887327e+15    7.94328235e+36    1.14653429e+16
4.97584159e+15    8.31763771e+36    1.18727219e+16
5.07473717e+15    8.70963590e+36    1.22966575e+16
5.17559832e+15    9.12010839e+36    1.27378772e+16
5.27846409e+15    9.54992586e+36    1.31971423e+16
5.38337434e+15    1.00000000e+37    1.36752483e+16
5.49036969e+15    1.04712855e+37    1.41730276e+16
5.59949159e+15    1.09647820e+37    1.46913506e+16
5.71078231e+15    1.14815362e+37    1.52311274e+16
5.82428495e+15    1.20226443e+37    1.57933101e+16
5.94004346e+15    1.25892541e+37    1.63788943e+16
6.05810270e+15    1.31825674e+37    1.69889214e+16
6.17850838e+15    1.38038426e+37    1.76244807e+16
6.30130714e+15    1.44543977e+37    1.82867115e+16
6.42654654e+15    1.51356125e+37    1.89768056e+16
6.55427509e+15    1.58489319e+37    1.96960097e+16
6.68454227e+15    1.65958691e+37    2.04456277e+16
6.81739853e+15    1.73780083e+37    2.12270240e+16
6.95289532e+15    1.81970086e+37    2.20416255e+16
7.09108514e+15    1.90546072e+37    2.28909253e+16
7.23202149e+15    1.99526231e+37    2.37764851e+16
7.37575898e+15    2.08929613e+37    2.46999392e+16
7.52235327e+15    2.18776162e+37    2.56629969e+16
7.67186115e+15    2.29086765e+37    2.66674470e+16
7.82434051e+15    2.39883292e+37    2.77151607e+16
7.97985042e+15    2.51188643e+37    2.88080961e+16
8.13845112e+15    2.63026799e+37    2.99483018e+16
8.30020403e+15    2.75422870e+37    3.11379213e+16
8.46517180e+15    2.88403150e+37    3.23791975e+16
8.63341833e+15    3.01995172e+37    3.36744774e+16
8.80500879e+15    3.16227766e+37    3.50262166e+16
8.98000963e+15    3.31131121e+37    3.64369849e+16
9.15848863e+15    3.46736850e+37    3.79094713e+16
9.34051494e+15    3.63078055e+37    3.94464896e+16
9.52615904e+15    3.80189396e+37    4.10509846e+16
9.71549285e+15    3.98107171e+37    4.27260377e+16
9.90858969e+15    4.16869383e+37    4.44748736e+16
1.01055244e+16    4.36515832e+37    4.63008670e+16
1.03063731e+16    4.57088190e+37    4.82075497e+16
1.05112138e+16    4.78630092e+37    5.01986178e+16
1.07201257e+16    5.01187234e+37    5.22779395e+16
1.09331898e+16    5.24807460e+37    5.44495630e+16
1.11504886e+16    5.49540874e+37    5.67177252e+16
1.13721061e+16    5.75439937e+37    5.90868605e+16
1.15981284e+16    6.02559586e+37    6.15616099e+16
1.18286429e+16    6.30957344e+37    6.41468307e+16
1.20637389e+16    6.60693448e+37    6.68476069e+16
1.23035075e+16    6.91830971e+37    6.96692597e+16
1.25480415e+16    7.24435960e+37    7.26173583e+16
1.27974357e+16    7.58577575e+37    7.56977321e+16
1.30517866e+16    7.94328235e+37    7.89164827e+16
1.33111928e+16    8.31763771e+37    8.22799964e+16
1.35757547e+16    8.70963590e+37    8.57949578e+16
1.38455748e+16    9.12010839e+37    8.94683641e+16
1.41207576e+16    9.54992586e+37    9.33075392e+16
1.44014098e+16    1.00000000e+38    9.73201494e+16
