6.64215570e+00    1.00947862e+08    7.75482142e+00
7.85434928e+00    1.00947860e+09    7.81447425e+00
7.90416510e+00    1.00947860e+10    7.85424255e+00
8.15324630e+00    1.00947866e+11    8.10279415e+00
1.16071672e+01    1.20938350e+12    1.15328122e+01
1.64393353e+01    1.39928062e+13    1.63050103e+01
4.51666585e+01    1.69913806e+14    4.48387781e+01
2.10888443e+02    5.81700740e+15    2.10772076e+02
1.15075350e+03    1.89897153e+17    1.14333911e+03
1.04530927e+04    9.73897479e+18    1.03795310e+04
2.62531188e+04    4.96545464e+19    2.60681313e+04
6.59566086e+04    2.42973973e+20    6.54884736e+04
1.65655361e+05    1.15040925e+21    1.64441991e+05
4.16131075e+05    5.26336394e+21    4.13192817e+05
1.04514316e+06    2.31679512e+22    1.03795302e+06
2.62531203e+06    9.75005502e+22    2.60681321e+06
6.59566069e+06    3.90892180e+23    6.54984186e+06
8.30269456e+06    5.25639425e+23    8.24496620e+06
1.65655356e+07    1.43427209e+24    1.64541402e+07
3.30447244e+07    3.83100416e+24    3.28287453e+07
6.59566054e+07    1.00549336e+25    6.55083613e+07
1.31581109e+08    2.60273097e+25    1.30738346e+08
2.62531193e+08    6.67267005e+25    2.60880147e+08
3.30447244e+08    8.73355286e+25    3.28486307e+08
5.23900011e+08    1.62817230e+26    5.20666657e+08
8.30269459e+08    3.02752455e+26    8.25291978e+08
1.04514321e+09    4.12694767e+26    1.03894725e+09
1.31581102e+09    5.03336444e+26    1.30837759e+09
1.65655355e+09    6.85656302e+26    1.64740250e+09
2.62531202e+09    1.27134227e+27    2.61079006e+09
4.16131070e+09    2.35486031e+27    4.13988158e+09
6.59566031e+09    4.35980669e+27    6.56276664e+09
8.30269439e+09    5.65902779e+27    8.26385617e+09
1.04514317e+10    7.69810749e+27    1.03994148e+10
1.31581102e+10    1.04747238e+28    1.31036605e+10
1.65655363e+10    1.42426438e+28    1.64939098e+10
2.08563688e+10    1.93703660e+28    2.07789454e+10
2.62531190e+10    2.50175991e+28    2.61576098e+10
3.30447255e+10    3.40227918e+28    3.29381082e+10
4.16131064e+10    4.62554851e+28    4.14783540e+10
5.23900031e+10    5.94603582e+28    5.22356828e+10
6.59566031e+10    8.08483584e+28    6.57867405e+10
8.30269439e+10    1.09944113e+29    8.28374068e+10
1.04514323e+11    1.49422922e+29    1.04292414e+11
1.31581108e+11    2.03193161e+29    1.31434287e+11
1.65655363e+11    2.59576144e+29    1.65436197e+11
1.83489546e+11    2.89045389e+29    1.83331934e+11
2.08563682e+11    3.28826213e+29    2.08385983e+11
2.62531197e+11    4.47078556e+29    2.62470884e+11
3.30447249e+11    5.81307565e+29    3.30574140e+11
4.16131032e+11    7.80104443e+29    4.16374275e+11
4.27090624e+11    7.83392705e+29    4.27409994e+11
4.43363885e+11    7.88593174e+29    4.43416732e+11
5.19084457e+11    8.34771856e+29    5.19771906e+11
6.56078946e+11    9.09329557e+29    6.57171434e+11
7.90250449e+11    9.52033677e+29    7.91787185e+11
9.65105224e+11    9.82600683e+29    9.67165426e+11
1.18612299e+12    1.08244586e+30    1.18907264e+12
1.45894949e+12    1.21737183e+30    1.46247986e+12
1.66053894e+12    1.39827991e+30    1.67330908e+12
6.64215570e+12    9.28740126e+30    6.70346707e+12
1.32843114e+13    1.86697458e+31    1.34187816e+13
1.99264671e+13    3.33934972e+31    2.01415605e+13
2.65686227e+13    5.15079679e+31    2.68705899e+13
3.32107784e+13    7.23043645e+31    3.36050865e+13
3.98529341e+13    9.54671996e+31    4.03445008e+13
4.64950898e+13    1.20829167e+32    4.70884295e+13
5.31372455e+13    1.48303594e+32    5.38365666e+13
5.97794012e+13    1.77853927e+32    6.05886755e+13
6.64215568e+13    2.09477010e+32    6.73445699e+13
7.30637125e+13    2.43192964e+32    7.41041020e+13
7.97058682e+13    2.79038678e+32    8.08671542e+13
8.63480239e+13    3.17063454e+32    8.76336326e+13
9.29901796e+13    3.57325996e+32    9.44034622e+13
9.96323353e+13    3.99892286e+32    1.01176584e+14
1.06274491e+14    4.44834052e+32    1.07952951e+14
1.12916647e+14    4.92227657e+32    1.14732530e+14
1.19558802e+14    5.42153278e+32    1.21515293e+14
1.26200958e+14    5.94694297e+32    1.28301223e+14
1.32843114e+14    6.49291305e+32    1.35090309e+14
1.37013391e+14    2.03611340e+33    1.38901583e+14
1.42387393e+14    2.25099419e+33    1.44443099e+14
1.47966140e+14    2.48855326e+33    1.50205727e+14
1.53757103e+14    2.75118533e+33    1.56198216e+14
1.59767424e+14    3.04151744e+33    1.62429712e+14
1.66004740e+14    3.36251617e+33    1.68909959e+14
1.72476857e+14    3.71736255e+33    1.75648701e+14
1.79192076e+14    4.10966653e+33    1.82656276e+14
1.86156376e+14    4.54337759e+33    1.89943422e+14
1.93381381e+14    5.02285626e+33    1.97521474e+14
2.00873733e+14    5.54549337e+33    2.05401367e+14
2.08643394e+14    6.11677531e+33    2.13595628e+14
2.16697008e+14    6.74690643e+33    2.22117979e+14
2.25046198e+14    7.44194498e+33    2.30978360e+14
2.33697606e+14    8.20857472e+33    2.40194667e+14
2.42662855e+14    9.05419424e+33    2.49776843e+14
2.51951910e+14    9.98693483e+33    2.59742783e+14
2.61569751e+14    1.10157499e+34    2.70104418e+14
2.71531324e+14    1.21505399e+34    2.80879643e+14
2.81843271e+14    1.34022598e+34    2.92086355e+14
2.92513894e+14    1.47829010e+34    3.03738472e+14
3.03556478e+14    1.63057774e+34    3.15857866e+14
3.14977665e+14    1.79855433e+34    3.28458457e+14
3.26787417e+14    1.98384076e+34    3.41562118e+14
3.38995700e+14    2.18819553e+34    3.55188731e+14
3.51612474e+14    2.41362020e+34    3.69360171e+14
3.64644384e+14    2.66225929e+34    3.84096321e+14
3.78101391e+14    2.93652537e+34    3.99419053e+14
3.92015047e+14    3.11455618e+34    4.15354217e+14
4.06420222e+14    3.28223968e+34    4.31925675e+14
4.21340164e+14    3.45893016e+34    4.49157286e+14
4.36789818e+14    3.64516375e+34    4.67076890e+14
4.52790771e+14    3.84140509e+34    4.85710335e+14
4.69357968e+14    4.04820819e+34    5.05087447e+14
4.86512996e+14    4.26614492e+34    5.25238053e+14
5.04274120e+14    4.49582289e+34    5.46193967e+14
5.22664589e+14    4.73786758e+34    5.67985016e+14
5.41702667e+14    4.99294022e+34    5.90645003e+14
5.61409943e+14    5.26173779e+34    6.14207731e+14
5.81811324e+14    5.54501085e+34    6.38712967e+14
6.02930058e+14    5.84354574e+34    6.64194516e+14
6.24787732e+14    6.15814666e+34    6.90692146e+14
6.47409254e+14    6.48968927e+34    7.18247612e+14
6.70822853e+14    6.83906713e+34    7.46902673e+14
6.95051776e+14    7.20726314e+34    7.76701072e+14
7.20119272e+14    7.62169140e+34    8.07688545e+14
7.46022018e+14    8.23248611e+34    8.39910823e+14
7.72755034e+14    8.89224732e+34    8.73419607e+14
8.00336586e+14    9.60487093e+34    9.08264606e+14
8.28786599e+14    1.03746102e+35    9.44501496e+14
8.58125001e+14    1.12060402e+35    9.82181976e+14
8.88371717e+14    1.20845066e+35    1.02136570e+15
9.19556638e+14    1.30048983e+35    1.06211430e+15
9.51699690e+14    1.39953979e+35    1.10448745e+15
9.84822460e+14    1.50613310e+35    1.14855273e+15
1.01894820e+15    1.62084520e+35    1.19437378e+15
1.05409350e+15    1.74429443e+35    1.24202418e+15
1.09027997e+15    1.87715094e+35    1.29157550e+15
1.12752751e+15    2.02011887e+35    1.34310331e+15
1.16585773e+15    2.17397022e+35    1.39668714e+15
1.20528557e+15    2.33954495e+35    1.45240852e+15
1.24583095e+15    2.51773659e+35    1.51035294e+15
1.28751380e+15    2.70949231e+35    1.57060990e+15
1.33035072e+15    2.91586651e+35    1.63326885e+15
1.37435666e+15    3.13794931e+35    1.69842924e+15
1.41954823e+15    3.37693806e+35    1.76619048e+15
1.46594203e+15    3.63413735e+35    1.83665198e+15
1.51355300e+15    3.91092325e+35    1.90992709e+15
1.56239277e+15    4.20879691e+35    1.98612517e+15
1.61250119e+15    4.50577703e+35    2.06536752e+15
1.66392642e+15    4.81439116e+35    2.14776747e+15
1.71669835e+15    5.14414667e+35    2.23344831e+15
1.77084852e+15    5.49647324e+35    2.32254923e+15
1.82637694e+15    5.87294352e+35    2.41520940e+15
1.88331682e+15    6.27520164e+35    2.51156803e+15
1.94168477e+15    6.70499896e+35    2.61176431e+15
2.00149738e+15    7.16424766e+35    2.71595730e+15
2.06275466e+15    7.65494931e+35    2.82432596e+15
2.12548982e+15    8.17924843e+35    2.93698960e+15
2.18971946e+15    8.73946823e+35    3.05416695e+15
2.25544359e+15    9.33805705e+35    3.17601707e+15
2.32269542e+15    9.97764192e+35    3.30271892e+15
2.39145834e+15    1.06610465e+36    3.43449124e+15
2.46176556e+15    1.13912372e+36    3.57151298e+15
2.53363368e+15    1.21714668e+36    3.71400285e+15
2.60702950e+15    1.30051128e+36    3.86217960e+15
2.68200283e+15    1.38958744e+36    4.01626194e+15
