1.31582094e+01    3.02247095e+14    1.31539386e+01
4.16099116e+01    1.92721817e+15    4.15964079e+01
1.31582094e+02    1.22885214e+16    1.31539403e+02
4.16099116e+02    7.83552996e+16    4.15964187e+02
1.31582094e+03    4.99616902e+17    1.31539472e+03
4.16099116e+03    3.18570728e+18    4.15964626e+03
1.31582094e+04    2.03130256e+19    1.31539751e+04
4.16099116e+04    1.29521946e+20    4.15966410e+04
1.31582094e+05    8.25870794e+20    1.31540889e+05
4.16099116e+05    5.26600000e+21    4.15973663e+05
1.04516019e+06    2.31800000e+22    1.04486332e+06
2.62539257e+06    9.75500000e+22    2.62472525e+06
6.59477869e+06    3.91100000e+23    6.59342389e+06
8.30166550e+06    5.25900000e+23    8.30009259e+06
1.65616512e+07    1.43500000e+24    1.65594619e+07
3.30510668e+07    3.83300000e+24    3.30492581e+07
6.59582068e+07    1.00600000e+25    6.59613711e+07
1.31584187e+08    2.60400000e+25    1.31608133e+08
2.62533539e+08    6.67600000e+25    2.62626726e+08
3.30502386e+08    8.73800000e+25    3.30641385e+08
5.23899524e+08    1.62900000e+26    5.24196955e+08
8.30159999e+08    3.02900000e+26    8.30774690e+08
1.04524049e+09    4.12900000e+26    1.04611619e+09
1.21174084e+09    5.03600000e+26    1.21283679e+09
1.60403269e+09    6.86000000e+26    1.60569521e+09
2.54240133e+09    1.27200000e+27    2.54563980e+09
4.16069052e+09    2.35600000e+27    4.16720099e+09
6.59468718e+09    4.36200000e+27    6.60707672e+09
8.01587683e+09    5.66200000e+27    8.03212636e+09
1.00916975e+10    7.70200000e+27    1.01140542e+10
1.31618543e+10    1.04800000e+28    1.31940229e+10
1.65672568e+10    1.42500000e+28    1.66112595e+10
2.08578692e+10    1.93800000e+28    2.09180471e+10
2.52640269e+10    2.50300000e+28    2.53420870e+10
3.30516885e+10    3.40400000e+28    3.31637486e+10
4.16062737e+10    4.62800000e+28    4.17587455e+10
5.02208849e+10    5.94900000e+28    5.04169982e+10
6.59481311e+10    8.08900000e+28    6.62295291e+10
8.30364452e+10    1.10000000e+29    8.34179007e+10
1.02142343e+11    1.45000000e+29    1.02643849e+11
1.08688968e+11    1.49500000e+29    1.09233052e+11
1.40903933e+11    2.03300000e+29    1.41666946e+11
1.69295180e+11    2.59700000e+29    1.70263385e+11
1.83517505e+11    2.89200000e+29    1.84592659e+11
2.08537815e+11    3.29000000e+29    2.09805643e+11
2.71451551e+11    4.47300000e+29    2.73232778e+11
3.30514294e+11    5.81600000e+29    3.32806385e+11
4.16105955e+11    7.53800000e+29    4.19182781e+11
4.27109490e+11    7.80500000e+29    4.30290247e+11
4.30592626e+11    7.89000000e+29    4.33806444e+11
4.49363775e+11    8.35200000e+29    4.52757067e+11
4.79136616e+11    9.09800000e+29    4.82818984e+11
4.94574092e+11    9.49100000e+29    4.98408415e+11
5.07801045e+11    9.83100000e+29    5.11766656e+11
5.67514203e+11    1.08300000e+30    5.72079655e+11
2.09493590e+12    2.15470000e+30    2.11582256e+12
3.14622309e+12    3.42720000e+30    3.17918698e+12
4.43795632e+12    5.26790000e+30    4.48634911e+12
5.98823546e+12    7.79760000e+30    6.05602382e+12
7.82064016e+12    1.11470000e+31    7.91223052e+12
1.24478979e+13    2.08940000e+31    1.26032353e+13
1.85930543e+13    3.58410000e+31    1.88392881e+13
2.65669622e+13    5.76110000e+31    2.69418447e+13
3.66530756e+13    8.81170000e+31    3.72001380e+13
4.89477058e+13    1.29470000e+32    4.97172472e+13
7.08784433e+13    2.16200000e+32    7.20752798e+13
1.03285521e+14    3.84750000e+32    1.05174926e+14
1.21508275e+14    5.04620000e+32    1.23819910e+14
1.26132876e+14    5.37110000e+32    1.28553713e+14
1.66053892e+14    9.91480000e+32    1.69486538e+14
2.49080838e+14    2.98270000e+33    2.55194807e+14
3.32107784e+14    6.95860000e+33    3.41953075e+14
4.15134730e+14    1.36680000e+34    4.30171344e+14
4.98161676e+14    2.37580000e+34    5.20239613e+14
5.81188622e+14    3.78300000e+34    6.12517882e+14
6.64215568e+14    5.64510000e+34    7.07386151e+14
7.47242514e+14    8.01620000e+34    8.05184420e+14
8.30269460e+14    1.09480000e+35    9.06252689e+14
9.13296407e+14    1.44910000e+35    1.01095096e+15
9.96323353e+14    1.86930000e+35    1.11941923e+15
1.07935030e+15    2.35990000e+35    1.23228750e+15
1.16237724e+15    2.92550000e+35    1.34955576e+15
1.24540419e+15    3.57020000e+35    1.47162403e+15
1.32843114e+15    4.29810000e+35    1.59879230e+15
1.41145808e+15    5.11290000e+35    1.73136057e+15
1.49448503e+15    6.01830000e+35    1.86952884e+15
1.57751197e+15    7.01760000e+35    2.01359711e+15
1.66053892e+15    8.11390000e+35    2.16376538e+15
1.74356587e+15    9.31010000e+35    2.32033365e+15
1.82659281e+15    1.06090000e+36    2.48350192e+15
1.90961976e+15    1.20130000e+36    2.65347018e+15
1.99264671e+15    1.35240000e+36    2.83053845e+15
2.07567365e+15    1.51440000e+36    3.01480672e+15
2.15870060e+15    1.68760000e+36    3.20657499e+15
2.24172754e+15    1.87200000e+36    3.40594326e+15
2.32475449e+15    2.06790000e+36    3.61321153e+15
2.40778144e+15    2.27540000e+36    3.82847980e+15
2.49080838e+15    2.49470000e+36    4.05194807e+15
2.57383533e+15    2.72580000e+36    4.28371634e+15
