6.72509084e+14    1.60052589e+29    6.78258222e+14
6.84386804e+14    3.59165593e+33    6.90272359e+14
7.00811395e+14    8.59254156e+33    7.06999764e+14
7.17496688e+14    1.37130471e+34    7.24126733e+14
7.34444736e+14    1.89550645e+34    7.41659576e+14
7.51657594e+14    2.43205005e+34    7.59604661e+14
7.69137310e+14    2.98112767e+34    7.77968401e+14
7.86885940e+14    3.54293295e+34    7.96757260e+14
8.04905537e+14    4.11766101e+34    8.15977751e+14
8.23198152e+14    4.70550845e+34    8.35636437e+14
8.41765840e+14    5.30667339e+34    8.55739930e+14
8.60610652e+14    5.92135539e+34    8.76294890e+14
8.79734642e+14    6.54975552e+34    8.97308033e+14
8.99139861e+14    7.19207632e+34    9.18786115e+14
9.18828362e+14    7.84852182e+34    9.40735949e+14
9.38802201e+14    8.51929752e+34    9.63164395e+14
9.59063428e+14    9.20461045e+34    9.86078360e+14
9.79614095e+14    9.90466907e+34    1.00948481e+15
1.00045626e+15    1.06196834e+35    1.03339074e+15
1.02159196e+15    1.13498647e+35    1.05780322e+15
1.04302327e+15    1.20954261e+35    1.08272935e+15
1.06475223e+15    1.28565820e+35    1.10817630e+15
1.08678090e+15    1.36335483e+35    1.13415126e+15
1.10911132e+15    1.44265422e+35    1.16066150e+15
1.13174556e+15    1.52357828e+35    1.18771432e+15
1.15468565e+15    1.60614904e+35    1.21531707e+15
1.17793366e+15    1.69038867e+35    1.24347716e+15
1.20149165e+15    1.77631952e+35    1.27220204e+15
1.22536165e+15    1.86396407e+35    1.30149923e+15
1.24954573e+15    1.95334491e+35    1.33137626e+15
1.27404593e+15    2.04448487e+35    1.36184075e+15
1.29886432e+15    2.13740685e+35    1.39290034e+15
1.32400294e+15    2.23213395e+35    1.42456274e+15
1.34946384e+15    2.32868934e+35    1.45683571e+15
1.37524909e+15    2.42709645e+35    1.48972703e+15
1.40136072e+15    2.52737874e+35    1.52324457e+15
1.42780080e+15    2.62955993e+35    1.55739621e+15
1.45457137e+15    2.73366379e+35    1.59218992e+15
1.48167450e+15    2.83971434e+35    1.62763369e+15
1.50911222e+15    2.94773565e+35    1.66373557e+15
1.53688660e+15    3.05775199e+35    1.70050366e+15
1.56499969e+15    3.16978776e+35    1.73794610e+15
1.59345354e+15    3.28386755e+35    1.77607110e+15
1.62225020e+15    3.40001603e+35    1.81488689e+15
1.65139173e+15    3.51825808e+35    1.85440178e+15
1.68088017e+15    3.63861870e+35    1.89462411e+15
1.71071760e+15    3.76112303e+35    1.93556228e+15
1.74090605e+15    3.88579637e+35    1.97722473e+15
1.77144756e+15    4.01266417e+35    2.01961996e+15
1.80234421e+15    4.14175205e+35    2.06275651e+15
1.83359805e+15    4.27308573e+35    2.10664298e+15
1.86521112e+15    4.40669109e+35    2.15128800e+15
1.89718548e+15    4.54259422e+35    2.19670026e+15
1.92952318e+15    4.68082127e+35    2.24288853e+15
1.96222626e+15    4.82139859e+35    2.28986158e+15
1.99529681e+15    4.96435266e+35    2.33762826e+15
2.02873684e+15    5.10971013e+35    2.38619744e+15
2.06254844e+15    5.25749777e+35    2.43557808e+15
2.09673364e+15    5.40774253e+35    2.48577918e+15
2.13129448e+15    5.56047146e+35    2.53680976e+15
2.16623305e+15    5.71571183e+35    2.58867892e+15
2.20155139e+15    5.87349098e+35    2.64139578e+15
2.23725153e+15    6.03383646e+35    2.69496955e+15
2.27333554e+15    6.19677595e+35    2.74940945e+15
2.30980547e+15    6.36233723e+35    2.80472477e+15
2.34666337e+15    6.53054832e+35    2.86092488e+15
2.38391130e+15    6.70143731e+35    2.91801912e+15
2.42155132e+15    6.87503248e+35    2.97601693e+15
2.45958547e+15    7.05136225e+35    3.03492783e+15
2.49801580e+15    7.23045516e+35    3.09476133e+15
2.53684438e+15    7.41233995e+35    3.15552702e+15
2.57607324e+15    7.59704548e+35    3.21723452e+15
2.61570445e+15    7.78460074e+35    3.27989354e+15
2.65574005e+15    7.97503491e+35    3.34351378e+15
2.69618211e+15    8.16837729e+35    3.40810506e+15
2.73703266e+15    8.36465731e+35    3.47367719e+15
2.77829377e+15    8.56390460e+35    3.54024005e+15
2.81996748e+15    8.76614892e+35    3.60780357e+15
2.86205587e+15    8.97142015e+35    3.67637773e+15
2.90456095e+15    9.17974836e+35    3.74597258e+15
2.94748481e+15    9.39116371e+35    3.81659817e+15
2.99082948e+15    9.60569659e+35    3.88826466e+15
3.03459703e+15    9.82337746e+35    3.96098220e+15
3.07878950e+15    1.00442370e+36    4.03476103e+15
3.12340895e+15    1.02683059e+36    4.10961145e+15
3.16845743e+15    1.04956152e+36    4.18554374e+15
3.21393700e+15    1.07261960e+36    4.26256831e+15
3.25984969e+15    1.09600795e+36    4.34069557e+15
3.30619757e+15    1.11972970e+36    4.41993603e+15
3.35298271e+15    1.14378802e+36    4.50030016e+15
3.40020712e+15    1.16818606e+36    4.58179858e+15
3.44787289e+15    1.19292702e+36    4.66444192e+15
3.49598204e+15    1.21801409e+36    4.74824080e+15
3.54453666e+15    1.24345048e+36    4.83320599e+15
3.59353879e+15    1.26923942e+36    4.91934826e+15
3.64299047e+15    1.29538416e+36    5.00667841e+15
3.69289376e+15    1.32188794e+36    5.09520731e+15
3.74325072e+15    1.34875404e+36    5.18494593e+15
3.79406337e+15    1.37598575e+36    5.27590518e+15
3.84533382e+15    1.40358637e+36    5.36809613e+15
3.89706408e+15    1.43155922e+36    5.46152982e+15
3.94925621e+15    1.45990763e+36    5.55621737e+15
4.00191227e+15    1.48863494e+36    5.65216996e+15
4.05503432e+15    1.51774451e+36    5.74939881e+15
4.10862439e+15    1.54723973e+36    5.84791519e+15
4.16268455e+15    1.57712397e+36    5.94773040e+15
4.21721685e+15    1.60740066e+36    6.04885582e+15
4.27222333e+15    1.63807320e+36    6.15130288e+15
4.32770605e+15    1.66914503e+36    6.25508304e+15
4.38366709e+15    1.70061960e+36    6.36020778e+15
4.44010846e+15    1.73250039e+36    6.46668872e+15
4.49703223e+15    1.76479086e+36    6.57453743e+15
4.55444047e+15    1.79749451e+36    6.68376562e+15
4.61233521e+15    1.83061485e+36    6.79438496e+15
4.67071851e+15    1.86415541e+36    6.90640723e+15
4.72959244e+15    1.89811971e+36    7.01984427e+15
4.78895901e+15    1.93251134e+36    7.13470789e+15
4.84882031e+15    1.96733384e+36    7.25101006e+15
4.90917838e+15    2.00259078e+36    7.36876269e+15
4.97003528e+15    2.03828580e+36    7.48797782e+15
5.03139304e+15    2.07442250e+36    7.60866750e+15
5.09325375e+15    2.11100449e+36    7.73084387e+15
5.15561944e+15    2.14803541e+36    7.85451904e+15
5.21849216e+15    2.18551896e+36    7.97970524e+15
5.28187397e+15    2.22345875e+36    8.10641475e+15
5.34576690e+15    2.26185852e+36    8.23465986e+15
5.41017305e+15    2.30072195e+36    8.36445293e+15
5.47509444e+15    2.34005277e+36    8.49580638e+15
5.54053312e+15    2.37985468e+36    8.62873264e+15
5.60649116e+15    2.42013148e+36    8.76324424e+15
5.67297062e+15    2.46088688e+36    8.89935373e+15
5.73997351e+15    2.50212467e+36    9.03707369e+15
5.80750192e+15    2.54384866e+36    9.17641682e+15
5.87555789e+15    2.58606266e+36    9.31739583e+15
5.94414348e+15    2.62877046e+36    9.46002340e+15
6.01326074e+15    2.67197591e+36    9.60431242e+15
6.08291173e+15    2.71568286e+36    9.75027568e+15
6.15309848e+15    2.75989519e+36    9.89792613e+15
6.22382307e+15    2.80461675e+36    1.00472767e+16
6.29508752e+15    2.84985148e+36    1.01983404e+16
6.36689393e+15    2.89560326e+36    1.03511302e+16
6.43924430e+15    2.94187600e+36    1.05056594e+16
6.51214072e+15    2.98867367e+36    1.06619409e+16
6.58558522e+15    3.03600020e+36    1.08199881e+16
6.65957988e+15    3.08385959e+36    1.09798142e+16
6.73412672e+15    3.13225580e+36    1.11414324e+16
6.80922782e+15    3.18119283e+36    1.13048562e+16
6.88488523e+15    3.23067471e+36    1.14700989e+16
6.96110097e+15    3.28070546e+36    1.16371740e+16
7.03787714e+15    3.33128912e+36    1.18060949e+16
7.11521576e+15    3.38242974e+36    1.19768753e+16
7.19311889e+15    3.43413141e+36    1.21495286e+16
7.27158859e+15    3.48639821e+36    1.23240686e+16
7.35062691e+15    3.53923424e+36    1.25005090e+16
7.43023590e+15    3.59264364e+36    1.26788634e+16
7.51041761e+15    3.64663051e+36    1.28591458e+16
7.59117410e+15    3.70119903e+36    1.30413699e+16
7.67250743e+15    3.75635332e+36    1.32255496e+16
7.75441962e+15    3.81209760e+36    1.34116989e+16
7.83691276e+15    3.86843604e+36    1.35998318e+16
7.91998889e+15    3.92537285e+36    1.37899623e+16
8.00365006e+15    3.98291226e+36    1.39821045e+16
8.08789832e+15    4.04105849e+36    1.41762725e+16
8.17273573e+15    4.09981581e+36    1.43724805e+16
8.25816433e+15    4.15918845e+36    1.45707428e+16
8.34418619e+15    4.21918074e+36    1.47710737e+16
8.43080334e+15    4.27979696e+36    1.49734875e+16
8.51801787e+15    4.34104142e+36    1.51779986e+16
8.60583180e+15    4.40291842e+36    1.53846214e+16
8.69424719e+15    4.46543232e+36    1.55933704e+16
8.78326609e+15    4.52858749e+36    1.58042602e+16
8.87289058e+15    4.59238828e+36    1.60173053e+16
8.96312267e+15    4.65683908e+36    1.62325205e+16
9.05396444e+15    4.72194429e+36    1.64499202e+16
9.14541794e+15    4.78770832e+36    1.66695194e+16
9.23748523e+15    4.85413561e+36    1.68913327e+16
