4.97246882e+14    1.60052589e+29    5.00733319e+14
5.02585334e+14    1.49727850e+33    5.06118023e+14
5.15046667e+14    5.01539816e+33    5.18758203e+14
5.27712240e+14    8.62384051e+33    5.31705888e+14
5.40583717e+14    1.23241354e+34    5.44966127e+14
5.53662767e+14    1.61151997e+34    5.58534285e+14
5.66951054e+14    1.99979061e+34    5.72413024e+14
5.80450227e+14    2.39767999e+34    5.86618576e+14
5.94161951e+14    2.80534716e+34    6.01156199e+14
6.08087885e+14    3.22295054e+34    6.16031128e+14
6.22229694e+14    3.65064973e+34    6.31248635e+14
6.36589036e+14    4.08860558e+34    6.46814036e+14
6.51167575e+14    4.53698022e+34    6.62732689e+14
6.65966972e+14    4.99593697e+34    6.79009992e+14
6.80988901e+14    5.46505679e+34    6.95630096e+14
6.96235013e+14    5.94498013e+34    7.12615870e+14
7.11706968e+14    6.43594925e+34    7.29975591e+14
7.27406426e+14    6.93813214e+34    7.47714817e+14
7.43335049e+14    7.45169749e+34    7.65839132e+14
7.59494497e+14    7.97681523e+34    7.84354161e+14
7.75886434e+14    8.51365656e+34    8.03265566e+14
7.92512520e+14    9.06239388e+34    8.22579055e+14
8.09374418e+14    9.62320079e+34    8.42300382e+14
8.26473786e+14    1.01962522e+35    8.62435331e+14
8.43812291e+14    1.07813468e+35    8.82976158e+14
8.61391596e+14    1.13786298e+35    9.03927628e+14
8.79213357e+14    1.19886513e+35    9.25309046e+14
8.97279235e+14    1.26115928e+35    9.47126441e+14
9.15590888e+14    1.32476348e+35    9.69385786e+14
9.34149981e+14    1.38969586e+35    9.92093095e+14
9.52958173e+14    1.45597469e+35    1.01525442e+15
9.72017126e+14    1.52361836e+35    1.03887587e+15
9.91328500e+14    1.59264537e+35    1.06296356e+15
1.01089396e+15    1.66307438e+35    1.08752369e+15
1.03071516e+15    1.73492413e+35    1.11256247e+15
1.05079376e+15    1.80821349e+35    1.13808616e+15
1.07113144e+15    1.88296148e+35    1.16410107e+15
1.09172984e+15    1.95913118e+35    1.19059365e+15
1.11259063e+15    2.03676006e+35    1.21757681e+15
1.13371548e+15    2.11590124e+35    1.24506896e+15
1.15510603e+15    2.19657436e+35    1.27307663e+15
1.17676395e+15    2.27879897e+35    1.30160630e+15
1.19869091e+15    2.36259472e+35    1.33066450e+15
1.22088856e+15    2.44798138e+35    1.36025779e+15
1.24335856e+15    2.53497888e+35    1.39039279e+15
1.26610257e+15    2.62360721e+35    1.42107613e+15
1.28912226e+15    2.71388654e+35    1.45231451e+15
1.31241929e+15    2.80583715e+35    1.48411466e+15
1.33599531e+15    2.89947938e+35    1.51648335e+15
1.35985199e+15    2.99483379e+35    1.54942739e+15
1.38399100e+15    3.09192098e+35    1.58295363e+15
1.40841398e+15    3.19076173e+35    1.61706897e+15
1.43312260e+15    3.29137690e+35    1.65178035e+15
1.45811852e+15    3.39376585e+35    1.68708713e+15
1.48340341e+15    3.49788081e+35    1.72297227e+15
1.50897893e+15    3.60382867e+35    1.75947283e+15
1.53484672e+15    3.71163145e+35    1.79659614e+15
1.56100847e+15    3.82131054e+35    1.83434932e+15
1.58746581e+15    3.93288750e+35    1.87273953e+15
1.61422043e+15    4.04638396e+35    1.91177396e+15
1.64127397e+15    4.16182171e+35    1.95145984e+15
1.66862810e+15    4.27922262e+35    1.99180447e+15
1.69628448e+15    4.39860876e+35    2.03281515e+15
1.72424477e+15    4.52000221e+35    2.07449924e+15
1.75251063e+15    4.64342526e+35    2.11686415e+15
1.78108372e+15    4.76890028e+35    2.15991731e+15
1.80996570e+15    4.89644981e+35    2.20366624e+15
1.83915824e+15    5.02609643e+35    2.24811841e+15
1.86866300e+15    5.15786291e+35    2.29328139e+15
1.89848161e+15    5.29177209e+35    2.33916284e+15
1.92861578e+15    5.42784700e+35    2.38577033e+15
1.95906714e+15    5.56611074e+35    2.43311161e+15
1.98983736e+15    5.70658651e+35    2.48119437e+15
2.02092807e+15    5.84929772e+35    2.53002640e+15
2.05234099e+15    5.99426780e+35    2.57961548e+15
2.08407774e+15    6.14145495e+35    2.62994684e+15
2.11613999e+15    6.29087010e+35    2.68102399e+15
2.14852941e+15    6.44260998e+35    2.73288009e+15
2.18124764e+15    6.59669911e+35    2.78552330e+15
2.21429637e+15    6.75316151e+35    2.83896160e+15
2.24767722e+15    6.91202128e+35    2.89320303e+15
2.28139189e+15    7.07330271e+35    2.94825567e+15
2.31544202e+15    7.23703015e+35    3.00412763e+15
2.34982927e+15    7.40322809e+35    3.06082703e+15
2.38455531e+15    7.57192114e+35    3.11836208e+15
2.41962181e+15    7.74313404e+35    3.17674101e+15
2.45503041e+15    7.91689166e+35    3.23597208e+15
2.49078278e+15    8.09321895e+35    3.29606364e+15
2.52688057e+15    8.27214103e+35    3.35702399e+15
2.56332544e+15    8.45368311e+35    3.41886156e+15
2.60011908e+15    8.63787051e+35    3.48158478e+15
2.63726313e+15    8.82472872e+35    3.54520212e+15
2.67475926e+15    9.01428331e+35    3.60972208e+15
2.71260911e+15    9.20656000e+35    3.67515325e+15
2.75081435e+15    9.40158457e+35    3.74150420e+15
2.78937667e+15    9.59938302e+35    3.80878358e+15
2.82829767e+15    9.79998138e+35    3.87700006e+15
2.86757907e+15    1.00034059e+36    3.94616235e+15
2.90722251e+15    1.02096827e+36    4.01627922e+15
2.94722962e+15    1.04188385e+36    4.08735950e+15
2.98760212e+15    1.06308996e+36    4.15941198e+15
3.02834162e+15    1.08458929e+36    4.23244556e+15
3.06944980e+15    1.10638449e+36    4.30646917e+15
3.11092834e+15    1.12847828e+36    4.38149176e+15
3.15277887e+15    1.15087335e+36    4.45752234e+15
3.19500305e+15    1.17356756e+36    4.53455333e+15
3.23760257e+15    1.19655437e+36    4.61256212e+15
3.28057907e+15    1.21984999e+36    4.69160396e+15
3.32393422e+15    1.24345729e+36    4.77168838e+15
3.36766966e+15    1.26737902e+36    4.85282457e+15
3.41178707e+15    1.29161795e+36    4.93502175e+15
3.45628810e+15    1.31617687e+36    5.01828919e+15
3.50117443e+15    1.34105855e+36    5.10263619e+15
3.54644771e+15    1.36626583e+36    5.18807208e+15
3.59210959e+15    1.39180149e+36    5.27460627e+15
3.63816175e+15    1.41766839e+36    5.36224816e+15
3.68460583e+15    1.44386935e+36    5.45100720e+15
3.73144350e+15    1.47040723e+36    5.54089293e+15
3.77867644e+15    1.49728491e+36    5.63191489e+15
3.82630627e+15    1.52450524e+36    5.72408263e+15
3.87433469e+15    1.55207113e+36    5.81740581e+15
3.92276334e+15    1.57998547e+36    5.91189410e+15
3.97159388e+15    1.60825119e+36    6.00755718e+15
4.02082798e+15    1.63687119e+36    6.10440480e+15
4.07046728e+15    1.66584844e+36    6.20244677e+15
4.12051347e+15    1.69518586e+36    6.30169289e+15
4.17096820e+15    1.72488643e+36    6.40215307e+15
4.22183313e+15    1.75495312e+36    6.50383718e+15
4.27310991e+15    1.78538891e+36    6.60675517e+15
4.32480022e+15    1.81619680e+36    6.71091704e+15
4.37690571e+15    1.84737982e+36    6.81633283e+15
4.42942802e+15    1.87894096e+36    6.92301259e+15
4.48236886e+15    1.91088328e+36    7.03096645e+15
4.53572985e+15    1.94320983e+36    7.14020457e+15
4.58951266e+15    1.97592362e+36    7.25073711e+15
4.64371896e+15    2.00902779e+36    7.36257430e+15
4.69835041e+15    2.04252537e+36    7.47572646e+15
4.75340865e+15    2.07641949e+36    7.59020385e+15
4.80889538e+15    2.11071324e+36    7.70601684e+15
4.86481221e+15    2.14540973e+36    7.82317586e+15
4.92116084e+15    2.18051211e+36    7.94169128e+15
4.97794292e+15    2.21602352e+36    8.06157363e+15
5.03516011e+15    2.25194711e+36    8.18283339e+15
5.09281407e+15    2.28828603e+36    8.30548115e+15
5.15090646e+15    2.32504349e+36    8.42952747e+15
5.20943895e+15    2.36222268e+36    8.55498301e+15
5.26841317e+15    2.39982678e+36    8.68185842e+15
5.32783083e+15    2.43785902e+36    8.81016445e+15
5.38769355e+15    2.47632262e+36    8.93991186e+15
5.44800300e+15    2.51522084e+36    9.07111142e+15
5.50876085e+15    2.55455069e+36    9.20375283e+15
5.56996875e+15    2.59430063e+36    9.33779691e+15
5.63162838e+15    2.63449413e+36    9.47332298e+15
5.69374139e+15    2.67513469e+36    9.61034267e+15
5.75630941e+15    2.71622559e+36    9.74886695e+15
5.81933416e+15    2.75777012e+36    9.88890682e+15
5.88281726e+15    2.79977161e+36    1.00304734e+16
5.94676038e+15    2.84223340e+36    1.01735777e+16
6.01116517e+15    2.88515882e+36    1.03182309e+16
6.07603331e+15    2.92855121e+36    1.04644441e+16
6.14136645e+15    2.97241397e+36    1.06122287e+16
6.20716626e+15    3.01675045e+36    1.07615958e+16
6.27343438e+15    3.06156405e+36    1.09125567e+16
6.34017250e+15    3.10685816e+36    1.10651228e+16
6.40738225e+15    3.15263620e+36    1.12193055e+16
6.47506532e+15    3.19890161e+36    1.13751162e+16
6.54322335e+15    3.24565780e+36    1.15325663e+16
6.61185801e+15    3.29290825e+36    1.16916673e+16
6.68097096e+15    3.34065639e+36    1.18524309e+16
6.75056385e+15    3.38890572e+36    1.20148685e+16
6.82063836e+15    3.43765972e+36    1.21789918e+16
6.89119614e+15    3.48692189e+36    1.23448124e+16
6.96223884e+15    3.53669570e+36    1.25123420e+16
7.03376815e+15    3.58698474e+36    1.26815925e+16
7.10578571e+15    3.63779250e+36    1.28525755e+16
7.17829317e+15    3.68912253e+36    1.30253029e+16
7.25129221e+15    3.74097839e+36    1.31997865e+16
7.32478449e+15    3.79336366e+36    1.33760383e+16
7.39877164e+15    3.84628193e+36    1.35540702e+16
7.47325538e+15    3.89973676e+36    1.37338942e+16
