4.13168632e+14    1.60052589e+29    4.16074921e+14
4.22970299e+14    2.94476226e+33    4.25985066e+14
4.33121160e+14    6.01896887e+33    4.36328700e+14
4.43433140e+14    9.16713300e+33    4.46919040e+14
4.53907510e+14    1.23904266e+34    4.57759991e+14
4.64545540e+14    1.56900310e+34    4.68855486e+14
4.75348497e+14    1.90671365e+34    4.80209496e+14
4.86317650e+14    2.25229425e+34    4.91826016e+14
4.97454268e+14    2.60586580e+34    5.03709071e+14
5.08759619e+14    2.96755009e+34    5.15862724e+14
5.20234973e+14    3.33746980e+34    5.28291059e+14
5.31881598e+14    3.71574859e+34    5.40998199e+14
5.43700761e+14    4.10251100e+34    5.53988295e+14
5.55693732e+14    4.49788248e+34    5.67265526e+14
5.67861781e+14    4.90197213e+34    5.80833521e+14
5.80206174e+14    5.31478988e+34    5.94692575e+14
5.92728182e+14    5.73659041e+34    6.08851217e+14
6.05429073e+14    6.16750412e+34    6.23313796e+14
6.18310116e+14    6.60766089e+34    6.38084640e+14
6.31372578e+14    7.05719157e+34    6.53168110e+14
6.44617730e+14    7.51622790e+34    6.68568596e+14
6.58046839e+14    7.98490252e+34    6.84290522e+14
6.71661174e+14    8.46334901e+34    7.00338339e+14
6.85462003e+14    8.95170186e+34    7.16716528e+14
6.99450597e+14    9.45009647e+34    7.33429607e+14
7.13628222e+14    9.95866918e+34    7.50482116e+14
7.27996148e+14    1.04775572e+35    7.67878632e+14
7.42555645e+14    1.10068987e+35    7.85623762e+14
7.57307979e+14    1.15468328e+35    8.03722138e+14
7.72254418e+14    1.20974995e+35    8.22178433e+14
7.87396235e+14    1.26590396e+35    8.40997339e+14
8.02734696e+14    1.32315950e+35    8.60183588e+14
8.18271070e+14    1.38153084e+35    8.79741936e+14
8.34006625e+14    1.44103235e+35    8.99677175e+14
8.49942631e+14    1.50167849e+35    9.19994124e+14
8.66080356e+14    1.56348381e+35    9.40697632e+14
8.82421067e+14    1.62646295e+35    9.61792585e+14
8.98966035e+14    1.69063063e+35    9.83283892e+14
9.15716527e+14    1.75600169e+35    1.00517650e+15
9.32673815e+14    1.82259104e+35    1.02747537e+15
9.49839164e+14    1.89041370e+35    1.05018553e+15
9.67213843e+14    1.95948476e+35    1.07331199e+15
9.84799123e+14    2.02981940e+35    1.09685983e+15
1.00259627e+15    2.10143293e+35    1.12083413e+15
1.02060656e+15    2.17434069e+35    1.14524004e+15
1.03883125e+15    2.24855818e+35    1.17008271e+15
1.05727161e+15    2.32410094e+35    1.19536731e+15
1.07592892e+15    2.40098462e+35    1.22109909e+15
1.09480444e+15    2.47922498e+35    1.24728327e+15
1.11389944e+15    2.55883783e+35    1.27392514e+15
1.13321519e+15    2.63983911e+35    1.30103002e+15
1.15275295e+15    2.72224484e+35    1.32860324e+15
1.17251400e+15    2.80607111e+35    1.35665018e+15
1.19249961e+15    2.89133414e+35    1.38517624e+15
1.21271104e+15    2.97805021e+35    1.41418685e+15
1.23314957e+15    3.06623572e+35    1.44368748e+15
1.25381645e+15    3.15590713e+35    1.47368362e+15
1.27471297e+15    3.24708101e+35    1.50418079e+15
1.29584038e+15    3.33977401e+35    1.53518456e+15
1.31719996e+15    3.43400290e+35    1.56670050e+15
1.33879298e+15    3.52978453e+35    1.59873424e+15
1.36062070e+15    3.62713580e+35    1.63129143e+15
1.38268439e+15    3.72607377e+35    1.66437773e+15
1.40498532e+15    3.82661555e+35    1.69799887e+15
1.42752477e+15    3.92877831e+35    1.73216058e+15
1.45030399e+15    4.03257942e+35    1.76686864e+15
1.47332427e+15    4.13803623e+35    1.80212883e+15
1.49658685e+15    4.24516622e+35    1.83794700e+15
1.52009303e+15    4.35398698e+35    1.87432901e+15
1.54384406e+15    4.46451620e+35    1.91128074e+15
1.56784120e+15    4.57677161e+35    1.94880813e+15
1.59208574e+15    4.69077105e+35    1.98691713e+15
1.61657895e+15    4.80653250e+35    2.02561372e+15
1.64132208e+15    4.92407399e+35    2.06490392e+15
1.66631640e+15    5.04341362e+35    2.10479379e+15
1.69156320e+15    5.16456964e+35    2.14528937e+15
1.71706372e+15    5.28756033e+35    2.18639681e+15
1.74281926e+15    5.41240412e+35    2.22812222e+15
1.76883105e+15    5.53911948e+35    2.27047178e+15
1.79510039e+15    5.66772501e+35    2.31345167e+15
1.82162855e+15    5.79823941e+35    2.35706814e+15
1.84841678e+15    5.93068140e+35    2.40132748e+15
1.87546634e+15    6.06506987e+35    2.44623593e+15
1.90277854e+15    6.20142378e+35    2.49179982e+15
1.93035461e+15    6.33976215e+35    2.53802552e+15
1.95819584e+15    6.48010414e+35    2.58491942e+15
1.98630350e+15    6.62246897e+35    2.63248792e+15
2.01467884e+15    6.76687596e+35    2.68073744e+15
2.04332313e+15    6.91334452e+35    2.72967450e+15
2.07223765e+15    7.06189414e+35    2.77930560e+15
2.10142366e+15    7.21254444e+35    2.82963726e+15
2.13088245e+15    7.36531511e+35    2.88067605e+15
2.16061527e+15    7.52022589e+35    2.93242857e+15
2.19062340e+15    7.67729668e+35    2.98490143e+15
2.22090809e+15    7.83654744e+35    3.03810134e+15
2.25147061e+15    7.99799822e+35    3.09203495e+15
2.28231224e+15    8.16166916e+35    3.14670897e+15
2.31343426e+15    8.32758052e+35    3.20213020e+15
2.34483793e+15    8.49575262e+35    3.25830537e+15
2.37652450e+15    8.66620585e+35    3.31524131e+15
2.40849525e+15    8.83896075e+35    3.37294488e+15
2.44075145e+15    9.01403794e+35    3.43142294e+15
2.47329438e+15    9.19145808e+35    3.49068240e+15
2.50612529e+15    9.37124199e+35    3.55073019e+15
2.53924547e+15    9.55341052e+35    3.61157327e+15
2.57265618e+15    9.73798466e+35    3.67321866e+15
2.60635866e+15    9.92498547e+35    3.73567335e+15
2.64035423e+15    1.01144341e+36    3.79894442e+15
2.67464410e+15    1.03063518e+36    3.86303896e+15
2.70922959e+15    1.05007600e+36    3.92796409e+15
2.74411195e+15    1.06976799e+36    3.99372695e+15
2.77929246e+15    1.08971332e+36    4.06033472e+15
2.81477237e+15    1.10991415e+36    4.12779463e+15
2.85055295e+15    1.13037265e+36    4.19611392e+15
2.88663546e+15    1.15109100e+36    4.26529983e+15
2.92302121e+15    1.17207138e+36    4.33535968e+15
2.95971141e+15    1.19331600e+36    4.40630080e+15
2.99670739e+15    1.21482706e+36    4.47813058e+15
3.03401037e+15    1.23660678e+36    4.55085639e+15
3.07162164e+15    1.25865738e+36    4.62448566e+15
3.10954247e+15    1.28098111e+36    4.69902584e+15
3.14777412e+15    1.30358019e+36    4.77448443e+15
3.18631787e+15    1.32645689e+36    4.85086895e+15
3.22517498e+15    1.34961347e+36    4.92818693e+15
3.26434673e+15    1.37305220e+36    5.00644596e+15
3.30383436e+15    1.39677536e+36    5.08565365e+15
3.34363917e+15    1.42078525e+36    5.16581763e+15
3.38376242e+15    1.44508415e+36    5.24694557e+15
3.42420536e+15    1.46967438e+36    5.32904519e+15
3.46496928e+15    1.49455825e+36    5.41212421e+15
3.50605545e+15    1.51973810e+36    5.49619039e+15
3.54746514e+15    1.54521625e+36    5.58125154e+15
3.58919960e+15    1.57099505e+36    5.66731547e+15
3.63126010e+15    1.59707687e+36    5.75439003e+15
3.67364793e+15    1.62346405e+36    5.84248309e+15
3.71636433e+15    1.65015897e+36    5.93160262e+15
3.75941060e+15    1.67716215e+36    6.02175025e+15
3.80278799e+15    1.70447438e+36    6.11292874e+15
3.84649778e+15    1.73210138e+36    6.20515704e+15
3.89054122e+15    1.76004556e+36    6.29844333e+15
3.93491958e+15    1.78830935e+36    6.39279567e+15
3.97963416e+15    1.81689520e+36    6.48822215e+15
4.02468619e+15    1.84580551e+36    6.58473090e+15
4.07007697e+15    1.87504276e+36    6.68233007e+15
4.11580775e+15    1.90460936e+36    6.78102785e+15
4.16187979e+15    1.93450782e+36    6.88083247e+15
4.20829439e+15    1.96474056e+36    6.98175215e+15
4.25505279e+15    1.99531011e+36    7.08379520e+15
4.30215627e+15    2.02621893e+36    7.18696990e+15
4.34960608e+15    2.05746952e+36    7.29128460e+15
4.39740354e+15    2.08906441e+36    7.39674769e+15
4.44554987e+15    2.12100611e+36    7.50336754e+15
4.49404635e+15    2.15329713e+36    7.61115261e+15
4.54289426e+15    2.18594001e+36    7.72011133e+15
4.59209485e+15    2.21893731e+36    7.83025223e+15
4.64164940e+15    2.25229159e+36    7.94158379e+15
4.69155919e+15    2.28600539e+36    8.05411461e+15
4.74182546e+15    2.32008129e+36    8.16785324e+15
4.79244951e+15    2.35452189e+36    8.28280832e+15
4.84343259e+15    2.38932975e+36    8.39898847e+15
4.89477597e+15    2.42450749e+36    8.51640240e+15
4.94648094e+15    2.46005774e+36    8.63505878e+15
4.99854873e+15    2.49598307e+36    8.75496636e+15
5.05098063e+15    2.53228613e+36    8.87613394e+15
5.10377791e+15    2.56896957e+36    8.99857027e+15
5.15694184e+15    2.60603603e+36    9.12228421e+15
5.21047368e+15    2.64348815e+36    9.24728462e+15
5.26437471e+15    2.68132862e+36    9.37358036e+15
5.31864619e+15    2.71956008e+36    9.50118041e+15
5.37328939e+15    2.75818524e+36    9.63009366e+15
5.42830559e+15    2.79720678e+36    9.76032913e+15
5.48369603e+15    2.83662741e+36    9.89189581e+15
5.53946201e+15    2.87644982e+36    1.00248028e+16
5.59560478e+15    2.91667676e+36    1.01590591e+16
5.65212561e+15    2.95731094e+36    1.02946738e+16
5.70902578e+15    2.99835510e+36    1.04316561e+16
