0.0001	0.0001443481359595976	1.1833279419476236e-8
0.0016721113585207378	0.002413661880947356	3.308036739609841e-6
0.0032442227170414754	0.004682977241995166	0.000012452497138092644
0.004816334075562214	0.0069522957384001065	0.000027445315745122223
0.006388445434082951	0.009221618889761158	0.00004828645191492514
0.007960556792603688	0.011490948215980127	0.00007497589261549558
0.009532668151124427	0.013760285235262569	0.00010751362834127601
0.011104779509645165	0.016029631468518702	0.00014589964336090663
0.012676890868165902	0.018298988435164348	0.00019013391796620106
0.014249002226686638	0.020568357654621824	0.0002402164347382566
0.015821113585207377	0.0228377406473209	0.0002961471688697638
0.017393224943728115	0.02510713893269969	0.0003579260942027281
0.018965336302248854	0.027376554031205598	0.0004255531817876821
0.02053744766076959	0.029645987463296226	0.0004990284026458841
0.02210955901929033	0.03191544075044029	0.0005783517214083701
0.023681670377811066	0.03418491541111857	0.0006635231001190879
0.025253781736331804	0.036454412968824804	0.0007545425008080942
0.02682589309485254	0.03872393494306662	0.0008514098815161783
0.028398004453373277	0.040993482855366456	0.0009541251977275816
0.02997011581189402	0.04326305822726248	0.0010626884010702827
0.03154222717041476	0.04553266258130954	0.0011770994419963053
0.0331143385289355	0.047802297440080035	0.001297358267926667
0.034686449887456235	0.05007196432416487	0.0014234648229655203
0.03625856124597697	0.052341664758174394	0.0015554190483277068
0.03783067260449771	0.05461140026473927	0.0016932208838830972
0.039402783963018446	0.056881172366511454	0.0018368702657939285
0.04097489532153918	0.05915098258816506	0.0019863671288877474
0.04254700668005992	0.06142083245239736	0.0021417114026688563
0.044119118038580665	0.0636907234859296	0.0023029030181732986
0.0456912293971014	0.06596065721250803	0.0024699418973962825
0.047263340755622135	0.06823063515690476	0.0026428279673895738
0.04883545211414288	0.07050065884491868	0.0028215611461456973
0.05040756347266361	0.07277072980437645	0.0030061413518491127
0.05197967483118435	0.07504084956013332	0.0031965685001848904
0.05355178618970508	0.07731101963907414	0.003392842503995482
0.055123897548225824	0.07958124157011422	0.003594963273557729
0.05669600890674656	0.08185151688120032	0.0038029307146302156
0.0582681202652673	0.08412184710031148	0.004016744732554471
0.05984023162378804	0.08639223375646003	0.004236405229890153
0.06141234298230878	0.0886626783796925	0.004461912105704001
0.06298445434082951	0.09093318249909042	0.004693265256683398
0.06455656569935025	0.09320374764777146	0.004930464576794055
0.066128677057871	0.09547437535389018	0.005173509958591445
0.06770078841639172	0.09774506715263895	0.005422401290220542
0.06927289977491247	0.10001582457424903	0.0056771384575136745
0.07084501113343321	0.10228664915299131	0.005937721346145319
0.07241712249195394	0.10455754242217734	0.0062041498362019176
0.07398923385047468	0.10682850591716023	0.006476423805339571
0.07556134520899542	0.10909954117233553	0.006754543131428297
0.07713345656751615	0.11137064972214224	0.0070385076857370455
0.07870556792603689	0.11364183310906362	0.007328317341489707
0.08027767928455763	0.11591309285862822	0.00762397196607743
0.08184979064307836	0.11818443052641074	0.007925471426190139
0.0834219020015991	0.12045584762803292	0.00823281558243627
0.08499401336011984	0.12272734572916459	0.008546004298745545
0.08656612471864057	0.12499892634552442	0.008865037432124813
0.08813823607716133	0.12727059103288102	0.009189914836933537
0.08971034743568206	0.1295423413270537	0.009520636368528419
0.0912824587942028	0.13181417878391347	0.009857201876632358
0.09285457015272354	0.13408610492938403	0.01019961120958141
0.09442668151124427	0.13635812130944253	0.010547864211895821
0.09599879286976501	0.13863022948012066	0.01090196072843722
0.09757090422828575	0.1409024309875054	0.01126190059805698
0.09914301558680648	0.14317472736774015	0.01162768366148341
0.10071512694532722	0.1454471201770254	0.011999309751634785
0.10228723830384796	0.14771961095161998	0.012376778705058706
0.10385934966236869	0.14999220125784155	0.012760090349583784
0.10543146102088943	0.15226489264206797	0.013149244515165756
0.10700357237941016	0.1545376866507379	0.013544241027697357
0.1085756837379309	0.1568105848403519	0.013945079710776066
0.11014779509645165	0.15908358876747325	0.014351760384924871
0.11171990645497237	0.16135669997872892	0.014764282869492388
0.11329201781349311	0.1636299200408105	0.01518264698066884
0.11486412917201387	0.1659032505004751	0.015606852532788037
0.1164362405305346	0.1681766929145463	0.016036899336873266
0.11800835188905534	0.17045024884991491	0.01647278720253168
0.11958046324757608	0.17272391986354027	0.016914515935651683
0.12115257460609681	0.17499770752245072	0.017362085342161045
0.12272468596461755	0.1772716133737449	0.01781549522335099
0.12429679732313828	0.17954563899459236	0.018274745379970536
0.125868908681659	0.18181978594223472	0.01873983560900689
0.12744102004017974	0.1840940557839865	0.0192107657050688
0.1290131313987005	0.186368450097236	0.019687535462108517
0.13058524275722122	0.1886429704294463	0.020170144669028563
0.13215735411574198	0.19091761836815616	0.020658593116293568
0.1337294654742627	0.19319239548098086	0.02115288058844014
0.13530157683278343	0.19546730332561327	0.021653006870369088
0.13687368819130416	0.19774234348982467	0.02215897174390901
0.13844579954982492	0.20001751755146566	0.022670774986566392
0.14001791090834564	0.20229282706846713	0.02318841637593539
0.1415900222668664	0.20456827362884125	0.023711895689773336
0.14316213362538713	0.20684385881068218	0.02424121269721417
0.14473424498390786	0.2091195842021672	0.024776367169809813
0.14630635634242858	0.21139545136155757	0.025317358875896204
0.14787846770094934	0.21367146189719935	0.025864187582688256
0.14945057905947007	0.2159476173675245	0.026416853052413636
0.15102269041799082	0.2182239193810517	0.0269753550482489
0.15259480177651158	0.22050036950638724	0.027539693330475776
0.15416691313503228	0.222776969342226	0.02810986765617781
0.15573902449355304	0.22505372047735236	0.028685877779203103
0.15731113585207376	0.22733062450064112	0.029267723454559448
0.15888324721059452	0.22960768300105838	0.029855404433458785
0.16045535856911525	0.2318848975776626	0.030448920464863197
0.16202746992763598	0.23416226981960533	0.03104827129552656
0.1635995812861567	0.23643980133613224	0.03165345667268035
0.16517169264467746	0.2387174937065841	0.03226447633696196
0.1667438040031982	0.2409953485503975	0.032881330030386374
0.16831591536171894	0.24327336746710607	0.033504017492000666
0.16988802672023967	0.24555155204634102	0.034132538460679325
0.1714601380787604	0.24782990389783244	0.03476689266810198
0.17303224943728113	0.25010842464141003	0.03540707985038616
0.17460436079580188	0.252387115867004	0.03605309973861732
0.17617647215432264	0.2546659791946461	0.03670495206158952
0.17774858351284337	0.2569450162344704	0.037362636546358914
0.1793206948713641	0.25922422860671435	0.038026152918857865
0.18089280622988482	0.2615036179117196	0.03869550090215631
0.18246491758840558	0.26378318576993304	0.03937068021822209
0.1840370289469263	0.2660629338119076	0.04005169058744005
0.18560914030544706	0.2683428636383032	0.04073853172767362
0.1871812516639678	0.27062297688988773	0.04143120335526546
0.18875336302248852	0.27290327518753793	0.042129705183463206
0.19032547438100925	0.2751837601422403	0.042834036926564796
0.19189758573953	0.27746443339509197	0.043544198295010376
0.19346969709805073	0.2797452965673019	0.04426018899836853
0.19504180845657149	0.28202635130019127	0.04498200874310975
0.1966139198150922	0.28430759921519505	0.04570965723445134
0.19818603117361294	0.2865890419538623	0.046443134177592896
0.19975814253213367	0.2888706811478577	0.047182439275135775
0.20133025389065443	0.2911525184489618	0.04792757222463718
0.20290236524917518	0.2934345554790726	0.04867853272747634
0.2044744766076959	0.29571679390020594	0.04943532048172977
0.20604658796621664	0.2979992353444968	0.05019793518013627
0.20761869932473737	0.3002818814642	0.05096637652048529
0.20919081068325812	0.3025647339016912	0.05174064419196201
0.21076292204177885	0.30484779430946796	0.05252073788576321
0.2123350334002996	0.30713106434015025	0.05330665729314725
0.2139071447588203	0.30941454565648174	0.054098402098335066
0.21547925611734106	0.31169823991133083	0.054895971993069406
0.2170513674758618	0.31398214875769104	0.0556993666563769
0.21862347883438255	0.31626627385868233	0.05650858577524447
0.22019559019290327	0.3185506168875521	0.05732362902855791
0.22176770155142403	0.32083517949767587	0.05814449609804183
0.22333981290994473	0.3231199633625582	0.05897118666347991
0.22491192426846549	0.3254049701558338	0.05980370040283515
0.2264840356269862	0.3276902015412683	0.06064203698881919
0.22805614698550697	0.3299756591927593	0.0614861960977652
0.22962825834402772	0.332261344794337	0.06233617740420313
0.23120036970254843	0.33454726001016555	0.06319198057981769
0.23277248106106918	0.33683340654454363	0.06405360529527122
0.2343445924195899	0.33911978606190557	0.06492105121842662
0.23591670377811066	0.3414064002568222	0.06579431801875017
0.2374888151366314	0.34369325082400154	0.06667340536379576
0.23906092649515215	0.3459803394382903	0.06755831291893417
0.24063303785367285	0.34826766779467416	0.06844904034608379
0.2422051492121936	0.35055523759827917	0.0693455873115052
0.24377726057071433	0.35284305053437237	0.07024795347638166
0.2453493719292351	0.3551311083083628	0.0711561385016011
0.24692148328775582	0.3574194126358025	0.07207014204682415
0.24849359464627654	0.3597079652023874	0.0729899637701077
0.2500657060047973	0.3619967677239581	0.07391560333019624
0.25163781736331803	0.3642858219065011	0.07484706038322882
0.2532099287218388	0.3665751294661492	0.07578433458447591
0.2547820400803595	0.36886469211918305	0.07672742559011639
0.25635415143888024	0.3711545115820316	0.0776763330506106
0.257926262797401	0.3734445895812733	0.0786310566206693
0.2594983741559217	0.3757349278236367	0.07959159595169253
0.26107048551444245	0.3780255280360019	0.0805579506925875
0.2626425968729632	0.38031639196540085	0.08153012049553691
0.26421470823148396	0.38260752132901865	0.08250810500730335
0.26578681959000466	0.38489891785419456	0.08349190387738407
0.2673589309485254	0.38719058328842243	0.08448151675239622
0.2689310423070462	0.38948251936935224	0.08547694327853829
0.2705031536655669	0.39177472783479045	0.08647818310216121
0.2720752650240876	0.3940672104227015	0.08748523586796346
0.27364737638260833	0.3963599688912081	0.08849810121783809
0.2752194877411291	0.3986530049885927	0.08951677879658511
0.27679159909964984	0.4009463204632981	0.09054126824792535
0.2783637104581706	0.40323991706392837	0.09157156921180781
0.2799358218166913	0.40553379656925	0.09260768133149123
0.28150793317521206	0.4078279607181926	0.09364960424639
0.2830800445337328	0.4101224112898498	0.09469733759700254
0.28465215589225357	0.4124171500434804	0.09575088102347913
0.28622426725077427	0.41471217875850913	0.09681023416363377
0.28779637860929497	0.41700749918452745	0.09787539665729478
0.2893684899678157	0.4193031131312948	0.09894636814168936
0.2909406013263365	0.4215990223487392	0.1000231482529805
0.2925127126848572	0.42389522862695844	0.10110573663131905
0.29408482404337793	0.42619173376622055	0.10219413291008832
0.2956569354018987	0.4284885395269655	0.10328833672701168
0.29722904676041945	0.4307856477198051	0.1043883477219919
0.29880115811894015	0.43308306013552494	0.10549416552300304
0.3003732694774609	0.4353807785650846	0.10660578976963941
0.30194538083598166	0.43767880481961885	0.10772322009787837
0.3035174921945024	0.43997714069043853	0.10884645613764707
0.30508960355302317	0.44227578798903144	0.10997549753095393
0.3066617149115438	0.44457474852706336	0.11111034391071566
0.30823382627006457	0.4468740241163788	0.1122509949011953
0.3098059376285853	0.449173616579002	0.11339745015223873
0.3113780489871061	0.451473527727138	0.11454970927871476
0.3129501603456268	0.4537737593731733	0.11570777193621606
0.31452227170414754	0.45607431336967696	0.11687163774245288
0.3160943830626683	0.4583751915194014	0.11804130633503006
0.31766649442118905	0.4606763956752834	0.1192167773448522
0.31923860577970975	0.462977927660445	0.12039805042149106
0.3208107171382305	0.4652797893181944	0.12158512518122717
0.32238282849675126	0.467581982502027	0.12277800125453306
0.32395493985527196	0.469884509035626	0.12397667830096955
0.32552705121379266	0.4721873707928638	0.12518115592536014
0.3270991625723134	0.47449056960780234	0.1263914337804784
0.3286712739308342	0.47679410735469463	0.127607511501875
0.33024338528935493	0.47909798587798513	0.12882938871686914
0.3318154966478757	0.48140220705231096	0.13005706505691253
0.3333876080063964	0.48370677273250295	0.13129054016869568
0.33495971936491714	0.4860116848135861	0.1325298136758728
0.3365318307234379	0.48831694514078094	0.1337748852221155
0.33810394208195865	0.4906225556095042	0.13502575444314852
0.33967605344047935	0.49292851810536975	0.13628242097370952
0.34124816479900005	0.49523483450418976	0.13754488446624058
0.3428202761575208	0.49754150670197533	0.13881314453549834
0.34439238751604156	0.4998485365849374	0.14008720082725182
0.34596449887456227	0.5021559260494879	0.1413670529833762
0.347536610233083	0.5044636770022406	0.14265270065174257
0.3491087215916038	0.5067717913500118	0.1439441434628306
0.35068083295012453	0.5090802709898214	0.1452413810605268
0.3522529443086453	0.5113891178388942	0.14654441308227376
0.353825055667166	0.5136983338146599	0.14785323917208926
0.35539716702568674	0.516007920844755	0.14916785898061652
0.3569692783842075	0.5183178808370231	0.1504882721454686
0.3585413897427282	0.5206282157295161	0.1518144783099321
0.3601135011012489	0.5229389274504949	0.1531464771173274
0.36168561245976966	0.5252500179384305	0.1544842682244385
0.3632577238182904	0.5275614891320047	0.15582785127610072
0.36482983517681117	0.5298733429701117	0.1571772259112607
0.36640194653533187	0.5321855814018578	0.1585323917807769
0.3679740578938526	0.5344982063765633	0.15989334854988985
0.3695461692523734	0.5368112198637632	0.16126009585809586
0.37111828061089414	0.539124623813208	0.16263263336329334
0.37269039196941484	0.5414384201848645	0.16401096071339105
0.3742625033279356	0.5437526109489171	0.16539507756874608
0.3758346146864563	0.5460671980857683	0.16678498357752697
0.37740672604497705	0.5483821835660398	0.1681806784060954
0.3789788374034978	0.5506975693805736	0.1695821617189789
0.3805509487620185	0.5530133575004325	0.17098943316151927
0.38212306012053926	0.5553295499169013	0.17240249240073363
0.38369517147906	0.5576461486314878	0.17382133910183292
0.38526728283758077	0.5599631556359234	0.17524597292336086
0.38683939419610147	0.5622805729421643	0.17667639354175982
0.3884115055546222	0.5645984025423924	0.17811260062086748
0.389983616913143	0.5669166464690159	0.17955459382114777
0.39155572827166374	0.5692353067146703	0.18100237283009277
0.3931278396301844	0.57155438532222	0.18245593730090118
0.39469995098870514	0.5738738842947584	0.18391528691755496
0.3962720623472259	0.5761938056756087	0.18538042135599803
0.39784417370574665	0.5785141514983259	0.1868513402906652
0.39941628506426735	0.5808349237966964	0.1883280433961919
0.4009883964227881	0.5831561246147399	0.18981053036859039
0.40256050778130886	0.5854777560067095	0.19129880087564616
0.4041326191398296	0.5877998200170936	0.19279285462069362
0.4057047304983504	0.590122318710616	0.19429269126203869
0.4072768418568711	0.592445254142237	0.19579831051739316
0.40884895321539183	0.5947686283771545	0.1973097120613443
0.41042106457391253	0.5970924435008047	0.19882689559452763
0.4119931759324333	0.5994167015788634	0.20034986080333794
0.413565287290954	0.6017414046872462	0.20187860739513194
0.41513739864947474	0.6040665549221103	0.20341313506047237
0.4167095100079955	0.6063921543798546	0.20495344350824882
0.41828162136651625	0.608718205137121	0.20649953243711974
0.41985373272503695	0.6110447093107956	0.20805140155662308
0.4214258440835577	0.613371668998009	0.20960905058076915
0.42299795544207847	0.6156990863161375	0.21117247921344595
0.4245700668005992	0.6180269633728042	0.21274168716066819
0.4261421781591199	0.6203553023058795	0.21431667416528935
0.4277142895176406	0.6226841052234826	0.2158974399140602
0.4292864008761614	0.6250133742539817	0.2174839841556885
0.43085851223468213	0.6273431115559955	0.21907630659859023
0.4324306235932029	0.6296733192483936	0.22067440697723584
0.4340027349517236	0.6320039994902982	0.2222782850181516
0.43557484631024435	0.6343351544310837	0.22388794045275176
0.4371469576687651	0.6366667862303792	0.22550337301717177
0.43871906902728586	0.6389988970480684	0.22712458244722017
0.44029118038580656	0.6413314890442904	0.22875156848973222
0.4418632917443273	0.6436645644094412	0.2303843308900282
0.44343540310284807	0.6459981253041746	0.23202286938476607
0.44500751446136877	0.6483321739194022	0.23366718373488693
0.44657962581988947	0.6506667124562957	0.23531727368410796
0.4481517371784102	0.6530017430862867	0.23697313900567546
0.449723848536931	0.655337268031068	0.2386347794376713
0.45129595989545174	0.6576732894925945	0.24030219475686326
0.45286807125397244	0.6600098097030844	0.2419753847297858
0.4544401826124932	0.6623468308150194	0.2436543491242138
0.45601229397101395	0.6646843550911463	0.24533908771245705
0.4575844053295347	0.6670223847644776	0.2470296002683812
0.45915651668805546	0.6693609220682925	0.2487258865754682
0.46072862804657616	0.6716999692261374	0.25042794642455257
0.46230073940509686	0.6740395285118277	0.25213577958526334
0.4638728507636176	0.6763796021494478	0.2538493858697592
0.4654449621221384	0.6787201924133526	0.25556876505345927
0.4670170734806591	0.681061301558168	0.2572939169445742
0.46858918483917983	0.6834029318587923	0.25902484135365084
0.4701612961977006	0.6857450855903963	0.2607615380724188
0.47173340755622134	0.6880877650184252	0.26250400692389075
0.47330551891474204	0.6904309724585987	0.26425224770962064
0.4748776302732628	0.6927747101769125	0.266006260255248
0.47644974163178355	0.6951189804896388	0.2677660443848779
0.4780218529903043	0.6974637856933272	0.26953159992265896
0.47959396434882506	0.699809128104806	0.2713029266965099
0.4811660757073457	0.7021550100311826	0.2730800245432824
0.48273818706586646	0.7045014338098451	0.2748628933083967
0.4843102984243872	0.706848401758462	0.27665153283491967
0.485882409782908	0.7091959162249847	0.2784459429599028
0.4874545211414287	0.711543979537647	0.2802461235424833
0.48902663249994943	0.7138925940549669	0.28205207444631797
0.4905987438584702	0.716241762135747	0.28386379553208657
0.49217085521699094	0.7185914861290756	0.2856812866521348
0.49374296657551164	0.7209417684043278	0.2875045476923809
0.4953150779340324	0.723292611351166	0.28933357852795416
0.4968871892925531	0.7256440173395409	0.2911683790315003
0.49845930065107386	0.7279959887496927	0.29300894909311054
0.5000314120095946	0.730348527992152	0.2948552882895067
0.5016035233681153	0.7327016374477402	0.2967073971353167
0.5031756347266361	0.7350553195475705	0.29856527523595294
0.5047477460851568	0.7374095766830497	0.30042892247999353
0.5063198574436776	0.7397644112958778	0.30229833879615764
0.5078919688021982	0.7421198257980499	0.30417352408073256
0.509464080160719	0.7444758226218564	0.30605447827668686
0.5110361915192397	0.7468324042198846	0.30794120129462077
0.5126083028777605	0.7491895730350191	0.3098336930639688
0.5141804142362812	0.7515473315204426	0.31173195354337346
0.515752525594802	0.7539056821396372	0.3136359826642142
0.5173246369533228	0.7562646273663852	0.315545780368342
0.5188967483118434	0.75862416967477	0.31746134661856873
0.5204688596703643	0.7609843115391767	0.31938268138110404
0.5220409710288849	0.7633450554542933	0.3213097846196966
0.5236130823874056	0.7657064039251118	0.32324265628850396
0.5251851937459264	0.7680683594369283	0.3251812963895939
0.5267573051044471	0.770430924525345	0.32712570490003323
0.5283294164629679	0.7727941016962703	0.32907588180888697
0.5299015278214886	0.7751578934759199	0.3310318271067517
0.5314736391800093	0.7775223024008175	0.3329935407981176
0.5330457505385301	0.7798873310077966	0.33496102289323554
0.5346178618970509	0.782252981844	0.33693427340990023
0.5361899732555716	0.7846192574768819	0.33891329237167905
0.5377620846140924	0.7869861604642081	0.34089807980603704
0.539334195972613	0.7893536933640571	0.34288863574103645
0.5409063073311338	0.7917218587748214	0.34488496021750426
0.5424784186896545	0.7940906592752074	0.34688705329443076
0.5440505300481752	0.7964600974442374	0.34889491500380093
0.545622641406696	0.7988301759112498	0.350908545442836
0.5471947527652167	0.8012008972559002	0.352927944638238
0.5487668641237375	0.8035722641181624	0.3549531127020905
0.5503389754822582	0.8059442791183292	0.3569840496920047
0.5519110868407789	0.808316944887013	0.3590207557113392
0.5534831981992997	0.8106902640551475	0.3610632308437327
0.5550553095578205	0.8130642392839876	0.3631114752020046
0.5566274209163412	0.815438873225111	0.3651654888926152
0.5581995322748619	0.817814168540419	0.3672252720356599
0.5597716436333826	0.8201901279121369	0.3692908247623831
0.5613437549919034	0.8225667540128155	0.3713621472005114
0.5629158663504241	0.8249440495353317	0.3734392394898586
0.5644879777089448	0.8273220171828897	0.3755221017782143
0.5660600890674656	0.8297006596490208	0.3776107342253874
0.5676322004259863	0.8320799796475862	0.3797051369965967
0.5692043117845071	0.8344599799127761	0.3818053102556365
0.5707764231430278	0.8368406631691115	0.3839112541928571
0.5723485345015485	0.8392220321614452	0.38602296899063393
0.5739206458600693	0.8416040896249617	0.3881404548459552
0.57549275721859	0.8439868383251794	0.39026371196627907
0.5770648685771107	0.8463702810279509	0.3923927405560828
0.5786369799356315	0.8487544205094631	0.394527540847023
0.5802090912941522	0.8511392595362398	0.3966681130612997
0.581781202652673	0.853524800915141	0.398814457436956
0.5833533140111937	0.8559110474433649	0.40096657422150345
0.5849254253697144	0.8582980019284476	0.4031244636632235
0.5864975367282352	0.8606856671882656	0.4052881260437585
0.5880696480867559	0.8630740460410351	0.40745756162563007
0.5896417594452767	0.865463141335314	0.40963277068937326
0.5912138708037974	0.867852955910002	0.41181375352536587
0.592785982162318	0.8702434926143423	0.41400051043859953
0.5943580935208389	0.8726347543279216	0.4161930417348604
0.5959302048793595	0.8750267439006717	0.41839134772816294
0.5975023162378803	0.87741946422287	0.4205954287522368
0.5990744275964011	0.8798129181851404	0.4228052851354863
0.6006465389549218	0.8822071086984548	0.42502091723857005
0.6022186503134426	0.8846020386541326	0.42724232540647483
0.6037907616719633	0.8869977109838433	0.42946951000682504
0.605362873030484	0.8893941286096058	0.4317024714227581
0.6069349843890048	0.8917912944637908	0.433941210027403
0.6085070957475255	0.89418921150912	0.4361857262209603
0.6100792071060464	0.896587882688669	0.43843602041334506
0.611651318464567	0.8989873109758656	0.4406920930106392
0.6132234298230876	0.9013874993544937	0.44295394445218883
0.6147955411816085	0.9037884507886915	0.44522157516845984
0.6163676525401292	0.9061901683029541	0.4474949855971638
0.6179397638986499	0.9085926548821334	0.44977417619841326
0.6195118752571707	0.9109959135514398	0.45205914745079034
0.6210839866156914	0.9133999473364424	0.4543498998262317
0.6226560979742122	0.9158047592630698	0.4566464337994835
0.6242282093327329	0.9182103523976122	0.45894874988717166
0.6258003206912536	0.9206167297767205	0.46125684860471955
0.6273724320497744	0.9230238944874083	0.4635707304536908
0.6289445434082951	0.925431849587053	0.46589039597678544
0.6305166547668158	0.9278405981833959	0.46821584572379754
0.6320887661253366	0.9302501433545431	0.47054708024362546
0.6336608774838572	0.932660488218967	0.47288410009352766
0.6352329888423781	0.9350716358955069	0.4752269058707177
0.6368051002008988	0.9374835895133699	0.47757549815880823
0.6383772115594195	0.9398963522121312	0.4799298775522003
0.6399493229179403	0.9423099271517361	0.482290044673256
0.641521434276461	0.9447243174724997	0.4846560001425997
0.6430935456349818	0.9471395263751088	0.48702774459995907
0.6446656569935025	0.9495555570106221	0.4894052786824448
0.6462377683520232	0.951972412610471	0.4917886030670839
0.6478098797105439	0.9543900963464614	0.4941777184221645
0.6493819910690647	0.9568086114607732	0.4965726254399061
0.6509541024275853	0.9592279611559623	0.4989733248050231
0.6525262137861062	0.9616481487049613	0.5013798172386393
0.6540983251446268	0.9640691773210792	0.5037921034728787
0.6556704365031477	0.9664910502980042	0.5062101842254649
0.6572425478616684	0.9689137708898032	0.5086340602574431
0.6588146592201891	0.971337342380923	0.5110637323352601
0.6603867705787099	0.973761768076191	0.5134992012243363
0.6619588819372306	0.9761870512808166	0.5159404677213123
0.6635309932957514	0.9786131953103918	0.5183875326303803
0.665103104654272	0.9810402035008919	0.5208403967636291
0.6666752160127928	0.9834680791886763	0.5232990609520644
0.6682473273713135	0.9858968257404898	0.5257635260466607
0.6698194387298343	0.9883264465034629	0.5282337928887528
0.6713915500883549	0.9907569448751133	0.5307098623651679
0.6729636614468758	0.9931883242333465	0.5331917353459686
0.6745357728053964	0.9956205879964564	0.5356794127459337
0.6761078841639173	0.9980537395631262	0.5381728954598372
0.677679995522438	1.0004877823624296	0.5406721844427329
0.6792521068809587	1.0029227198438322	0.5431772806098005
0.6808242182394795	1.0053585554471902	0.5456881849318819
0.6823963295980001	1.007795292652754	0.5482048983821854
0.683968440956521	1.0102329349211672	0.5507274219407623
0.6855405523150416	1.0126714857534682	0.5532557566167459
0.6871126636735624	1.015110948641091	0.5557899034183728
0.6886847750320831	1.0175513271058656	0.5583298633854216
0.6902568863906039	1.0199926246800195	0.5608756375641057
0.6918289977491245	1.0224348448961784	0.5634272270013434
0.6934011091076454	1.0248779913173667	0.5659846328007648
0.694973220466166	1.0273220674970087	0.5685478560384494
0.6965453318246869	1.0297670770289298	0.5711168978264526
0.6981174431832076	1.0322130234973557	0.5736917592891387
0.6996895545417282	1.0346599105069156	0.576272441577099
0.7012616659002491	1.037107741682642	0.5788589458430838
0.7028337772587697	1.0395565206499704	0.5814512732648257
0.7044058886172906	1.042006251074742	0.5840494250248326
0.7059779999758112	1.0444569365932044	0.5866534023305042
0.707550111334332	1.0469085808920102	0.5892632064093136
0.7091222226928527	1.049361187658221	0.5918788384995213
0.7106943340513735	1.0518147605993058	0.5945002998684297
0.7122664454098941	1.0542693034131436	0.5971275917804325
0.713838556768415	1.0567248198380226	0.5997607155214619
0.7154106681269357	1.0591813136226427	0.6023996724159317
0.7169827794854564	1.0616387885161152	0.6050444637782592
0.7185548908439772	1.0640972482979636	0.6076950909615433
0.7201270022024978	1.0665566967481257	0.610351555316728
0.7216991135610187	1.0690171376669528	0.6130138582391599
0.7232712249195393	1.0714785748652118	0.615682001116079
0.7248433362780601	1.0739410121940856	0.6183559853617417
0.7264154476365808	1.0764044534551738	0.6210358124145794
0.7279875589951016	1.0788689025004934	0.6237214837241282
0.7295596703536223	1.0813343633124806	0.6264130007689166
0.7311317817121431	1.0838008396739904	0.629110365029814
0.7327038930706637	1.0862683354682987	0.6318135780219387
0.7342760044291845	1.088736854779101	0.6345226412637086
0.7358481157877053	1.0912064012905167	0.6372375563142323
0.737420227146226	1.0936769791870868	0.6399583247359981
0.7389923385047468	1.0961485922537755	0.6426849481173943
0.7405644498632674	1.0986212445759724	0.6454174280535334
0.7421365612217883	1.1010949401394916	0.6481557661791759
0.7437086725803089	1.1035696828305743	0.650899964130067
0.7452807839388297	1.1060454768358874	0.6536500235789104
0.7468528952973504	1.1085223262425263	0.6564059462093161
0.7484250066558712	1.1110002348380152	0.6591677337256743
0.749997118014392	1.113479206910307	0.6619353878508584
0.7515692293729126	1.1159592465477857	0.6647089103472446
0.7531413407314334	1.1184403578392659	0.6674883029570038
0.7547134520899541	1.1209225447739946	0.6702735674818011
0.7562855634484749	1.1234058116416512	0.6730647057330554
0.7578576748069956	1.1258901625323492	0.6758617195433861
0.7594297861655164	1.1283756016366355	0.6786646107520927
0.761001897524037	1.1308621331454942	0.6814733812510341
0.7625740088825579	1.1333497612503434	0.6842880329206255
0.7641461202410785	1.1358384901430398	0.6871085676793734
0.7657182315995993	1.138328324115877	0.689934987479724
0.76729034295812	1.1408192674615876	0.6927672942688423
0.7688624543166407	1.1433113242733435	0.6956054900371457
0.7704345656751616	1.1458044990447567	0.698449576783707
0.7720066770336822	1.1482987959698807	0.7012995565487558
0.773578788392203	1.150794219443211	0.7041554313898867
0.7751508997507237	1.1532907737596854	0.707017203355637
0.7767230111092445	1.155788463214685	0.7098848745768738
0.7782951224677651	1.158287292304037	0.7127584471582803
0.779867233826286	1.1607872653240117	0.7156379232403628
0.7814393451848066	1.1632883867713266	0.7185233050101604
0.7830114565433275	1.165790661043146	0.7214145946480118
0.7845835679018481	1.1682940926370817	0.7243117943693549
0.7861556792603688	1.1707986859511943	0.7272149064232019
0.7877277906188896	1.1733044453839931	0.7301239330774139
0.7892999019774103	1.1758113756344386	0.7330388766207825
0.7908720133359312	1.1783194811019415	0.7359597393676326
0.7924441246944518	1.1808287663863641	0.7388865236501168
0.7940162360529726	1.183339235988022	0.7418192318537589
0.7955883474114933	1.1858508946076842	0.7447578663462033
0.7971604587700141	1.188363746646573	0.7477024295651123
0.7987325701285347	1.190877796906367	0.7506529239494241
0.8003046814870556	1.1933930498892	0.7536093519557332
0.8018767928455762	1.1959095102976625	0.7565717160931861
0.803448904204097	1.1984271828348028	0.7595400188696633
0.8050210155626177	1.200946072204127	0.7625142628520064
0.8065931269211384	1.203466183009601	0.7654944505895591
0.8081652382796592	1.20598752015565	0.7684805847004473
0.8097373496381799	1.2085100882471604	0.7714726678131814
0.8113094609967008	1.2110338921894797	0.7744707025775196
0.8128815723552214	1.2135589366884185	0.777474691679764
0.8144536837137422	1.21608522655025	0.7804846378309609
0.8160257950722629	1.218612766681711	0.7835005437703352
0.8175979064307837	1.221141561790004	0.7865224122647028
0.8191700177893043	1.2236716169827968	0.7895502461071088
0.8207421291478251	1.226202936968223	0.7925840481147283
0.8223142405063458	1.228735526754884	0.7956238211588557
0.8238863518648666	1.231269391151849	0.7986695681094036
0.8254584632233873	1.2338045353686562	0.8017212918770654
0.827030574581908	1.2363409641153127	0.8047789954135628
0.8286026859404289	1.2388786826022973	0.8078426816700212
0.8301747972989495	1.2414176957405583	0.8109123536552454
0.8317469086574704	1.2439580085415178	0.8139880144045779
0.833319020015991	1.2464996262170691	0.8170696669673904
0.8348911313745118	1.2490425537795797	0.8201573144473683
0.8364632427330325	1.251586796341892	0.8232509599482059
0.8380353540915532	1.254132359017323	0.8263506066331647
0.8396074654500739	1.2566792470196657	0.8294562576830028
0.8411795768085947	1.2592274654631899	0.8325679163152814
0.8427516881671154	1.2617770195626428	0.8356855857730023
0.8443237995256362	1.2643279145332507	0.8388092693295889
0.8458959108841569	1.2668801556907179	0.8419389703137776
0.8474680222426776	1.2694337482512295	0.8450746920399447
0.8490401336011985	1.2719886975314512	0.8482164379016042
0.8506122449597191	1.2745450088485295	0.851364211300094
0.8521843563182399	1.2771026875200941	0.854518015679984
0.8537564676767606	1.2796617389642573	0.8576778545099454
0.8553285790352813	1.2822221684996151	0.8608437312969638
0.8569006903938021	1.2847839815452486	0.8640156495916459
0.8584728017523228	1.2873471836207242	0.8671936129633726
0.8600449131108435	1.289911780146094	0.870377625010387
0.8616170244693643	1.292477776541898	0.8735676893954724
0.863189135827885	1.295045178329163	0.8767638097781079
0.8647612471864058	1.297613991129405	0.8799659898922019
0.8663333585449265	1.3001842204646292	0.8831742334672517
0.8679054699034472	1.3027558719573304	0.8863885442983152
0.8694775812619681	1.3053289510304955	0.8896089261987421
0.8710496926204887	1.3079034636076017	0.8928353830337381
0.8726218039790093	1.3104794151126193	0.896067918675283
0.8741939153375302	1.3130568113700118	0.8993065370836292
0.8757660266960509	1.3156356580047366	0.9025512421922736
0.8773381380545717	1.3182159607422457	0.9058020380191545
0.8789102494130924	1.3207977255084866	0.9090589286015648
0.8804823607716131	1.3233809579299036	0.9123219180201048
0.8820544721301339	1.3259656639334376	0.9155910103823555
0.8836265834886546	1.3285518492465271	0.9188662098493244
0.8851986948471754	1.33113951979711	0.922147520612578
0.8867708062056961	1.333728681513623	0.92543494689068
0.8883429175642168	1.3363193402250029	0.928728492970657
0.8899150289227375	1.3389115020606872	0.9320281631439851
0.8914871402812583	1.3415051728506158	0.935333961764385
0.893059251639779	1.34410035862523	0.9386458932274276
0.8946313629982998	1.3466970654154755	0.9419639619509704
0.8962034743568205	1.3492952993528011	0.9452881724085871
0.8977755857153413	1.3518950665691603	0.9486185291110933
0.899347697073862	1.354496372997012	0.9519550366050438
0.9009198084323827	1.357099224869322	0.9552976994819504
0.9024919197909035	1.3597036284195625	0.9586465223702932
0.9040640311494242	1.3623095898817132	0.9620015099530804
0.9056361425079449	1.364917115390263	0.9653626669519587
0.9072082538664656	1.3675262112802093	0.9687299981120584
0.9087803652249864	1.3701368837870598	0.9721035082456095
0.9103524765835072	1.3727491392468334	0.9754832021997104
0.9119245879420279	1.3753629839960593	0.9788690848585682
0.9134966993005486	1.37797842457178	0.9822611611524669
0.9150688106590694	1.3805954672115508	0.985659436058965
0.9166409220175901	1.3832141184534403	0.989063914607697
0.9182130333761109	1.385834384736032	0.9924746018598231
0.9197851447346316	1.3884562724984242	0.9958915029259117
0.9213572560931523	1.3910797884802315	0.9993146229577364
0.9229293674516731	1.3937049390215848	1.002743967163075
0.9245014788101937	1.3963317308631331	1.0061795407935064
0.9260735901687145	1.398960170646043	1.0096213491276844
0.9276457015272352	1.4015902650120007	1.0130693975318812
0.929217812885756	1.404222020603211	1.016523691373508
0.9307899242442768	1.4068554441623997	1.0199842361046976
0.9323620356027975	1.4094905425328141	1.0234510371950487
0.9339341469613182	1.4121273223582227	1.0269241001854281
0.935506258319839	1.4147657906829172	1.0304034306517638
0.9370783696783597	1.4174059541517119	1.0338890342282006
0.9386504810368805	1.4200478198099455	1.0373809165881442
0.9402225923954012	1.4226913945034823	1.040879083451078
0.9417947037539218	1.4253366852787108	1.0443835406149278
0.9433668151124427	1.4279836989825465	1.0478942938893177
0.9449389264709633	1.4306324428624317	1.0514113491634862
0.9465110378294841	1.4332829237663365	1.0549347123609825
0.9480831491880048	1.4359351489427596	1.0584643894658312
0.9496552605465256	1.4385891254407281	1.0620003865630951
0.9512273719050464	1.4412448605098	1.0655427095783072
0.9527994832635671	1.443902361300063	1.0690913648488924
0.9543715946220878	1.4465616350621369	1.072646358364519
0.9559437059806086	1.4492226890471729	1.0762076966151932
0.9575158173391293	1.4518855306068554	1.079775385692218
0.9590879286976501	1.454550167193402	1.0833494319895505
0.9606600400561708	1.4572166059595646	1.0869298420012126
0.9622321514146914	1.45988485455863	1.0905166220241573
0.9638042627732123	1.4625549203444204	1.0941097787537435
0.9653763741317329	1.4652268107712947	1.097709318691025
0.9669484854902537	1.4679005334941486	1.101315248436926
0.9685205968487745	1.4705760959684158	1.1049275746915237
0.9700927082072952	1.473253505850068	1.108546304258901
0.971664819565816	1.4759327708956165	1.112171443745538
0.9732369309243367	1.478613898662112	1.1158030002549482
0.9748090422828574	1.4812968970071467	1.1194409805978556
0.9763811536413782	1.4839817734888527	1.1230853916831405
0.9779532649998989	1.4866685361659053	1.1267362406223247
0.9795253763584195	1.489357192797522	1.130393534526183
0.9810974877169404	1.4920477511434638	1.1340572804115923
0.982669599075461	1.494740219264035	1.1377274856924142
0.9842417104339819	1.4974346051200864	1.1414041574877944
0.9858138217925025	1.5001309167730124	1.145087303216969
0.9873859331510233	1.5028291621847547	1.1487769301999582
0.988958044509544	1.5055293494178017	1.1524730459591834
0.9905301558680648	1.5082314867351891	1.1561756579191973
0.9921022672265856	1.5109355823005008	1.1598847738070333
0.9936743785851062	1.5136416441778702	1.1636004012477312
0.995246489943627	1.5163496808319796	1.1673225478733418
0.9968186013021477	1.519059700428062	1.171051221513374
0.9983907126606685	1.5217717114319014	1.1747864300006876
0.9999628240191891	1.5244857221098334	1.1785281812706745
1.0015349353777099	1.5272017410287462	1.182276483258428
1.0031070467362306	1.5299197765560808	1.1860313440028705
1.0046791580947514	1.5326398372598318	1.1897927715437633
1.0062512694532721	1.5353619318085485	1.1935607742212218
1.007823380811793	1.5380860686713353	1.197335360181984
1.0093954921703137	1.5408122566178524	1.2011165628675307
1.0109676035288344	1.543540504318316	1.204904340728008
1.0125397148873552	1.5462708205434996	1.2086987270108087
1.014111826245876	1.5490032140647354	1.212499730267657
1.0156839376043965	1.5517376937539125	1.2163073590494662
1.0172560489629174	1.5544742684834802	1.220121622112706
1.018828160321438	1.5572129472264475	1.2239425281146394
1.0204002716799587	1.5599537390563833	1.227770085910473
1.0219723830384795	1.5626966528474189	1.231604304363729
1.0235444943970002	1.5654416977742458	1.235445192434628
1.025116605755521	1.5681888829121187	1.2392927590892344
1.0266887171140417	1.570938217636856	1.243147013491628
1.0282608284725625	1.573689710924839	1.2470079648116352
1.0298329398310833	1.5764433722530138	1.2508756224185464
1.031405051189604	1.5791992108988917	1.2547499953850827
1.0329771625481246	1.5819572362405498	1.2586310932853524
1.0345492739066455	1.5847174577566314	1.2625189255946814
1.0361213852651663	1.5874798849263474	1.266413501892861
1.0376934966236868	1.5902445272294756	1.2703148318590323
1.0392656079822076	1.5930113942463628	1.274222924975601
1.0408377193407286	1.5957805203579247	1.278137791327089
1.042409830699249	1.5985518662456468	1.2820594407012023
1.0439819420577698	1.6013254659915845	1.2859878829842382
1.0455540534162906	1.6041013293783648	1.289923128369247
1.0471261647748111	1.6068794663891857	1.2938651867476731
1.048698276133332	1.609659886807818	1.297814068614456
1.0502703874918529	1.6124426007186052	1.301769784067614
1.0518424988503736	1.6152276181064644	1.3057323436062802
1.0534146102088942	1.618014949056887	1.3097017575304803
1.0549867215674151	1.6208046036559387	1.3136780365457699
1.0565588329259359	1.6235965921902613	1.3176611912566547
1.0581309442844564	1.6263909248470723	1.3216512322717338
1.0597030556429772	1.6291876120141664	1.325648170601023
1.0612751670014982	1.6319866638799148	1.3296520169575354
1.0628472783600187	1.634788091133268	1.3336627824556189
1.0644193897185394	1.6375919040637539	1.3376804781126825
1.0659915010770602	1.6403981133614802	1.3417051151476302
1.0675636124355807	1.6432067294171346	1.3457367046810669
1.0691357237941017	1.6460177631219854	1.349775258238685
1.0707078351526225	1.6488312251678812	1.3538207871444876
1.0722799465111432	1.6516471262472534	1.357873303029855
1.0738520578696638	1.6544654771531153	1.3619328174221037
1.0754241692281847	1.657286288979063	1.3659993421571952
1.0769962805867055	1.6601095726192765	1.3700728889695897
1.078568391945226	1.66293533916852	1.3741534697961344
1.0801405033037468	1.6657635996221427	1.3782410966782936
1.0817126146622675	1.6685943651760788	1.3823357816576616
1.0832847260207883	1.6714276470268492	1.3864375370802915
1.084856837379309	1.6742634565715608	1.3905463750925906
1.0864289487378298	1.6771018052079085	1.3946623083453171
1.0880010600963503	1.6799427041341741	1.3987853490906892
1.0895731714548713	1.6827861650492293	1.4029155100820447
1.091145282813392	1.6856321993525336	1.4070528039788277
1.0927173941719128	1.688480818844137	1.4111972436378577
1.0942895055304334	1.6913320351246797	1.4153488420233535
1.0958616168889543	1.694185859995392	1.4195076119983634
1.097433728247475	1.6970423051580972	1.4236735669319596
1.0990058396059956	1.6999013827152096	1.4278467199908258
1.1005779509645164	1.7027631044697364	1.432027084350296
1.1021500623230371	1.7056274825252786	1.4362146736819361
1.103722173681558	1.7084945290860305	1.4404095014659901
1.1052942850400787	1.7113642562567808	1.4446115814791545
1.1068663963985994	1.7142366762429138	1.44882092730669
1.10843850775712	1.7171118014504094	1.453037521931504
1.110010619115641	1.7199896442858433	1.4572614410414948
1.1115827304741617	1.7228702171563883	1.461492668225714
1.1131548418326824	1.725753532769815	1.4657312175799042
1.114726953191203	1.7286396035344913	1.4699771034969193
1.1162990645497237	1.7315284423593837	1.4742303404739057
1.1178711759082447	1.7344200619540588	1.478490943113791
1.1194432872667652	1.737314475128682	1.4827589262189276
1.121015398625286	1.740211694894019	1.4870343043952272
1.1225875099838067	1.7431117341614366	1.49131709275243
1.1241596213423275	1.7460146061429038	1.495607306399453
1.1257317327008483	1.7489203239509905	1.499904960451288
1.127303844059369	1.7518289008988692	1.504210070225738
1.1288759554178895	1.7547403503003167	1.508522651241899
1.1304480667764105	1.7576546854697124	1.5128427190205682
1.1320201781349313	1.7605719200220407	1.5171702892886527
1.133592289493452	1.7634920674728902	1.5215053778722807
1.1351644008519726	1.7664151415384552	1.52584800060258
1.1367365122104933	1.7693411560355365	1.5301982382111892
1.1383086235690143	1.7722701245815404	1.534555913437118
1.1398807349275348	1.7752020612944814	1.538921251717237
1.1414528462860556	1.7781369801929807	1.5432941777937947
1.1430249576445763	1.781074895196268	1.5476747162104685
1.144597069003097	1.7840158206241823	1.5520628873162259
1.1461691803616179	1.7869597706971707	1.5564587080590289
1.1477412917201386	1.7899067598362912	1.5608621954934032
1.1493134030786591	1.792856802363212	1.5652733668753847
1.15088551443718	1.795809913000212	1.569692239262767
1.1524576257957009	1.7987661061701816	1.574118830416076
1.1540297371542214	1.8017253967966231	1.5785531576020708
1.1556018485127422	1.8046877996036517	1.5829952388871409
1.157173959871263	1.8076533295159953	1.587445091841566
1.158746071229784	1.8106220014589958	1.5919027346396275
1.1603181825883044	1.813593830758609	1.5963681855560916
1.1618902939468252	1.8165688323414053	1.6008414671698865
1.163462405305346	1.819547021634571	1.605322589965279
1.1650345166638667	1.8225284140659077	1.6098115761245237
1.1666066280223875	1.8255130250638327	1.614308444437672
1.1681787393809082	1.8285008557573812	1.6188132139952793
1.1697508507394287	1.8314919510762047	1.6233258685908865
1.1713229620979495	1.8344863121505735	1.6278464965220358
1.1728950734564705	1.8374839548113755	1.6323750832893753
1.174467184814991	1.8404848949901185	1.636911648494116
1.1760392961735118	1.8434891489189282	1.641456211742801
1.1776114075320325	1.846496732630552	1.6460087930474494
1.1791835188905535	1.849507619958356	1.650569396016834
1.180755630249074	1.8525219116363287	1.6551380736678034
1.1823277416075948	1.855539582399079	1.6597148300190383
1.1838998529661156	1.858560648881839	1.6642997016907093
1.185471964324636	1.8615851279204618	1.6688926769076118
1.187044075683157	1.8646130492514246	1.6734937929998446
1.1886161870416778	1.8676444038118278	1.6781030708955575
1.1901882984001984	1.8706792218393955	1.682720531828769
1.191760409758719	1.8737175204724767	1.6873461971386943
1.19333252111724	1.8767593169500452	1.691980088662885
1.1949046324757606	1.8798046287117003	1.6966222278456768
1.1964767438342814	1.8828534732976674	1.7012726368354951
1.1980488551928021	1.8859058684487986	1.7059313376793965
1.199620966551323	1.888961831906572	1.7105983526320472
1.2011930779098436	1.8920213814130942	1.7152737043478714
1.2027651892683644	1.8950845352110997	1.719957415287804
1.2043373006268852	1.8981513112439508	1.7246495085139841
1.2059094119854057	1.9012217278556391	1.7293500068922918
1.2074815233439267	1.9042958033907857	1.7340589338900123
1.2090536347024474	1.9073735563946415	1.7387763126817115
1.210625746060968	1.9104550055130873	1.7435021671410553
1.2121978574194887	1.913540169392636	1.7482365209492805
1.2137699687780097	1.91662906708043	1.7529793982848083
1.2153420801365302	1.9197217174242456	1.7577308231368218
1.216914191495051	1.9228181395724893	1.7624908201913874
1.2184863028535717	1.925918352974202	1.7672594139402353
1.2200584142120927	1.9290223768790566	1.7720366238797722
1.2216305255706132	1.9321302309373607	1.7768224858082873
1.223202636929134	1.9352419348000551	1.7816170195272307
1.2247747482876548	1.9383575082187157	1.7864202506428508
1.2263468596461753	1.9414769711455535	1.791232204762018
1.2279189710046963	1.944600343733415	1.796052907897282
1.229491082363217	1.9477276461357822	1.8008823859646148
1.2310631937217376	1.9508588989067746	1.8057206654819646
1.2326353050802583	1.953994122301147	1.8105677729720022
1.2342074164387793	1.9571333371742932	1.8154237351592533
1.2357795277972998	1.9602765642822437	1.820288579173
1.2373516391558206	1.9634238244816677	1.8251623320446118
1.2389237505143413	1.9665751390298731	1.8300450214121489
1.240495861872862	1.9697305290848064	1.8349366749115916
1.2420679732313828	1.9728900161050544	1.8398373204864484
1.2436400845899036	1.9760536214498434	1.8447469862840853
1.2452121959484244	1.9792213670790406	1.8496657007525716
1.246784307306945	1.9823932747531536	1.8545934925447465
1.2483564186654659	1.9855693665333318	1.8595303905179341
1.2499285300239866	1.988749744481366	1.8644764238304319
1.2515006413825072	1.9919342723596891	1.869431621846558
1.253072752741028	1.995123051231377	1.874396014132678
1.254644864099549	1.9983161038601487	1.8793696307586103
1.2562169754580694	2.001513453110366	1.8843526347001613
1.2577890868165902	2.0047151218470356	1.8893447926326459
1.259361198175111	2.0079211333358074	1.894346266036496
1.2609333095336317	2.011131510942977	1.8993570858989417
1.2625054208921525	2.014346278135485	1.904377283404556
1.2640775322506732	2.017565458480917	1.9094068898464858
1.265649643609194	2.0207890759475053	1.9144459371212743
1.2672217549677145	2.024017154404128	1.9194944572230002
1.2687938663262355	2.0272497182203097	1.924552482358568
1.2703659776847562	2.030486791766224	1.9296200451315941
1.2719380890432768	2.03372839941269	1.9346970215525798
1.2735102004017975	2.0369745661311764	1.9397837556321413
1.2750823117603183	2.0402252132937995	1.9448801266889761
1.276654423118839	2.0434805711733244	1.9499861683442057
1.2782265344773598	2.046740563243166	1.955101914517943
1.2797986458358805	2.050005215077389	1.9602273996408215
1.281370757194401	2.053274552450706	1.9653626581434243
1.282942868552922	2.056548601038484	1.9705077250600893
1.2845149799114428	2.059827386916737	1.9756626354273914
1.2860870912699636	2.0631109365621323	1.9808274247916458
1.287659202628484	2.066399276251988	1.986002128994219
1.289231313987005	2.0696924327642745	1.991186784088512
1.2908034253455258	2.0729904328776145	1.9963814265243516
1.2923755367040464	2.0762933036712834	2.001586092960204
1.2939476480625671	2.0796010725252096	2.0068008205565
1.2955197594210879	2.082913766819976	2.0120256467766073
1.2970918707796086	2.0862314144368175	2.0172606091895804
1.2986639821381294	2.089554043057625	2.022505745967022
1.3002360934966501	2.0928816809649433	2.0277610953831964
1.3018082048551707	2.0962143564419717	2.033026696318008
1.3033803162136917	2.099552098172566	2.0383025877543886
1.3049524275722124	2.1028949348412374	2.04358880907849
1.3065245389307332	2.1062428955331525	2.048885400182805
1.3080966502892537	2.1095960094341346	2.054192401058567
1.3096687616477745	2.112954306130664	2.059509852206787
1.3112408730062954	2.1163178153098796	2.064837794524963
1.312812984364816	2.1196865667595746	2.0701762691227428
1.3143850957233367	2.123060590868203	2.075525317708727
1.3159572070818575	2.126439917924876	2.0808849821928117
1.3175293184403782	2.1298245787193637	2.0862553047968686
1.319101429798899	2.133214604042094	2.09163632823733
1.3206735411574198	2.136610024984155	2.097028095642291
1.3222456525159403	2.140010873237295	2.102430650537827
1.3238177638744613	2.1434171801939215	2.107844036656276
1.325389875232982	2.146828977847102	2.1132682984348965
1.3269619865915028	2.150246298390566	2.1187034803145735
1.3285340979500233	2.1536691742187024	2.12414962753646
1.330106209308544	2.1570976380265625	2.129606785449193
1.331678320667065	2.1605317228098584	2.1350749999063594
1.3332504320255856	2.163971461864965	2.1405543174604613
1.3348225433841063	2.1674168884889196	2.146044784572573
1.336394654742627	2.1708680366794213	2.1515464484066995
1.3379667661011478	2.174324940334833	2.157059356727953
1.3395388774596686	2.1777876338541797	2.162583557407718
1.3411109888181894	2.1812561518371516	2.1681190989225447
1.3426831001767099	2.1847305291841024	2.1736660302503963
1.3442552115352306	2.188210801096049	2.179224400572958
1.3458273228937516	2.191697003074674	2.184794259878227
1.3473994342522724	2.195189170922324	2.1903756583569662
1.348971545610793	2.1986873406420115	2.195968646703705
1.3505436569693137	2.202191548637414	2.201573276116844
1.3521157683278346	2.2057018317128754	2.207189598397617
1.3536878796863552	2.2092182266734053	2.2128176655556437
1.355259991044876	2.2127407710246794	2.2184575303985827
1.3568321024033967	2.216269502273041	2.224109282141721
1.3584042137619174	2.2198044584254992	2.2297729024040427
1.3599763251204382	2.2233456776897307	2.235448481106284
1.361548436478959	2.226893198774081	2.2411360728774734
1.3631205478374795	2.230447051287563	2.2468357329463275
1.3646926591960002	2.234007292839856	2.2525475169461906
1.3662647705545212	2.2375739540413098	2.2582714811181264
1.367836881913042	2.2411470747029427	2.264007682202496
1.3694089932715625	2.2447266952364404	2.2697561772457355
1.3709811046300833	2.2483129094541607	2.2755170646007925
1.3725532159886042	2.2519056518691283	2.281290321619589
1.3741253273471248	2.2555049636950386	2.2870761510606856
1.3756974387056455	2.2591109933462588	2.292874409387576
1.3772695500641663	2.2627237295378237	2.298685256567919
1.3788416614226868	2.266343334285441	2.304508753070718
1.3804137727812078	2.2699696138054883	2.3103449602702497
1.3819858841397286	2.273602728415015	2.316193861947307
1.383557995498249	2.2772427218317413	2.3220556758840383
1.3851301068567698	2.280889637874059	2.3279303779667737
1.3867022182152908	2.2845435210610336	2.33381805098698
1.3882743295738116	2.288204416012401	2.3397187486402236
1.3898464409323321	2.2918723680485704	2.3456325375245877
1.3914185522908529	2.295547422690624	2.351559482343764
1.3929906636493739	2.2992296258603155	2.357499649206306
1.3945627750078944	2.3029190240800745	2.3634531047226544
1.3961348863664151	2.3066156640730027	2.3694199164085603
1.397706997724936	2.3103195931628746	2.3754001521845343
1.3992791090834564	2.31403086037414	2.3813938809731012
1.4008512204419774	2.3177495110319235	2.3874011721033366
1.4024233318004982	2.3214755951620223	2.3934220956068017
1.4039954431590187	2.3252091617909096	2.3994567385207155
1.4055675545175395	2.328950260345734	2.4055051429833636
1.4071396658760604	2.332698940754318	2.411567391441521
1.4087117772345812	2.336455253345161	2.4176435597440173
1.4102838885931017	2.340219248947436	2.4237337215408448
1.4118559999516225	2.3439909776909933	2.4298379510915065
1.4134281113101432	2.347770493906361	2.435956323557427
1.415000222668664	2.351557848624739	2.442088914903169
1.4165723340271847	2.3553530946780086	2.4482358016992416
1.4181444453857055	2.3591562852987247	2.4543970614171617
1.419716556744226	2.3629674742201203	2.46057277223571
1.421288668102747	2.366786715976106	2.466763016038138
1.4228607794612678	2.3706140651012686	2.4729678668093786
1.4244328908197883	2.374449577130874	2.4791874080404677
1.426005002178309	2.3782933079008646	2.485421721225838
1.42757711353683	2.3821450988478614	2.4916708884650047
1.4291492248953506	2.3860056617091643	2.4979349930603756
1.4307213362538713	2.3898743894227503	2.50421411871865
1.432293447612392	2.3937515076272757	2.5105083505528976
1.4338655589709128	2.3976371890620762	2.5168177750780396
1.4354376703294336	2.4015314366671663	2.5231424769131214
1.4370097816879543	2.4054343088832386	2.5294825444836064
1.438581893046475	2.4093458667516665	2.535838066216906
1.4401540044049956	2.413266171314502	2.542209131346841
1.4417261157635166	2.4171952840144777	2.5485958303089578
1.4432982271220374	2.421133267095006	2.554998254044316
1.444870338480558	2.425080183300178	2.5614164949003335
1.4464424498390787	2.429036096074768	2.567850645825262
1.4480145611975994	2.4330010695642286	2.574300799771227
1.4495866725561202	2.436975164814694	2.580767041199501
1.451158783914641	2.440958448472978	2.587249490969547
1.4527308952731617	2.444950995486577	2.593748233350881
1.4543030066316824	2.448952865003669	2.6002633676113875
1.4558751179902032	2.4529641327731104	2.6067950048289146
1.457447229348724	2.4569848518444424	2.6133432176809124
1.4590193407072447	2.461015100267886	2.619908121952426
1.4605914520657652	2.465054943694345	2.6264898201304194
1.4621635634242862	2.469104457175405	2.633088420408414
1.463735674782807	2.473163705663332	2.6397040178806788
1.4653077861413275	2.4772327636110782	2.6463367230513968
1.4668798974998483	2.481311703472275	2.652986643923112
1.468452008858369	2.4854005990012373	2.6596538864062493
1.4700241202168898	2.4894995225529626	2.6663385607142343
1.4715962315754105	2.493608549583132	2.673040777464465
1.4731683429339313	2.4977277554481088	2.679760648181408
1.474740454292452	2.5018572163049413	2.68649828578975
1.4763125656509728	2.5059970035113577	2.693253795320888
1.4778846770094936	2.510147264125773	2.700027403010597
1.4794567883680143	2.514307275307284	2.7068179381975375
1.4810288997265348	2.518479213115673	2.7136288852271013
1.4826010110850556	2.522661120611403	2.7204570943464406
1.4841731224435766	2.5268537556556234	2.7273037742081696
1.485745233802097	2.5310572041101684	2.7341690466680135
1.4873173451606179	2.5352715468375546	2.741053034890526
1.4888894565191386	2.5394968678009833	2.7479558636376638
1.4904615678776594	2.543733251664341	2.7548776588812
1.4920336792361801	2.547980784092198	2.7618185479951367
1.4936057905947009	2.55223955164981	2.7687786599574236
1.4951779019532216	2.556509641603117	2.775758124850528
1.4967500133117424	2.5607911426187444	2.782757074664687
1.4983221246702632	2.5650841444640022	2.7897756424869566
1.499894236028784	2.569388736506886	2.796813963016324
1.5014663473873044	2.573705012816076	2.8038721726520235
1.5030384587458252	2.578033061260938	2.8109504089988815
1.5046105701043462	2.582372976211524	2.818048711866105
1.5061826814628667	2.5867248544385704	2.8251674211659368
1.5077547928213875	2.5910887892134995	2.8323065798181872
1.5093269041799082	2.5954648796084205	2.8394663319427127
1.510899015538429	2.5998532171961264	2.8466468230654236
1.5124711268969497	2.6042539066500976	2.8538482005205226
1.5140432382554705	2.6086670505445	2.861070623840356
1.5156153496139912	2.6130927382541866	2.868314222164069
1.5171874609725118	2.617531076054694	2.8755791580371164
1.5187595723310328	2.6219821760222475	2.8828655852062535
1.5203316836895535	2.626446126133758	2.890173659025365
1.521903795048074	2.6309230413668225	2.897503536352129
1.5234759064065948	2.635413024999724	2.904855375644503
1.5250480177651158	2.6399161884114335	2.9122294242707842
1.5266201291236363	2.6444326262816067	2.919625583601268
1.528192240482157	2.648962460590588	2.927044275509239
1.5297643518406778	2.653505797219407	2.9344855788746753
1.5313364631991986	2.65806274624978	2.941949659578396
1.5329085745577193	2.662633419564112	2.949436666111306
1.53448068591624	2.6672179297454925	2.956946819763909
1.5360527972747609	2.671816389877699	2.9644802405311417
1.5376249086332814	2.6764289139451978	2.9720371143154805
1.5391970199918024	2.6810556161331385	2.979617612121596
1.5407691313503231	2.685696611227361	2.987221905758425
1.5423412427088437	2.690352014314391	2.994850167041485
1.5439133540673644	2.695021908081441	3.0025025676872334
1.5454854654258854	2.699706504116412	3.0101792791196305
1.547057576784406	2.704405819907891	3.0178804716650087
1.5486296881429267	2.709119970445154	3.025606314154771
1.5502017995014474	2.713849056018162	3.0333569734248926
1.551773910859968	2.718593408817565	3.041132613616837
1.553346022218489	2.723352854634701	3.0489333951726394
1.5549181335770097	2.728127603861593	3.0567594742435684
1.5564902449355302	2.732917771590954	3.064611002681609
1.558062356294051	2.737723432816183	3.0724881217452795
1.559634467652572	2.7425446939313667	3.08039096939752
1.5612065790110927	2.7473816420312804	3.088319673303343
1.5627786903696133	2.7522343646113847	3.0962743548353835
1.564350801728134	2.757102935967831	3.104255092267094
1.565922913086655	2.761987425397455	3.112262024679949
1.5674950244451755	2.766887893297782	3.120295212757139
1.5690671358036963	2.7718043934670247	3.128354722988728
1.570639247162217	2.776736958704082	3.136440623465341