0.0001	0.00012381755084530494	9.089555909924675e-9
0.0016721113585207378	0.0020703674594120926	2.540686623034123e-6
0.0032442227170414754	0.00401691806998224	9.563975698732491e-6
0.004816334075562214	0.005963469990101631	0.000021079036501763044
0.006388445434082951	0.00791002387052639	0.00003708576165960137
0.007960556792603688	0.009856580351413012	0.00005758402748427022
0.009532668151124427	0.011803140072418469	0.00008257401082427256
0.011104779509645165	0.013749703674300336	0.00011205565544579327
0.012676890868165902	0.015696271796116913	0.00014602880725424872
0.014249002226686638	0.017642845077727332	0.0001844934048420046
0.015821113585207377	0.019589424159991695	0.00022744953105224096
0.017393224943728115	0.021536009682771157	0.0002748969045898491
0.018965336302248854	0.0234826022869281	0.0003268356666097743
0.02053744766076959	0.0254292026113262	0.00038326587449895853
0.02210955901929033	0.02737581129683057	0.00044418689048988415
0.023681670377811066	0.02932242898330788	0.000509599037686132
0.025253781736331804	0.03126905631262646	0.0005795021043667889
0.02682589309485254	0.033215693923656454	0.0006538960939012851
0.028398004453373277	0.03516234245726988	0.0007327806912855878
0.02997011581189402	0.03710900255534081	0.0008161565689675813
0.03154222717041476	0.03905567485674545	0.0009040223838430542
0.0331143385289355	0.041002360003362284	0.0009963786429603753
0.034686449887456235	0.04294905863507216	0.0010932250679948272
0.03625856124597697	0.04489577139475845	0.00119456155084864
0.03783067260449771	0.04684249892130712	0.0013003880085238552
0.039402783963018446	0.04878924185660691	0.0014107042019428327
0.04097489532153918	0.05073600084354938	0.0015255101639715324
0.04254700668005992	0.0526827765210291	0.0016448053981433831
0.044119118038580665	0.05462956953194373	0.001768590005110887
0.0456912293971014	0.05657638051819413	0.0018968646449493813
0.047263340755622135	0.0585232101206845	0.002029627317706226
0.04883545211414288	0.060470058982322515	0.002166878537863428
0.05040756347266361	0.06241692774401938	0.002308618376758093
0.05197967483118435	0.06436381704869001	0.002454846346177715
0.05355178618970508	0.06631072753825315	0.00260556246747003
0.055123897548225824	0.06825765985563143	0.00276076631954684
0.05669600890674656	0.07020461464375156	0.0029204580803781376
0.0582681202652673	0.0721515925445444	0.003084636985623246
0.05984023162378804	0.07409859420194509	0.0032533029855094813
0.06141234298230878	0.07604562025789317	0.00342645644190716
0.06298445434082951	0.07799267135633271	0.0036040961515130835
0.06455656569935025	0.07993974814121244	0.0037862221409015982
0.066128677057871	0.08188685125648579	0.003972834141237376
0.06770078841639172	0.08383398134511111	0.0041639319693397734
0.06927289977491247	0.08578113905105174	0.004359515501895094
0.07084501113343321	0.08772832501927612	0.004559584151954588
0.07241712249195394	0.08967553989375793	0.004764139252112615
0.07398923385047468	0.0916227843194762	0.004973177393449131
0.07556134520899542	0.09357005894141542	0.0051867001805316155
0.07713345656751615	0.0955173644045657	0.00540470672912301
0.07870556792603689	0.0974647013539228	0.005627197210706001
0.08027767928455763	0.09941207043548834	0.0058541708735980035
0.08184979064307836	0.10135947229326991	0.00608562742489037
0.0834219020015991	0.10330690757528109	0.006321567099701576
0.08499401336011984	0.10525437693554171	0.006561988817646418
0.08656612471864057	0.10720188100607783	0.006806892700796829
0.08813823607716133	0.109149420438922	0.007056278587792157
0.08971034743568206	0.11109699588611326	0.007310145052448427
0.0912824587942028	0.1130446079796973	0.007568492588248587
0.09285457015272354	0.1149922573917266	0.007831320510181186
0.09442668151124427	0.11693994475426052	0.008098628462007177
0.09599879286976501	0.11888767071936543	0.008370416369550675
0.09757090422828575	0.12083543592911485	0.008646683371336441
0.09914301558680648	0.12278324103558949	0.008927429427538885
0.10071512694532722	0.1247310866908775	0.009212654042994917
0.10228723830384796	0.1266789735470744	0.009502356452214809
0.10385934966236869	0.12862690224628345	0.009796536512549664
0.10543146102088943	0.13057487344061555	0.010095193926087506
0.10700357237941016	0.1325228877921894	0.010398327956463952
0.1085756837379309	0.13447094592313172	0.010705938257024986
0.11014779509645165	0.13641904851557726	0.011018024410268126
0.11171990645497237	0.13836719619166898	0.011334588001633323
0.11329201781349311	0.14031538963355822	0.011655624786440857
0.11486412917201387	0.14226362946340457	0.01198113557929747
0.1164362405305346	0.14421191635337632	0.012311120805024637
0.11800835188905534	0.1461602509456504	0.012645579085776579
0.11958046324757608	0.1481086339024124	0.012984510273566046
0.12115257460609681	0.15005706586585704	0.013327914840345519
0.12272468596461755	0.15200554749818782	0.013675790643189965
0.12429679732313828	0.15395407945161751	0.014028137732286547
0.125868908681659	0.15590266237836808	0.014384955911904453
0.12744102004017974	0.15785129693067096	0.014746244457442737
0.1290131313987005	0.15979998376076687	0.015112002994439162
0.13058524275722122	0.1617487235409064	0.015482231046639148
0.13215735411574198	0.16369751690334963	0.01585692765292635
0.1337294654742627	0.1656463645203666	0.016236092264779487
0.13530157683278343	0.16759526705423733	0.016619725855097706
0.13687368819130416	0.16954422513725187	0.01700782539316602
0.13844579954982492	0.17149323945171047	0.017400391446692243
0.14001791090834564	0.17344231063992366	0.017797423545698972
0.1415900222668664	0.17539143936421253	0.01819892135784751
0.14316213362538713	0.17734062627690855	0.01860488361123833
0.14473424498390786	0.17928987205035396	0.019015309876980305
0.14630635634242858	0.18123917733690176	0.019430199816734037
0.14787846770094934	0.18318854279891586	0.01984955348562939
0.14945057905947007	0.18513796909877123	0.02027336866064661
0.15102269041799082	0.18708745688885384	0.02070164556837687
0.15259480177651158	0.18903700683156105	0.02113438399065007
0.15416691313503228	0.19098661958930152	0.02157158253634253
0.15573902449355304	0.1929362958344955	0.022013240941174284
0.15731113585207376	0.19488603621957468	0.02245935837622421
0.15888324721059452	0.19683584140698263	0.022909934250007508
0.16045535856911525	0.19878571205917464	0.023364968317586124
0.16202746992763598	0.20073564884861805	0.023824459109554517
0.1635995812861567	0.20268565242779227	0.024288406902615092
0.16517169264467746	0.20463572347918887	0.024756810298332526
0.1667438040031982	0.2065858626453117	0.02522967122814903
0.16831591536171894	0.2085360706186771	0.02570698396095696
0.16988802672023967	0.21048634804181393	0.026188750973628917
0.1714601380787604	0.21243669558726375	0.026674970652246964
0.17303224943728113	0.2143871139375808	0.02716564272385422
0.17460436079580188	0.21633760373533234	0.02766076606530627
0.17617647215432264	0.21828816567309856	0.02816034043197583
0.17774858351284337	0.2202388004134728	0.02866436488191113
0.1793206948713641	0.2221895086090617	0.0291728384431228
0.18089280622988482	0.22414029095248514	0.029685760725285167
0.18246491758840558	0.22609114810637665	0.03020313146060673
0.1840370289469263	0.22804208073338322	0.030724948791571335
0.18560914030544706	0.22999308951616565	0.031251212456519614
0.1871812516639678	0.23194417511739845	0.0317819227580087
0.18875336302248852	0.23389533822977027	0.03231707730929642
0.19032547438100925	0.23584657949598364	0.03285667537992505
0.19189758573953	0.23779789961875536	0.03340071703649627
0.19346969709805073	0.23974929925081656	0.033949200622253796
0.19504180845657149	0.2417007790849127	0.03450212593133501
0.1966139198150922	0.2436523397838038	0.03505949223067158
0.19818603117361294	0.24560398203026465	0.03562129830276918
0.19975814253213367	0.2475557065070846	0.036187543855244544
0.20133025389065443	0.24950751387706804	0.03675822767468152
0.20290236524917518	0.2514594048230343	0.03733334859628193
0.2044744766076959	0.2534113800278178	0.03791290646670978
0.20604658796621664	0.2553634401742684	0.038496900201041274
0.20761869932473737	0.2573155859352509	0.03908532962933128
0.20919081068325812	0.2592678179836459	0.03967819225700406
0.21076292204177885	0.2612201370223494	0.040275488196422356
0.2123350334002996	0.2631725437142734	0.04087721643289145
0.2139071447588203	0.26512503876234533	0.04148337613621297
0.21547925611734106	0.26707762281950864	0.04209396817039454
0.2170513674758618	0.26903029659872313	0.04270898810623376
0.21862347883438255	0.2709830607629643	0.04332843710786321
0.22019559019290327	0.2729359160152243	0.04395231364310337
0.22176770155142403	0.2748888630285115	0.04458061731097577
0.22333981290994473	0.2768419024958509	0.045213350112994426
0.22491192426846549	0.2787950351002838	0.045850505006283536
0.2264840356269862	0.2807482615348688	0.04649208517182397
0.22805614698550697	0.2827015824826808	0.04713808740001721
0.22962825834402772	0.28465499863681204	0.047788512074175615
0.23120036970254843	0.28660850320037173	0.048443358536419644
0.23277248106106918	0.2885621117564863	0.04910262501848824
0.2343445924195899	0.29051581758829936	0.04976631116923193
0.23591670377811066	0.2924696213889722	0.050434415574107896
0.2374888151366314	0.29442352385168347	0.051106937605647815
0.23906092649515215	0.29637752566962966	0.05178387705024071
0.24063303785367285	0.2983316275360249	0.052465231122574
0.2422051492121936	0.30028583015410126	0.05315099993884174
0.24377726057071433	0.3022401342071088	0.05384118219828122
0.2453493719292351	0.3041945403883159	0.05453577736325822
0.24692148328775582	0.30614904941100884	0.055234783831039753
0.24849359464627654	0.30810366196849254	0.05593820082830145
0.2500657060047973	0.3100583787540903	0.056646027422659784
0.25163781736331803	0.31201320048114406	0.057358262613873154
0.2532099287218388	0.31396812782301436	0.05807490525968872
0.2547820400803595	0.3159231615130807	0.05879595421593941
0.25635415143888024	0.31787830222474134	0.05952140862569714
0.257926262797401	0.3198335506814137	0.060251267437842086
0.2594983741559217	0.3217889075765346	0.06098552959739726
0.26107048551444245	0.3237443736135596	0.06172419545803006
0.2626425968729632	0.32569994950596415	0.062467259962075326
0.26421470823148396	0.327655635957243	0.06321472491827836
0.26578681959000466	0.32961143367091056	0.06396658483825288
0.2673589309485254	0.3315673433505008	0.0647228473358275
0.2689310423070462	0.333523365719568	0.06548350581342947
0.2705031536655669	0.335479501471686	0.06624856628449848
0.2720752650240876	0.3374357513204488	0.06701801580888543
0.27364737638260833	0.3393921159894708	0.06779185827631348
0.2752194877411291	0.3413485961723864	0.06857009325552102
0.27679159909964984	0.3433051925928507	0.06935271933816561
0.2783637104581706	0.34526190596453926	0.0701397360030056
0.2799358218166913	0.34721873700114825	0.07093114156612378
0.28150793317521206	0.3491756864163947	0.07172693465711386
0.2830800445337328	0.3511327549240164	0.0725271096116408
0.28465215589225357	0.3530899432477723	0.07333167440033733
0.28622426725077427	0.3550472521014423	0.07414062425167116
0.28779637860929497	0.3570046822088276	0.07495395670835858
0.2893684899678157	0.3589622342837508	0.07577167690383965
0.2909406013263365	0.36091990905005594	0.07659377255549557
0.2925127126848572	0.3628777072216085	0.07742024773875474
0.29408482404337793	0.3648356295422958	0.07825110229776884
0.2956569354018987	0.36679367670602697	0.07908633346009944
0.29722904676041945	0.3687518494667329	0.07992593989914479
0.29880115811894015	0.3707101485383666	0.08076992350629897
0.3003732694774609	0.3726685746349032	0.08161827880224976
0.30194538083598166	0.3746271285003402	0.08247100636373948
0.3035174921945024	0.37658581085869725	0.0833281052045378
0.30508960355302317	0.37854462244401665	0.08418957490412889
0.3066617149115438	0.3805035639703632	0.08505541549850547
0.30823382627006457	0.3824626361918245	0.08592561957763975
0.3098059376285853	0.384421839812511	0.08680019173674651
0.3113780489871061	0.38638117559655577	0.08767912842190752
0.3129501603456268	0.3883406442581154	0.08856242800558826
0.31452227170414754	0.39030024654136924	0.0894500908461689
0.3160943830626683	0.39225998318052013	0.09034211345935093
0.31766649442118905	0.3942198549097943	0.09123849724184907
0.31923860577970975	0.3961798624734414	0.09213923949856558
0.3208107171382305	0.3981400066057346	0.09304433805578348
0.32238282849675126	0.40010028805097114	0.09395379508939733
0.32395493985527196	0.40206070754347173	0.0948676053984205
0.32552705121379266	0.4040212658375812	0.09578576810052619
0.3270991625723134	0.4059819636676684	0.09670828687330715
0.3286712739308342	0.4079428017781265	0.09763515668466215
0.33024338528935493	0.40990378092337265	0.09856637251635503
0.3318154966478757	0.41186490184784874	0.09950193821197459
0.3333876080063964	0.4138261652960209	0.10044184899534496
0.33495971936491714	0.41578757202238015	0.10138610600059983
0.3365318307234379	0.41774912276144205	0.10233470636887965
0.33810394208195865	0.4197108182877471	0.10328764946115869
0.33967605344047935	0.4216726593358607	0.10424493392815591
0.34124816479900005	0.4236346466603734	0.10520655922908353
0.3428202761575208	0.4255967810259009	0.10617252246133005
0.34439238751604156	0.42755906318708425	0.10714282291024245
0.34596449887456227	0.4295214938885898	0.10811745715397504
0.347536610233083	0.4314840739051095	0.10909643107585691
0.3491087215916038	0.43344680398136104	0.11007973212059487
0.35068083295012453	0.4354096848920876	0.11106736837348985
0.3522529443086453	0.4373727173820585	0.11205933494741943
0.353825055667166	0.43933590222606883	0.11305562947812116
0.35539716702568674	0.44129924018893985	0.11405625590830468
0.3569692783842075	0.443262732025519	0.115061204531229
0.3585413897427282	0.4452263785106801	0.11607047781976193
0.3601135011012489	0.44719018040932323	0.11708407432145275
0.36168561245976966	0.44915413848637514	0.11810199368210803
0.3632577238182904	0.45111825351678914	0.11912423406305446
0.36482983517681117	0.45308252627554535	0.12015079175742702
0.36640194653533187	0.4550469575176507	0.1211816612591772
0.3679740578938526	0.45701154803813915	0.12221685309604931
0.3695461692523734	0.4589762986020717	0.12325635909214719
0.37111828061089414	0.4609412099845365	0.12430017779129064
0.37269039196941484	0.4629062829606493	0.12534830804354705
0.3742625033279356	0.4648715183155527	0.12640074931533246
0.3758346146864563	0.4668369168244174	0.12745749836403011
0.37740672604497705	0.4688024792624415	0.12851855216719993
0.3789788374034978	0.47076820642485084	0.12958391653621043
0.3805509487620185	0.472734099096899	0.13065358003750102
0.38212306012053926	0.47470015804386784	0.13172755240873527
0.38369517147906	0.4766663840710671	0.1328058223277496
0.38526728283758077	0.47863277795383474	0.13388839174090694
0.38683939419610147	0.480599340487537	0.13497526014580677
0.3884115055546222	0.4825660724675686	0.13606642423082574
0.389983616913143	0.4845329746693527	0.1371618838134244
0.39155572827166374	0.48650004789834117	0.13826163639953873
0.3931278396301844	0.4884672929500146	0.13936568368876276
0.39469995098870514	0.4904347106098825	0.1404740188073208
0.3962720623472259	0.49240230168348315	0.1415866426710298
0.39784417370574665	0.494370066956384	0.14270355514286084
0.39941628506426735	0.4963380072541818	0.1438247520102852
0.4009883964227881	0.4983061233525026	0.14495023451886085
0.40256050778130886	0.5002744160570015	0.14607999879769976
0.4041326191398296	0.5022428861833635	0.1472140427239218
0.4057047304983504	0.5042115345273032	0.14835237083207792
0.4072768418568711	0.5061803618945645	0.14949497335453601
0.40884895321539183	0.5081493691009218	0.1506418513787013
0.41042106457391253	0.5101185569521789	0.1517930047576296
0.4119931759324333	0.5120879262641699	0.15294843102712996
0.413565287290954	0.5140574778327591	0.15410812892642195
0.41513739864947474	0.5160272124938409	0.15527209661534502
0.4167095100079955	0.5179971310433403	0.15644033249370273
0.41828162136651625	0.5199672343072126	0.15761283424414374
0.41985373272503695	0.5219375231014439	0.15878960167741238
0.4214258440835577	0.5239079982420507	0.15997063240153006
0.42299795544207847	0.5258786605650808	0.16115592476787058
0.4245700668005992	0.5278495108766124	0.16234547720002154
0.4261421781591199	0.5298205500027552	0.16353928793801503
0.4277142895176406	0.5317917787796497	0.16473735716591248
0.4292864008761614	0.5337631980234678	0.1659396797127093
0.43085851223468213	0.5357348085604128	0.16714625564335348
0.4324306235932029	0.5377066112367194	0.1683570833266127
0.4340027349517236	0.5396786068686539	0.1695721610461967
0.43557484631024435	0.5416507962925143	0.17079148718471246
0.4371469576687651	0.5436231803446304	0.17201506014264648
0.43871906902728586	0.5455957598713639	0.17324287720155818
0.44029118038580656	0.5475685356891083	0.17447493828153374
0.4418632917443273	0.5495415265442898	0.175711240942837
0.44343540310284807	0.5515146976233661	0.1769517837470207
0.44500751446136877	0.5534880675328278	0.1781965644768371
0.44657962581988947	0.5554616371091976	0.17944558173100802
0.4481517371784102	0.5574354072090308	0.18069883394977374
0.449723848536931	0.5594093786689157	0.18195632135757808
0.45129595989545174	0.5613835523354729	0.18321803716472326
0.45286807125397244	0.563357929075356	0.1844839830909535
0.4544401826124932	0.5653325097252516	0.18575415701439302
0.45601229397101395	0.5673072951518796	0.18702855682606337
0.4575844053295347	0.5692822862019928	0.18830718891429385
0.45915651668805546	0.5712574837323775	0.18959003569971808
0.46072862804657616	0.5732328885998533	0.1908771035006109
0.46230073940509686	0.5752085016812731	0.1921683903717946
0.4638728507636176	0.5771843238235239	0.19346389434194283
0.4654449621221384	0.5791603558935262	0.19476361335310194
0.4670170734806591	0.5811365987582341	0.19606754687094005
0.46858918483917983	0.5831130532846359	0.19737569214743772
0.4701612961977006	0.585089720349754	0.19868804788544597
0.47173340755622134	0.5870666008106448	0.20000461434726924
0.47330551891474204	0.5890436955443987	0.20132538507146278
0.4748776302732628	0.5910210054281411	0.20265036060220878
0.47644974163178355	0.5929985313390315	0.20397953921433176
0.4780218529903043	0.5949762741642638	0.20531291877550384
0.47959396434882506	0.5969542347610669	0.20665049796399654
0.4811660757073457	0.5989324140267042	0.20799227473636403
0.48273818706586646	0.6009108180384745	0.20933824727426462
0.4843102984243872	0.6028894373737108	0.21068841297330584
0.485882409782908	0.604868278029782	0.21204277158964877
0.4874545211414287	0.6068473408940916	0.2134013204580523
0.48902663249994943	0.608826626864079	0.2147640577679002
0.4905987438584702	0.6108061368272184	0.21613098165564507
0.49217085521699094	0.6127858716710199	0.2175020928635915
0.49374296657551164	0.6147658323030291	0.21887738442932544
0.4953150779340324	0.6167460196208274	0.22025685703437445
0.4968871892925531	0.618726434512032	0.2216405088008283
0.49845930065107386	0.620707077894296	0.22302833788626403
0.5000314120095946	0.6226879506553088	0.2244203424234941
0.5016035233681153	0.6246690537127956	0.2258165207480665
0.5031756347266361	0.626650387974518	0.22721687057157905
0.5047477460851568	0.6286319543382738	0.22862139022478334
0.5063198574436776	0.6306137537318978	0.23003007779446819
0.5078919688021982	0.6325957870532607	0.23144293164860408
0.509464080160719	0.6345780552202703	0.23285994936973703
0.5110361915192397	0.6365605591608712	0.23428113382646207
0.5126083028777605	0.6385432997830442	0.23570647662842895
0.5141804142362812	0.6405262780148083	0.2371359755000866
0.515752525594802	0.6425094947742185	0.23856963104869283
0.5173246369533228	0.6444929509893674	0.24000744107325644
0.5188967483118434	0.6464766475883852	0.24144940391662242
0.5204688596703643	0.6484605854894387	0.24289551738019727
0.5220409710288849	0.6504447656407331	0.24434577993799517
0.5236130823874056	0.6524291889705106	0.24580018916086196
0.5251851937459264	0.6544138564070514	0.24725874362144656
0.5267573051044471	0.6563987688886735	0.24872144084983452
0.5283294164629679	0.6583839191337325	0.2501882794248483
0.5299015278214886	0.6603693244106223	0.2516592571348309
0.5314736391800093	0.6623549775477752	0.2531343718988952
0.5330457505385301	0.664340879503661	0.25461362442770674
0.5346178618970509	0.6663270312267886	0.25609700792116813
0.5361899732555716	0.6683134336657046	0.2575845225298588
0.5377620846140924	0.6703000877689946	0.2590761805972468
0.539334195972613	0.672286994485283	0.2605719523029603
0.5409063073311338	0.6742741547832322	0.2620718494106788
0.5424784186896545	0.6762615696115443	0.26357586979795966
0.5440505300481752	0.6782492399389597	0.265084011840759
0.545622641406696	0.680237166714258	0.26659627334311686
0.5471947527652167	0.6822253509262584	0.268112652319694
0.5487668641237375	0.6842137935138186	0.2696331467833676
0.5503389754822582	0.6862024954658361	0.2711577547831142
0.5519110868407789	0.6881914577512479	0.272686476604408
0.5534831981992997	0.6901806813290303	0.2742193053553296
0.5550553095578205	0.6921701671981996	0.2757562354049511
0.5566274209163412	0.6941599162978114	0.27729727724909936
0.5581995322748619	0.6961499296569612	0.27884242251910524
0.5597716436333826	0.6981402082347851	0.28039166928263504
0.5613437549919034	0.7001307530204584	0.2819450153977857
0.5629158663504241	0.7021215650031971	0.2835024589267463
0.5644879777089448	0.7041126451622575	0.2850640025891202
0.5660600890674656	0.7061039944969356	0.28662963497075944
0.5676322004259863	0.7080956140065688	0.28819935845366457
0.5692043117845071	0.7100875046705344	0.28977317121071366
0.5707764231430278	0.7120796675082505	0.29135107409300504
0.5723485345015485	0.714072103509176	0.29293305917677026
0.5739206458600693	0.7160648136828108	0.2945191267897186
0.57549275721859	0.7180577990286956	0.2961092760250761
0.5770648685771107	0.720051060556412	0.29770350444088106
0.5786369799356315	0.7220445992855833	0.2993018096317516
0.5802090912941522	0.7240384162158735	0.3009041896229983
0.581781202652673	0.7260325123769882	0.30251064245870407
0.5833533140111937	0.7280268887786744	0.30412116602059425
0.5849254253697144	0.7300215464307208	0.305735758371532
0.5864975367282352	0.7320164863729576	0.3073544172009913
0.5880696480867559	0.7340117096352569	0.30897714119654085
0.5896417594452767	0.7360072172275326	0.3106039294236703
0.5912138708037974	0.7380030101997404	0.31223477545923706
0.592785982162318	0.739999089561878	0.3138696796490188
0.5943580935208389	0.7419954563739859	0.3155086402290687
0.5959302048793595	0.7439921116561462	0.3171516546347083
0.5975023162378803	0.7459890564584836	0.3187987211941255
0.5990744275964011	0.747986291811165	0.3204498373777419
0.6006465389549218	0.7499838187744003	0.32210500135253695
0.6022186503134426	0.7519816383984418	0.3237642110666996
0.6037907616719633	0.7539797517135843	0.32542746414424395
0.605362873030484	0.7559781597701658	0.3270947588185584
0.6069349843890048	0.7579768636885673	0.32876609491985603
0.6085070957475255	0.7599758644592126	0.33044146600473684
0.6100792071060464	0.7619751631525687	0.33212087191527256
0.611651318464567	0.7639747608491458	0.33380431090308227
0.6132234298230876	0.7659746586194975	0.33549178047342004
0.6147955411816085	0.7679748575142208	0.33718327995319675
0.6163676525401292	0.7699753586139563	0.3388788049112606
0.6179397638986499	0.7719761629993881	0.34057835394245295
0.6195118752571707	0.7739772711712443	0.34228192619044695
0.6210839866156914	0.7759786853302963	0.3439895175773285
0.6226560979742122	0.77798040600736	0.34570113255839524
0.6242282093327329	0.7799824342932947	0.3474167578776847
0.6258003206912536	0.7819847712690047	0.3491363990137004
0.6273724320497744	0.7839874180254376	0.35086004947963606
0.6289445434082951	0.7859903756735857	0.3525877092127727
0.6305166547668158	0.7879936452944856	0.3543193759262692
0.6320887661253366	0.7899972279892186	0.3560550478331719
0.6336608774838572	0.7920011248589105	0.357794722569441
0.6352329888423781	0.7940053370247316	0.3595383979198659
0.6368051002008988	0.7960098655678974	0.3612860715863095
0.6383772115594195	0.7980147116196676	0.36303774182943577
0.6399493229179403	0.8000198762913477	0.36479339919251313
0.641521434276461	0.8020253606942878	0.3665530560991253
0.6430935456349818	0.8040311659498829	0.368316704295475
0.6446656569935025	0.806037271159574	0.3700843378710805
0.6462377683520232	0.8080437213848468	0.3718559568507477
0.6478098797105439	0.8100504958272329	0.373631559030863
0.6493819910690647	0.812057595638309	0.37541114222578137
0.6509541024275853	0.8140650219396982	0.37719470423940993
0.6525262137861062	0.8160727758730684	0.3789822426893494
0.6540983251446268	0.8180808585801339	0.3807737550916242
0.6556704365031477	0.8200892712126547	0.3825692404283045
0.6572425478616684	0.8220980148924373	0.384368695719005
0.6588146592201891	0.8241070907913336	0.38617212388805233
0.6603867705787099	0.8261165000612423	0.38797951583420887
0.6619588819372306	0.828126243844108	0.3897908680693337
0.6635309932957514	0.830136323301922	0.3916061814358657
0.665103104654272	0.8321467396067218	0.39342545382812905
0.6666752160127928	0.8341574939205918	0.39524868304226424
0.6682473273713135	0.836168587405663	0.39707586673753054
0.6698194387298343	0.838180021234113	0.3989070027590879
0.6713915500883549	0.8401917965781664	0.4007420888863821
0.6729636614468758	0.8422039146300948	0.40258112294269094
0.6745357728053964	0.8442163765522167	0.40442410256786504
0.6761078841639173	0.8462291835368981	0.4062710256779341
0.677679995522438	0.8482423367765517	0.4081218930966872
0.6792521068809587	0.850255837443638	0.40997669467495446
0.6808242182394795	0.8522696867606647	0.41183543629980823
0.6823963295980001	0.8542838858901872	0.41369811078219537
0.683968440956521	0.8562984360648082	0.41556472141027023
0.6855405523150416	0.8583133384671785	0.41743525652182034
0.6871126636735624	0.8603285943099964	0.4193097210333718
0.6886847750320831	0.8623442048060083	0.4211881111342231
0.6902568863906039	0.8643601711680083	0.4230704260980253
0.6918289977491245	0.8663764946088389	0.424956658822352
0.6934011091076454	0.8683931763513906	0.4268468129530371
0.694973220466166	0.8704102176186023	0.4287408850070922
0.6965453318246869	0.8724276196434608	0.43063886903356186
0.6981174431832076	0.8744453836490018	0.4325407650306553
0.6996895545417282	0.8764635108783098	0.4344465708748785
0.7012616659002491	0.8784820025545169	0.4363562842289256
0.7028337772587697	0.880500905420805	0.4382699028545331
0.7044058886172906	0.8825201299804042	0.440187424669465
0.7059779999758112	0.8845397227265936	0.4421088518161899
0.707550111334332	0.8865596849127015	0.4440341734007254
0.7091222226928527	0.8885800178021049	0.4459633904718138
0.7106943340513735	0.8906007226382305	0.4478965015026453
0.7122664454098941	0.8926218006945539	0.4498335067983802
0.713838556768415	0.8946432532345998	0.45177439892549764
0.7154106681269357	0.8966650815219429	0.45371917827715796
0.7169827794854564	0.898687286840207	0.4556678424224853
0.7185548908439772	0.9007098704530659	0.4576203891996233
0.7201270022024978	0.902732833644243	0.45957681656806626
0.7216991135610187	0.904756177697511	0.4615371224817831
0.7232712249195393	0.9067799039166933	0.46350130350645447
0.7248433362780601	0.9088040135656628	0.4654693579887385
0.7264154476365808	0.9108285079583424	0.46744128395254897
0.7279875589951016	0.9128533883987054	0.4694170786961598
0.7295596703536223	0.9148786561607753	0.4713967424403783
0.7311317817121431	0.9169043125786258	0.4733802682373158
0.7327038930706637	0.9189303589563814	0.4753676563827871
0.7342760044291845	0.9209567693782165	0.47735890488269556
0.7358481157877053	0.9229835994583565	0.4793540102035223
0.737420227146226	0.9250108234510777	0.48135296878723993
0.7389923385047468	0.9270384426707067	0.4833557843192708
0.7405644498632674	0.9290664584616211	0.4853624486563417
0.7421365612217883	0.9310948721482497	0.4873729614218745
0.7437086725803089	0.9331236850650723	0.4893873202024596
0.7452807839388297	0.9351528985566194	0.4914055229879721
0.7468528952973504	0.9371825139674732	0.4934275672317047
0.7484250066558712	0.9392125326522672	0.4954534541020366
0.749997118014392	0.941242955955686	0.49748317473758324
0.7515692293729126	0.9432737852324656	0.4995167278590078
0.7531413407314334	0.9453050218573943	0.5015541159908802
0.7547134520899541	0.9473366671853112	0.503595333521169
0.7562855634484749	0.9493687225911075	0.5056403789880768
0.7578576748069956	0.9514011894397263	0.5076892516501192
0.7594297861655164	0.9534340691161626	0.50974194599526
0.761001897524037	0.9554673629954633	0.5117984618264195
0.7625740088825579	0.9575010724727274	0.5138587956106799
0.7641461202410785	0.9595351989331062	0.5159229482641765
0.7657182315995993	0.9615697437718033	0.5179909090341178
0.76729034295812	0.9636047083740742	0.5200626883017224
0.7688624543166407	0.9656400941652274	0.5221382738289498
0.7704345656751616	0.9676759025306237	0.5242176663844703
0.7720066770336822	0.9697121349056764	0.5263008637477167
0.773578788392203	0.9717487926758518	0.5283878646213106
0.7751508997507237	0.9737858772866684	0.5304786648890828
0.7767230111092445	0.9758233901436982	0.5325732631031054
0.7782951224677651	0.9778613326825659	0.5346716606692244
0.779867233826286	0.9798997063489491	0.5367738479560041
0.7814393451848066	0.9819385125585788	0.5388798875777419
0.7830114565433275	0.9839777527572388	0.5409896557661712
0.7845835679018481	0.9860174284007666	0.5431032103304336
0.7861556792603688	0.9880575409350528	0.5452205497785458
0.7877277906188896	0.9900980918160417	0.547341670699542
0.7892999019774103	0.9921390824897309	0.5494665709971612
0.7908720133359312	0.9941805144421717	0.5515952486679689
0.7924441246944518	0.9962223891294691	0.5537277015454803
0.7940162360529726	0.9982647080277822	0.5558638365338291
0.7955883474114933	1.0003074726133234	0.5580038313202226
0.7971604587700141	1.0023507893923596	0.5601475969261378
0.7987325701285347	1.0043944508512113	0.5622951264688782
0.8003046814870556	1.0064385624662535	0.5644464130758701
0.8018767928455762	1.0084831257439153	0.5666014670090869
0.803448904204097	1.0105281422106798	0.5687602797213657
0.8050210155626177	1.012573613223085	0.5709228491821536
0.8065931269211384	1.0146195405577227	0.5730891732004099
0.8081652382796592	1.01666581288124	0.5752592491933164
0.8097373496381799	1.0187126553603383	0.5774330749586806
0.8113094609967008	1.0207599590617735	0.5796106475389372
0.8128815723552214	1.0228077251523562	0.5817919662040901
0.8144536837137422	1.0248559548989524	0.5839770275677061
0.8160257950722629	1.026904649968483	0.5861658314130576
0.8175979064307837	1.0289538119279233	0.5883583720471435
0.8191700177893043	1.0310034423443044	0.5905546672361169
0.8207421291478251	1.0330535426847123	0.5927546776284764
0.8223142405063458	1.035104114616288	0.594958411641799
0.8238863518648666	1.0371551596062287	0.5971658836249055
0.8254584632233873	1.039206679221786	0.5993770834061347
0.827030574581908	1.0412586751302677	0.6015920065368675
0.8286026859404289	1.0433111487990374	0.6038106521640965
0.8301747972989495	1.0453641018955138	0.6060330178635883
0.8317469086574704	1.0474175526871712	0.6082591012999052
0.833319020015991	1.0494714694415408	0.6104889004424905
0.8348911313745118	1.0515258704262087	0.6127224145363867
0.8364632427330325	1.0535807572088176	0.6149596378977846
0.8380353540915532	1.0556361313570657	0.6172005708267759
0.8396074654500739	1.057691994538708	0.6194452096922652
0.8411795768085947	1.0597483483215557	0.6216935527805404
0.8427516881671154	1.0618051944734757	0.6239456017262432
0.8443237995256362	1.063862534362392	0.626201347945159
0.8458959108841569	1.065920369856285	0.6284607901360904
0.8474680222426776	1.067978702523191	0.6307239273955912
0.8490401336011985	1.0700375340312034	0.6329907577675815
0.8506122449597191	1.0720968660484729	0.6352612787709417
0.8521843563182399	1.074156700143206	0.6375354885986276
0.8537564676767606	1.0762170379836664	0.6398133857145842
0.8553285790352813	1.0782778813381757	0.6420949651859897
0.8569006903938021	1.0803392317751108	0.6443802261594486
0.8584728017523228	1.0824010910629072	0.6466691668442544
0.8600449131108435	1.0844634608700567	0.6489617845789004
0.8616170244693643	1.0865263429651089	0.6512580770589493
0.863189135827885	1.0885897388166708	0.6535580438945082
0.8647612471864058	1.0906536502934059	0.6558616797241852
0.8663333585449265	1.0927180730640367	0.658168983590168
0.8679054699034472	1.094783020797342	0.6604799540867257
0.8694775812619681	1.0968484893621588	0.6627945931406615
0.8710496926204887	1.098914480327382	0.6651128881564533
0.8726218039790093	1.1009809954619636	0.6674348426683879
0.8741939153375302	1.1030480366349147	0.6697604915373275
0.8757660266960509	1.1051156054153033	0.672089721818797
0.8773381380545717	1.1071837035722558	0.6744226407708268
0.8789102494130924	1.1092523329749566	0.6767592098696537
0.8804823607716131	1.1113214953926485	0.6790994273789176
0.8820544721301339	1.1133911923946327	0.6814432907813611
0.8836265834886546	1.1154614259502682	0.6837908421636929
0.8851986948471754	1.1175321977289734	0.6861419536742773
0.8867708062056961	1.1196035132002238	0.6884967461505312
0.8883429175642168	1.1216753668335546	0.6908551710240165
0.8899150289227375	1.1237477641985594	0.6932172310837
0.8914871402812583	1.1258207069648904	0.6955829236338829
0.893059251639779	1.127894197002259	0.6979522484489543
0.8946313629982998	1.129968236180434	0.70032513237097
0.8962034743568205	1.1320428261692455	0.7027017095623062
0.8977755857153413	1.1341179688385805	0.7050819107795907
0.899347697073862	1.1361936779583865	0.7074657335426796
0.9009198084323827	1.1382699316986697	0.709853176027299
0.9024919197909035	1.1403467437294954	0.7122442378194233
0.9040640311494242	1.1424241157209882	0.7146389129585325
0.9056361425079449	1.1445020497433327	0.7170372009195354
0.9072082538664656	1.1465805476667719	0.7194391000344794
0.9087803652249864	1.1486596111616094	0.7218446075510617
0.9103524765835072	1.150739242298208	0.7242537219547954
0.9119245879420279	1.15281944284699	0.7266664406805643
0.9134966993005486	1.1549002148784377	0.7290827630291858
0.9150688106590694	1.1569815600630935	0.7315026840989699
0.9166409220175901	1.159063480371559	0.733926202895582
0.9182130333761109	1.1611459778744961	0.7363533177707049
0.9197851447346316	1.1632290542426276	0.7387840260951494
0.9213572560931523	1.1653126966467349	0.7412183261121931
0.9229293674516731	1.1673969367576609	0.743656217342605
0.9245014788101937	1.1694817616463076	0.7460976941291467
0.9260735901687145	1.1715671732836388	0.7485427558000906
0.9276457015272352	1.1736531736406774	0.7509914006730011
0.929217812885756	1.1757397646885077	0.7534436262449203
0.9307899242442768	1.177826948398274	0.7558994306329119
0.9323620356027975	1.1799146547411816	0.758358813430517
0.9339341469613182	1.182003029288496	0.7608217691294153
0.935506258319839	1.1840920024115436	0.7632882975136572
0.9370783696783597	1.1861815760817127	0.7657583960690466
0.9386504810368805	1.188271752270451	0.7682320631488532
0.9402225923954012	1.190362533149268	0.7707092962464438
0.9417947037539218	1.1924539205897342	0.7731900936788711
0.9433668151124427	1.1945459166634813	0.7756744544825326
0.9449389264709633	1.1966385233422014	0.7781623737910098
0.9465110378294841	1.1987317427976494	0.7806538511023674
0.9480831491880048	1.2008255769016403	0.7831488846991967
0.9496552605465256	1.2029200279260506	0.7856474715525158
0.9512273719050464	1.205015097742819	0.7881496102921717
0.9527994832635671	1.207110788523945	0.7906553000899665
0.9543715946220878	1.2092071806414901	0.7931645361431653
0.9559437059806086	1.2113041198675776	0.7956773177360943
0.9575158173391293	1.2134016862743922	0.7981936427854234
0.9590879286976501	1.2154998025341803	0.8007135096738439
0.9606600400561708	1.217598629319251	0.8032369157890731
0.9622321514146914	1.2196980896019747	0.8057638595318019
0.9638042627732123	1.221798185454784	0.8082943447599705
0.9653763741317329	1.2238989190501735	0.8108283573728702
0.9669484854902537	1.2260002926606999	0.8133659015441435
0.9685205968487745	1.2281023082589828	0.8159069081281687
0.9700927082072952	1.2302049681177032	0.8184515090248162
0.971664819565816	1.232308274309605	0.8209996353782183
0.9732369309243367	1.2344122290074946	0.8235512867282062
0.9748090422828574	1.2365168344842403	0.8261064583165308
0.9763811536413782	1.2386220928127736	0.8286651492532414
0.9779532649998989	1.2407280062660884	0.8312273577415453
0.9795253763584195	1.2428345770172415	0.8337931938753306
0.9810974877169404	1.2449418073393521	0.8363624325122745
0.982669599075461	1.2470496993056028	0.8389351826585181
0.9842417104339819	1.2491582552892384	0.8415114440975874
0.9858138217925025	1.251267477463567	0.844091211963437
0.9873859331510233	1.2533773681019602	0.8466744863701432
0.988958044509544	1.255487929377852	0.8492612643849975
0.9905301558680648	1.2575991636647401	0.8518515443669281
0.9921022672265856	1.259711073236185	0.8544453246141785
0.9936743785851062	1.2618236601658106	0.8570426045332072
0.995246489943627	1.2639369270273044	0.8596433794843517
0.9968186013021477	1.2660509234944173	0.8622476490907116
0.9983907126606685	1.2681655569409636	0.8648554111548589
0.9999628240191891	1.2702808771408207	0.8674666640161037
1.0015349353777099	1.272396886367931	0.8700814051097394
1.0031070467362306	1.2745135868962991	0.8726996338411339
1.0046791580947514	1.2766309811999939	0.8753213492782437
1.0062512694532721	1.2787490714531482	0.8779465465062547
1.007823380811793	1.280867860229959	0.8805752253611832
1.0093954921703137	1.2829873497046866	0.8832073837175972
1.0109676035288344	1.2851075423516558	0.8858430199425227
1.0125397148873552	1.287228440645255	0.888482132303064
1.014111826245876	1.2893500467599375	0.8911247187078216
1.0156839376043965	1.29147236327022	0.8937707790198246
1.0172560489629174	1.293595392550684	0.8964203083850801
1.018828160321438	1.2957191369759749	0.8990733065762557
1.0204002716799587	1.297843598920803	0.9017297717013725
1.0219723830384795	1.2999687810599427	0.9043897218887496
1.0235444943970002	1.302094685568233	0.907053115710612
1.025116605755521	1.3042213151205773	0.9097199715653462
1.0266887171140417	1.3063486720919442	0.9123902878550832
1.0282608284725625	1.3084767589573663	0.9150640618621757
1.0298329398310833	1.3106055782919415	0.9177412920528817
1.031405051189604	1.3127351323708323	0.9204219767833002
1.0329771625481246	1.314865423969266	0.9231061347276619
1.0345492739066455	1.3169964554625353	0.925793724105734
1.0361213852651663	1.3191282294259974	0.9284847631019099
1.0376934966236868	1.3212607483350747	0.9311792321656669
1.0392656079822076	1.3233940148652548	0.9338771646947911
1.0408377193407286	1.3255280313920905	0.9365785605603978
1.042409830699249	1.3276628005912	0.9392833811443793
1.0439819420577698	1.3297983250382663	0.9419916244265929
1.0455540534162906	1.3319346074090388	0.9447033282749524
1.0471261647748111	1.3340716500793308	0.947418467087525
1.048698276133332	1.3362094558250226	0.9501370432537765
1.0502703874918529	1.3383480273220594	0.9528590534996482
1.0518424988503736	1.3404873669464517	0.9555844965505027
1.0534146102088942	1.3426274775742764	0.9583133713883276
1.0549867215674151	1.3447683618816753	0.9610456753352054
1.0565588329259359	1.3469100222448571	0.9637814079685467
1.0581309442844564	1.3490524616400952	0.9665205674629339
1.0597030556429772	1.3511956826437292	0.9692631522786963
1.0612751670014982	1.3533396878321657	0.9720091601264217
1.0628472783600187	1.355484480081876	0.9747585913773144
1.0644193897185394	1.3576300620693977	0.9775114416319458
1.0659915010770602	1.3597764364713356	0.9802677109686535
1.0675636124355807	1.3619236060643596	0.9830273972566616
1.0691357237941017	1.3640715735252058	0.9857904995386814
1.0707078351526225	1.3662203416306775	0.9885570173290197
1.0722799465111432	1.368369913257644	0.9913269589037507
1.0738520578696638	1.3705202910830405	0.9941003011794994
1.0754241692281847	1.3726714779838696	0.9968770384767922
1.0769962805867055	1.3748234663371994	0.99965719752446
1.078568391945226	1.3769762809201658	1.0024407638527477
1.0801405033037468	1.3791299130099703	1.0052277360290354
1.0817126146622675	1.3812843719838819	1.00801811243451
1.0832847260207883	1.3834396463192358	1.0108118914255513
1.084856837379309	1.385595746593434	1.0136090713787709
1.0864289487378298	1.3877526758839467	1.0164096510570628
1.0880010600963503	1.3899104368683086	1.0192136295759995
1.0895731714548713	1.3920690325241238	1.022021005099323
1.091145282813392	1.394228465829062	1.024831776248278
1.0927173941719128	1.3963887396608605	1.0276459419346566
1.0942895055304334	1.398549856897324	1.0304635024814768
1.0958616168889543	1.4007118205163238	1.0332844529935683
1.097433728247475	1.402874633495799	1.036108794082779
1.0990058396059956	1.4050382988137557	1.0389365239672546
1.1005779509645164	1.4072028194482675	1.0417676415512738
1.1021500623230371	1.409368198377476	1.04460214637427
1.103722173681558	1.4115344386795887	1.0474400780644955
1.1052942850400787	1.4137015432328828	1.0502813524085024
1.1068663963985994	1.415869515115701	1.053126008921017
1.10843850775712	1.4180383575064555	1.055974046472949
1.110010619115641	1.4202080732836249	1.0588254649444189
1.1115827304741617	1.4223786656257562	1.06168026191888
1.1131548418326824	1.424550137511464	1.0645384369444804
1.114726953191203	1.4267224922194306	1.067399980647043
1.1162990645497237	1.4288957327284064	1.0702649076729247
1.1178711759082447	1.4310696364172104	1.0731332181669067
1.1194432872667652	1.433244661464728	1.0760048931391544
1.121015398625286	1.435420834949915	1.078879939835532
1.1225875099838067	1.4375976500517924	1.0817583569770104
1.1241596213423275	1.4397753666494524	1.0846401448779968
1.1257317327008483	1.4419539880220533	1.0875253181306235
1.127303844059369	1.4441335111488225	1.090413841894655
1.1288759554178895	1.446313951709056	1.093305732351862
1.1304480667764105	1.4484953065821173	1.0962009908304005
1.1320201781349313	1.4506775791474393	1.0990996111148894
1.133592289493452	1.4528607726845228	1.102001584765655
1.1351644008519726	1.4550448903729372	1.1049069308449035
1.1367365122104933	1.457229944592321	1.1078156382275492
1.1383086235690143	1.4594159206223802	1.110727711155105
1.1398807349275348	1.4616028307428908	1.1136431384742895
1.1414528462860556	1.463790678233697	1.116561924286462
1.1430249576445763	1.4659794664747114	1.1194840682011495
1.144597069003097	1.4681691988459162	1.1224095674664836
1.1461691803616179	1.4703598787273617	1.1253384230887153
1.1477412917201386	1.472551509499168	1.1282706334750467
1.1493134030786591	1.4747440845415232	1.1312061978459278
1.15088551443718	1.4769376272346852	1.1341451151839177
1.1524576257957009	1.4791321309589809	1.1370873871087643
1.1540297371542214	1.4813275992948058	1.1400330071495193
1.1556018485127422	1.4835240356226254	1.142981978430367
1.157173959871263	1.4857214435229738	1.1459342994576929
1.158746071229784	1.4879198263764546	1.1488899690779464
1.1603181825883044	1.4901191883637406	1.1518489871313204
1.1618902939468252	1.4923195317655742	1.1548113524168442
1.163462405305346	1.4945208606627671	1.1577770636396023
1.1650345166638667	1.4967231788362008	1.1607461252682099
1.1666066280223875	1.4989264895668255	1.1637185282766724
1.1681787393809082	1.5011307966356617	1.1666942754980656
1.1697508507394287	1.5033361036237993	1.1696733664086647
1.1713229620979495	1.5055424140123979	1.1726557998316598
1.1728950734564705	1.5077497323826867	1.1756415761990548
1.174467184814991	1.509958060715965	1.1786306945419482
1.1760392961735118	1.5121674034936012	1.181623156229537
1.1776114075320325	1.5143777643970342	1.1846189564093017
1.1791835188905535	1.5165891471077724	1.1876180965078815
1.180755630249074	1.5188015554073946	1.1906205760444704
1.1823277416075948	1.521014992877549	1.1936263941365437
1.1838998529661156	1.5232294633999544	1.1966355506521302
1.185471964324636	1.525444970756399	1.1996480452051943
1.187044075683157	1.5276615186287419	1.2026638760033077
1.1886161870416778	1.5298791107989118	1.205683044526771
1.1901882984001984	1.5320977512489078	1.2087055492711984
1.191760409758719	1.5343174435607994	1.2117313901699358
1.19333252111724	1.536538191816726	1.2147605656246565
1.1949046324757606	1.5387599997988977	1.2177930769993714
1.1964767438342814	1.5409828713895952	1.2208289517414157
1.1980488551928021	1.543206810371169	1.223868132225862
1.199620966551323	1.54543182092604	1.2269106490829267
1.2011930779098436	1.547657906736701	1.2299564963692768
1.2027651892683644	1.5498850718857136	1.2330056778228822
1.2043373006268852	1.5521133203557107	1.2360582923546193
1.2059094119854057	1.5543426561293965	1.239114148075087
1.2074815233439267	1.5565730830895452	1.2421733360333258
1.2090536347024474	1.5588046786190015	1.2452358574295193
1.210625746060968	1.5610373072006818	1.2483015739854955
1.2121978574194887	1.5632710396175722	1.2513707496507764
1.2137699687780097	1.5655057849527303	1.254443256278939
1.2153420801365302	1.567741729189285	1.2575190952444164
1.216914191495051	1.569978789210435	1.2605982651467633
1.2184863028535717	1.5722169690994512	1.2636807658316065
1.2200584142120927	1.574456273039675	1.2667665983876653
1.2216305255706132	1.5766967051145182	1.2698557618209343
1.223202636929134	1.5789382697074652	1.2729482563380916
1.2247747482876548	1.5811809709020703	1.2760440809618085
1.2263468596461753	1.5834248128819595	1.2791432397297824
1.2279189710046963	1.5856698006308299	1.2822457269134062
1.229491082363217	1.5879159371324496	1.2853515453329811
1.2310631937217376	1.5901632274706592	1.2884606937219583
1.2326353050802583	1.592411675729369	1.2915731739793304
1.2342074164387793	1.5946612862925618	1.2946889856119872
1.2357795277972998	1.5969120636442917	1.2978081275019133
1.2373516391558206	1.5991640120686836	1.3009289774363866
1.2389237505143413	1.601417135949935	1.3040547593858693
1.240495861872862	1.603671439772314	1.3071838762270132
1.2420679732313828	1.6059269279201607	1.3103163219354754
1.2436400845899036	1.6081836048778868	1.3134521007906952
1.2452121959484244	1.6104414789299761	1.316592948164128
1.246784307306945	1.6126991971609828	1.3197354147876592
1.2483564186654659	1.6149594510555345	1.3228812143777073
1.2499285300239866	1.6172209114983291	1.326030347368212
1.2515006413825072	1.6194835831741377	1.329182813198461
1.253072752741028	1.6217474782678023	1.332338616052619
1.254644864099549	1.6240140069642368	1.3354977510821824
1.2562169754580694	1.6262803573484277	1.338660220075059
1.2577890868165902	1.628547937705433	1.3418260250307579
1.259361198175111	1.6308167525203825	1.3449951649366165
1.2609333095336317	1.633086806678479	1.348167641637575
1.2625054208921525	1.6353581048649959	1.351343455129447
1.2640775322506732	1.6376306516652803	1.3545226051128845
1.265649643609194	1.6399044520647499	1.3577050937111612
1.2672217549677145	1.6421795107488961	1.3608909217261156
1.2687938663262355	1.6444558331032817	1.3640810731159858
1.2703659776847562	1.6467334475135416	1.367272592763686
1.2719380890432768	1.6490123117653832	1.3704684363011062
1.2735102004017975	1.6512924624445866	1.3736676219609947
1.2750823117603183	1.653573885337004	1.3768701502397112
1.276654423118839	1.6558566031285598	1.3800760207255778
1.2782265344773598	1.658140606005251	1.3832852338554162
1.2797986458358805	1.6604259062531472	1.386497791357856
1.281370757194401	1.6627125090583907	1.3897136928299092
1.282942868552922	1.6650004192071959	1.392932943345077
1.2845149799114428	1.6672896418858496	1.396155537658774
1.2860870912699636	1.6695801821807117	1.3993814785963257
1.287659202628484	1.6718720451782147	1.402610768583534
1.289231313987005	1.6741652359648638	1.4058434069936396
1.2908034253455258	1.6764597597272366	1.4090793964742516
1.2923755367040464	1.6787556215519834	1.4123187372290813
1.2939476480625671	1.6810528267258278	1.4155614294036363
1.2955197594210879	1.683351380535566	1.4188074436124034
1.2970918707796086	1.685651288068067	1.4220568430337317
1.2986639821381294	1.6879525546102723	1.4253095990127516
1.3002360934966501	1.6902551856491967	1.4285657115766415
1.3018082048551707	1.6925591862719285	1.4318251813405405
1.3033803162136917	1.6948645349656277	1.4350880107543655
1.3049524275722124	1.697171291017528	1.4383542033156393
1.3065245389307332	1.6994794330149368	1.4416237546028536
1.3080966502892537	1.701788966145233	1.444896667853399
1.3096687616477745	1.7040998960958698	1.4481729461765822
1.3112408730062954	1.7064122282543737	1.4514525900619248
1.312812984364816	1.708725968108343	1.4547355998543794
1.3143850957233367	1.711041121245451	1.4580219789984739
1.3159572070818575	1.7133576932534427	1.461311729191411
1.3175293184403782	1.715675689720137	1.4646048493230812
1.319101429798899	1.7179951162334264	1.4679022650307363
1.3206735411574198	1.7203159783812758	1.471202152959864
1.3222456525159403	1.7226382820517245	1.4745053897946594
1.3238177638744613	1.7249620327328843	1.4778110704674259
1.325389875232982	1.7272872363129408	1.4811210692822934
1.3269619865915028	1.7296138885801533	1.4844344492779238
1.3285340979500233	1.7319427643228542	1.4877512110457072
1.330106209308544	1.7342723795294495	1.491071357617962
1.331678320667065	1.736602684588418	1.4943948901910233
1.3332504320255856	1.7389352495883137	1.4977218099462737
1.3348225433841063	1.7412692923177624	1.5010521198690627
1.336394654742627	1.7436048288654649	1.5043858203828793
1.3379667661011478	1.745941865120195	1.507722914877908
1.3395388774596686	1.7482804071707996	1.5110634039219928
1.3411109888181894	1.7506204611062006	1.514407290788617
1.3426831001767099	1.7529620328153923	1.517754576256892
1.3442552115352306	1.7553051284874441	1.5211052633584665
1.3458273228937516	1.757649754311498	1.5244593532430049
1.3473994342522724	1.7599959163767696	1.5278168491035478
1.348971545610793	1.76234362077255	1.5311777517666572
1.3505436569693137	1.7646928737882026	1.5345420645986771
1.3521157683278346	1.7670436817131652	1.5379097887525455
1.3536878796863552	1.7693960508369495	1.541280929323987
1.355259991044876	1.771749987349141	1.5446554818691116
1.3568321024033967	1.7741054976393993	1.5480334549233998
1.3584042137619174	1.776462588097458	1.5514148497107467
1.3599763251204382	1.7788212651131248	1.5547996671618853
1.361548436478959	1.781181535176281	1.5581879110637804
1.3631205478374795	1.7835434046768823	1.5615795825243528
1.3646926591960002	1.7859068780049583	1.5649747214889365
1.3662647705545212	1.7882719659506132	1.5683732566859085
1.367836881913042	1.7906386729040247	1.571775228529135
1.3694089932715625	1.793007130555445	1.5751806377797024
1.3709811046300833	1.7953771005952002	1.5785894586834175
1.3725532159886042	1.7977487100136909	1.5820017532875705
1.3741253273471248	1.8001218255013918	1.5854174938101162
1.3756974387056455	1.802496727448852	1.5888366838776427
1.3772695500641663	1.8048732885466945	1.592259325108033
1.3788416614226868	1.807251515585617	1.5956856678697677
1.3804137727812078	1.8096314153563915	1.5991152249669858
1.3819858841397286	1.8120131792498637	1.6025482425232649
1.383557995498249	1.8143964478569548	1.605984724155495
1.3851301068567698	1.8167814099686594	1.6094246712860434
1.3867022182152908	1.819168072576047	1.6128680886267377
1.3882743295738116	1.8215564426702613	1.6163149764071645
1.3898464409323321	1.8239465272425206	1.6197653412357231
1.3914185522908529	1.8263383320841176	1.6232191787225527
1.3929906636493739	1.8287318670864197	1.6266765033451984
1.3945627750078944	1.8311271350408684	1.6301373136536423
1.3961348863664151	1.8335241487389802	1.6336016112113372
1.397706997724936	1.835922912572346	1.6370694027358899
1.3992791090834564	1.838323433932631	1.6405406859000173
1.4008512204419774	1.8407257245115756	1.6440154762059418
1.4024233318004982	1.843129783200994	1.6474937599938704
1.4039954431590187	1.845535621392776	1.6509755480887953
1.4055675545175395	1.8479432438788854	1.6544608443419175
1.4071396658760604	1.8503526623513606	1.6579496530377391
1.4087117772345812	1.8527638825023152	1.661441648580971
1.4102838885931017	1.8551769117239374	1.6649374856382813
1.4118559999516225	1.8575915151084899	1.6684368457539311
1.4134281113101432	1.8600081816483103	1.6719397311654127
1.415000222668664	1.862426679935811	1.6754461463516765
1.4165723340271847	1.8648470176634793	1.6789560955994873
1.4181444453857055	1.867269202323877	1.6824695812536796
1.419716556744226	1.869693241809641	1.6859866078066104
1.421288668102747	1.8721191437134832	1.6895071799653385
1.4228607794612678	1.8745469158281898	1.6930312999065105
1.4244328908197883	1.8769765659466227	1.6965589723510073
1.426005002178309	1.879408101961718	1.7000902019678283
1.42757711353683	1.881841531566487	1.7036249911946149
1.4291492248953506	1.8842768629540156	1.7071633445790828
1.4307213362538713	1.886714103717466	1.7107052673146317
1.432293447612392	1.8891532621500733	1.7142507617167588
1.4338655589709128	1.8915943459451494	1.7177998325661312
1.4354376703294336	1.8940373524960803	1.7213524762494186
1.4370097816879543	1.8964823113963274	1.7249087128041976
1.438581893046475	1.8989292200394263	1.7284685379725024
1.4401540044049956	1.9013780864189889	1.7320319574021052
1.4417261157635166	1.9038289188287014	1.735598973310422
1.4432982271220374	1.9062817253623254	1.7391695909210414
1.444870338480558	1.9087365142136976	1.7427438147489152
1.4464424498390787	1.9111932935767295	1.7463216495083533
1.4480145611975994	1.913652071845408	1.7499030982294568
1.4495866725561202	1.916112857213795	1.7534881661790134
1.451158783914641	1.9185756581760283	1.7570768572668127
1.4527308952731617	1.9210404828263195	1.760669177085421
1.4543030066316824	1.9235073396589566	1.7642651283772237
1.4558751179902032	1.9259762370683022	1.7678647164038919
1.457447229348724	1.9284471834487944	1.771467948773066
1.4590193407072447	1.9309201872949462	1.7750748235718574
1.4605914520657652	1.9333952570013466	1.778685348627764
1.4621635634242862	1.935872401062659	1.7822995283845402
1.463735674782807	1.9383516279736224	1.7859173671995472
1.4653077861413275	1.9408329462290512	1.7895388702853203
1.4668798974998483	1.943316364423835	1.7931640410666305
1.468452008858369	1.9458018910529387	1.796792884604678
1.4700241202168898	1.9482895346114026	1.8004254054069764
1.4715962315754105	1.9507793037943426	1.8040616084188554
1.4731683429339313	1.9532712069969496	1.8077014971942873
1.474740454292452	1.9557652530144896	1.8113450767830974
1.4763125656509728	1.9582614502423046	1.8149923514764412
1.4778846770094936	1.9607598072758117	1.8186433261133998
1.4794567883680143	1.9632603328105032	1.8222980054016291
1.4810288997265348	1.9657630354419473	1.8259563925420985
1.4826010110850556	1.9682679235657872	1.8296184930583688
1.4841731224435766	1.9707750058777416	1.8332843106530352
1.485745233802097	1.9732842908736048	1.8369538501016207
1.4873173451606179	1.9757957872492466	1.840627116536968
1.4888894565191386	1.9783095033006122	1.8443041122876618
1.4904615678776594	1.980825452623722	1.8479848425687049
1.4920336792361801	1.983343633814672	1.8516693114494118
1.4936057905947009	1.9858640602696342	1.8553575230910682
1.4951779019532216	1.9883867403848554	1.8590494821890455
1.4967500133117424	1.9909116826566586	1.8627451914357416
1.4983221246702632	1.9934388952814412	1.866444655239305
1.499894236028784	1.9959683866556777	1.8701478773325635
1.5014663473873044	1.9985001650759169	1.8738548616024144
1.5030384587458252	2.0010342387387836	1.8775656116185833
1.5046105701043462	2.003570615740978	1.881280131418983
1.5061826814628667	2.0061093041792764	1.8849984232837447
1.5077547928213875	2.00865031225053	1.888720490988768
1.5093269041799082	2.0111936477516656	1.8924463378358012
1.510899015538429	2.013739318679686	1.896175968996332
1.5124711268969497	2.01628733283167	1.8999093828783753
1.5140432382554705	2.0188376978047704	1.9036465841595214
1.5156153496139912	2.0213904213962177	1.907387575933649
1.5171874609725118	2.0239455110033164	1.9111323608983002
1.5187595723310328	2.0265029741234466	1.9148809402578393
1.5203316836895535	2.0290628180540664	1.9186333161703457
1.521903795048074	2.0316250499927055	1.9223894909949657
1.5234759064065948	2.034189677036973	1.9261494662539413
1.5250480177651158	2.0367567060845526	1.9299132431717945
1.5266201291236363	2.0393261439332013	1.9336808230582272
1.528192240482157	2.0418979973807554	1.9374522069411877
1.5297643518406778	2.044472272825124	1.9412273954445323
1.5313364631991986	2.0470489765642936	1.9450063899165697
1.5329085745577193	2.0496281148963256	1.948789188920477
1.53448068591624	2.0522096939193575	1.9525757932233005
1.5360527972747609	2.054793719231602	1.9563662022587383
1.5376249086332814	2.0573801967313483	1.9601604157305252
1.5391970199918024	2.0599691331169594	1.9639584315684553
1.5407691313503231	2.062560530986876	1.9677602501188698
1.5423412427088437	2.065154396839615	1.9715658689637248
1.5439133540673644	2.067750735273766	1.9753752861159055
1.5454854654258854	2.0703495512879977	1.979188499481663
1.547057576784406	2.0729508489810518	1.9830055062888712
1.5486296881429267	2.0755546321517473	1.9868263072320689
1.5502017995014474	2.078160905798979	1.9906508915108472
1.551773910859968	2.080769673121716	1.9944792592194769
1.553346022218489	2.0833809375190047	1.9983114057737779
1.5549181335770097	2.0859947022899656	2.002147326939673
1.5564902449355302	2.088610973133797	2.005987016920914
1.558062356294051	2.091229747049772	2.009830472012459
1.559634467652572	2.0938510294372383	2.013677685776515
1.5612065790110927	2.096474821195621	2.0175286537978607
1.5627786903696133	2.0991011265244195	2.02138336527813
1.564350801728134	2.1017299475232103	2.025241816937232
1.565922913086655	2.1043612835916448	2.0291040006098644
1.5674950244451755	2.1069951349294502	2.0329699050912047
1.5690671358036963	2.1096315053364303	2.0368395715145478
1.570639247162217	2.112270414712463	2.0407128779782164