1.0000000000e-04 1.4692267116e-04 1.1877612287e-08
1.6721113585e-03 2.4567110031e-03 3.3209204849e-06
3.2442227170e-03 4.7665010938e-03 1.2501132454e-05
4.8163340756e-03 7.0762945969e-03 2.7552510605e-05
6.3884454341e-03 9.3860931659e-03 4.8475050225e-05
7.9605567926e-03 1.1695898455e-02 7.5268744513e-05
9.5326681511e-03 1.4005712117e-02 1.0793358449e-04
1.1104779510e-02 1.6315535806e-02 1.4646956002e-04
1.2676890868e-02 1.8625371176e-02 1.9087665825e-04
1.4249002227e-02 2.0935219882e-02 2.4115486504e-04
1.5821113585e-02 2.3245083577e-02 2.9730416408e-04
1.7393224944e-02 2.5554963915e-02 3.5932453721e-04
1.8965336302e-02 2.7864862552e-02 4.2721596430e-04
2.0537447661e-02 3.0174781142e-02 5.0097842330e-04
2.2109559019e-02 3.2484721339e-02 5.8061189077e-04
2.3681670378e-02 3.4794684799e-02 6.6611634066e-04
2.5253781736e-02 3.7104673177e-02 7.5749174541e-04
2.6825893095e-02 3.9414688128e-02 8.5473807540e-04
2.8398004453e-02 4.1724731309e-02 9.5785529950e-04
2.9970115812e-02 4.4034804375e-02 1.0668433843e-03
3.1542227170e-02 4.6344908984e-02 1.1817022946e-03
3.3114338529e-02 4.8655046790e-02 1.3024319934e-03
3.4686449887e-02 5.0965219453e-02 1.4290324419e-03
3.6258561246e-02 5.3275428628e-02 1.5615035992e-03
3.7830672604e-02 5.5585675974e-02 1.6998454229e-03
3.9402783963e-02 5.7895963148e-02 1.8440578682e-03
4.0974895322e-02 6.0206291810e-02 1.9941408889e-03
4.2547006680e-02 6.2516663618e-02 2.1500944368e-03
4.4119118039e-02 6.4827080231e-02 2.3119184617e-03
4.5691229397e-02 6.7137543310e-02 2.4796129119e-03
4.7263340756e-02 6.9448054514e-02 2.6531777334e-03
4.8835452114e-02 7.1758615504e-02 2.8326128707e-03
5.0407563473e-02 7.4069227942e-02 3.0179182663e-03
5.1979674831e-02 7.6379893488e-02 3.2090938611e-03
5.3551786190e-02 7.8690613806e-02 3.4061395938e-03
5.5123897548e-02 8.1001390558e-02 3.6090554013e-03
5.6696008907e-02 8.3312225408e-02 3.8178412194e-03
5.8268120265e-02 8.5623120018e-02 4.0324969808e-03
5.9840231624e-02 8.7934076055e-02 4.2530226177e-03
6.1412342982e-02 9.0245095182e-02 4.4794180598e-03
6.2984454341e-02 9.2556179066e-02 4.7116832347e-03
6.4556565699e-02 9.4867329372e-02 4.9498180691e-03
6.6128677058e-02 9.7178547769e-02 5.1938224874e-03
6.7700788416e-02 9.9489835923e-02 5.4436964118e-03
6.9272899775e-02 1.0180119550e-01 5.6994397636e-03
7.0845011133e-02 1.0411262818e-01 5.9610524617e-03
7.2417122492e-02 1.0642413562e-01 6.2285344234e-03
7.3989233850e-02 1.0873571949e-01 6.5018855646e-03
7.5561345209e-02 1.1104738148e-01 6.7811057986e-03
7.7133456568e-02 1.1335912324e-01 7.0661950377e-03
7.8705567926e-02 1.1567094645e-01 7.3571531923e-03
8.0277679285e-02 1.1798285279e-01 7.6539801709e-03
8.1849790643e-02 1.2029484393e-01 7.9566758804e-03
8.3421902002e-02 1.2260692154e-01 8.2652402260e-03
8.4994013360e-02 1.2491908731e-01 8.5796731111e-03
8.6566124719e-02 1.2723134290e-01 8.8999744374e-03
8.8138236077e-02 1.2954369000e-01 9.2261441049e-03
8.9710347436e-02 1.3185613028e-01 9.5581820121e-03
9.1282458794e-02 1.3416866543e-01 9.8960880553e-03
9.2854570153e-02 1.3648129713e-01 1.0239862130e-02
9.4426681511e-02 1.3879402705e-01 1.0589504129e-02
9.5998792870e-02 1.4110685689e-01 1.0945013945e-02
9.7570904228e-02 1.4341978831e-01 1.1306391466e-02
9.9143015587e-02 1.4573282302e-01 1.1673636583e-02
1.0071512695e-01 1.4804596269e-01 1.2046749180e-02
1.0228723830e-01 1.5035920901e-01 1.2425729145e-02
1.0385934966e-01 1.5267256367e-01 1.2810576359e-02
1.0543146102e-01 1.5498602836e-01 1.3201290705e-02
1.0700357238e-01 1.5729960476e-01 1.3597872063e-02
1.0857568374e-01 1.5961329458e-01 1.4000320313e-02
1.1014779510e-01 1.6192709949e-01 1.4408635330e-02
1.1171990645e-01 1.6424102120e-01 1.4822816991e-02
1.1329201781e-01 1.6655506139e-01 1.5242865170e-02
1.1486412917e-01 1.6886922177e-01 1.5668779739e-02
1.1643624053e-01 1.7118350404e-01 1.6100560569e-02
1.1800835189e-01 1.7349790988e-01 1.6538207530e-02
1.1958046325e-01 1.7581244100e-01 1.6981720489e-02
1.2115257461e-01 1.7812709910e-01 1.7431099313e-02
1.2272468596e-01 1.8044188588e-01 1.7886343867e-02
1.2429679732e-01 1.8275680304e-01 1.8347454014e-02
1.2586890868e-01 1.8507185230e-01 1.8814429616e-02
1.2744102004e-01 1.8738703534e-01 1.9287270534e-02
1.2901313140e-01 1.8970235389e-01 1.9765976626e-02
1.3058524276e-01 1.9201780965e-01 2.0250547751e-02
1.3215735412e-01 1.9433340433e-01 2.0740983764e-02
1.3372946547e-01 1.9664913964e-01 2.1237284520e-02
1.3530157683e-01 1.9896501729e-01 2.1739449873e-02
1.3687368819e-01 2.0128103900e-01 2.2247479674e-02
1.3844579955e-01 2.0359720648e-01 2.2761373774e-02
1.4001791091e-01 2.0591352146e-01 2.3281132022e-02
1.4159002227e-01 2.0822998564e-01 2.3806754267e-02
1.4316213363e-01 2.1054660075e-01 2.4338240354e-02
1.4473424498e-01 2.1286336851e-01 2.4875590129e-02
1.4630635634e-01 2.1518029064e-01 2.5418803435e-02
1.4787846770e-01 2.1749736887e-01 2.5967880116e-02
1.4945057906e-01 2.1981460492e-01 2.6522820013e-02
1.5102269042e-01 2.2213200052e-01 2.7083622965e-02
1.5259480178e-01 2.2444955741e-01 2.7650288811e-02
1.5416691314e-01 2.2676727730e-01 2.8222817389e-02
1.5573902449e-01 2.2908516194e-01 2.8801208535e-02
1.5731113585e-01 2.3140321305e-01 2.9385462085e-02
1.5888324721e-01 2.3372143238e-01 2.9975577871e-02
1.6045535857e-01 2.3603982166e-01 3.0571555727e-02
1.6202746993e-01 2.3835838262e-01 3.1173395484e-02
1.6359958129e-01 2.4067711702e-01 3.1781096973e-02
1.6517169264e-01 2.4299602660e-01 3.2394660022e-02
1.6674380400e-01 2.4531511309e-01 3.3014084460e-02
1.6831591536e-01 2.4763437824e-01 3.3639370113e-02
1.6988802672e-01 2.4995382381e-01 3.4270516807e-02
1.7146013808e-01 2.5227345154e-01 3.4907524368e-02
1.7303224944e-01 2.5459326318e-01 3.5550392618e-02
1.7460436080e-01 2.5691326050e-01 3.6199121381e-02
1.7617647215e-01 2.5923344523e-01 3.6853710478e-02
1.7774858351e-01 2.6155381915e-01 3.7514159729e-02
1.7932069487e-01 2.6387438400e-01 3.8180468953e-02
1.8089280623e-01 2.6619514156e-01 3.8852637971e-02
1.8246491759e-01 2.6851609358e-01 3.9530666599e-02
1.8403702895e-01 2.7083724183e-01 4.0214554653e-02
1.8560914031e-01 2.7315858807e-01 4.0904301950e-02
1.8718125166e-01 2.7548013408e-01 4.1599908304e-02
1.8875336302e-01 2.7780188163e-01 4.2301373529e-02
1.9032547438e-01 2.8012383248e-01 4.3008697438e-02
1.9189758574e-01 2.8244598842e-01 4.3721879842e-02
1.9346969710e-01 2.8476835123e-01 4.4440920555e-02
1.9504180846e-01 2.8709092267e-01 4.5165819385e-02
1.9661391982e-01 2.8941370454e-01 4.5896576142e-02
1.9818603117e-01 2.9173669861e-01 4.6633190635e-02
1.9975814253e-01 2.9405990668e-01 4.7375662673e-02
2.0133025389e-01 2.9638333052e-01 4.8123992062e-02
2.0290236525e-01 2.9870697194e-01 4.8878178609e-02
2.0447447661e-01 3.0103083272e-01 4.9638222120e-02
2.0604658797e-01 3.0335491466e-01 5.0404122399e-02
2.0761869932e-01 3.0567921956e-01 5.1175879252e-02
2.0919081068e-01 3.0800374920e-01 5.1953492481e-02
2.1076292204e-01 3.1032850541e-01 5.2736961891e-02
2.1233503340e-01 3.1265348997e-01 5.3526287283e-02
2.1390714476e-01 3.1497870470e-01 5.4321468459e-02
2.1547925612e-01 3.1730415140e-01 5.5122505221e-02
2.1705136748e-01 3.1962983189e-01 5.5929397369e-02
2.1862347883e-01 3.2195574797e-01 5.6742144705e-02
2.2019559019e-01 3.2428190147e-01 5.7560747025e-02
2.2176770155e-01 3.2660829420e-01 5.8385204132e-02
2.2333981291e-01 3.2893492798e-01 5.9215515822e-02
2.2491192427e-01 3.3126180464e-01 6.0051681894e-02
2.2648403563e-01 3.3358892600e-01 6.0893702147e-02
2.2805614699e-01 3.3591629389e-01 6.1741576376e-02
2.2962825834e-01 3.3824391014e-01 6.2595304380e-02
2.3120036970e-01 3.4057177658e-01 6.3454885955e-02
2.3277248106e-01 3.4289989505e-01 6.4320320896e-02
2.3434459242e-01 3.4522826739e-01 6.5191609001e-02
2.3591670378e-01 3.4755689543e-01 6.6068750063e-02
2.3748881514e-01 3.4988578103e-01 6.6951743880e-02
2.3906092650e-01 3.5221492603e-01 6.7840590245e-02
2.4063303785e-01 3.5454433227e-01 6.8735288954e-02
2.4220514921e-01 3.5687400161e-01 6.9635839800e-02
2.4377726057e-01 3.5920393590e-01 7.0542242580e-02
2.4534937193e-01 3.6153413700e-01 7.1454497086e-02
2.4692148329e-01 3.6386460677e-01 7.2372603112e-02
2.4849359465e-01 3.6619534708e-01 7.3296560453e-02
2.5006570600e-01 3.6852635978e-01 7.4226368903e-02
2.5163781736e-01 3.7085764674e-01 7.5162028255e-02
2.5320992872e-01 3.7318920985e-01 7.6103538304e-02
2.5478204008e-01 3.7552105096e-01 7.7050898841e-02
2.5635415144e-01 3.7785317197e-01 7.8004109663e-02
2.5792626280e-01 3.8018557474e-01 7.8963170561e-02
2.5949837416e-01 3.8251826116e-01 7.9928081330e-02
2.6107048551e-01 3.8485123312e-01 8.0898841764e-02
2.6264259687e-01 3.8718449250e-01 8.1875451656e-02
2.6421470823e-01 3.8951804120e-01 8.2857910801e-02
2.6578681959e-01 3.9185188111e-01 8.3846218993e-02
2.6735893095e-01 3.9418601412e-01 8.4840376027e-02
2.6893104231e-01 3.9652044215e-01 8.5840381696e-02
2.7050315367e-01 3.9885516709e-01 8.6846235796e-02
2.7207526502e-01 4.0119019085e-01 8.7857938122e-02
2.7364737638e-01 4.0352551535e-01 8.8875488469e-02
2.7521948774e-01 4.0586114248e-01 8.9898886633e-02
2.7679159910e-01 4.0819707418e-01 9.0928132410e-02
2.7836371046e-01 4.1053331235e-01 9.1963225596e-02
2.7993582182e-01 4.1286985893e-01 9.3004165988e-02
2.8150793318e-01 4.1520671584e-01 9.4050953384e-02
2.8308004453e-01 4.1754388500e-01 9.5103587580e-02
2.8465215589e-01 4.1988136836e-01 9.6162068376e-02
2.8622426725e-01 4.2221916784e-01 9.7226395570e-02
2.8779637861e-01 4.2455728539e-01 9.8296568960e-02
2.8936848997e-01 4.2689572294e-01 9.9372588347e-02
2.9094060133e-01 4.2923448245e-01 1.0045445353e-01
2.9251271268e-01 4.3157356587e-01 1.0154216431e-01
2.9408482404e-01 4.3391297514e-01 1.0263572050e-01
2.9565693540e-01 4.3625271222e-01 1.0373512188e-01
2.9722904676e-01 4.3859277908e-01 1.0484036827e-01
2.9880115812e-01 4.4093317767e-01 1.0595145946e-01
3.0037326948e-01 4.4327390997e-01 1.0706839528e-01
3.0194538084e-01 4.4561497794e-01 1.0819117550e-01
3.0351749219e-01 4.4795638356e-01 1.0931979996e-01
3.0508960355e-01 4.5029812880e-01 1.1045426844e-01
3.0666171491e-01 4.5264021565e-01 1.1159458077e-01
3.0823382627e-01 4.5498264609e-01 1.1274073674e-01
3.0980593763e-01 4.5732542210e-01 1.1389273617e-01
3.1137804899e-01 4.5966854569e-01 1.1505057887e-01
3.1295016035e-01 4.6201201885e-01 1.1621426465e-01
3.1452227170e-01 4.6435584357e-01 1.1738379333e-01
3.1609438306e-01 4.6670002186e-01 1.1855916471e-01
3.1766649442e-01 4.6904455573e-01 1.1974037862e-01
3.1923860578e-01 4.7138944718e-01 1.2092743486e-01
3.2081071714e-01 4.7373469824e-01 1.2212033326e-01
3.2238282850e-01 4.7608031092e-01 1.2331907364e-01
3.2395493986e-01 4.7842628724e-01 1.2452365581e-01
3.2552705121e-01 4.8077262923e-01 1.2573407960e-01
3.2709916257e-01 4.8311933893e-01 1.2695034482e-01
3.2867127393e-01 4.8546641835e-01 1.2817245131e-01
3.3024338529e-01 4.8781386955e-01 1.2940039888e-01
3.3181549665e-01 4.9016169457e-01 1.3063418737e-01
3.3338760801e-01 4.9250989544e-01 1.3187381660e-01
3.3495971936e-01 4.9485847423e-01 1.3311928641e-01
3.3653183072e-01 4.9720743299e-01 1.3437059662e-01
3.3810394208e-01 4.9955677376e-01 1.3562774706e-01
3.3967605344e-01 5.0190649863e-01 1.3689073757e-01
3.4124816480e-01 5.0425660965e-01 1.3815956799e-01
3.4282027616e-01 5.0660710890e-01 1.3943423815e-01
3.4439238752e-01 5.0895799844e-01 1.4071474790e-01
3.4596449887e-01 5.1130928037e-01 1.4200109707e-01
3.4753661023e-01 5.1366095676e-01 1.4329328550e-01
3.4910872159e-01 5.1601302970e-01 1.4459131305e-01
3.5068083295e-01 5.1836550129e-01 1.4589517956e-01
3.5225294431e-01 5.2071837362e-01 1.4720488487e-01
3.5382505567e-01 5.2307164879e-01 1.4852042884e-01
3.5539716703e-01 5.2542532891e-01 1.4984181132e-01
3.5696927838e-01 5.2777941609e-01 1.5116903216e-01
3.5854138974e-01 5.3013391244e-01 1.5250209122e-01
3.6011350110e-01 5.3248882008e-01 1.5384098836e-01
3.6168561246e-01 5.3484414114e-01 1.5518572344e-01
3.6325772382e-01 5.3719987774e-01 1.5653629632e-01
3.6482983518e-01 5.3955603201e-01 1.5789270686e-01
3.6640194654e-01 5.4191260610e-01 1.5925495494e-01
3.6797405789e-01 5.4426960214e-01 1.6062304043e-01
3.6954616925e-01 5.4662702228e-01 1.6199696318e-01
3.7111828061e-01 5.4898486868e-01 1.6337672309e-01
3.7269039197e-01 5.5134314348e-01 1.6476232002e-01
3.7426250333e-01 5.5370184885e-01 1.6615375386e-01
3.7583461469e-01 5.5606098696e-01 1.6755102449e-01
3.7740672604e-01 5.5842055997e-01 1.6895413178e-01
3.7897883740e-01 5.6078057005e-01 1.7036307563e-01
3.8055094876e-01 5.6314101940e-01 1.7177785593e-01
3.8212306012e-01 5.6550191019e-01 1.7319847256e-01
3.8369517148e-01 5.6786324461e-01 1.7462492543e-01
3.8526728284e-01 5.7022502486e-01 1.7605721443e-01
3.8683939420e-01 5.7258725314e-01 1.7749533946e-01
3.8841150555e-01 5.7494993164e-01 1.7893930042e-01
3.8998361691e-01 5.7731306259e-01 1.8038909722e-01
3.9155572827e-01 5.7967664820e-01 1.8184472977e-01
3.9312783963e-01 5.8204069068e-01 1.8330619797e-01
3.9469995099e-01 5.8440519226e-01 1.8477350175e-01
3.9627206235e-01 5.8677015517e-01 1.8624664103e-01
3.9784417371e-01 5.8913558165e-01 1.8772561571e-01
3.9941628506e-01 5.9150147393e-01 1.8921042573e-01
4.0098839642e-01 5.9386783426e-01 1.9070107102e-01
4.0256050778e-01 5.9623466490e-01 1.9219755150e-01
4.0413261914e-01 5.9860196809e-01 1.9369986711e-01
4.0570473050e-01 6.0096974610e-01 1.9520801778e-01
4.0727684186e-01 6.0333800120e-01 1.9672200346e-01
4.0884895322e-01 6.0570673566e-01 1.9824182408e-01
4.1042106457e-01 6.0807595176e-01 1.9976747960e-01
4.1199317593e-01 6.1044565177e-01 2.0129896998e-01
4.1356528729e-01 6.1281583800e-01 2.0283629515e-01
4.1513739865e-01 6.1518651273e-01 2.0437945508e-01
4.1670951001e-01 6.1755767826e-01 2.0592844973e-01
4.1828162137e-01 6.1992933689e-01 2.0748327907e-01
4.1985373273e-01 6.2230149095e-01 2.0904394306e-01
4.2142584408e-01 6.2467414274e-01 2.1061044169e-01
4.2299795544e-01 6.2704729459e-01 2.1218277492e-01
4.2457006680e-01 6.2942094883e-01 2.1376094273e-01
4.2614217816e-01 6.3179510778e-01 2.1534494512e-01
4.2771428952e-01 6.3416977380e-01 2.1693478206e-01
4.2928640088e-01 6.3654494922e-01 2.1853045356e-01
4.3085851223e-01 6.3892063639e-01 2.2013195960e-01
4.3243062359e-01 6.4129683768e-01 2.2173930019e-01
4.3400273495e-01 6.4367355544e-01 2.2335247534e-01
4.3557484631e-01 6.4605079205e-01 2.2497148506e-01
4.3714695767e-01 6.4842854988e-01 2.2659632935e-01
4.3871906903e-01 6.5080683131e-01 2.2822700824e-01
4.4029118039e-01 6.5318563873e-01 2.2986352174e-01
4.4186329174e-01 6.5556497453e-01 2.3150586990e-01
4.4343540310e-01 6.5794484111e-01 2.3315405273e-01
4.4500751446e-01 6.6032524087e-01 2.3480807027e-01
4.4657962582e-01 6.6270617623e-01 2.3646792257e-01
4.4815173718e-01 6.6508764961e-01 2.3813360967e-01
4.4972384854e-01 6.6746966343e-01 2.3980513162e-01
4.5129595990e-01 6.6985222012e-01 2.4148248847e-01
4.5286807125e-01 6.7223532211e-01 2.4316568029e-01
4.5444018261e-01 6.7461897186e-01 2.4485470714e-01
4.5601229397e-01 6.7700317180e-01 2.4654956909e-01
4.5758440533e-01 6.7938792440e-01 2.4825026621e-01
4.5915651669e-01 6.8177323212e-01 2.4995679859e-01
4.6072862805e-01 6.8415909743e-01 2.5166916631e-01
4.6230073941e-01 6.8654552280e-01 2.5338736945e-01
4.6387285076e-01 6.8893251071e-01 2.5511140813e-01
4.6544496212e-01 6.9132006366e-01 2.5684128243e-01
4.6701707348e-01 6.9370818413e-01 2.5857699246e-01
4.6858918484e-01 6.9609687464e-01 2.6031853834e-01
4.7016129620e-01 6.9848613769e-01 2.6206592017e-01
4.7173340756e-01 7.0087597580e-01 2.6381913810e-01
4.7330551891e-01 7.0326639148e-01 2.6557819223e-01
4.7487763027e-01 7.0565738728e-01 2.6734308271e-01
4.7644974163e-01 7.0804896572e-01 2.6911380968e-01
4.7802185299e-01 7.1044112934e-01 2.7089037328e-01
4.7959396435e-01 7.1283388071e-01 2.7267277367e-01
4.8116607571e-01 7.1522722237e-01 2.7446101099e-01
4.8273818707e-01 7.1762115689e-01 2.7625508542e-01
4.8431029842e-01 7.2001568684e-01 2.7805499712e-01
4.8588240978e-01 7.2241081480e-01 2.7986074627e-01
4.8745452114e-01 7.2480654336e-01 2.8167233305e-01
4.8902663250e-01 7.2720287511e-01 2.8348975766e-01
4.9059874386e-01 7.2959981265e-01 2.8531302027e-01
4.9217085522e-01 7.3199735858e-01 2.8714212110e-01
4.9374296658e-01 7.3439551552e-01 2.8897706035e-01
4.9531507793e-01 7.3679428610e-01 2.9081783823e-01
4.9688718929e-01 7.3919367294e-01 2.9266445497e-01
4.9845930065e-01 7.4159367868e-01 2.9451691078e-01
5.0003141201e-01 7.4399430597e-01 2.9637520592e-01
5.0160352337e-01 7.4639555745e-01 2.9823934060e-01
5.0317563473e-01 7.4879743580e-01 3.0010931509e-01
5.0474774609e-01 7.5119994366e-01 3.0198512964e-01
5.0631985744e-01 7.5360308373e-01 3.0386678450e-01
5.0789196880e-01 7.5600685868e-01 3.0575427994e-01
5.0946408016e-01 7.5841127120e-01 3.0764761625e-01
5.1103619152e-01 7.6081632399e-01 3.0954679370e-01
5.1260830288e-01 7.6322201976e-01 3.1145181258e-01
5.1418041424e-01 7.6562836123e-01 3.1336267319e-01
5.1575252559e-01 7.6803535110e-01 3.1527937583e-01
5.1732463695e-01 7.7044299213e-01 3.1720192081e-01
5.1889674831e-01 7.7285128703e-01 3.1913030846e-01
5.2046885967e-01 7.7526023856e-01 3.2106453910e-01
5.2204097103e-01 7.7766984948e-01 3.2300461306e-01
5.2361308239e-01 7.8008012254e-01 3.2495053069e-01
5.2518519375e-01 7.8249106052e-01 3.2690229234e-01
5.2675730510e-01 7.8490266619e-01 3.2885989836e-01
5.2832941646e-01 7.8731494234e-01 3.3082334912e-01
5.2990152782e-01 7.8972789177e-01 3.3279264500e-01
5.3147363918e-01 7.9214151728e-01 3.3476778637e-01
5.3304575054e-01 7.9455582169e-01 3.3674877363e-01
5.3461786190e-01 7.9697080781e-01 3.3873560718e-01
5.3618997326e-01 7.9938647847e-01 3.4072828742e-01
5.3776208461e-01 8.0180283652e-01 3.4272681477e-01
5.3933419597e-01 8.0421988480e-01 3.4473118965e-01
5.4090630733e-01 8.0663762616e-01 3.4674141249e-01
5.4247841869e-01 8.0905606347e-01 3.4875748374e-01
5.4405053005e-01 8.1147519960e-01 3.5077940385e-01
5.4562264141e-01 8.1389503743e-01 3.5280717326e-01
5.4719475277e-01 8.1631557985e-01 3.5484079246e-01
5.4876686412e-01 8.1873682977e-01 3.5688026192e-01
5.5033897548e-01 8.2115879009e-01 3.5892558212e-01
5.5191108684e-01 8.2358146373e-01 3.6097675356e-01
5.5348319820e-01 8.2600485361e-01 3.6303377674e-01
5.5505530956e-01 8.2842896267e-01 3.6509665218e-01
5.5662742092e-01 8.3085379386e-01 3.6716538039e-01
5.5819953227e-01 8.3327935013e-01 3.6923996192e-01
5.5977164363e-01 8.3570563444e-01 3.7132039729e-01
5.6134375499e-01 8.3813264977e-01 3.7340668707e-01
5.6291586635e-01 8.4056039909e-01 3.7549883182e-01
5.6448797771e-01 8.4298888540e-01 3.7759683209e-01
5.6606008907e-01 8.4541811170e-01 3.7970068849e-01
5.6763220043e-01 8.4784808101e-01 3.8181040159e-01
5.6920431178e-01 8.5027879633e-01 3.8392597199e-01
5.7077642314e-01 8.5271026070e-01 3.8604740032e-01
5.7234853450e-01 8.5514247717e-01 3.8817468718e-01
5.7392064586e-01 8.5757544877e-01 3.9030783321e-01
5.7549275722e-01 8.6000917857e-01 3.9244683906e-01
5.7706486858e-01 8.6244366963e-01 3.9459170537e-01
5.7863697994e-01 8.6487892504e-01 3.9674243281e-01
5.8020909129e-01 8.6731494789e-01 3.9889902205e-01
5.8178120265e-01 8.6975174127e-01 4.0106147378e-01
5.8335331401e-01 8.7218930829e-01 4.0322978868e-01
5.8492542537e-01 8.7462765207e-01 4.0540396748e-01
5.8649753673e-01 8.7706677574e-01 4.0758401088e-01
5.8806964809e-01 8.7950668245e-01 4.0976991961e-01
5.8964175945e-01 8.8194737533e-01 4.1196169442e-01
5.9121387080e-01 8.8438885755e-01 4.1415933605e-01
5.9278598216e-01 8.8683113228e-01 4.1636284527e-01
5.9435809352e-01 8.8927420270e-01 4.1857222285e-01
5.9593020488e-01 8.9171807201e-01 4.2078746957e-01
5.9750231624e-01 8.9416274340e-01 4.2300858625e-01
5.9907442760e-01 8.9660822009e-01 4.2523557367e-01
6.0064653895e-01 8.9905450530e-01 4.2746843267e-01
6.0221865031e-01 9.0150160227e-01 4.2970716407e-01
6.0379076167e-01 9.0394951424e-01 4.3195176873e-01
6.0536287303e-01 9.0639824447e-01 4.3420224750e-01
6.0693498439e-01 9.0884779622e-01 4.3645860125e-01
6.0850709575e-01 9.1129817278e-01 4.3872083086e-01
6.1007920711e-01 9.1374937743e-01 4.4098893723e-01
6.1165131846e-01 9.1620141347e-01 4.4326292127e-01
6.1322342982e-01 9.1865428422e-01 4.4554278389e-01
6.1479554118e-01 9.2110799300e-01 4.4782852602e-01
6.1636765254e-01 9.2356254313e-01 4.5012014863e-01
6.1793976390e-01 9.2601793798e-01 4.5241765265e-01
6.1951187526e-01 9.2847418089e-01 4.5472103907e-01
6.2108398662e-01 9.3093127524e-01 4.5703030886e-01
6.2265609797e-01 9.3338922440e-01 4.5934546304e-01
6.2422820933e-01 9.3584803176e-01 4.6166650261e-01
6.2580032069e-01 9.3830770074e-01 4.6399342859e-01
6.2737243205e-01 9.4076823474e-01 4.6632624203e-01
6.2894454341e-01 9.4322963720e-01 4.6866494398e-01
6.3051665477e-01 9.4569191155e-01 4.7100953550e-01
6.3208876613e-01 9.4815506124e-01 4.7336001768e-01
6.3366087748e-01 9.5061908974e-01 4.7571639161e-01
6.3523298884e-01 9.5308400052e-01 4.7807865840e-01
6.3680510020e-01 9.5554979708e-01 4.8044681918e-01
6.3837721156e-01 9.5801648290e-01 4.8282087509e-01
6.3994932292e-01 9.6048406151e-01 4.8520082727e-01
6.4152143428e-01 9.6295253643e-01 4.8758667689e-01
6.4309354563e-01 9.6542191120e-01 4.8997842514e-01
6.4466565699e-01 9.6789218936e-01 4.9237607321e-01
6.4623776835e-01 9.7036337448e-01 4.9477962232e-01
6.4780987971e-01 9.7283547013e-01 4.9718907369e-01
6.4938199107e-01 9.7530847990e-01 4.9960442857e-01
6.5095410243e-01 9.7778240740e-01 5.0202568821e-01
6.5252621379e-01 9.8025725624e-01 5.0445285389e-01
6.5409832514e-01 9.8273303004e-01 5.0688592689e-01
6.5567043650e-01 9.8520973244e-01 5.0932490853e-01
6.5724254786e-01 9.8768736710e-01 5.1176980012e-01
6.5881465922e-01 9.9016593768e-01 5.1422060300e-01
6.6038677058e-01 9.9264544786e-01 5.1667731852e-01
6.6195888194e-01 9.9512590134e-01 5.1913994805e-01
6.6353099330e-01 9.9760730182e-01 5.2160849299e-01
6.6510310465e-01 1.0000896530e+00 5.2408295472e-01
6.6667521601e-01 1.0025729587e+00 5.2656333467e-01
6.6824732737e-01 1.0050572225e+00 5.2904963427e-01
6.6981943873e-01 1.0075424484e+00 5.3154185498e-01
6.7139155009e-01 1.0100286399e+00 5.3403999827e-01
6.7296366145e-01 1.0125158010e+00 5.3654406562e-01
6.7453577281e-01 1.0150039354e+00 5.3905405854e-01
6.7610788416e-01 1.0174930470e+00 5.4156997854e-01
6.7767999552e-01 1.0199831396e+00 5.4409182717e-01
6.7925210688e-01 1.0224742169e+00 5.4661960599e-01
6.8082421824e-01 1.0249662830e+00 5.4915331656e-01
6.8239632960e-01 1.0274593416e+00 5.5169296049e-01
6.8396844096e-01 1.0299533966e+00 5.5423853937e-01
6.8554055232e-01 1.0324484520e+00 5.5679005484e-01
6.8711266367e-01 1.0349445117e+00 5.5934750855e-01
6.8868477503e-01 1.0374415796e+00 5.6191090217e-01
6.9025688639e-01 1.0399396596e+00 5.6448023737e-01
6.9182899775e-01 1.0424387557e+00 5.6705551585e-01
6.9340110911e-01 1.0449388719e+00 5.6963673935e-01
6.9497322047e-01 1.0474400122e+00 5.7222390961e-01
6.9654533182e-01 1.0499421806e+00 5.7481702837e-01
6.9811744318e-01 1.0524453811e+00 5.7741609743e-01
6.9968955454e-01 1.0549496177e+00 5.8002111857e-01
7.0126166590e-01 1.0574548945e+00 5.8263209363e-01
7.0283377726e-01 1.0599612156e+00 5.8524902443e-01
7.0440588862e-01 1.0624685850e+00 5.8787191284e-01
7.0597799998e-01 1.0649770069e+00 5.9050076074e-01
7.0755011133e-01 1.0674864854e+00 5.9313557002e-01
7.0912222269e-01 1.0699970246e+00 5.9577634261e-01
7.1069433405e-01 1.0725086286e+00 5.9842308043e-01
7.1226644541e-01 1.0750213017e+00 6.0107578546e-01
7.1383855677e-01 1.0775350479e+00 6.0373445968e-01
7.1541066813e-01 1.0800498715e+00 6.0639910508e-01
7.1698277949e-01 1.0825657767e+00 6.0906972370e-01
7.1855489084e-01 1.0850827678e+00 6.1174631757e-01
7.2012700220e-01 1.0876008490e+00 6.1442888876e-01
7.2169911356e-01 1.0901200245e+00 6.1711743936e-01
7.2327122492e-01 1.0926402986e+00 6.1981197148e-01
7.2484333628e-01 1.0951616756e+00 6.2251248725e-01
7.2641544764e-01 1.0976841599e+00 6.2521898883e-01
7.2798755900e-01 1.1002077557e+00 6.2793147839e-01
7.2955967035e-01 1.1027324674e+00 6.3064995814e-01
7.3113178171e-01 1.1052582995e+00 6.3337443028e-01
7.3270389307e-01 1.1077852561e+00 6.3610489707e-01
7.3427600443e-01 1.1103133419e+00 6.3884136077e-01
7.3584811579e-01 1.1128425611e+00 6.4158382368e-01
7.3742022715e-01 1.1153729182e+00 6.4433228810e-01
7.3899233850e-01 1.1179044177e+00 6.4708675638e-01
7.4056444986e-01 1.1204370640e+00 6.4984723087e-01
7.4213656122e-01 1.1229708616e+00 6.5261371396e-01
7.4370867258e-01 1.1255058151e+00 6.5538620806e-01
7.4528078394e-01 1.1280419289e+00 6.5816471559e-01
7.4685289530e-01 1.1305792077e+00 6.6094923903e-01
7.4842500666e-01 1.1331176558e+00 6.6373978084e-01
7.4999711801e-01 1.1356572781e+00 6.6653634354e-01
7.5156922937e-01 1.1381980789e+00 6.6933892966e-01
7.5314134073e-01 1.1407400630e+00 6.7214754175e-01
7.5471345209e-01 1.1432832350e+00 6.7496218239e-01
7.5628556345e-01 1.1458275996e+00 6.7778285420e-01
7.5785767481e-01 1.1483731613e+00 6.8060955980e-01
7.5942978617e-01 1.1509199250e+00 6.8344230185e-01
7.6100189752e-01 1.1534678954e+00 6.8628108303e-01
7.6257400888e-01 1.1560170770e+00 6.8912590607e-01
7.6414612024e-01 1.1585674748e+00 6.9197677369e-01
7.6571823160e-01 1.1611190935e+00 6.9483368865e-01
7.6729034296e-01 1.1636719379e+00 6.9769665376e-01
7.6886245432e-01 1.1662260127e+00 7.0056567182e-01
7.7043456568e-01 1.1687813229e+00 7.0344074568e-01
7.7200667703e-01 1.1713378732e+00 7.0632187822e-01
7.7357878839e-01 1.1738956686e+00 7.0920907232e-01
7.7515089975e-01 1.1764547139e+00 7.1210233093e-01
7.7672301111e-01 1.1790150141e+00 7.1500165699e-01
7.7829512247e-01 1.1815765740e+00 7.1790705349e-01
7.7986723383e-01 1.1841393987e+00 7.2081852343e-01
7.8143934518e-01 1.1867034931e+00 7.2373606987e-01
7.8301145654e-01 1.1892688622e+00 7.2665969587e-01
7.8458356790e-01 1.1918355111e+00 7.2958940452e-01
7.8615567926e-01 1.1944034447e+00 7.3252519896e-01
7.8772779062e-01 1.1969726681e+00 7.3546708235e-01
7.8929990198e-01 1.1995431864e+00 7.3841505786e-01
7.9087201334e-01 1.2021150048e+00 7.4136912871e-01
7.9244412469e-01 1.2046881283e+00 7.4432929816e-01
7.9401623605e-01 1.2072625621e+00 7.4729556947e-01
7.9558834741e-01 1.2098383113e+00 7.5026794596e-01
7.9716045877e-01 1.2124153812e+00 7.5324643096e-01
7.9873257013e-01 1.2149937769e+00 7.5623102785e-01
8.0030468149e-01 1.2175735037e+00 7.5922174002e-01
8.0187679285e-01 1.2201545669e+00 7.6221857090e-01
8.0344890420e-01 1.2227369717e+00 7.6522152396e-01
8.0502101556e-01 1.2253207235e+00 7.6823060269e-01
8.0659312692e-01 1.2279058275e+00 7.7124581062e-01
8.0816523828e-01 1.2304922891e+00 7.7426715131e-01
8.0973734964e-01 1.2330801138e+00 7.7729462835e-01
8.1130946100e-01 1.2356693068e+00 7.8032824536e-01
8.1288157236e-01 1.2382598737e+00 7.8336800602e-01
8.1445368371e-01 1.2408518198e+00 7.8641391399e-01
8.1602579507e-01 1.2434451506e+00 7.8946597302e-01
8.1759790643e-01 1.2460398717e+00 7.9252418685e-01
8.1917001779e-01 1.2486359885e+00 7.9558855929e-01
8.2074212915e-01 1.2512335066e+00 7.9865909415e-01
8.2231424051e-01 1.2538324315e+00 8.0173579530e-01
8.2388635186e-01 1.2564327689e+00 8.0481866664e-01
8.2545846322e-01 1.2590345244e+00 8.0790771210e-01
8.2703057458e-01 1.2616377035e+00 8.1100293563e-01
8.2860268594e-01 1.2642423120e+00 8.1410434125e-01
8.3017479730e-01 1.2668483556e+00 8.1721193300e-01
8.3174690866e-01 1.2694558399e+00 8.2032571494e-01
8.3331902002e-01 1.2720647707e+00 8.2344569118e-01
8.3489113137e-01 1.2746751539e+00 8.2657186588e-01
8.3646324273e-01 1.2772869951e+00 8.2970424321e-01
8.3803535409e-01 1.2799003002e+00 8.3284282740e-01
8.3960746545e-01 1.2825150751e+00 8.3598762270e-01
8.4117957681e-01 1.2851313256e+00 8.3913863341e-01
8.4275168817e-01 1.2877490576e+00 8.4229586387e-01
8.4432379953e-01 1.2903682770e+00 8.4545931844e-01
8.4589591088e-01 1.2929889899e+00 8.4862900153e-01
8.4746802224e-01 1.2956112022e+00 8.5180491760e-01
8.4904013360e-01 1.2982349198e+00 8.5498707112e-01
8.5061224496e-01 1.3008601489e+00 8.5817546664e-01
8.5218435632e-01 1.3034868954e+00 8.6137010871e-01
8.5375646768e-01 1.3061151656e+00 8.6457100194e-01
8.5532857904e-01 1.3087449654e+00 8.6777815098e-01
8.5690069039e-01 1.3113763012e+00 8.7099156051e-01
8.5847280175e-01 1.3140091789e+00 8.7421123527e-01
8.6004491311e-01 1.3166436049e+00 8.7743718002e-01
8.6161702447e-01 1.3192795853e+00 8.8066939957e-01
8.6318913583e-01 1.3219171265e+00 8.8390789877e-01
8.6476124719e-01 1.3245562347e+00 8.8715268252e-01
8.6633335854e-01 1.3271969162e+00 8.9040375576e-01
8.6790546990e-01 1.3298391774e+00 8.9366112346e-01
8.6947758126e-01 1.3324830247e+00 8.9692479064e-01
8.7104969262e-01 1.3351284645e+00 9.0019476237e-01
8.7262180398e-01 1.3377755032e+00 9.0347104377e-01
8.7419391534e-01 1.3404241473e+00 9.0675363997e-01
8.7576602670e-01 1.3430744034e+00 9.1004255617e-01
8.7733813805e-01 1.3457262778e+00 9.1333779763e-01
8.7891024941e-01 1.3483797772e+00 9.1663936961e-01
8.8048236077e-01 1.3510349082e+00 9.1994727746e-01
8.8205447213e-01 1.3536916775e+00 9.2326152655e-01
8.8362658349e-01 1.3563500916e+00 9.2658212229e-01
8.8519869485e-01 1.3590101572e+00 9.2990907017e-01
8.8677080621e-01 1.3616718811e+00 9.3324237569e-01
8.8834291756e-01 1.3643352701e+00 9.3658204442e-01
8.8991502892e-01 1.3670003309e+00 9.3992808195e-01
8.9148714028e-01 1.3696670703e+00 9.4328049396e-01
8.9305925164e-01 1.3723354951e+00 9.4663928613e-01
8.9463136300e-01 1.3750056124e+00 9.5000446423e-01
8.9620347436e-01 1.3776774289e+00 9.5337603406e-01
8.9777558572e-01 1.3803509517e+00 9.5675400146e-01
8.9934769707e-01 1.3830261877e+00 9.6013837233e-01
9.0091980843e-01 1.3857031439e+00 9.6352915262e-01
9.0249191979e-01 1.3883818274e+00 9.6692634832e-01
9.0406403115e-01 1.3910622453e+00 9.7032996550e-01
9.0563614251e-01 1.3937444046e+00 9.7374001023e-01
9.0720825387e-01 1.3964283126e+00 9.7715648869e-01
9.0878036522e-01 1.3991139765e+00 9.8057940706e-01
9.1035247658e-01 1.4018014034e+00 9.8400877160e-01
9.1192458794e-01 1.4044906006e+00 9.8744458861e-01
9.1349669930e-01 1.4071815755e+00 9.9088686446e-01
9.1506881066e-01 1.4098743353e+00 9.9433560555e-01
9.1664092202e-01 1.4125688875e+00 9.9779081836e-01
9.1821303338e-01 1.4152652393e+00 1.0012525094e+00
9.1978514473e-01 1.4179633984e+00 1.0047206852e+00
9.2135725609e-01 1.4206633721e+00 1.0081953525e+00
9.2292936745e-01 1.4233651679e+00 1.0116765178e+00
9.2450147881e-01 1.4260687935e+00 1.0151641881e+00
9.2607359017e-01 1.4287742564e+00 1.0186583699e+00
9.2764570153e-01 1.4314815643e+00 1.0221590703e+00
9.2921781289e-01 1.4341907248e+00 1.0256662960e+00
9.3078992424e-01 1.4369017456e+00 1.0291800541e+00
9.3236203560e-01 1.4396146344e+00 1.0327003516e+00
9.3393414696e-01 1.4423293991e+00 1.0362271955e+00
9.3550625832e-01 1.4450460475e+00 1.0397605930e+00
9.3707836968e-01 1.4477645874e+00 1.0433005514e+00
9.3865048104e-01 1.4504850268e+00 1.0468470777e+00
9.4022259240e-01 1.4532073735e+00 1.0504001794e+00
9.4179470375e-01 1.4559316357e+00 1.0539598639e+00
9.4336681511e-01 1.4586578212e+00 1.0575261385e+00
9.4493892647e-01 1.4613859382e+00 1.0610990108e+00
9.4651103783e-01 1.4641159947e+00 1.0646784883e+00
9.4808314919e-01 1.4668479990e+00 1.0682645786e+00
9.4965526055e-01 1.4695819592e+00 1.0718572895e+00
9.5122737191e-01 1.4723178835e+00 1.0754566286e+00
9.5279948326e-01 1.4750557802e+00 1.0790626039e+00
9.5437159462e-01 1.4777956577e+00 1.0826752230e+00
9.5594370598e-01 1.4805375243e+00 1.0862944940e+00
9.5751581734e-01 1.4832813884e+00 1.0899204250e+00
9.5908792870e-01 1.4860272584e+00 1.0935530238e+00
9.6066004006e-01 1.4887751428e+00 1.0971922988e+00
9.6223215141e-01 1.4915250503e+00 1.1008382580e+00
9.6380426277e-01 1.4942769893e+00 1.1044909098e+00
9.6537637413e-01 1.4970309684e+00 1.1081502624e+00
9.6694848549e-01 1.4997869965e+00 1.1118163243e+00
9.6852059685e-01 1.5025450821e+00 1.1154891039e+00
9.7009270821e-01 1.5053052340e+00 1.1191686099e+00
9.7166481957e-01 1.5080674611e+00 1.1228548507e+00
9.7323693092e-01 1.5108317721e+00 1.1265478350e+00
9.7480904228e-01 1.5135981761e+00 1.1302475717e+00
9.7638115364e-01 1.5163666819e+00 1.1339540695e+00
9.7795326500e-01 1.5191372986e+00 1.1376673372e+00
9.7952537636e-01 1.5219100351e+00 1.1413873840e+00
9.8109748772e-01 1.5246849007e+00 1.1451142187e+00
9.8266959908e-01 1.5274619043e+00 1.1488478506e+00
9.8424171043e-01 1.5302410553e+00 1.1525882887e+00
9.8581382179e-01 1.5330223628e+00 1.1563355424e+00
9.8738593315e-01 1.5358058362e+00 1.1600896209e+00
9.8895804451e-01 1.5385914847e+00 1.1638505337e+00
9.9053015587e-01 1.5413793178e+00 1.1676182903e+00
9.9210226723e-01 1.5441693450e+00 1.1713929001e+00
9.9367437859e-01 1.5469615756e+00 1.1751743729e+00
9.9524648994e-01 1.5497560193e+00 1.1789627183e+00
9.9681860130e-01 1.5525526856e+00 1.1827579462e+00
9.9839071266e-01 1.5553515842e+00 1.1865600663e+00
9.9996282402e-01 1.5581527248e+00 1.1903690887e+00
1.0015349354e+00 1.5609561171e+00 1.1941850234e+00
1.0031070467e+00 1.5637617710e+00 1.1980078804e+00
1.0046791581e+00 1.5665696963e+00 1.2018376701e+00
1.0062512695e+00 1.5693799028e+00 1.2056744025e+00
1.0078233808e+00 1.5721924007e+00 1.2095180882e+00
1.0093954922e+00 1.5750071999e+00 1.2133687374e+00
1.0109676035e+00 1.5778243105e+00 1.2172263609e+00
1.0125397149e+00 1.5806437426e+00 1.2210909691e+00
1.0141118262e+00 1.5834655064e+00 1.2249625727e+00
1.0156839376e+00 1.5862896121e+00 1.2288411825e+00
1.0172560490e+00 1.5891160702e+00 1.2327268094e+00
1.0188281603e+00 1.5919448908e+00 1.2366194644e+00
1.0204002717e+00 1.5947760845e+00 1.2405191584e+00
1.0219723830e+00 1.5976096617e+00 1.2444259026e+00
1.0235444944e+00 1.6004456330e+00 1.2483397083e+00
1.0251166058e+00 1.6032840089e+00 1.2522605866e+00
1.0266887171e+00 1.6061248002e+00 1.2561885490e+00
1.0282608285e+00 1.6089680174e+00 1.2601236071e+00
1.0298329398e+00 1.6118136715e+00 1.2640657723e+00
1.0314050512e+00 1.6146617732e+00 1.2680150563e+00
1.0329771625e+00 1.6175123334e+00 1.2719714710e+00
1.0345492739e+00 1.6203653632e+00 1.2759350282e+00
1.0361213853e+00 1.6232208734e+00 1.2799057397e+00
1.0376934966e+00 1.6260788753e+00 1.2838836178e+00
1.0392656080e+00 1.6289393799e+00 1.2878686744e+00
1.0408377193e+00 1.6318023985e+00 1.2918609219e+00
1.0424098307e+00 1.6346679423e+00 1.2958603727e+00
1.0439819421e+00 1.6375360227e+00 1.2998670391e+00
1.0455540534e+00 1.6404066512e+00 1.3038809336e+00
1.0471261648e+00 1.6432798391e+00 1.3079020690e+00
1.0486982761e+00 1.6461555980e+00 1.3119304580e+00
1.0502703875e+00 1.6490339395e+00 1.3159661134e+00
1.0518424989e+00 1.6519148753e+00 1.3200090482e+00
1.0534146102e+00 1.6547984171e+00 1.3240592754e+00
1.0549867216e+00 1.6576845768e+00 1.3281168081e+00
1.0565588329e+00 1.6605733662e+00 1.3321816597e+00
1.0581309443e+00 1.6634647973e+00 1.3362538434e+00
1.0597030556e+00 1.6663588820e+00 1.3403333729e+00
1.0612751670e+00 1.6692556326e+00 1.3444202616e+00
1.0628472784e+00 1.6721550610e+00 1.3485145232e+00
1.0644193897e+00 1.6750571797e+00 1.3526161716e+00
1.0659915011e+00 1.6779620008e+00 1.3567252206e+00
1.0675636124e+00 1.6808695368e+00 1.3608416844e+00
1.0691357238e+00 1.6837798001e+00 1.3649655769e+00
1.0707078352e+00 1.6866928032e+00 1.3690969125e+00
1.0722799465e+00 1.6896085588e+00 1.3732357055e+00
1.0738520579e+00 1.6925270794e+00 1.3773819704e+00
1.0754241692e+00 1.6954483779e+00 1.3815357218e+00
1.0769962806e+00 1.6983724671e+00 1.3856969744e+00
1.0785683919e+00 1.7012993599e+00 1.3898657430e+00
1.0801405033e+00 1.7042290692e+00 1.3940420426e+00
1.0817126147e+00 1.7071616082e+00 1.3982258883e+00
1.0832847260e+00 1.7100969899e+00 1.4024172952e+00
1.0848568374e+00 1.7130352277e+00 1.4066162786e+00
1.0864289487e+00 1.7159763347e+00 1.4108228540e+00
1.0880010601e+00 1.7189203243e+00 1.4150370370e+00
1.0895731715e+00 1.7218672101e+00 1.4192588431e+00
1.0911452828e+00 1.7248170055e+00 1.4234882883e+00
1.0927173942e+00 1.7277697243e+00 1.4277253885e+00
1.0942895055e+00 1.7307253800e+00 1.4319701596e+00
1.0958616169e+00 1.7336839865e+00 1.4362226180e+00
1.0974337282e+00 1.7366455577e+00 1.4404827799e+00
1.0990058396e+00 1.7396101075e+00 1.4447506618e+00
1.1005779510e+00 1.7425776500e+00 1.4490262803e+00
1.1021500623e+00 1.7455481993e+00 1.4533096521e+00
1.1037221737e+00 1.7485217696e+00 1.4576007940e+00
1.1052942850e+00 1.7514983753e+00 1.4618997230e+00
1.1068663964e+00 1.7544780308e+00 1.4662064564e+00
1.1084385078e+00 1.7574607505e+00 1.4705210112e+00
1.1100106191e+00 1.7604465490e+00 1.4748434050e+00
1.1115827305e+00 1.7634354410e+00 1.4791736553e+00
1.1131548418e+00 1.7664274412e+00 1.4835117798e+00
1.1147269532e+00 1.7694225646e+00 1.4878577962e+00
1.1162990645e+00 1.7724208260e+00 1.4922117227e+00
1.1178711759e+00 1.7754222406e+00 1.4965735772e+00
1.1194432873e+00 1.7784268234e+00 1.5009433780e+00
1.1210153986e+00 1.7814345897e+00 1.5053211437e+00
1.1225875100e+00 1.7844455548e+00 1.5097068926e+00
1.1241596213e+00 1.7874597342e+00 1.5141006437e+00
1.1257317327e+00 1.7904771434e+00 1.5185024156e+00
1.1273038441e+00 1.7934977980e+00 1.5229122274e+00
1.1288759554e+00 1.7965217137e+00 1.5273300984e+00
1.1304480668e+00 1.7995489064e+00 1.5317560477e+00
1.1320201781e+00 1.8025793919e+00 1.5361900950e+00
1.1335922895e+00 1.8056131865e+00 1.5406322598e+00
1.1351644009e+00 1.8086503061e+00 1.5450825620e+00
1.1367365122e+00 1.8116907670e+00 1.5495410215e+00
1.1383086236e+00 1.8147345855e+00 1.5540076584e+00
1.1398807349e+00 1.8177817782e+00 1.5584824930e+00
1.1414528463e+00 1.8208323616e+00 1.5629655459e+00
1.1430249576e+00 1.8238863522e+00 1.5674568375e+00
1.1445970690e+00 1.8269437671e+00 1.5719563887e+00
1.1461691804e+00 1.8300046229e+00 1.5764642205e+00
1.1477412917e+00 1.8330689367e+00 1.5809803539e+00
1.1493134031e+00 1.8361367256e+00 1.5855048103e+00
1.1508855144e+00 1.8392080069e+00 1.5900376112e+00
1.1524576258e+00 1.8422827979e+00 1.5945787782e+00
1.1540297372e+00 1.8453611159e+00 1.5991283331e+00
1.1556018485e+00 1.8484429787e+00 1.6036862980e+00
1.1571739599e+00 1.8515284039e+00 1.6082526950e+00
1.1587460712e+00 1.8546174092e+00 1.6128275465e+00
1.1603181826e+00 1.8577100126e+00 1.6174108750e+00
1.1618902939e+00 1.8608062322e+00 1.6220027034e+00
1.1634624053e+00 1.8639060860e+00 1.6266030545e+00
1.1650345167e+00 1.8670095925e+00 1.6312119514e+00
1.1666066280e+00 1.8701167699e+00 1.6358294175e+00
1.1681787394e+00 1.8732276369e+00 1.6404554763e+00
1.1697508507e+00 1.8763422120e+00 1.6450901513e+00
1.1713229621e+00 1.8794605141e+00 1.6497334666e+00
1.1728950735e+00 1.8825825621e+00 1.6543854462e+00
1.1744671848e+00 1.8857083750e+00 1.6590461144e+00
1.1760392962e+00 1.8888379720e+00 1.6637154956e+00
1.1776114075e+00 1.8919713723e+00 1.6683936147e+00
1.1791835189e+00 1.8951085955e+00 1.6730804963e+00
1.1807556302e+00 1.8982496610e+00 1.6777761658e+00
1.1823277416e+00 1.9013945887e+00 1.6824806482e+00
1.1838998530e+00 1.9045433982e+00 1.6871939693e+00
1.1854719643e+00 1.9076961097e+00 1.6919161547e+00
1.1870440757e+00 1.9108527431e+00 1.6966472303e+00
1.1886161870e+00 1.9140133188e+00 1.7013872223e+00
1.1901882984e+00 1.9171778572e+00 1.7061361570e+00
1.1917604098e+00 1.9203463787e+00 1.7108940612e+00
1.1933325211e+00 1.9235189041e+00 1.7156609616e+00
1.1949046325e+00 1.9266954542e+00 1.7204368852e+00
1.1964767438e+00 1.9298760499e+00 1.7252218593e+00
1.1980488552e+00 1.9330607124e+00 1.7300159114e+00
1.1996209666e+00 1.9362494630e+00 1.7348190692e+00
1.2011930779e+00 1.9394423230e+00 1.7396313608e+00
1.2027651893e+00 1.9426393140e+00 1.7444528142e+00
1.2043373006e+00 1.9458404578e+00 1.7492834580e+00
1.2059094120e+00 1.9490457762e+00 1.7541233208e+00
1.2074815233e+00 1.9522552913e+00 1.7589724314e+00
1.2090536347e+00 1.9554690252e+00 1.7638308192e+00
1.2106257461e+00 1.9586870003e+00 1.7686985134e+00
1.2121978574e+00 1.9619092391e+00 1.7735755438e+00
1.2137699688e+00 1.9651357643e+00 1.7784619402e+00
1.2153420801e+00 1.9683665986e+00 1.7833577328e+00
1.2169141915e+00 1.9716017652e+00 1.7882629520e+00
1.2184863029e+00 1.9748412872e+00 1.7931776284e+00
1.2200584142e+00 1.9780851879e+00 1.7981017931e+00
1.2216305256e+00 1.9813334908e+00 1.8030354772e+00
1.2232026369e+00 1.9845862196e+00 1.8079787121e+00
1.2247747483e+00 1.9878433981e+00 1.8129315297e+00
1.2263468596e+00 1.9911050504e+00 1.8178939618e+00
1.2279189710e+00 1.9943712006e+00 1.8228660408e+00
1.2294910824e+00 1.9976418732e+00 1.8278477992e+00
1.2310631937e+00 2.0009170928e+00 1.8328392699e+00
1.2326353051e+00 2.0041968839e+00 1.8378404859e+00
1.2342074164e+00 2.0074812717e+00 1.8428514806e+00
1.2357795278e+00 2.0107702811e+00 1.8478722878e+00
1.2373516392e+00 2.0140639375e+00 1.8529029414e+00
1.2389237505e+00 2.0173622663e+00 1.8579434757e+00
1.2404958619e+00 2.0206652933e+00 1.8629939251e+00
1.2420679732e+00 2.0239730444e+00 1.8680543247e+00
1.2436400846e+00 2.0272855455e+00 1.8731247095e+00
1.2452121959e+00 2.0306028229e+00 1.8782051150e+00
1.2467843073e+00 2.0339249031e+00 1.8832955771e+00
1.2483564187e+00 2.0372518128e+00 1.8883961316e+00
1.2499285300e+00 2.0405835788e+00 1.8935068152e+00
1.2515006414e+00 2.0439202282e+00 1.8986276644e+00
1.2530727527e+00 2.0472617883e+00 1.9037587163e+00
1.2546448641e+00 2.0506082865e+00 1.9089000083e+00
1.2562169755e+00 2.0539597505e+00 1.9140515781e+00
1.2577890868e+00 2.0573162083e+00 1.9192134636e+00
1.2593611982e+00 2.0606776880e+00 1.9243857033e+00
1.2609333095e+00 2.0640442178e+00 1.9295683358e+00
1.2625054209e+00 2.0674158264e+00 1.9347614000e+00
1.2640775323e+00 2.0707925426e+00 1.9399649355e+00
1.2656496436e+00 2.0741743953e+00 1.9451789819e+00
1.2672217550e+00 2.0775614138e+00 1.9504035793e+00
1.2687938663e+00 2.0809536275e+00 1.9556387681e+00
1.2703659777e+00 2.0843510661e+00 1.9608845890e+00
1.2719380890e+00 2.0877537596e+00 1.9661410833e+00
1.2735102004e+00 2.0911617380e+00 1.9714082924e+00
1.2750823118e+00 2.0945750319e+00 1.9766862582e+00
1.2766544231e+00 2.0979936718e+00 1.9819750229e+00
1.2782265345e+00 2.1014176887e+00 1.9872746292e+00
1.2797986458e+00 2.1048471136e+00 1.9925851201e+00
1.2813707572e+00 2.1082819779e+00 1.9979065389e+00
1.2829428686e+00 2.1117223132e+00 2.0032389295e+00
1.2845149799e+00 2.1151681515e+00 2.0085823361e+00
1.2860870913e+00 2.1186195248e+00 2.0139368031e+00
1.2876592026e+00 2.1220764656e+00 2.0193023755e+00
1.2892313140e+00 2.1255390065e+00 2.0246790989e+00
1.2908034253e+00 2.1290071804e+00 2.0300670188e+00
1.2923755367e+00 2.1324810206e+00 2.0354661815e+00
1.2939476481e+00 2.1359605604e+00 2.0408766338e+00
1.2955197594e+00 2.1394458337e+00 2.0462984225e+00
1.2970918708e+00 2.1429368744e+00 2.0517315951e+00
1.2986639821e+00 2.1464337167e+00 2.0571761996e+00
1.3002360935e+00 2.1499363954e+00 2.0626322844e+00
1.3018082049e+00 2.1534449452e+00 2.0680998981e+00
1.3033803162e+00 2.1569594012e+00 2.0735790900e+00
1.3049524276e+00 2.1604797990e+00 2.0790699099e+00
1.3065245389e+00 2.1640061742e+00 2.0845724077e+00
1.3080966503e+00 2.1675385628e+00 2.0900866343e+00
1.3096687616e+00 2.1710770012e+00 2.0956126405e+00
1.3112408730e+00 2.1746215261e+00 2.1011504779e+00
1.3128129844e+00 2.1781721743e+00 2.1067001986e+00
1.3143850957e+00 2.1817289831e+00 2.1122618550e+00
1.3159572071e+00 2.1852919901e+00 2.1178355002e+00
1.3175293184e+00 2.1888612331e+00 2.1234211876e+00
1.3191014298e+00 2.1924367504e+00 2.1290189712e+00
1.3206735412e+00 2.1960185804e+00 2.1346289054e+00
1.3222456525e+00 2.1996067621e+00 2.1402510452e+00
1.3238177639e+00 2.2032013347e+00 2.1458854463e+00
1.3253898752e+00 2.2068023376e+00 2.1515321644e+00
1.3269619866e+00 2.2104098107e+00 2.1571912564e+00
1.3285340980e+00 2.2140237943e+00 2.1628627791e+00
1.3301062093e+00 2.2176443289e+00 2.1685467902e+00
1.3316783207e+00 2.2212714553e+00 2.1742433480e+00
1.3332504320e+00 2.2249052150e+00 2.1799525110e+00
1.3348225434e+00 2.2285456494e+00 2.1856743387e+00
1.3363946547e+00 2.2321928007e+00 2.1914088908e+00
1.3379667661e+00 2.2358467111e+00 2.1971562278e+00
1.3395388775e+00 2.2395074234e+00 2.2029164106e+00
1.3411109888e+00 2.2431749807e+00 2.2086895008e+00
1.3426831002e+00 2.2468494264e+00 2.2144755605e+00
1.3442552115e+00 2.2505308045e+00 2.2202746526e+00
1.3458273229e+00 2.2542191593e+00 2.2260868404e+00
1.3473994343e+00 2.2579145353e+00 2.2319121879e+00
1.3489715456e+00 2.2616169777e+00 2.2377507597e+00
1.3505436570e+00 2.2653265319e+00 2.2436026209e+00
1.3521157683e+00 2.2690432437e+00 2.2494678375e+00
1.3536878797e+00 2.2727671596e+00 2.2553464759e+00
1.3552599910e+00 2.2764983261e+00 2.2612386033e+00
1.3568321024e+00 2.2802367903e+00 2.2671442875e+00
1.3584042138e+00 2.2839826000e+00 2.2730635969e+00
1.3599763251e+00 2.2877358030e+00 2.2789966008e+00
1.3615484365e+00 2.2914964478e+00 2.2849433688e+00
1.3631205478e+00 2.2952645833e+00 2.2909039714e+00
1.3646926592e+00 2.2990402587e+00 2.2968784800e+00
1.3662647706e+00 2.3028235239e+00 2.3028669664e+00
1.3678368819e+00 2.3066144291e+00 2.3088695032e+00
1.3694089933e+00 2.3104130250e+00 2.3148861638e+00
1.3709811046e+00 2.3142193628e+00 2.3209170222e+00
1.3725532160e+00 2.3180334941e+00 2.3269621532e+00
1.3741253273e+00 2.3218554711e+00 2.3330216324e+00
1.3756974387e+00 2.3256853464e+00 2.3390955362e+00
1.3772695501e+00 2.3295231732e+00 2.3451839415e+00
1.3788416614e+00 2.3333690051e+00 2.3512869263e+00
1.3804137728e+00 2.3372228961e+00 2.3574045692e+00
1.3819858841e+00 2.3410849011e+00 2.3635369496e+00
1.3835579955e+00 2.3449550750e+00 2.3696841478e+00
1.3851301069e+00 2.3488334737e+00 2.3758462449e+00
1.3867022182e+00 2.3527201534e+00 2.3820233228e+00
1.3882743296e+00 2.3566151708e+00 2.3882154642e+00
1.3898464409e+00 2.3605185832e+00 2.3944227526e+00
1.3914185523e+00 2.3644304486e+00 2.4006452725e+00
1.3929906636e+00 2.3683508254e+00 2.4068831092e+00
1.3945627750e+00 2.3722797726e+00 2.4131363490e+00
1.3961348864e+00 2.3762173498e+00 2.4194050788e+00
1.3977069977e+00 2.3801636171e+00 2.4256893867e+00
1.3992791091e+00 2.3841186353e+00 2.4319893615e+00
1.4008512204e+00 2.3880824657e+00 2.4383050931e+00
1.4024233318e+00 2.3920551705e+00 2.4446366723e+00
1.4039954432e+00 2.3960368120e+00 2.4509841907e+00
1.4055675545e+00 2.4000274535e+00 2.4573477411e+00
1.4071396659e+00 2.4040271589e+00 2.4637274170e+00
1.4087117772e+00 2.4080359926e+00 2.4701233132e+00
1.4102838886e+00 2.4120540198e+00 2.4765355252e+00
1.4118560000e+00 2.4160813062e+00 2.4829641498e+00
1.4134281113e+00 2.4201179183e+00 2.4894092846e+00
1.4150002227e+00 2.4241639232e+00 2.4958710283e+00
1.4165723340e+00 2.4282193886e+00 2.5023494808e+00
1.4181444454e+00 2.4322843832e+00 2.5088447428e+00
1.4197165567e+00 2.4363589760e+00 2.5153569164e+00
1.4212886681e+00 2.4404432370e+00 2.5218861045e+00
1.4228607795e+00 2.4445372368e+00 2.5284324114e+00
1.4244328908e+00 2.4486410468e+00 2.5349959422e+00
1.4260050022e+00 2.4527547391e+00 2.5415768035e+00
1.4275771135e+00 2.4568783864e+00 2.5481751028e+00
1.4291492249e+00 2.4610120625e+00 2.5547909489e+00
1.4307213363e+00 2.4651558417e+00 2.5614244517e+00
1.4322934476e+00 2.4693097992e+00 2.5680757225e+00
1.4338655590e+00 2.4734740108e+00 2.5747448735e+00
1.4354376703e+00 2.4776485535e+00 2.5814320184e+00
1.4370097817e+00 2.4818335047e+00 2.5881372721e+00
1.4385818930e+00 2.4860289428e+00 2.5948607508e+00
1.4401540044e+00 2.4902349471e+00 2.6016025720e+00
1.4417261158e+00 2.4944515977e+00 2.6083628544e+00
1.4432982271e+00 2.4986789755e+00 2.6151417181e+00
1.4448703385e+00 2.5029171624e+00 2.6219392846e+00
1.4464424498e+00 2.5071662411e+00 2.6287556767e+00
1.4480145612e+00 2.5114262951e+00 2.6355910187e+00
1.4495866726e+00 2.5156974090e+00 2.6424454362e+00
1.4511587839e+00 2.5199796683e+00 2.6493190561e+00
1.4527308953e+00 2.5242731593e+00 2.6562120072e+00
1.4543030066e+00 2.5285779694e+00 2.6631244192e+00
1.4558751180e+00 2.5328941869e+00 2.6700564238e+00
1.4574472293e+00 2.5372219011e+00 2.6770081539e+00
1.4590193407e+00 2.5415612022e+00 2.6839797439e+00
1.4605914521e+00 2.5459121816e+00 2.6909713301e+00
1.4621635634e+00 2.5502749315e+00 2.6979830501e+00
1.4637356748e+00 2.5546495454e+00 2.7050150431e+00
1.4653077861e+00 2.5590361176e+00 2.7120674500e+00
1.4668798975e+00 2.5634347437e+00 2.7191404135e+00
1.4684520089e+00 2.5678455202e+00 2.7262340776e+00
1.4700241202e+00 2.5722685447e+00 2.7333485885e+00
1.4715962316e+00 2.5767039161e+00 2.7404840937e+00
1.4731683429e+00 2.5811517343e+00 2.7476407427e+00
1.4747404543e+00 2.5856121004e+00 2.7548186867e+00
1.4763125657e+00 2.5900851167e+00 2.7620180786e+00
1.4778846770e+00 2.5945708865e+00 2.7692390734e+00
1.4794567884e+00 2.5990695146e+00 2.7764818278e+00
1.4810288997e+00 2.6035811069e+00 2.7837465003e+00
1.4826010111e+00 2.6081057704e+00 2.7910332516e+00
1.4841731224e+00 2.6126436136e+00 2.7983422440e+00
1.4857452338e+00 2.6171947461e+00 2.8056736421e+00
1.4873173452e+00 2.6217592790e+00 2.8130276123e+00
1.4888894565e+00 2.6263373246e+00 2.8204043233e+00
1.4904615679e+00 2.6309289964e+00 2.8278039455e+00
1.4920336792e+00 2.6355344096e+00 2.8352266517e+00
1.4936057906e+00 2.6401536805e+00 2.8426726168e+00
1.4951779020e+00 2.6447869271e+00 2.8501420178e+00
1.4967500133e+00 2.6494342685e+00 2.8576350340e+00
1.4983221247e+00 2.6540958254e+00 2.8651518469e+00
1.4998942360e+00 2.6587717202e+00 2.8726926403e+00
1.5014663474e+00 2.6634620765e+00 2.8802576002e+00
1.5030384587e+00 2.6681670194e+00 2.8878469152e+00
1.5046105701e+00 2.6728866760e+00 2.8954607762e+00
1.5061826815e+00 2.6776211744e+00 2.9030993764e+00
1.5077547928e+00 2.6823706448e+00 2.9107629116e+00
1.5093269042e+00 2.6871352187e+00 2.9184515802e+00
1.5108990155e+00 2.6919150293e+00 2.9261655831e+00
1.5124711269e+00 2.6967102118e+00 2.9339051236e+00
1.5140432383e+00 2.7015209027e+00 2.9416704079e+00
1.5156153496e+00 2.7063472405e+00 2.9494616449e+00
1.5171874610e+00 2.7111893654e+00 2.9572790461e+00
1.5187595723e+00 2.7160474194e+00 2.9651228259e+00
1.5203316837e+00 2.7209215464e+00 2.9729932013e+00
1.5219037950e+00 2.7258118920e+00 2.9808903925e+00
1.5234759064e+00 2.7307186040e+00 2.9888146223e+00
1.5250480178e+00 2.7356418318e+00 2.9967661169e+00
1.5266201291e+00 2.7405817269e+00 3.0047451051e+00
1.5281922405e+00 2.7455384429e+00 3.0127518190e+00
1.5297643518e+00 2.7505121354e+00 3.0207864939e+00
1.5313364632e+00 2.7555029619e+00 3.0288493681e+00
1.5329085746e+00 2.7605110823e+00 3.0369406833e+00
1.5344806859e+00 2.7655366583e+00 3.0450606844e+00
1.5360527973e+00 2.7705798540e+00 3.0532096198e+00
1.5376249086e+00 2.7756408357e+00 3.0613877412e+00
1.5391970200e+00 2.7807197720e+00 3.0695953038e+00
1.5407691314e+00 2.7858168337e+00 3.0778325664e+00
1.5423412427e+00 2.7909321940e+00 3.0860997914e+00
1.5439133541e+00 2.7960660286e+00 3.0943972448e+00
1.5454854654e+00 2.8012185153e+00 3.1027251965e+00
1.5470575768e+00 2.8063898347e+00 3.1110839202e+00
1.5486296881e+00 2.8115801698e+00 3.1194736932e+00
1.5502017995e+00 2.8167897062e+00 3.1278947971e+00
1.5517739109e+00 2.8220186321e+00 3.1363475174e+00
1.5533460222e+00 2.8272671383e+00 3.1448321438e+00
1.5549181336e+00 2.8325354185e+00 3.1533489698e+00
1.5564902449e+00 2.8378236689e+00 3.1618982937e+00
1.5580623563e+00 2.8431320888e+00 3.1704804179e+00
1.5596344677e+00 2.8484608801e+00 3.1790956490e+00
1.5612065790e+00 2.8538102478e+00 3.1877442985e+00
1.5627786904e+00 2.8591803999e+00 3.1964266822e+00
1.5643508017e+00 2.8645715474e+00 3.2051431208e+00
1.5659229131e+00 2.8699839043e+00 3.2138939396e+00
1.5674950244e+00 2.8754176880e+00 3.2226794689e+00
1.5690671358e+00 2.8808731188e+00 3.2315000439e+00
1.5706392472e+00 2.8868990168e+00 3.2412429850e+00
