0.0001	0.00014229623919970863	1.1797243794463736e-8
0.0016721113585207378	0.002379351861215522	3.297925193040105e-6
0.0032442227170414754	0.004616409141595528	0.000012414530426582816
0.004816334075562214	0.0068534692633033184	0.000027361556662445768
0.006388445434082951	0.009090533720612765	0.0000481390438767651
0.007960556792603688	0.011327603928998162	0.00007474696764018897
0.009532668151124427	0.013564681303134351	0.00010718534464123037
0.011104779509645165	0.015801767258796874	0.00014545403066507166
0.012676890868165902	0.01803886321066209	0.00018955314328674452
0.014249002226686638	0.02027597057540733	0.0002394826531741516
0.015821113585207377	0.022513090768711025	0.0002952423658504294
0.017393224943728115	0.02475022520525284	0.00035683243953935426
0.018965336302248854	0.026987375300713812	0.0004242528922328764
0.02053744766076959	0.029224542472776498	0.0004975033905328761
0.02210955901929033	0.03146172813612509	0.0005765840585262634
0.023681670377811066	0.033698933708445566	0.0006614948625988996
0.025253781736331804	0.03593616060542583	0.0007522356247466315
0.02682589309485254	0.038173410243755826	0.0008488070394395387
0.028398004453373277	0.04041068404012771	0.0009512079857756054
0.02997011581189402	0.04264798341223596	0.0010594387556939096
0.03154222717041476	0.044885309777777514	0.0011734993750859549
0.0331143385289355	0.0471226645544519	0.0012933898462754616
0.034686449887456235	0.04936004915896143	0.0014191098496851662
0.03625856124597697	0.051597465010011244	0.0015506597332691668
0.03783067260449771	0.05383491352730949	0.0016880389471228103
0.039402783963018446	0.05607239612856751	0.0018312478180137956
0.04097489532153918	0.058309914232499885	0.001980287126531382
0.04254700668005992	0.060547469259824634	0.0021351546562543224
0.044119118038580665	0.06278506262926334	0.002295851504344336
0.0456912293971014	0.06502269576254127	0.002462377443138007
0.047263340755622135	0.0672603700773875	0.0026347324647597948
0.04883545211414288	0.0694980869975351	0.0028129162685600374
0.05040756347266361	0.07173584794172125	0.0029969291869241686
0.05197967483118435	0.07397365433368734	0.003186770758319487
0.05355178618970508	0.07621150759517915	0.003382441171433648
0.055123897548225824	0.07844940914794697	0.00358394016154069
0.05669600890674656	0.08068736041574573	0.003791267239357405
0.0582681202652673	0.08292536282133514	0.00400442265755734
0.05984023162378804	0.08516341778947985	0.004223406114105442
0.06141234298230878	0.08740152674394956	0.004448217767386485
0.06298445434082951	0.08963969111051913	0.004678858735633014
0.06455656569935025	0.09187791231296881	0.004915326103218769
0.066128677057871	0.09411619177908424	0.005157621025988005
0.06770078841639172	0.09635453093465676	0.005405743613006093
0.06927289977491247	0.09859293120748333	0.005659693475402559
0.07084501113343321	0.10083139402336687	0.005919470509572468
0.07241712249195394	0.10306992080811628	0.006185074677637471
0.07398923385047468	0.1053085130045466	0.006456506124960667
0.07556134520899542	0.10754717201947916	0.006733763967686596
0.07713345656751615	0.10978589930774171	0.007016848679812014
0.07870556792603689	0.11202469627416857	0.007305760086608182
0.08027767928455763	0.1142635643736007	0.00760049728563891
0.08184979064307836	0.11650250502088594	0.007901060791803713
0.0834219020015991	0.11874151966087906	0.00820744821909364
0.08499401336011984	0.12098060971844195	0.008519665410311558
0.08656612471864057	0.12321977663844369	0.008837706008714176
0.08813823607716133	0.1254590218357608	0.009161572256125308
0.08971034743568206	0.12769834676527728	0.009491263932315674
0.0912824587942028	0.12993775286188472	0.009826780357176957
0.09285457015272354	0.1321772415504826	0.010168121997942516
0.09442668151124427	0.13441681427597815	0.010515287987136709
0.09599879286976501	0.13665647247328686	0.01086827836785275
0.09757090422828575	0.13889621758733217	0.011227093302511216
0.09914301558680648	0.14113605106304608	0.011591734252927652
0.10071512694532722	0.14337597432536883	0.011962197156597488
0.10228723830384796	0.14561598882924945	0.01233848364477004
0.10385934966236869	0.14785609600964558	0.012720593797626103
0.10543146102088943	0.15009629731152369	0.013108526995653411
0.10700357237941016	0.15233659418985937	0.013502283814279769
0.1085756837379309	0.1545769880696373	0.013901862925390938
0.11014779509645165	0.15681748041585142	0.014307264404128441
0.11171990645497237	0.15905807267350502	0.014718488511612804
0.11329201781349311	0.16129876628761108	0.01513553467787564
0.11486412917201387	0.16353956269319211	0.015558402917946327
0.1164362405305346	0.16578046336528054	0.015987092633692596
0.11800835188905534	0.1680214697389187	0.01642160368384133
0.11958046324757608	0.17026258326915905	0.016861937053037127
0.12115257460609681	0.1725038054010642	0.01730809020367634
0.12272468596461755	0.17474513760970717	0.017760064060592492
0.12429679732313828	0.17698658133017148	0.01821785848483155
0.125868908681659	0.17922813802755122	0.018681473530669616
0.12744102004017974	0.1814698091569513	0.0191509079818425
0.1290131313987005	0.18371159618348754	0.019626162110763918
0.13058524275722122	0.18595350055228674	0.0201072362510343
0.13215735411574198	0.18819552372848697	0.020594129154318006
0.1337294654742627	0.19043767233723743	0.02108684071158888
0.13530157683278343	0.19267993757369895	0.021585371247107937
0.13687368819130416	0.19492232601304382	0.022089719983835843
0.13844579954982492	0.1971648391104561	0.022599886528495233
0.14001791090834564	0.19940747834113165	0.023115870827402366
0.1415900222668664	0.20165024516027835	0.023637672965596865
0.14316213362538713	0.20389314105311618	0.024165292072965566
0.14473424498390786	0.20613616748487734	0.024698728458604234
0.14630635634242858	0.20837932591080652	0.02523798119112165
0.14787846770094934	0.21062261781616085	0.025783052681263227
0.14945057905947007	0.21286604467621012	0.02633393821186103
0.15102269041799082	0.21510960796623688	0.02689063906821644
0.15259480177651158	0.21735330915153672	0.02745315532549395
0.15416691313503228	0.21959714972741826	0.028021486958918748
0.15573902449355304	0.2218411311492032	0.02859563318754238
0.15731113585207376	0.2240852549222267	0.02917559388405707
0.15888324721059452	0.22632952250183738	0.029761368690447293
0.16045535856911525	0.22857393539339738	0.030352957529468202
0.16202746992763598	0.23081849506228264	0.030950360052709458
0.1635995812861567	0.23306320300388297	0.03155357558600844
0.16517169264467746	0.23530806071360216	0.03216260507813255
0.1667438040031982	0.23755306966685819	0.03277744668010002
0.16831591536171894	0.23979823134908324	0.03339809993732351
0.16988802672023967	0.242043547265724	0.03402456560550295
0.1714601380787604	0.2442890189022416	0.03465684239419228
0.17303224943728113	0.24653464775411194	0.035294930564980904
0.17460436079580188	0.24878043531682567	0.03593882943321949
0.17617647215432264	0.2510263830858885	0.03658853901879852
0.17774858351284337	0.25327249255682094	0.03724405920370905
0.1793206948713641	0.25551876523515915	0.03790538865218876
0.18089280622988482	0.25776520262645425	0.038572527891694075
0.18246491758840558	0.26001180622627307	0.03924547687295537
0.1840370289469263	0.262258577540198	0.03992423420783458
0.18560914030544706	0.26450551807382716	0.04060879993133124
0.1871812516639678	0.2667526293427746	0.04129917351272076
0.18875336302248852	0.2689999128526704	0.04199535510634767
0.19032547438100925	0.27124737010916067	0.0426973451501257
0.19189758573953	0.2734950026379081	0.04340514121485415
0.19346969709805073	0.2757428119345915	0.04411874363402876
0.19504180845657149	0.27799079953490635	0.04483815225390411
0.1966139198150922	0.2802389669445649	0.045563368925219956
0.19818603117361294	0.28248731568929614	0.04629438970124102
0.19975814253213367	0.284735847294846	0.04703121461269355
0.20133025389065443	0.28698456327697774	0.047773845468276316
0.20290236524917518	0.2892334651514714	0.048522279607904575
0.2044744766076959	0.29148255446412485	0.049276518048307336
0.20604658796621664	0.2937318327307532	0.05003655969875967
0.20761869932473737	0.29598130149718926	0.05080240450159036
0.20919081068325812	0.29823096227928353	0.051574052022798834
0.21076292204177885	0.3004808166129045	0.052351502862903715
0.2123350334002996	0.30273086603393873	0.053134754691754396
0.2139071447588203	0.30498111208829076	0.053923808371957746
0.21547925611734106	0.3072315563118837	0.05471866284852514
0.2170513674758618	0.3094822002506588	0.05551931853411317
0.21862347883438255	0.3117330454405761	0.056325774466502096
0.22019559019290327	0.31398409342761424	0.05713802996008607
0.22176770155142403	0.3162353457577707	0.05795608529897413
0.22333981290994473	0.318486803987062	0.05877994012193072
0.22491192426846549	0.32073846967152353	0.059609593208080694
0.2264840356269862	0.32299034434721025	0.06044504454697994
0.22805614698550697	0.3252424295801962	0.0612862942881551
0.22962825834402772	0.32749472692657516	0.06213334181888177
0.23120036970254843	0.3297472379524603	0.0629861862453875
0.23277248106106918	0.3319999642039847	0.06384482567524684
0.2343445924195899	0.3342529072573013	0.06470925741999439
0.23591670377811066	0.33650606867858307	0.06557948966794426
0.2374888151366314	0.3387594500240232	0.06645551674753337
0.23906092649515215	0.3410130528798351	0.06733733907195803
0.24063303785367285	0.3432668788022526	0.06822496157544712
0.2422051492121936	0.34552092937753015	0.06911836594938045
0.24377726057071433	0.34777520617194285	0.07001757600810798
0.2453493719292351	0.3500297107717868	0.07092257334177413
0.24692148328775582	0.35228444475337867	0.07183336353534915
0.24849359464627654	0.3545394097030566	0.07274994540434551
0.2500657060047973	0.35679460720717976	0.07367231417837804
0.25163781736331803	0.3590500388521287	0.07460047864034342
0.2532099287218388	0.3613057023043057	0.07553443476809586
0.2547820400803595	0.3635616070301341	0.07647418572340904
0.25635415143888024	0.3658177506660597	0.07741972241185852
0.257926262797401	0.3680741348085496	0.0783710487511054
0.2594983741559217	0.37033076107409324	0.07932816314681339
0.26107048551444245	0.37258763105920206	0.0802910663818578
0.2626425968729632	0.3748447463504099	0.08125975884347288
0.26421470823148396	0.3771021085742729	0.08223423578919176
0.26578681959000466	0.37935971932736984	0.08321450346508903
0.2673589309485254	0.38161758023630205	0.08420055569803492
0.2689310423070462	0.3838756928976939	0.08519239485841952
0.2705031536655669	0.3861340547481925	0.08619001941891141
0.2720752650240876	0.38839267573446806	0.08719343046323051
0.27364737638260833	0.390651553343214	0.08820262438242894
0.2752194877411291	0.39291068919114724	0.08921760441532146
0.27679159909964984	0.3951700848950079	0.09023836710377611
0.2783637104581706	0.39742974210155985	0.09126491247842135
0.2799358218166913	0.3996896624175907	0.09229724051738415
0.28150793317521206	0.4019498474999118	0.09333535176353328
0.2830800445337328	0.4042102989753587	0.09437924580168137
0.28465215589225357	0.406471018490791	0.0954289196197664
0.28622426725077427	0.4087320076730923	0.0964843751096687
0.28779637860929497	0.4109932681791711	0.0975456111520859
0.2893684899678157	0.4132548016459598	0.09861262700234595
0.2909406013263365	0.415516609740416	0.09968542469427381
0.2925127126848572	0.41777869408952173	0.10076400067693775
0.29408482404337793	0.4200410563702841	0.1018483551579657
0.2956569354018987	0.4223036982397352	0.10293848631770958
0.29722904676041945	0.4245666213449323	0.10403439409488617
0.29880115811894015	0.426829827352958	0.10513607889727475
0.3003732694774609	0.42909331794092026	0.1062435413881257
0.30194538083598166	0.4313570947659527	0.10735677847527604
0.3035174921945024	0.4336211595152145	0.10847579125173608
0.30508960355302317	0.43588551384589086	0.10960057677428398
0.3066617149115438	0.43815015944519276	0.11073113938588008
0.30823382627006457	0.44041509799035733	0.11186747845348527
0.3098059376285853	0.442680331168648	0.11300958520337877
0.3113780489871061	0.44494586066735436	0.1141574682030722
0.3129501603456268	0.44721168816379264	0.11531112361029193
0.31452227170414754	0.4494778153753056	0.11647055390804328
0.3160943830626683	0.4517442439692628	0.11763575234842037
0.31766649442118905	0.4540109756630606	0.11880672250020012
0.31923860577970975	0.4562780121541223	0.11998346238627991
0.3208107171382305	0.4585453551498984	0.12116597412132908
0.32238282849675126	0.4608130063478668	0.12235425321629433
0.32395493985527196	0.46308096746553257	0.12354830205215798
0.32552705121379266	0.4653492402104283	0.12474811878267676
0.3270991625723134	0.4676178263101144	0.12595370299515565
0.3286712739308342	0.46988672748217886	0.1271650554222931
0.33024338528935493	0.4721559454542377	0.12838217420464157
0.3318154966478757	0.47442548193393497	0.1296050589616762
0.3333876080063964	0.47669533866894276	0.1308337094560599
0.33495971936491714	0.47896551739696164	0.1320681228117701
0.3365318307234379	0.4812360198357204	0.13330830703585786
0.33810394208195865	0.4835068477329765	0.1345542521057382
0.33967605344047935	0.48577800283651607	0.13580596183291746
0.34124816479900005	0.488049486884154	0.13706343360843562
0.3428202761575208	0.4903213016337343	0.1383266680946796
0.34439238751604156	0.4925934488331296	0.13959566517916122
0.34596449887456227	0.4948659302402423	0.14087042615039053
0.347536610233083	0.4971387476130036	0.1421509455657613
0.3491087215916038	0.4994119027193746	0.14343722603397482
0.35068083295012453	0.5016853973173456	0.14472926722184948
0.3522529443086453	0.503959233184937	0.14602706691862666
0.353825055667166	0.5062334120901985	0.1473306261192079
0.35539716702568674	0.5085079358212102	0.14863994443217945
0.3569692783842075	0.5107828061360823	0.1499550237850245
0.3585413897427282	0.513058024842955	0.15127585724597092
0.3601135011012489	0.5153335937199989	0.15260244752054336
0.36168561245976966	0.517609514555415	0.15393479421135217
0.3632577238182904	0.5198857891474354	0.1552728968015956
0.36482983517681117	0.5221624192943223	0.15661675499212319
0.36640194653533187	0.5244394067943688	0.15796636712895928
0.3679740578938526	0.5267167534658995	0.15932173436354932
0.3695461692523734	0.5289944611072698	0.1606828556396673
0.37111828061089414	0.5312725315268663	0.16204973003909126
0.37269039196941484	0.5335509665531069	0.16342235747936906
0.3742625033279356	0.5358297680044413	0.16480073693078065
0.3758346146864563	0.5381089376993505	0.1661848683675068
0.37740672604497705	0.5403884774663477	0.1675747534085334
0.3789788374034978	0.5426683891539773	0.1689703866186418
0.3805509487620185	0.5449486745708163	0.17037177020085312
0.38212306012053926	0.5472293355854736	0.1717789034597573
0.38369517147906	0.5495103740265903	0.17319178588298242
0.38526728283758077	0.5517917917328402	0.1746104169535564
0.38683939419610147	0.554073590572929	0.17603479593119056
0.3884115055546222	0.5563557724055957	0.177464922749572
0.389983616913143	0.5586383390696119	0.17890079663464997
0.39155572827166374	0.5609212924437816	0.18034241707057244
0.3931278396301844	0.5632046343969425	0.18178978361647655
0.39469995098870514	0.5654883667879651	0.1832428956806571
0.3962720623472259	0.5677724915057532	0.18470175521185347
0.39784417370574665	0.570057010429244	0.1861663569820925
0.39941628506426735	0.5723419254374081	0.18763670260099707
0.4009883964227881	0.5746272384092502	0.189112791749262
0.40256050778130886	0.5769129512638085	0.19059463149846342
0.4041326191398296	0.5791990658701547	0.19208220626074102
0.4057047304983504	0.5814855841473952	0.1935755235783371
0.4072768418568711	0.5837725079946702	0.1950745815971208
0.40884895321539183	0.5860598393211541	0.19657938072194114
0.41042106457391253	0.5883475800460561	0.1980899201037099
0.4119931759324333	0.5906357320786197	0.19960619965499904
0.413565287290954	0.5929242973381227	0.2011282208209178
0.41513739864947474	0.5952132777638782	0.20265597868965793
0.4167095100079955	0.5975026752752342	0.20418947484811426
0.41828162136651625	0.5997924918215733	0.20572870911379032
0.41985373272503695	0.6020827293323137	0.20727368059258197
0.4214258440835577	0.6043733897569085	0.2088243892415424
0.42299795544207847	0.6066644750448466	0.21038083261135004
0.4245700668005992	0.6089559871456519	0.2119430135394808
0.4261421781591199	0.6112479280088848	0.21351092973389454
0.4277142895176406	0.6135402996241406	0.21508458109402365
0.4292864008761614	0.615833103931051	0.2166639668748052
0.43085851223468213	0.6181263429192835	0.21824908739242804
0.4324306235932029	0.620420018558542	0.21983994305301652
0.4340027349517236	0.6227141328285664	0.22143652933363867
0.43557484631024435	0.6250086877091333	0.22303884816291947
0.4371469576687651	0.6273036852100555	0.22464689901726467
0.43871906902728586	0.6295991273111828	0.22626068141772837
0.44029118038580656	0.6318950160224016	0.22788019487823497
0.4418632917443273	0.6341913533436349	0.22950543899557216
0.44343540310284807	0.6364881412848433	0.23113641319930142
0.44500751446136877	0.6387853818560241	0.23277311726160388
0.44657962581988947	0.6410830778372121	0.23441555107659248
0.4481517371784102	0.6433812295884793	0.23606371284826835
0.449723848536931	0.6456798400599355	0.23771760544099169
0.45129595989545174	0.6479789112717279	0.2393772232290452
0.45286807125397244	0.6502784452540415	0.24104256835280818
0.4544401826124932	0.6525784440670994	0.24271364053826092
0.45601229397101395	0.6548789097611624	0.24439043896042892
0.4575844053295347	0.6571798443865294	0.24607296345534155
0.45915651668805546	0.659481249993538	0.2477612140287067
0.46072862804657616	0.6617831286625635	0.2494551891491227
0.46230073940509686	0.6640854824540205	0.2511548885760509
0.4638728507636176	0.6663883134483618	0.2528603123871869
0.4654449621221384	0.6686916237260787	0.25457146208671294
0.4670170734806591	0.6709954153677017	0.2562883329050975
0.46858918483917983	0.6732996904738003	0.25801092646579166
0.4701612961977006	0.675604451134983	0.2597392431900705
0.47173340755622134	0.6779096994518975	0.2614732809860295
0.47330551891474204	0.6802154375252308	0.26321304042093946
0.4748776302732628	0.6825216674857099	0.26495852098104566
0.47644974163178355	0.6848283914341003	0.2667097222076636
0.4780218529903043	0.6871356115012086	0.26846664367312945
0.47959396434882506	0.6894433298278801	0.27022928574855576
0.4811660757073457	0.6917515485250009	0.2719976464834953
0.48273818706586646	0.6940602697434963	0.27377172859489407
0.4843102984243872	0.6963694956343327	0.2755515269398147
0.485882409782908	0.6986792283485161	0.27733704340808046
0.4874545211414287	0.7009894700370937	0.27912827848965277
0.48902663249994943	0.7033002228611525	0.2809252301601803
0.4905987438584702	0.7056114890018205	0.28272789876756366
0.49217085521699094	0.7079232706102667	0.2845362840383052
0.49374296657551164	0.7102355698877009	0.28635039024056624
0.4953150779340324	0.7125483890153738	0.288170208285293
0.4968871892925531	0.7148617301845774	0.28999574112731813
0.49845930065107386	0.7171755955766452	0.29182699127996564
0.5000314120095946	0.7194899874229517	0.2936639536966622
0.5016035233681153	0.7218049079049133	0.2955066306466916
0.5031756347266361	0.7241203592639874	0.2973550220187687
0.5047477460851568	0.7264363437016743	0.2992091262436041
0.5063198574436776	0.7287528634495153	0.3010689439378494
0.5078919688021982	0.7310699207490938	0.30293447420919734
0.509464080160719	0.7333875178220358	0.3048057171996843
0.5110361915192397	0.735705656940009	0.3066826728891988
0.5126083028777605	0.7380243403347239	0.3085653398237574
0.5141804142362812	0.7403435702679331	0.31045372039728936
0.515752525594802	0.7426633490014322	0.31234780992934413
0.5173246369533228	0.7449836788170592	0.31424761099177234
0.5188967483118434	0.7473045619766954	0.316153121585688
0.5204688596703643	0.7496260007822643	0.3180643424936751
0.5220409710288849	0.7519479975057333	0.3199812732666535
0.5236130823874056	0.7542705544391126	0.3219039140729206
0.5251851937459264	0.7565936739044558	0.3238322635129116
0.5267573051044471	0.7589173582038596	0.3257663218371413
0.5283294164629679	0.761241609639465	0.3277060887987826
0.5299015278214886	0.7635664305434561	0.32965156641051335
0.5314736391800093	0.7658918232480609	0.3316027501574558
0.5330457505385301	0.7682177900755514	0.3335596410796409
0.5346178618970509	0.7705443333782436	0.33552223946871634
0.5361899732555716	0.7728714554984977	0.337490545732342
0.5377620846140924	0.7751991587987179	0.3394645581228176
0.539334195972613	0.7775274456313533	0.34144427711390113
0.5409063073311338	0.7798563183788971	0.3434297207760837
0.5424784186896545	0.7821857793938871	0.34542085322775845
0.5440505300481752	0.7845158310789061	0.34741769315021986
0.545622641406696	0.7868464758165816	0.34942023627027485
0.5471947527652167	0.7891777159995861	0.35142848475642824
0.5487668641237375	0.791509554030637	0.3534424393242262
0.5503389754822582	0.7938419923224975	0.35546209782243265
0.5519110868407789	0.7961750332879752	0.35748746097126033
0.5534831981992997	0.7985086793599241	0.3595185292878266
0.5550553095578205	0.800842932971243	0.36155530114495565
0.5566274209163412	0.8031777965448766	0.36359777713615554
0.5581995322748619	0.8055132725438159	0.3656459568118054
0.5597716436333826	0.807849363401097	0.3676998432181454
0.5613437549919034	0.8101860715998025	0.3697594300955043
0.5629158663504241	0.8125233995830611	0.3718247200956887
0.5644879777089448	0.8148613498540475	0.3738957138694213
0.5660600890674656	0.8171999248659831	0.3759724099928823
0.5676322004259863	0.8195391271321357	0.3780548086232204
0.5692043117845071	0.8218789591358194	0.3801429100113474
0.5707764231430278	0.8242194233903953	0.38223671434757167
0.5723485345015485	0.8265605223992716	0.3843362202631679
0.5739206458600693	0.8289022586859027	0.386441430900707
0.57549275721859	0.8312446347737908	0.38855234183201437
0.5770648685771107	0.8335876532064848	0.39066895370635146
0.5786369799356315	0.8359313468875811	0.3927912675648278
0.5802090912941522	0.8382756579907233	0.3949192819418783
0.581781202652673	0.8406206190896028	0.3970529989189014
0.5833533140111937	0.8429662327579587	0.3991924189428306
0.5849254253697144	0.8453125015495775	0.401337537566102
0.5864975367282352	0.8476594280682935	0.4034883585297239
0.5880696480867559	0.8500070148879897	0.4056448806550966
0.5896417594452767	0.8523552646125961	0.407807106818047
0.5912138708037974	0.8547041798560921	0.4099750310625267
0.592785982162318	0.8570537632225044	0.41214865628742187
0.5943580935208389	0.8594040173459088	0.41432798313114605
0.5959302048793595	0.8617549448404291	0.4165130099652854
0.5975023162378803	0.8641065483602383	0.41870374145157735
0.5990744275964011	0.8664588305395577	0.4209001708956376
0.6006465389549218	0.8688117940426581	0.42310230041206687
0.6022186503134426	0.8711654415338586	0.42531013078153557
0.6037907616719633	0.8735197756775277	0.4275236649826451
0.605362873030484	0.8758747991680834	0.42974289688422906
0.6069349843890048	0.8782305146799926	0.4319678295141026
0.6085070957475255	0.8805869249277719	0.43419846374234333
0.6100792071060464	0.8829440325959874	0.43643479804615726
0.611651318464567	0.8853018404192547	0.4386768378581864
0.6132234298230876	0.8876603511122397	0.44092457485957715
0.6147955411816085	0.8900195705796576	0.4431780119746259
0.6163676525401292	0.892379495426274	0.44543715005457307
0.6179397638986499	0.8947401313769044	0.44770199240402037
0.6195118752571707	0.897101481166415	0.44997253430999673
0.6210839866156914	0.8994635475897214	0.45224877608215136
0.6226560979742122	0.9018263334117904	0.45453071987940125
0.6242282093327329	0.9041898414176395	0.4568183644092953
0.6258003206912536	0.9065540744023365	0.45911171054691047
0.6273724320497744	0.9089190351809999	0.46141075913626284
0.6289445434082951	0.9112847265587992	0.46371550902544517
0.6305166547668158	0.9136511513609553	0.46602596140402613
0.6320887661253366	0.9160183167927398	0.46834211755697497
0.6336608774838572	0.9183862169294758	0.4706639736825637
0.6352329888423781	0.9207548595265372	0.4729915331083216
0.6368051002008988	0.9231242464293501	0.4753247943060652
0.6383772115594195	0.9254943810133919	0.4776637582769878
0.6399493229179403	0.9278652661541912	0.48000842545051087
0.641521434276461	0.9302369047373291	0.4823587962951748
0.6430935456349818	0.9326092996784382	0.4847148700237931
0.6446656569935025	0.9349824539132032	0.4870766512241318
0.6462377683520232	0.9373563702773611	0.48944413943778536
0.6478098797105439	0.9397310517267005	0.4918173257394511
0.6493819910690647	0.9421065012270631	0.4941962142045161
0.6509541024275853	0.9444827217043426	0.49658080889282996
0.6525262137861062	0.9468597161244854	0.4989711087583989
0.6540983251446268	0.9492374874534903	0.5013671159761041
0.6556704365031477	0.9516160386674095	0.5037688271976407
0.6572425478616684	0.9539953727223475	0.5061762437205708
0.6588146592201891	0.9563754926844618	0.508589365892935
0.6603867705787099	0.9587564015299632	0.5110081949787184
0.6619588819372306	0.9611381022751159	0.513432734867399
0.6635309932957514	0.963520597946237	0.515862978982477
0.665103104654272	0.9659038915796972	0.5182989297474256
0.6666752160127928	0.9682879862419208	0.5207405870490119
0.6682473273713135	0.9706728849693854	0.523187954124767
0.6698194387298343	0.973058590848623	0.5256410325764049
0.6713915500883549	0.9754451068162189	0.5280998193071266
0.6729636614468758	0.9778324362388124	0.5305643172834512
0.6745357728053964	0.9802205820930971	0.5330345220881891
0.6761078841639173	0.9826095474858206	0.5355104379728312
0.677679995522438	0.984999335543785	0.5379920642663066
0.6792521068809587	0.9873899493938464	0.5404794017544067
0.6808242182394795	0.9897813921829158	0.5429724520686444
0.6823963295980001	0.9921736670879585	0.5454712140313998
0.683968440956521	0.9945667830559947	0.5479756912023732
0.6855405523150416	0.9969607317640992	0.5504858789865861
0.6871126636735624	0.999355522109402	0.5530017843708884
0.6886847750320831	1.001751157299088	0.5555234009877243
0.6902568863906039	1.0041476405403973	0.5580507327982266
0.6918289977491245	1.0065449750806248	0.5605837810404838
0.6934011091076454	1.0089431641271216	0.5631225447556549
0.694973220466166	1.0113422109472932	0.5656670258239407
0.6965453318246869	1.0137421188286018	0.5682172245649164
0.6981174431832076	1.0161428909285641	0.5707731395869459
0.6996895545417282	1.0185445307047538	0.5733347741968186
0.7012616659002491	1.020947041314799	0.5759021298109923
0.7028337772587697	1.0233504261163853	0.5784752043022438
0.7044058886172906	1.0257546884672533	0.5810539991486728
0.7059779999758112	1.0281598315251999	0.583638515712382
0.707550111334332	1.0305658588480788	0.5862287555738236
0.7091222226928527	1.0329727737938	0.5888247165040779
0.7106943340513735	1.0353805795203297	0.5914264018194486
0.7122664454098941	1.0377892795856904	0.5940338106488939
0.713838556768415	1.0401988772479625	0.5966469451574454
0.7154106681269357	1.0426093760652817	0.5992658063520813
0.7169827794854564	1.0450207793958417	0.6018903929294674
0.7185548908439772	1.0474330905978926	0.604520707362178
0.7201270022024978	1.0498463131297424	0.607156749665202
0.7216991135610187	1.0522604505497553	0.6097985215951693
0.7232712249195393	1.0546755063163535	0.6124460243810962
0.7248433362780601	1.0570914837880165	0.6150992565973848
0.7264154476365808	1.059508386523281	0.6177582208740762
0.7279875589951016	1.061926217980742	0.620422917539658
0.7295596703536223	1.0643449818190516	0.6230933480236663
0.7311317817121431	1.06676468139692	0.6257695141738854
0.7327038930706637	1.0691853203731156	0.6284514139866805
0.7342760044291845	1.0716069025064643	0.6311390509524715
0.7358481157877053	1.0740294308558505	0.6338324246222751
0.737420227146226	1.0764529093802166	0.6365315372955812
0.7389923385047468	1.0788773416385637	0.6392363904032924
0.7405644498632674	1.0813027310899512	0.6419469826624762
0.7421365612217883	1.083729081493497	0.6446633161425357
0.7437086725803089	1.0861563965083771	0.6473853919221106
0.7452807839388297	1.0885846796938277	0.6501132119693451
0.7468528952973504	1.0910139348091425	0.6528467775786868
0.7484250066558712	1.0934441655136746	0.6555860866187253
0.749997118014392	1.0958753754668362	0.6583311434766076
0.7515692293729126	1.098307568428099	0.6610819486484973
0.7531413407314334	1.1007407480569928	0.6638385421396528
0.7547134520899541	1.1031749181131083	0.6666008475970681
0.7562855634484749	1.1056100822560944	0.669368871125966
0.7578576748069956	1.1080462444456605	0.6721426803012084
0.7594297861655164	1.1104834084415747	0.6749222442248374
0.761001897524037	1.1129215780036659	0.6777075645881363
0.7625740088825579	1.1153607568918218	0.6804986399021005
0.7641461202410785	1.117800948065991	0.6832954738158162
0.7657182315995993	1.1202421571861814	0.6860980663111794
0.76729034295812	1.1226843872124614	0.6889064201569677
0.7688624543166407	1.1251276419049603	0.6917205367646555
0.7704345656751616	1.127571925223866	0.6945404151126551
0.7720066770336822	1.1300172411294287	0.697366058838574
0.773578788392203	1.132463593481958	0.700197467988933
0.7751508997507237	1.1349109862418247	0.7030346453257911
0.7767230111092445	1.13735942336946	0.7058775927133127
0.7782951224677651	1.1398089087253565	0.7087263093816705
0.779867233826286	1.1422594464700668	0.7115807976060523
0.7814393451848066	1.1447110403642056	0.7144410591393184
0.7830114565433275	1.1471636946684476	0.7173070964125251
0.7845835679018481	1.14961741324353	0.7201789109477453
0.7861556792603688	1.1520722001502501	0.7230565028664695
0.7877277906188896	1.1545280594494678	0.7259398739423362
0.7892999019774103	1.1569849953021032	0.7288290261225073
0.7908720133359312	1.1594430117691394	0.7317239634276331
0.7924441246944518	1.16190211281162	0.7346246831472033
0.7940162360529726	1.1643623027906516	0.737531189910255
0.7955883474114933	1.1668235856674014	0.7404434843493432
0.7971604587700141	1.1692859648030995	0.7433615685760296
0.7987325701285347	1.1717494460590383	0.7462854450587757
0.8003046814870556	1.1742140328965716	0.7492151133140376
0.8018767928455762	1.1766797293771158	0.7521505773915944
0.803448904204097	1.17914653976215	0.7550918340846418
0.8050210155626177	1.181614468513215	0.7580388932462692
0.8065931269211384	1.1840835194919157	0.7609917541687343
0.8081652382796592	1.186553697259918	0.7639504162964185
0.8097373496381799	1.1890250078789513	0.7669148822625709
0.8113094609967008	1.191497449910808	0.7698851588454346
0.8128815723552214	1.193971033517343	0.7728612395697341
0.8144536837137422	1.1964457611604749	0.7758431359360521
0.8160257950722629	1.1989216372021851	0.7788308389276402
0.8175979064307837	1.201398665904518	0.781824355648156
0.8191700177893043	1.2038768518295813	0.7848236885054356
0.8207421291478251	1.2063561992395468	0.7878288414840426
0.8223142405063458	1.2088367126966493	0.7908398129032388
0.8238863518648666	1.2113183965631875	0.7938566071394463
0.8254584632233873	1.2138012555015234	0.7968792255863888
0.827030574581908	1.2162852937740831	0.7999076711901107
0.8286026859404289	1.2187705160433564	0.8029419468904557
0.8301747972989495	1.2212569267718976	0.8059820521806659
0.8317469086574704	1.2237445305223245	0.8090279755442467
0.833319020015991	1.2262333317573189	0.8120797497091203
0.8348911313745118	1.2287233353396276	0.8151373622904537
0.8364632427330325	1.2312145456320616	0.8182008162304151
0.8380353540915532	1.2337069673974959	0.8212701110970207
0.8396074654500739	1.23620060529887	0.8243452518331638
0.8411795768085947	1.2386954640991892	0.8274262386869303
0.8427516881671154	1.2411915481615217	0.8305130953270664
0.8443237995256362	1.2436888623490021	0.8336057816490648
0.8458959108841569	1.2461874114248288	0.8367043263135235
0.8474680222426776	1.2486872000522662	0.8398087287569537
0.8490401336011985	1.2511882331946427	0.8429189903171193
0.8506122449597191	1.253690515415353	0.8460351150831317
0.8521843563182399	1.2561940516778562	0.8491571055097134
0.8537564676767606	1.2586988467456774	0.8522849439629157
0.8553285790352813	1.2612049057824066	0.8554186705562032
0.8569006903938021	1.2637122330516994	0.8585582903196917
0.8584728017523228	1.2662208341172774	0.8617037661630523
0.8600449131108435	1.268730713142928	0.864855120729705
0.8616170244693643	1.2712418755925037	0.8680123561420299
0.863189135827885	1.2737543262299236	0.8711754750587373
0.8647612471864058	1.2762680518191725	0.8743445013623505
0.8663333585449265	1.2787831132243017	0.8775193791454929
0.8679054699034472	1.2812994586094277	0.8807001668004555
0.8694775812619681	1.2838171122387343	0.8838868508860054
0.8710496926204887	1.2863360792764709	0.8870794324145159
0.8726218039790093	1.2888563646869535	0.8902779182575237
0.8741939153375302	1.2913779737345656	0.8934823066073687
0.8757660266960509	1.2939008866837558	0.8966926019687487
0.8773381380545717	1.29642515799904	0.8999088076276173
0.8789102494130924	1.2989507683450014	0.9031309271456656
0.8804823607716131	1.3014777228862895	0.9063589629034761
0.8820544721301339	1.3040060268876208	0.9095929201743479
0.8836265834886546	1.3065356856137789	0.9128327994866932
0.8851986948471754	1.3090667043296151	0.9160786063670929
0.8867708062056961	1.311599088300047	0.9193303417445048
0.8883429175642168	1.3141328428900598	0.9225880095592771
0.8899150289227375	1.3166679734647067	0.9258516151067471
0.8914871402812583	1.3192044852891076	0.9291211590879652
0.893059251639779	1.3217423837284505	0.9323966463045517
0.8946313629982998	1.3242816743479908	0.9356780802114324
0.8962034743568205	1.3268223626130518	0.9389654639414798
0.8977755857153413	1.3293644537890243	0.9422588016755189
0.899347697073862	1.3319079534413674	0.9455580962440776
0.9009198084323827	1.3344528671356082	0.9488633506703741
0.9024919197909035	1.3369992004373414	0.9521745703725418
0.9040640311494242	1.3395469589122306	0.9554917573924127
0.9056361425079449	1.3420961480260074	0.9588149178861661
0.9072082538664656	1.3446467734444711	0.9621440519298015
0.9087803652249864	1.3471988408334903	0.965479164590424
0.9103524765835072	1.3497523558590019	0.9688202605670411
0.9119245879420279	1.3523073242870105	0.9721673427784668
0.9134966993005486	1.354863751683591	0.9755204167222061
0.9150688106590694	1.357421643914886	0.9788794839941717
0.9166409220175901	1.3599810067471072	0.9822445502024574
0.9182130333761109	1.3625418459465346	0.9856156183993046
0.9197851447346316	1.3651041672795186	0.988992693257113
0.9213572560931523	1.3676679767124775	0.9923757788173188
0.9229293674516731	1.3702332800118995	0.9957648789848005
0.9245014788101937	1.3728000832443414	0.9991599973132582
0.9260735901687145	1.37536839217643	1.0025611558297614
0.9276457015272352	1.377938212774861	1.0059683249843314
0.929217812885756	1.3805095512063998	1.009381527012722
0.9307899242442768	1.3830824133378818	1.0128007623008626
0.9323620356027975	1.3856568052362115	1.0162260387116573
0.9339341469613182	1.3882327329683632	1.019657363250595
0.935506258319839	1.390810202701382	1.0230947326939637
0.9370783696783597	1.393389220502381	1.0265381547004735
0.9386504810368805	1.3959697926385457	1.0299876347392998
0.9402225923954012	1.3985519251771297	1.0334431776821549
0.9417947037539218	1.4011356243854574	1.0369047868977666
0.9433668151124427	1.403720896530924	1.0403724701827717
0.9449389264709633	1.4063077477809944	1.043846227974947
0.9465110378294841	1.4088961847032044	1.0473260663565669
0.9480831491880048	1.4114862133651596	1.0508119902138997
0.9496552605465256	1.414077840234537	1.054304005526499
0.9512273719050464	1.4166710717790836	1.0578021155307467
0.9527994832635671	1.4192659143666169	1.0613063265659581
0.9543715946220878	1.4218623744650265	1.0648166422233247
0.9559437059806086	1.4244604585422715	1.0683330705829126
0.9575158173391293	1.4270601731663832	1.0718556126386924
0.9590879286976501	1.4296615249054623	1.0753842743266644
0.9606600400561708	1.4322645202276825	1.0789190616224518
0.9622321514146914	1.434869165901287	1.0824599803665012
0.9638042627732123	1.437475468594592	1.0860070342834915
0.9653763741317329	1.4400834348759837	1.0895602294818405
0.9669484854902537	1.4426930714139203	1.0931195720339852
0.9685205968487745	1.4453043851769312	1.0966850656808216
0.9700927082072952	1.447917382733618	1.1002567167062935
0.971664819565816	1.4505320710526537	1.1038345336450772
0.9732369309243367	1.4531484569027824	1.1074185156244636
0.9748090422828574	1.455766547152821	1.1110086715742518
0.9763811536413782	1.458386348871658	1.1146050079313083
0.9779532649998989	1.4610078687282537	1.118207528578762
0.9795253763584195	1.4636311139916403	1.1218162402079317
0.9810974877169404	1.4662560915309228	1.125431149001911
0.982669599075461	1.468882808415278	1.1290522560121232
0.9842417104339819	1.471511271813955	1.1326795751165983
0.9858138217925025	1.474141488696275	1.1363131113085876
0.9873859331510233	1.4767734664316323	1.1399528649605692
0.988958044509544	1.479407211989493	1.1435985220590161
0.9905301558680648	1.4820427328393964	1.1472507369865346
0.9921022672265856	1.4846800328509544	1.1509091898733552
0.9936743785851062	1.4873191258938514	1.1545742074940153
0.995246489943627	1.489960015937844	1.1582451543977645
0.9968186013021477	1.4926027104527635	1.161922357998982
0.9983907126606685	1.4952472169085125	1.1656058249836716
0.9999628240191891	1.4978935426750672	1.169295564658322
1.0015349353777099	1.5005416986224773	1.1729915788556107
1.0031070467362306	1.503191685720865	1.1766938755417644
1.0046791580947514	1.5058435146404259	1.1804024616942552
1.0062512694532721	1.50849719315143	1.1841173447083382
1.007823380811793	1.511152728824219	1.1878385300803642
1.0093954921703137	1.5138101294292095	1.1915660250531652
1.0109676035288344	1.516469402636891	1.1952998372264485
1.0125397148873552	1.5191305562178268	1.1990399722500702
1.014111826245876	1.5217935979426538	1.2027864397735852
1.0156839376043965	1.5244585357820828	1.2065392422644925
1.0172560489629174	1.5271253774068987	1.2102983899018858
1.018828160321438	1.5297941308879597	1.2140638881667098
1.0204002716799587	1.5324648041961986	1.2178357451624502
1.0219723830384795	1.5351374054026217	1.2216139686104361
1.0235444943970002	1.5378119423783103	1.2253985647110948
1.025116605755521	1.5404884232944192	1.2291895446399081
1.0266887171140417	1.5431668563221776	1.2329869092489227
1.0282608284725625	1.5458472496328892	1.23679067003553
1.0298329398310833	1.5485296113979319	1.2406008357354932
1.031405051189604	1.5512139498887587	1.2444174095763674
1.0329771625481246	1.5539002734768965	1.248240401721403
1.0345492739066455	1.5565885905339472	1.252069820680054
1.0361213852651663	1.5592789092315873	1.255905672749214
1.0376934966236868	1.561971238341568	1.2597479666104283
1.0392656079822076	1.5646655860357157	1.263596710394775
1.0408377193407286	1.5673619609859315	1.2674519127029409
1.042409830699249	1.5700603718641912	1.2713135800634463
1.0439819420577698	1.572760827142546	1.2751817240019987
1.0455540534162906	1.5754633354931222	1.2790563477584989
1.0471261647748111	1.5781679056881217	1.2829372001251258
1.048698276133332	1.5808745463998206	1.2868248195496912
1.0502703874918529	1.5835832665005716	1.2907189416447389
1.0518424988503736	1.5862940748628016	1.2946195794030664
1.0534146102088942	1.589006980359014	1.2985267425917033
1.0549867215674151	1.5917219919617875	1.30244043816595
1.0565588329259359	1.5944391186437759	1.3063606753557286
1.0581309442844564	1.5971583694777094	1.3102874633954136
1.0597030556429772	1.5998797534363929	1.3142208139598839
1.0612751670014982	1.6026032797927081	1.3181607299803006
1.0628472783600187	1.6053289577196126	1.3221072234216193
1.0644193897185394	1.6080567963901393	1.3260603035975447
1.0659915010770602	1.6107865883773977	1.3300199794104242
1.0675636124355807	1.6135187781545728	1.3339862612092341
1.0691357237941017	1.6162531567949263	1.3379591564787605
1.0707078351526225	1.6189897335717955	1.3419386754598177
1.0722799465111432	1.6217285181585952	1.3459248280326561
1.0738520578696638	1.624469520128815	1.3499176231506782
1.0754241692281847	1.627212748956022	1.353917074096646
1.0769962805867055	1.6299582144138594	1.3579231839923116
1.078568391945226	1.6327059260760466	1.3619359662821817
1.0801405033037468	1.6354558938163806	1.3659554302034493
1.0817126146622675	1.638208127508734	1.369981586204432
1.0832847260207883	1.6409626368270567	1.3740144448212397
1.084856837379309	1.6437194319453756	1.378054014973748
1.0864289487378298	1.6464785226377936	1.3821003074430502
1.0880010600963503	1.6492399190784917	1.3861533325991666
1.0895731714548713	1.6520036312417268	1.390213102516964
1.091145282813392	1.654769669401834	1.3942796249358196
1.0927173941719128	1.657538043733224	1.3983529131906454
1.0942895055304334	1.6603087644103867	1.4024329738752137
1.0958616168889543	1.6630818419078872	1.4065198200254916
1.097433728247475	1.6658572865003693	1.410613462659183
1.0990058396059956	1.668635108662554	1.414713912442576
1.1005779509645164	1.6714153189692387	1.4188211815183795
1.1021500623230371	1.6741979278952999	1.4229352794096195
1.103722173681558	1.6769829460156902	1.4270562178179043
1.1052942850400787	1.6797703842054408	1.4311840081336515
1.1068663963985994	1.6825602530396604	1.4353186619652933
1.10843850775712	1.685352563293535	1.439460192943196
1.110010619115641	1.6881473259423292	1.4436086080436137
1.1115827304741617	1.6909445519613844	1.447763922092831
1.1131548418326824	1.6937442521261212	1.4519261450424095
1.114726953191203	1.696546437712037	1.4560952899924855
1.1162990645497237	1.699351119794708	1.4602713683963884
1.1178711759082447	1.7021583095497885	1.4644543927257587
1.1194432872667652	1.7049680181530105	1.4686443751551483
1.121015398625286	1.7077802569801848	1.472841327513602
1.1225875099838067	1.7105950373071999	1.4770454144356673
1.1241596213423275	1.7134123708100235	1.4812563430266448
1.1257317327008483	1.716232268864701	1.4854742887305274
1.127303844059369	1.7190547429473564	1.489699244985165
1.1288759554178895	1.7218799613341924	1.4939312344210516
1.1304480667764105	1.7247076261014902	1.4981702700682118
1.1320201781349313	1.72753789732561	1.5024163644249928
1.133592289493452	1.7303707916829898	1.5066695308845601
1.1351644008519726	1.7332063211501476	1.5109297826128727
1.1367365122104933	1.736044497603679	1.515197132952291
1.1383086235690143	1.7388853333202599	1.519471595981121
1.1398807349275348	1.7417288402766438	1.523753183950846
1.1414528462860556	1.7445750307496637	1.5280419110070003
1.1430249576445763	1.7474239169162318	1.5323377933938955
1.144597069003097	1.7502755113533395	1.5366408403003655
1.1461691803616179	1.7531298263380573	1.5409510680691416
1.1477412917201386	1.7559868743475342	1.5452684907960628
1.1493134030786591	1.758846668159	1.5495931226876232
1.15088551443718	1.7617092202497624	1.5539249778832382
1.1524576257957009	1.7645745414972094	1.5582640711933062
1.1540297371542214	1.7674426484788077	1.5626104170113195
1.1556018485127422	1.7703135522721045	1.5669640299517913
1.157173959871263	1.7731872658547259	1.5713249167932248
1.158746071229784	1.7760638023043775	1.5756931093496558
1.1603181825883044	1.778943174598845	1.5800686157417976
1.1618902939468252	1.7818253961159938	1.5844514468500672
1.163462405305346	1.7847104799337687	1.5888416206325502
1.1650345166638667	1.7875984396301952	1.5932391521256433
1.1666066280223875	1.7904892886833772	1.5976440572556425
1.1681787393809082	1.7933830403715	1.6020563514497435
1.1697508507394287	1.7962797085728286	1.6064760509179155
1.1713229620979495	1.7991793068657076	1.6109031711032242
1.1728950734564705	1.8020818491285617	1.6153377283167802
1.174467184814991	1.8049873442398965	1.6197797389106148
1.1760392961735118	1.807895815978297	1.6242292192384042
1.1776114075320325	1.810807273422429	1.6286861854779728
1.1791835188905535	1.8137217308510385	1.6331506567148006
1.180755630249074	1.816639198342952	1.6376226449788753
1.1823277416075948	1.8195596984770759	1.6421021745384867
1.1838998529661156	1.8224832414323977	1.6465892523950083
1.185471964324636	1.8254098417879854	1.651083901017647
1.187044075683157	1.828339514122987	1.6555861373440324
1.1886161870416778	1.8312722731166318	1.6600959790573993
1.1901882984001984	1.8342081335482296	1.664613443606411
1.191760409758719	1.8371471104971706	1.669138548607604
1.19333252111724	1.8400892184429265	1.6736713121876383
1.1949046324757606	1.843034472665049	1.6782117700964851
1.1964767438342814	1.8459828883431717	1.6827599049135493
1.1980488551928021	1.848934480657008	1.687315755492224
1.199620966551323	1.8518892650863534	1.6918793348683157
1.2011930779098436	1.8548472570110834	1.6964506647904338
1.2027651892683644	1.8578084687111558	1.7010297633985416
1.2043373006268852	1.8607729222666085	1.7056166501366075
1.2059094119854057	1.863740630257561	1.7102113437425117
1.2074815233439267	1.866711608464214	1.714813863606628
1.2090536347024474	1.86968587296685	1.7194242294104198
1.210625746060968	1.8726634397458315	1.7240424602868039
1.2121978574194887	1.8756443248816044	1.728668575447798
1.2137699687780097	1.878628544854694	1.733302596291415
1.2153420801365302	1.8816161157457085	1.7379445421619835
1.216914191495051	1.8846070543353373	1.7425944334009336
1.2184863028535717	1.8876013769043507	1.7472522926005252
1.2200584142120927	1.8905991004336018	1.7519181355785511
1.2216305255706132	1.8936002416040243	1.7565919854731158
1.223202636929134	1.8966048171966345	1.7612738631848126
1.2247747482876548	1.8996128444925298	1.765963789967901
1.2263468596461753	1.90262434047289	1.7706617869459476
1.2279189710046963	1.905639350218976	1.7753678757206772
1.229491082363217	1.9086578357121318	1.7800820776850315
1.2310631937217376	1.9116798421337822	1.7848044146132014
1.2326353050802583	1.9147053869654345	1.789534908118401
1.2342074164387793	1.9177344878886782	1.794273581649809
1.2357795277972998	1.920767162885185	1.7990204564783192
1.2373516391558206	1.9238034298367077	1.8037761709457103
1.2389237505143413	1.926843598925083	1.808538903920085
1.240495861872862	1.9298868120322286	1.8133105196674593
1.2420679732313828	1.9329339638401446	1.8180875903256908
1.2436400845899036	1.9359847806309136	1.8228757701555616
1.2452121959484244	1.9390392283867013	1.8276722454597962
1.246784307306945	1.9420954268897543	1.8324805074572519
1.2483564186654659	1.9451573286224029	1.8372938276794006
1.2499285300239866	1.9482229614670596	1.8421155592020795
1.2515006413825072	1.9512923445062191	1.8469457262607796
1.253072752741028	1.9543676419224594	1.851783968929365
1.254644864099549	1.9574446956984402	1.856631075521344
1.2562169754580694	1.9605255122169045	1.8614866918303834
1.2577890868165902	1.963610165660678	1.8663508421796755
1.259361198175111	1.9666986757126688	1.8712235533953785
1.2609333095336317	1.9697910623558683	1.8761048526558188
1.2625054208921525	1.9728873454733507	1.8809951791919304
1.2640775322506732	1.975987488148272	1.8858933156415671
1.265649643609194	1.979091630863873	1.8908005250098165
1.2672217549677145	1.9821997249034764	1.8957164233083448
1.2687938663262355	1.9853117970504879	1.9006410391289839
1.2703659776847562	1.988427868088396	1.9055743984110782
1.2719380890432768	1.991547958800773	1.9105165279727678
1.2735102004017975	1.994672090271274	1.9154674556432172
1.2750823117603183	1.9978002836836373	1.9204272077161704
1.276654423118839	2.0009325603216843	1.9253958139037377
1.2782265344773598	2.00406894176932	1.9303733010253288
1.2797986458358805	2.0072094497105324	1.9353596977262522
1.281370757194401	2.0103541057293928	1.9403550320998415
1.282942868552922	2.013502932010056	1.9453593323922047
1.2845149799114428	2.0166559505367605	1.9503726313648124
1.2860870912699636	2.0198131834938278	1.955394952996731
1.287659202628484	2.022974653565663	1.9604263285906103
1.289231313987005	2.026140383036755	1.9654667875644307
1.2908034253455258	2.029310394891676	1.9705182071864964
1.2923755367040464	2.0324858522150815	1.9755769971972146
1.2939476480625671	2.0356645439917114	1.9806429713541696
1.2955197594210879	2.0388463543063895	1.9857200684564524
1.2970918707796086	2.0420337261440222	1.9908064027475558
1.2986639821381294	2.0452254965895995	1.995902004688648
1.3002360934966501	2.0484216894281975	2.0010069056443642
1.3018082048551707	2.051622328444973	2.0061211372210437
1.3033803162136917	2.05482743782517	2.011244732588394
1.3049524275722124	2.0580370419541123	2.0163777232558924
1.3065245389307332	2.0612511652172123	2.0215201422226765
1.3080966502892537	2.064469832199963	2.026672021611039
1.3096687616477745	2.0676930678879426	2.0318333956335155
1.3112408730062954	2.0709208971668134	2.0370043000960143
1.312812984364816	2.0741533453223213	2.0421847627330054
1.3143850957233367	2.077390437740297	2.0473748216887224
1.3159572070818575	2.0806321999066553	2.0525745108174434
1.3175293184403782	2.0838786578073947	2.0577838935000488
1.319101429798899	2.0871298371285976	2.0630029463437647
1.3206735411574198	2.0903857642564323	2.068231734781822
1.3222456525159403	2.09364646547715	2.073470293847425
1.3238177638744613	2.096911967377086	2.078718658314122
1.325389875232982	2.100182296642661	2.083976865929826
1.3269619865915028	2.1034574803603796	2.0892449525398242
1.3285340979500233	2.106737545516831	2.0945229543164494
1.330106209308544	2.1100225196986884	2.0998109097868265
1.331678320667065	2.1133124302927104	2.105108855504534
1.3332504320255856	2.1166073051857395	2.1104168289202523
1.3348225433841063	2.119907194964702	2.115734869377744
1.336394654742627	2.1232120831166115	2.1210630147008565
1.3379667661011478	2.1265220202285624	2.126401302735701
1.3395388774596686	2.129837034887737	2.131749776859263
1.3411109888181894	2.133157156181401	2.137108470879315
1.3426831001767099	2.136482412996904	2.142477425948019
1.3442552115352306	2.1398128348216816	2.1478566842917144
1.3458273228937516	2.1431484511432553	2.1532462844611127
1.3473994342522724	2.1464892917492278	2.158646269008459
1.348971545610793	2.1498353866272897	2.1640566786115927
1.3505436569693137	2.1531867660652164	2.16947755394428
1.3521157683278346	2.1565434606508664	2.174908938463065
1.3536878796863552	2.1599055009721844	2.1803508738988966
1.355259991044876	2.1632729181172	2.1858034024524917
1.3568321024033967	2.1666457166740276	2.191266568094764
1.3584042137619174	2.170023980730867	2.196740413232643
1.3599763251204382	2.173407715976002	2.202224983170933
1.361548436478959	2.176796982297803	2.2077203214493735
1.3631205478374795	2.180191756484724	2.213226472009327
1.3646926591960002	2.1835920985253057	2.2187434810781848
1.3662647705545212	2.186998041008172	2.2242713930914895
1.367836881913042	2.1904096171220346	2.2298102551724197
1.3694089932715625	2.193826860055688	2.235360112129409
1.3709811046300833	2.197249803298014	2.2409210143754117
1.3725532159886042	2.2006784807379773	2.2464930056125567
1.3741253273471248	2.2041129280646303	2.2520761365064415
1.3756974387056455	2.2075531762671092	2.2576703935066975
1.3772695500641663	2.210999261534637	2.26327595484381
1.3788416614226868	2.2144512091565205	2.2688927809556056
1.3804137727812078	2.217909073522152	2.274520937409388
1.3819858841397286	2.2213728806210113	2.2801604754872336
1.383557995498249	2.2248426661426617	2.285811444139988
1.3851301068567698	2.228318466176752	2.291473895036127
1.3867022182152908	2.2318003170130174	2.297147877804613
1.3882743295738116	2.2352882553412785	2.302833442232001
1.3898464409323321	2.2387823180514417	2.3085306451206486
1.3914185522908529	2.242282542433498	2.3142470850856354
1.3929906636493739	2.2457889659775248	2.3199601701584243
1.3945627750078944	2.249306578173685	2.325692598500378
1.3961348863664151	2.2528205622122277	2.3314368748090315
1.397706997724936	2.256345811583486	2.337193054814465
1.3992791090834564	2.259877413377881	2.342961191662772
1.4008512204419774	2.263415406785919	2.3487413426227044
1.4024233318004982	2.26695983119819	2.354533561783147
1.4039954431590187	2.2705107263053717	2.360337906769338
1.4055675545175395	2.274068132298228	2.3661544333219893
1.4071396658760604	2.2776320894676076	2.371983202065518
1.4087117772345812	2.2812026386044453	2.3778242652635124
1.4102838885931017	2.284779820899762	2.3836776845802916
1.4118559999516225	2.2883636777446643	2.3895435178885616
1.4134281113101432	2.291954250830345	2.3954218248638206
1.415000222668664	2.295551582248082	2.4013126666392055
1.4165723340271847	2.2991557146892405	2.407216102042358
1.4181444453857055	2.3027666907452704	2.4131346252549863
1.419716556744226	2.3063860963077096	2.419063474671716
1.421288668102747	2.3100109058681793	2.4250050822971354
1.4228607794612678	2.3136426767183886	2.430959525743303
1.4244328908197883	2.3172815216501323	2.4369269042541144
1.426005002178309	2.3209273738552914	2.442907252970903
1.42757711353683	2.3245803594258327	2.4489006352951135
1.4291492248953506	2.3282404990538095	2.454907117315678
1.4307213362538713	2.3319078584313604	2.460926802754767
1.432293447612392	2.3355824287507123	2.4669596866933046
1.4338655589709128	2.3392642411041757	2.473002969915165
1.4354376703294336	2.342951692784148	2.4790624581635803
1.4370097816879543	2.346648264983115	2.48513537853827
1.438581893046475	2.3503522706936457	2.491221798492864
1.4401540044049956	2.3540637582083974	2.497321787292707
1.4417261157635166	2.357782775720113	2.5034354156464786
1.4432982271220374	2.3615093721216214	2.5095627523640185
1.444870338480558	2.365243596705838	2.5157038686374507
1.4464424498390787	2.368985498965766	2.5218588369936104
1.4480145611975994	2.3727351289944925	2.528027727930093
1.4495866725561202	2.376492537085192	2.5342106157085897
1.451158783914641	2.380257774031127	2.5404075717467203
1.4527308952731617	2.3840308911256436	2.5466186708761906
1.4543030066316824	2.3878119399621767	2.5528439881888536
1.4558751179902032	2.391600972434246	2.5590833343239816
1.457447229348724	2.3953980410354587	2.5653373120032317
1.4590193407072447	2.3992030233595085	2.5716057350896806
1.4605914520657652	2.403016323100174	2.5778886787862145
1.4621635634242862	2.406837818551323	2.5841862214259215
1.463735674782807	2.4106675636069075	2.5904984408106566
1.4653077861413275	2.4145060380609675	2.5968260846834124
1.4668798974998483	2.418352449007628	2.6031678999998578
1.468452008858369	2.4222072740411025	2.609524630386505
1.4700241202168898	2.42607056865569	2.6158963567056563
1.4715962315754105	2.429942388845776	2.6222831590192124
1.4731683429339313	2.4338227909058325	2.6286851190317098
1.474740454292452	2.437711804230419	2.6351022738916314
1.4763125656509728	2.441609540214181	2.6415347968417127
1.4778846770094936	2.445516029251851	2.6479827558149607
1.4794567883680143	2.449431347638247	2.6544461758741105
1.4810288997265348	2.4533555178682764	2.6609251708187474
1.4826010110850556	2.45728861573693	2.6674198238878053
1.4841731224435766	2.461230700139287	2.6739302210882925
1.485745233802097	2.4651818300705135	2.680456448137361
1.4873173451606179	2.4691420651258618	2.6869985920598545
1.4888894565191386	2.4731114650006716	2.693556732168994
1.4904615678776594	2.477090088890368	2.7001309715492012
1.4920336792361801	2.4810779988904645	2.706721383810528
1.4936057905947009	2.48507525479656	2.7133280602959977
1.4951779019532216	2.489081917304341	2.7199510905622812
1.4967500133117424	2.493098047509581	2.726590560826987
1.4983221246702632	2.4971237578081396	2.733250953369034
1.499894236028784	2.501159007495963	2.7399192602835907
1.5014663473873044	2.5052039091690856	2.7466085858443563
1.5030384587458252	2.5092585244236276	2.7533147080450027
1.5046105701043462	2.5133229152557957	2.7600377149810402
1.5061826814628667	2.517397143561885	2.766777696767833
1.5077547928213875	2.521481271238275	2.7735347421520684
1.5093269041799082	2.525575360281435	2.780308940594055
1.510899015538429	2.5296841406879187	2.7871079441202626
1.5124711268969497	2.533793670454368	2.7939091533215215
1.5140432382554705	2.537917649077512	2.800734753399756
1.5156153496139912	2.5420525690541655	2.8075790432798957
1.5171874609725118	2.5461970219812313	2.814439738674503
1.5187595723310328	2.550352509455698	2.8213192502419933
1.5203316836895535	2.5545180577746422	2.82821599869323
1.521903795048074	2.5586940598352266	2.8351305983968316
1.5234759064065948	2.5628805729347026	2.8420631456443686
1.5250480177651158	2.567077663270406	2.849013719969603
1.5266201291236363	2.571285387339761	2.8559824062247983
1.528192240482157	2.5755038043402787	2.862969286949223
1.5297643518406778	2.5797329726695573	2.869974444641513
1.5313364631991986	2.5839729503252817	2.876997959961915
1.5329085745577193	2.588223794605223	2.8840399135987362
1.53448068591624	2.5924855619072416	2.8911003825815667
1.5360527972747609	2.5967583080292815	2.8981794441850512
1.5376249086332814	2.6010442374693774	2.9052807009708306
1.5391970199918024	2.6053369549256478	2.9123936458677457
1.5407691313503231	2.609642962496301	2.919528931636593
1.5423412427088437	2.6139602233796295	2.9266832044994207
1.5439133540673644	2.618288605374015	2.9338562233946472
1.5454854654258854	2.6226283408779256	2.9410483636978073
1.547057576784406	2.6269794173899164	2.948259585898984
1.5486296881429267	2.6313418818086287	2.955489951841574
1.5502017995014474	2.6357157799327915	2.962739520426233
1.551773910859968	2.640101155861222	2.970008349433597
1.553346022218489	2.644498052392823	2.9772964911617943
1.5549181335770097	2.648906510726584	2.984603997856939
1.5564902449355302	2.6533265705615823	2.991930918249775
1.558062356294051	2.657758269796983	2.9992772978598516
1.559634467652572	2.6622016449320367	3.00664317985509
1.5612065790110927	2.666656730466082	3.014028604304877
1.5627786903696133	2.6711235591985445	3.0214336076300192
1.564350801728134	2.675602162328936	3.0288582237022523
1.565922913086655	2.6800925690568573	3.0363024834446235
1.5674950244451755	2.684594806681994	3.0437664137304807
1.5690671358036963	2.6891088619041197	3.051249977693223
1.570639247162217	2.6936345704230957	3.058752876890007