0.001			0.001443560031968046	1.1831674971560676e-6
0.002569795325793896	0.0037096547612809104	7.813320489306085e-6
0.004139590651587791	0.005975751967181326	0.00002027464562584178
0.005709385977381688	0.008241853162819822	0.000038567117179216666
0.007279181303175583	0.010507959860949347	0.00006269072714057603
0.008848976628969479	0.012774073574226172	0.00009264546353031909
0.010418771954763376	0.015040195816910821	0.00012843131169695284
0.01198856728055727	0.017306328101568978	0.0001700482568796277
0.013558362606351165	0.01957247194117241	0.0002174962793001499
0.015128157932145062	0.021838628848699866	0.0002707753578791575
0.016697953257938956	0.024104800338138024	0.00032988546630003534
0.018267748583732854	0.026370987923482362	0.00039482657831769455
0.01983754390952675	0.028637193118738125	0.00046559866364825675
0.021407339235320646	0.0309034174369212	0.000542201689557535
0.022977134561114543	0.033169662393059046	0.0006246356219316968
0.024546929886908438	0.03543592950019162	0.0007129004216208208
0.026116725212702332	0.03770222027437229	0.0008069960479827282
0.02768652053849623	0.039968536229668714	0.000906922459216138
0.029256315864290124	0.04223487888116381	0.0010126796070472463
0.030826111190084018	0.04450124974395665	0.0011242674445905588
0.03239590651587791	0.04676765033416338	0.0012416862109150529
0.03396570184167181	0.04903408216691809	0.0013649352985071128
0.03553549716746571	0.051300546758373804	0.0014940149139468061
0.037105292493259605	0.053567045625703365	0.0016289249988826096
0.0386750878190535	0.055833580284100334	0.0017696654910232031
0.04024488314484739	0.058100152252779896	0.0019162363250576644
0.04181467847064129	0.06036676304697986	0.0020686374337492274
0.04338447379643518	0.06263341418696144	0.002226868747845072
0.044954269122229086	0.06490010718901032	0.0023909301948972727
0.04652406444802298	0.06716684357143742	0.002560821698508198
0.048093859773816874	0.06943362485457993	0.0027365431821369406
0.049663655099610765	0.07170045255780216	0.0029180945653444136
0.05123345042540466	0.07396732820049652	0.0031054757629908553
0.05280324575119856	0.07623425330308434	0.003298686691846266
0.05437304107699246	0.07850122938701685	0.0034977272616583694
0.055942836402786356	0.08076825797177614	0.0037025973820685922
0.057512631728580246	0.08303534058087592	0.003913296958739291
0.059082427054374144	0.08530247873586262	0.004129825897454717
0.060652222380168035	0.08756967396031619	0.004352184096212352
0.06222201770596193	0.08983692777685105	0.004580371457312747
0.06379181303175582	0.09210424170911702	0.004814387873659439
0.06536160835754973	0.09437161728280019	0.005054233239939062
0.06693140368334362	0.09663905602162388	0.005299907446644415
0.06850119900913752	0.09890655945234955	0.0055514103820796055
0.07007099433493141	0.10117412910077768	0.005808741931996366
0.07164078966072532	0.10344176649474876	0.006071901979411488
0.07321058498651921	0.10570947316014412	0.006340890404154952
0.0747803803123131	0.10797725062688686	0.006615707084190161
0.076350175638107	0.11024510042194285	0.00689635189577883
0.0779199709639009	0.11251302407832157	0.0071828247116309816
0.07948976628969479	0.11478102312107702	0.007475125400734784
0.08105956161548868	0.11704909908730865	0.007773253832529741
0.08262935694128258	0.11931725350416231	0.0080772098717012
0.08419915226707647	0.12158548790883114	0.00838699337956075
0.08576894759287036	0.12385380382855649	0.008702604218272406
0.08733874291866427	0.12612220280062877	0.009024042243122463
0.08890853824445817	0.12839068636238848	0.009351307312679
0.09047833357025206	0.13065925605122708	0.009684399275810515
0.09204812889604595	0.13292791339458787	0.010023317985356543
0.09361792422183986	0.13519665992996696	0.010368063287883218
0.09518771954763375	0.13746549720491408	0.010718635029086527
0.09675751487342764	0.13973442675703374	0.011075033051407803
0.09832731019922153	0.14200345011398577	0.011437257195415223
0.09989710552501543	0.14427256883348663	0.011805307298597073
0.10146690085080932	0.14654178444331004	0.012179183195278939
0.10303669617660322	0.148811098491288	0.012558884720715216
0.10460649150239712	0.15108051253531174	0.012944411704119198
0.10617628682819102	0.15335002809333265	0.013335763973446877
0.10774608215398492	0.155619646723363	0.01373294135434697
0.1093158774797788	0.1578893699834771	0.014135943669775167
0.11088567280557271	0.1601591994018121	0.014544770742371082
0.1124554681313666	0.16242913653656896	0.01495942238870217
0.11402526345716049	0.16469918294601324	0.015379898426264128
0.1155950587829544	0.1669693401584762	0.015806198668459837
0.11716485410874829	0.16923960974235552	0.016238322926257688
0.11873464943454218	0.1715099932561164	0.01667627100694013
0.12030444476033607	0.17378049222829237	0.017120042721728897
0.12187424008612997	0.17605110823748618	0.0175696378714542
0.12344403541192386	0.1783218428323708	0.018025056259048437
0.12501383073771777	0.18059269757169033	0.01848629768444708
0.12658362606351165	0.18286367400426085	0.01895336194399186
0.12815342138930555	0.18513477370897133	0.01942624883472269
0.12972321671509945	0.18740599822478463	0.01990495814813119
0.13129301204089333	0.1896773491307384	0.02038948967559751
0.13286280736668724	0.1919488279759459	0.020879843204867708
0.13443260269248114	0.194220436339597	0.021376018523047907
0.13600239801827504	0.19649217577095918	0.02187801541239525
0.13757219334406895	0.19876404785937815	0.02238583365544437
0.13914198866986283	0.20103605414427908	0.02289947303231791
0.14071178399565673	0.2033081962151674	0.023418933316953428
0.14228157932145064	0.20558047564162973	0.023944214288819685
0.1438513746472445	0.20785289399333468	0.024475315718824484
0.14542116997303842	0.2101254528400339	0.025012237376846793
0.14699096529883232	0.212398153761563	0.025554979031141293
0.1485607606246262	0.21467099832784242	0.02610354045069423
0.1501305559504201	0.2169439881188783	0.026657921397136786
0.151700351276214	0.21921712472476348	0.027218121633752018
0.15327014660200788	0.22149040970567835	0.027784140919070714
0.1548399419278018	0.2237638446618918	0.02835597901340771
0.15640973725359567	0.2260374311637622	0.028933635669179537
0.15797953257938957	0.22831117080173818	0.029517110643496568
0.15954932790518347	0.23058506516635957	0.03010640368614106
0.16111912323097735	0.23285911583825844	0.030701514546941745
0.16268891855677126	0.23513332440815993	0.031302442973883966
0.16425871388256516	0.2374076924668831	0.03190918871261138
0.16582850920835904	0.23968222160534197	0.03252175150517622
0.16739830453415294	0.2419569134245464	0.03314013109540868
0.16896809985994685	0.2442317695156029	0.03376432722100818
0.17053789518574072	0.24650679147971571	0.03439433962027539
0.17210769051153466	0.24878198090818762	0.035030168028923975
0.17367748583732853	0.25105733940242086	0.03567181218007877
0.17524728116312244	0.2533328685639181	0.03631927180771543
0.17681707648891634	0.25560857000428333	0.036972546637679585
0.17838687181471022	0.2578844453152227	0.03763163640020485
0.17995666714050412	0.2601604961185456	0.03829654082264837
0.18152646246629803	0.2624367240161654	0.03896725962931495
0.1830962577920919	0.26471313062010043	0.0396437925377499
0.1846660531178858	0.2669897175324751	0.040326139273946904
0.1862358484436797	0.2692664863855203	0.04101429955422109
0.1878056437694736	0.27154343878157494	0.04170827309572637
0.1893754390952675	0.2738205763430864	0.04240805961330694
0.1909452344210614	0.27609790069261164	0.0431136588202804
0.19251502974685528	0.27837541344281813	0.043825070428666305
0.19408482507264918	0.28065311621648475	0.0445422941483589
0.19565462039844306	0.2829310106565025	0.04526532968792732
0.19722441572423696	0.2852090983658758	0.04599417675242832
0.19879421105003087	0.2874873809777231	0.04672883504595559
0.20036400637582474	0.28976586014527783	0.04746930427389013
0.20193380170161865	0.2920445374718896	0.04821558413658769
0.20350359702741255	0.29432341460102457	0.048967674332093536
0.20507339235320643	0.29660249318626697	0.04972557456148774
0.20664318767900033	0.2988817748413196	0.05048928451914963
0.20821298300479424	0.3011612612200049	0.05125880389992396
0.20978277833058814	0.30344095395626597	0.052034132397818796
0.21135257365638205	0.30572085471416705	0.05281526970417061
0.21292236898217592	0.308000965117895	0.05360221550880209
0.21449216430796983	0.3102812868217599	0.054394969501552114
0.21606195963376373	0.31256182148019607	0.05519353137107058
0.2176317549595576	0.3148425707477628	0.05599790079870068
0.21920155028535152	0.3171235362691456	0.05680807747141883
0.22077134561114542	0.31940471971915674	0.057624061069506294
0.2223411409369393	0.32168612273273633	0.05844585127708903
0.2239109362627332	0.32396774699495345	0.059273447773913815
0.2254807315885271	0.3262495941510068	0.06010685023643968
0.22705052691432098	0.3285316658862255	0.060946058343386206
0.2286203222401149	0.33081396384607037	0.06179107177131579
0.2301901175659088	0.3330964897161346	0.0626418901918357
0.23175991289170267	0.3353792451521447	0.06349851328072391
0.23332970821749657	0.3376622318499615	0.06436094070913813
0.23489950354329045	0.339945451485581	0.06522917214522907
0.23646929886908435	0.3422289057151351	0.06610320726168904
0.23803909419487826	0.34451259624489305	0.06698304572579296
0.23960888952067214	0.34679652474126177	0.0678686872033108
0.24117868484646604	0.349080692900787	0.06876013136096618
0.24274848017225995	0.3513651024101544	0.06965737786071971
0.24431827549805382	0.3536497549561901	0.07056042636955928
0.24588807082384773	0.3559346522458619	0.07146927654675944
0.24745786614964166	0.3582197959562802	0.07238392805426762
0.24902766147543554	0.36050518779469853	0.07330438055230773
0.2505974568012294	0.362790829468515	0.07423063369977491
0.2521672521270233	0.36507672266527286	0.07516268715525237
0.2537370474528172	0.36736286911266147	0.07610054057249854
0.2553068427786111	0.36964927049851726	0.07704419361160796
0.256876638104405	0.3719359285408248	0.07799364592509947
0.2584464334301989	0.3742228449577173	0.07894889716661237
0.2600162287559928	0.37651002145747786	0.07990994698875578
0.26158602408178666	0.3787974597685405	0.08087679504548946
0.2631558194075806	0.3810851616094906	0.08184944098444927
0.26472561473337447	0.38337312869906626	0.08282788446030537
0.2662954100591684	0.38566136276615887	0.08381212511958246
0.2678652053849623	0.38794986553981436	0.08480216261148009
0.26943500071075616	0.390238638759234	0.08579799658448276
0.2710047960365501	0.3925276841437751	0.08679962668425349
0.27257459136234397	0.3948170034529522	0.08780705255932392
0.2741443866881379	0.39710659840643775	0.08882027385173956
0.2757141820139318	0.39939647075406326	0.08983929020868045
0.27728397733972565	0.4016866222458202	0.09086410127460909
0.27885377266551953	0.4039770546318605	0.0918947066910986
0.28042356799131346	0.40626776965249806	0.09293110610233526
0.28199336331710734	0.40855876906820937	0.09397329914994476
0.28356315864290127	0.41085005463963425	0.09502128547590898
0.2851329539686951	0.4131416281275771	0.09607506472286952
0.286702749294489	0.4154334912930076	0.09713463652816076
0.2882725446202829	0.41772564589706174	0.09820000053335658
0.28984233994607683	0.42001809372104276	0.09927115637830196
0.2914121352718707	0.42231083651642165	0.1003481037032511
0.29298193059766464	0.42460387607483885	0.10143084214467663
0.29455172592345846	0.42689721417810433	0.1025193713414538
0.2961215212492524	0.42919085258819917	0.10361369093413418
0.29769131657504627	0.431484793107276	0.10471380055675726
0.2992611119008402	0.43377903750766017	0.10581969984736829
0.3008309072266341	0.43607358759185066	0.10693138844306645
0.302400702552428	0.43836844515252077	0.10804886597927887
0.3039704978782219	0.4406636119825193	0.10917213210120713
0.30554029320401577	0.4429590898748714	0.11030118643163933
0.3071100885298097	0.44525488064277935	0.11143602860973548
0.3086798838556036	0.44755098608962357	0.11257665827881591
0.3102496791813975	0.4498474080189636	0.11372307507111831
0.31181947450719133	0.4521441482545388	0.11487527862796372
0.31338926983298526	0.4544412086002695	0.11603326857226029
0.31495906515877914	0.4567385908802578	0.11719704453483352
0.31652886048457307	0.45903629691878856	0.11836660617652747
0.31809865581036695	0.4613343285403301	0.11954195311898767
0.3196684511361609	0.4636326875795352	0.12072308498513733
0.3212382464619547	0.4659313758512424	0.121910001432223
0.32280804178774863	0.4682303952204763	0.12310270208384852
0.3243778371135425	0.4705297474924489	0.12430118658042777
0.32594763243933644	0.4728294345325603	0.125505454561476
0.3275174277651303	0.47512945818639973	0.12671550564936201
0.3290872230909242	0.47742982029974623	0.1279313394932452
0.3306570184167181	0.47973052271857003	0.12915295572248284
0.332226813742512	0.48203156730903307	0.13038035397821848
0.3337966090683059	0.4843329559274899	0.1316135338943702
0.3353664043940998	0.48663469043048885	0.13285249511429195
0.3369361997198937	0.48893677270477276	0.1340972372728444
0.33850599504568757	0.49123920460727993	0.13534776000915974
0.34007579037148145	0.49354198801514515	0.1366040629614163
0.3416455856972754	0.4958451248057002	0.13786614576336895
0.3432153810230693	0.4981486168564754	0.13913400806197998
0.3447851763488632	0.5004524660651999	0.1404076494966602
0.34635497167465706	0.5027566743198031	0.1416870697090921
0.34792476700045094	0.5050612435084153	0.14297226834231755
0.3494945623262449	0.5073661755193685	0.14426324503874335
0.35106435765203875	0.5096714722711976	0.14555999942399508
0.3526341529778327	0.511977135652641	0.14686253116756443
0.35420394830362656	0.5142831675926419	0.14817083989727492
0.35577374362942044	0.5165895699803489	0.14948492526642707
0.3573435389552143	0.5188963447451168	0.15080478691386923
0.35891333428100824	0.5212034938065082	0.15213042448760178
0.3604831296068021	0.5235110190842933	0.15346183764137386
0.36205292493259605	0.525818922508452	0.1547990260156813
0.3636227202583899	0.5281272060091737	0.15614198926658676
0.3651925155841838	0.5304358715268594	0.15749072703952385
0.3667623109099777	0.5327449210021213	0.1588452389830421
0.3683321062357716	0.5350543563757849	0.16020552475855124
0.3699019015615655	0.537364179588889	0.16157158401710286
0.3714716968873594	0.5396743926126873	0.1629434164103733
0.37304149221315325	0.5419849973886488	0.16432102159668063
0.3746112875389472	0.5442959958784589	0.1657043992314353
0.37618108286474106	0.5466073900540205	0.1670935489744325
0.377750878190535	0.5489191818774546	0.16848847048602777
0.3793206735163289	0.5512313733311014	0.16988916342211455
0.3808904688421228	0.553543966387521	0.17129562744095864
0.3824602641679167	0.5558569630194947	0.17270786222475712
0.38403005949371055	0.5581703652300257	0.1741258674204029
0.3855998548195045	0.5604841749923396	0.17554964269675313
0.38716965014529836	0.562798394319886	0.17697918772585983
0.3887394454710923	0.565113025196339	0.1784145021752245
0.3903092407968861	0.5674280696255982	0.1798555857159319
0.39187903612268005	0.5697435296317898	0.18130243802967216
0.3934488314484739	0.572059407209267	0.18275505877386683
0.39501862677426786	0.5743757043826114	0.18421344763400332
0.39658842210006173	0.576692423176634	0.18567760428685817
0.39815821742585567	0.5790095656163754	0.18714752841553817
0.3997280127516495	0.5813271337271071	0.1886232196932183
0.4012978080774434	0.5836451295543331	0.19010467780001922
0.4028676034032373	0.5859635551237896	0.1915919024376762
0.40443739872903123	0.5882824124914467	0.1930848932831118
0.4060071940548251	0.5906017037035091	0.19458365001604666
0.407576989380619	0.5929214308064168	0.19608817233750367
0.40914678470641286	0.5952415958668464	0.19759845993759062
0.4107165800322068	0.5975622009517118	0.19911451251643975
0.41228637535800067	0.5998832481181651	0.20063632976843265
0.4138561706837946	0.6022047394535974	0.20216391138037226
0.4154259660095885	0.60452667702564	0.20369725707591285
0.41699576133538235	0.606849062912165	0.20523636654101465
0.4185655566611763	0.6091718992112864	0.20678123949139185
0.42013535198697016	0.6114951880213612	0.20833187562703043
0.4217051473127641	0.6138189314209894	0.20988827465917548
0.42327494263855797	0.6161431315190163	0.2114504363197354
0.42484473796435185	0.6184677904345324	0.21301836029559731
0.4264145332901457	0.6207929102668742	0.21459204632305473
0.42798432861593966	0.623118493135626	0.21617149412328146
0.42955412394173353	0.6254445411706201	0.21775670340698777
0.43112391926752747	0.6277710564919378	0.2193476739173609
0.43269371459332134	0.6300980412399105	0.220944405370873
0.4342635099191152	0.6324254975551207	0.22254689749855316
0.4358333052449091	0.6347534275684024	0.22415515003667025
0.43740310057070303	0.637081833430842	0.22576916273209208
0.4389728958964969	0.6394107173037803	0.22738893530544083
0.44054269122229084	0.6417400813388123	0.2290144675181522
0.4421124865480847	0.6440699277077881	0.23064575910534393
0.4436822818738786	0.6464002585728148	0.2322828098118517
0.44525207719967247	0.6487310761162559	0.2339256194100309
0.4468218725254664	0.6510623825207337	0.2355741876267459
0.4483916678512603	0.6533941799591293	0.23722851425006586
0.4499614631770542	0.6557264706345837	0.23888859901928217
0.45153125850284803	0.6580592567504988	0.24055444169955673
0.45310105382864196	0.6603925404905383	0.24222604207492088
0.4546708491544359	0.6627263240686285	0.24390339990254323
0.4562406444802298	0.6650606097089594	0.24558651496384576
0.4578104398060237	0.6673953996259852	0.24727538702838997
0.4593802351318176	0.6697306960444257	0.24897001589597184
0.46095003045761146	0.6720665011892668	0.25067040133614754
0.46251982578340534	0.6744028911157617	0.2523765431345725
0.46408962110919927	0.6767397221194315	0.2540884410981192
0.46565941643499315	0.6790770686060664	0.25580609501626406
0.4672292117607871	0.6814149328217267	0.2575295046882301
0.4687990070865809	0.683753317032743	0.2592586699207629
0.47036880241237483	0.6860922234857177	0.2609935905181551
0.4719385977381687	0.6884316544775264	0.26273426629827457
0.47350839306396264	0.6907716122753171	0.2644807675453775
0.4750781883897565	0.6931120991665131	0.2662329544799263
0.47664798371555045	0.6954531174288124	0.26799089607987336
0.47821777904134427	0.6977946693701897	0.2697545921631749
0.4797875743671382	0.7001367572888963	0.2715240425615091
0.4813573696929321	0.7024793835034617	0.2732992471056573
0.482927165018726	0.7048225503026945	0.2750802056548077
0.4844969603445199	0.7071662600256825	0.27686691803595
0.48606675567031377	0.7095105150017946	0.2786593841109884
0.48763655099610764	0.7118553175506814	0.2804576037197902
0.4892063463219016	0.7142006700222757	0.28226157673544566
0.49077614164769545	0.7165465747567937	0.28407130301929046
0.4923459369734894	0.718893034104736	0.28588678242724347
0.4939157322992833	0.7212400504368883	0.2877080148507707
0.49548552762507714	0.7235876260943225	0.28953500014862554
0.49705532295087107	0.7259357634783972	0.2913677382163833
0.49862511827666495	0.7282844649407589	0.2932062289293005
0.5001949136024588	0.7306337328733433	0.2950504721882547
0.5017647089282528	0.7329835696783754	0.29690046788258967
0.5033345042540466	0.7353339777383707	0.29875621593100365
0.5049042995798405	0.7376849594561364	0.30061771621474204
0.5064740949056344	0.7400365172647719	0.30248496867011526
0.5080438902314284	0.7423886535576699	0.30435797319403346
0.5096136855572222	0.7447413707685171	0.30623672972577
0.5111834808830161	0.7470946713312956	0.30812123818008563
0.51275327620881	0.749448557680283	0.31001149850052867
0.514323071534604	0.7518030322600542	0.311907510627513
0.5158928668603978	0.7541580975154814	0.3138092744899489
0.5174626621861916	0.7565137559217354	0.315716790052745
0.5190324575119856	0.7588700099342871	0.31763005727295057
0.5206022528377795	0.7612268620289073	0.31954907609960026
0.5221720481635733	0.7635843146816682	0.3214738465031147
0.5237418434893673	0.7659423703789443	0.32340436846173926
0.5253116388151612	0.7683010316174131	0.32534064195041207
0.5268814341409551	0.7706603008940562	0.3272826669608545
0.5284512294667489	0.7730201807261599	0.32923044347586833
0.5300210247925429	0.7753806736313165	0.3311839714929412
0.5315908201183368	0.7777417821174246	0.3331432510184765
0.5331606154441307	0.7801035087226911	0.335108282057901
0.5347304107699246	0.7824658559856306	0.33707906463244053
0.5363002060957184	0.784828826455067	0.3390555987520426
0.5378700014215123	0.7871924226801352	0.3410378844661696
0.5394397967473062	0.7895566472202807	0.3430259217895466
0.5410095920731002	0.791921502635261	0.34501971077627575
0.542579387398894	0.7942869915151466	0.3470192514594443
0.5441491827246879	0.7966531164303218	0.34902454391676785
0.5457189780504819	0.7990198799814856	0.3510355881873174
0.5472887733762758	0.8013872847596527	0.35305238435578096
0.5488585687020696	0.803755333376154	0.35507493248742017
0.5504283640278635	0.8061240284426381	0.35710323267307575
0.5519981593536574	0.8084933725810713	0.3591372849915537
0.5535679546794513	0.8108633684137397	0.361177089541004
0.5551377500052451	0.8132340185932491	0.3632226464375358
0.556707545331039	0.8156053257525262	0.3652739557754432
0.558277340656833	0.8179772925448193	0.3673310176858742
0.5598471359826269	0.8203499216437		0.369393832286758
0.5614169313084207	0.822723215703063	0.3714623997091318
0.5629867266342147	0.8250971774071273	0.3735367201072058
0.5645565219600086	0.8274718094504379	0.37561679361458317
0.5661263172858025	0.8298471145178653	0.3777026203854416
0.5676961126115965	0.8322230953046078	0.37979420059856905
0.5692659079373902	0.8345997545361913	0.38189153442297236
0.5708357032631841	0.8369770949284706	0.38399462202524476
0.572405498588978	0.8393551192076304	0.3861034635994894
0.573975293914772	0.841733830110186	0.38821805933989156
0.5755450892405658	0.8441132303729844	0.39033840945583365
0.5771148845663597	0.8464933227532048	0.39246451415779077
0.5786846798921537	0.8488741100183599	0.39459637366412764
0.5802544752179476	0.8512555949362965	0.3967339881982918
0.5818242705437414	0.8536377802751967	0.3988773579963184
0.5833940658695353	0.8560206688435781	0.40102648331931
0.5849638611953293	0.8584042634202955	0.40318136440748553
0.5865336565211231	0.8607885668145415	0.4053420015396939
0.5881034518469169	0.8631735818458471	0.4075083949642391
0.5896732471727109	0.865559311344083	0.4096805449750855
0.5912430424985048	0.8679457581194601	0.41185845186718256
0.5928128378242987	0.8703329250325306	0.41404211592027823
0.5943826331500925	0.8727208149241888	0.41623153746587793
0.5959524284758865	0.8751094306556721	0.4184267168017808
0.5975222238016804	0.8774987750985619	0.4206277779259738
0.5990920191274743	0.879888851124784	0.42283447545303177
0.6006618144532682	0.8822796616266103	0.4250469317981192
0.6022316097790621	0.884671209496659	0.42726514732110005
0.603801405104856	0.8870634976478958	0.42948912239302744
0.6053712004306498	0.8894565289936347	0.43171885736413146
0.6069409957564438	0.8918503064475386	0.43395435244113795
0.6085107910822376	0.8942448329636208	0.43619560840772137
0.6100805864080315	0.8966401114662453	0.4384426254710098
0.6116503817338255	0.8990361449201282	0.44069540404287744
0.6132201770596194	0.9014329362903379	0.44295394454274084
0.6147899723854132	0.9038304885422966	0.4452182474107
0.6163597677112072	0.9062288046617806	0.44748831308791037
0.6179295630370011	0.9086278876449221	0.4497641420369374
0.619499358362795	0.9110277404882089	0.4520457347159043
0.6210691536885888	0.9134283662084861	0.45433309159810265
0.6226389490143827	0.9158297678229567	0.45662621317392954
0.6242087443401766	0.9182321406991825	0.45892509994517705
0.6257785396659705	0.920635105235085	0.46122974985315757
0.6273483349917643	0.923038854808946	0.46354016850296054
0.6289181303175583	0.9254433924894093	0.4658563539122228
0.6304879256433522	0.9278487213454802	0.4681783066068963
0.6320577209691461	0.930254844476528	0.4705060271404754
0.63362751629494	0.932661764962285	0.47283951684513253
0.6351973116207339	0.9350694859128496	0.4751787747719632
0.6367671069465278	0.937478010438685	0.4775238022714291
0.6383369022723218	0.9398873416806214	0.4798745999308557
0.6399066975981155	0.9422974827598566	0.4822311683683835
0.6414764929239094	0.9447084368279567	0.48459350821082803
0.6430462882497033	0.9471202068268569	0.48696162008039556
0.6446160835754973	0.9495327963588628	0.4893355046336886
0.6461858789012912	0.9519462083966507	0.49171516251945036
0.647755674227085	0.9543604461232689	0.4941005936793452
0.649325469552879	0.9567755127421383	0.4964918002543426
0.6508952648786729	0.9591914114670537	0.4988887822215258
0.6524650602044668	0.9616081455221837	0.5012915402692927
0.6540348555302606	0.9640257181320729	0.5037000751324359
0.6556046508560546	0.9664441325616416	0.5061143875458489
0.6571744461818484	0.9688633920561875	0.5085344782445982
0.6587442415076423	0.971283499891386	0.5109603479997884
0.6603140368334361	0.9737044593532911	0.5133919975731526
0.6618838321592301	0.9761262737183367	0.515829427754942
0.663453627485024	0.9785489463033373	0.5182726393456276
0.6650234228108179	0.9809724804154883	0.5207216331523314
0.6665932181366118	0.9833968793823679	0.5231764099996491
0.6681630134624057	0.9858221465519365	0.5256369707262271
0.6697328087881996	0.9882482852725394	0.5281033161868791
0.6713026041139936	0.9906752989029062	0.5305754472534381
0.6728723994397874	0.9931031908221521	0.5330533647999819
0.6744421947655812	0.9955319644397791	0.5355370697185493
0.6760119900913751	0.9979616231056765	0.5380265629200802
0.6775817854171691	1.0003921702501215	0.5405218453222053
0.6791515807429629	1.0028236093037808	0.5430229178752075
0.6807213760687568	1.0052559437077107	0.5455297013060961
0.6822911713945508	1.0076891768733587	0.5480423558131627
0.6838609667203447	1.0101233123025635	0.5505608040413525
0.6854307620461386	1.0125583482375569	0.5530850456038457
0.6870005573719324	1.0149942999609631	0.5556150821972317
0.6885703526977264	1.0174311644458018	0.5581509148539623
0.6901401480235203	1.0198689437254866	0.5606925446143413
0.6917099433493141	1.022307642743828	0.5632399725225516
0.693279738675108	1.0247472650450324	0.5657931996583222
0.6948495340009019	1.0271878141737045	0.5683522271093966
0.6964193293266958	1.0296292936948472	0.5709170559851986
0.6979891246524897	1.0320717071838625	0.5734876873852468
0.6995589199782836	1.0345150582365534	0.5760641224561661
0.7011287153040775	1.0369593504391228	0.5786463623535206
0.7026985106298714	1.0394045874181765	0.5812344082324697
0.7042683059556654	1.0418507728107225	0.5838282612882874
0.7058381012814592	1.0442979102341723	0.5864279227168456
0.7074078966072531	1.0467460033663423	0.5890333937184395
0.7089776919330469	1.049195055875454	0.5916446755474967
0.7105474872588409	1.0516450681901344	0.5942617694441054
0.7121172825846347	1.0540960504794183	0.5968846766824041
0.7136870779104286	1.0565480032327483	0.5995133985299785
0.7152568732362226	1.0590009301699752	0.6021479362972717
0.7168266685620165	1.061454835031359	0.6047882913053259
0.7183964638878104	1.0639097215775715	0.6074344648883855
0.7199662592136042	1.066365593579694	0.6100864583886759
0.7215360545393982	1.0688224547992207	0.6127442731905255
0.7231058498651921	1.0712803090480587	0.6154079106811436
0.724675645190986	1.0737391615685286	0.6180773721874234
0.7262454405167797	1.0761990133133656	0.6207526584342437
0.7278152358425737	1.0786598695757206	0.6234337724859824
0.7293850311683676	1.08112173423916	0.6261207149577225
0.7309548264941615	1.083584610987668	0.6288134873415172
0.7325246218199554	1.0860485040056465	0.6315122197027337
0.7340944171457493	1.088513416877916	0.6342166581910682
0.7356642124715432	1.090979353789717	0.6369269311631535
0.7372340077973372	1.0934463185267098	0.6396430401655717
0.738803803123131	1.0959143149749764	0.6423649867827242
0.7403735984489249	1.098383347221021	0.6450927726048281
0.7419433937747189	1.1008534192517705	0.6478263992408804
0.7435131891005128	1.1033243986545755	0.650565868342678
0.7450829844263065	1.1057965603172115	0.6533111815482188
0.7466527797521004	1.108269773627879	0.6560623405271159
0.7482225750778944	1.1107440427752056	0.6588193445879459
0.7497923704036883	1.1132193725482444	0.6615822002272659
0.7513621657294821	1.1156957654364785	0.6643509067851175
0.752931961055276	1.1181732262298183	0.667125466028692
0.75450175638107	1.1206517591186043	0.6699058797337127
0.7560715517068639	1.1231313681936073	0.6726921496989366
0.7576413470326578	1.1256120576460291	0.6754842777296528
0.7592111423584517	1.1280938314675046	0.6782822650316314
0.7607809376842456	1.1305766939500999	0.6810861147618177
0.7623507330100394	1.1330606491863164	0.6838958281442735
0.7639205283358333	1.1355457015690895	0.6867114070866216
0.7654903236616272	1.1380318550917898	0.6895328535313617
0.7670601189874211	1.140519114048224	0.6923601694067308
0.768629914313215	1.1430074827326364	0.6951933566946817
0.770199709639009	1.1454969654397085	0.6980324173908118
0.7717695049648028	1.147987566464561	0.7008773534977649
0.7733393002905967	1.1504792899027538	0.7037281670718614
0.7749090956163907	1.1529721402502873	0.7065848601556423
0.7764788909421846	1.1554661219036026	0.7094474384537931
0.7780486862679784	1.1579612390595835	0.7123158968786237
0.7796184815937722	1.1604574962155556	0.7151902411556454
0.7811882769195662	1.1629548967692893	0.7180704734258057
0.7827580722453601	1.165453446918998	0.7209565958644368
0.7843278675711539	1.167953338663342	0.7238486106933343
0.7858976628969478	1.170454201901426	0.7267465201167096
0.7874674582227418	1.1729562273328022	0.729650326406183
0.7890372535485357	1.1754594192574708	0.7325600318156891
0.7906070488743295	1.1779637823758802	0.7354756386580175
0.7921768442001235	1.1804693209889279	0.7383971492570587
0.7937466395259174	1.1829760396979618	0.7413245659546517
0.7953164348517113	1.185483943104781	0.7442578911432401
0.7968862301775052	1.1879930323116354	0.7471971271969429
0.798456025503299	1.1905033187212282	0.7501422765697449
0.8000258208290929	1.1930148036367159	0.7530933416821953
0.8015956161548868	1.1955274916617085	0.7560503250394296
0.8031654114806808	1.1980413874002722	0.7590132291347021
0.8047352068064746	1.2005564992569275	0.7619820564984582
0.8063050021322685	1.2030728245366524	0.7649568096888767
0.8078747974580625	1.2055903715448824	0.7679374912742974
0.8094445927838564	1.2081091451875106	0.7709241038830492
0.8110143881096502	1.2106291500708892	0.7739166501451116
0.8125841834354441	1.2131503910018304	0.7769151327265178
0.814153978761238	1.2156728726876072	0.7799195543124794
0.8157237740870319	1.2181966001359534	0.7829299176345914
0.8172935694128257	1.2207215779550655	0.7859462254283253
0.8188633647386196	1.2232478111536027	0.7889684804806223
0.8204331600644136	1.2257753045406885	0.7919966855824966
0.8220029553902075	1.2283040630259099	0.7950308435724613
0.8235727507160013	1.2308340915193203	0.7980709573135223
0.8251425460417953	1.2333653949314392	0.801117029693268
0.8267123413675892	1.2358979781732524	0.8041690636386598
0.8282821366933831	1.238431846256214	0.8072270620821385
0.829851932019177	1.2409670041922471	0.8102910280136185
0.8314217273449708	1.243503457093743	0.8133609644396393
0.8329915226707647	1.246041208973564	0.8164368743949807
0.8345613179965586	1.2485802666450434	0.8195187609501422
0.8361311133223526	1.2511206344219852	0.8226066271931338
0.8377009086481464	1.2536623173186676	0.8257004762693749
0.8392707039739403	1.256205320549841	0.828800311330859
0.8408404992997343	1.2587496492307295	0.8319061355639343
0.8424102946255282	1.261295308477033	0.8350179521902377
0.843980089951322	1.2638423035049275	0.8381357644794383
0.8455498852771159	1.2663906396310636	0.8412595757015063
0.8471196806029099	1.268940321972571	0.8443893891757605
0.8486894759287037	1.2714913558470562	0.8475252082567749
0.8502592712544975	1.2740437465726056	0.8506670363258995
0.8518290665802914	1.276597499367784	0.8538148767915159
0.8533988619060854	1.2791526197516374	0.8569687331118626
0.8549686572318793	1.2817091128436926	0.8601286087565704
0.8565384525576731	1.2842669841639587	0.863294507251281
0.8581082478834671	1.2868262390329273	0.8664664321399989
0.859678043209261	1.2893868829715731	0.8696443870072286
0.8612478385350549	1.2919489214013555	0.8728283754606182
0.8628176338608488	1.2945123598442192	0.876018401162132
0.8643874291866427	1.2970772037225937	0.8792144677829655
0.8659572245124365	1.2996434585593963	0.8824165790598666
0.8675270198382304	1.3022111299780308	0.8856247387380646
0.8690968151640243	1.3047802235023898	0.8888389505992238
0.8706666104898182	1.3073507447568542	0.8920592184910727
0.8722364058156121	1.3099226995662945	0.8952855462640285
0.8738062011414061	1.3124960932560725	0.8985179378095381
0.8753759964672		1.3150709315520404	0.9017563970783828
0.8769457917929938	1.3176472202805423	0.9050009280322513
0.8785155871187877	1.320224965068416	0.9082515346754376
0.8800853824445817	1.322804171842992	0.9115082210697939
0.8816551777703756	1.3253848461320947	0.9147709912803501
0.8832249730961694	1.3279669939640448	0.9180398494336978
0.8847947684219633	1.3305506211676579	0.9213147997040971
0.8863645637477572	1.3331357334722462	0.9245958462684511
0.8879343590735511	1.3357223380076195	0.9278829933648841
0.8895041543993449	1.3383104384040856	0.9311762452797374
0.8910739497251389	1.3409000416924508	0.934475606324936
0.8926437450509328	1.3434911538040215	0.9377810808497662
0.8942135403767267	1.3460837808706043	0.9410926732442139
0.8957833357025206	1.3486779288245063	0.9444103879404373
0.8973531310283145	1.3512736036985378	0.9477342294314834
0.8989229263541084	1.3538708117260103	0.9510642022099082
0.9004927216799024	1.3564695588407396	0.9544003108317063
0.9020625170056961	1.359069851277045	0.9577425599114614
0.90363231233149	1.3616716951697514	0.9610909540655844
0.9052021076572839	1.3642750967541883	0.9644454979893035
0.9067719029830779	1.3668800621661927	0.9678061963946931
0.9083416983088718	1.369486597742108	0.9711730540487382
0.9099114936346656	1.372094709818785	0.9745460757619296
0.9114812889604595	1.3747044046335848	0.9779252663756937
0.9130510842862535	1.377315688524376	0.9813106308022868
0.9146208796120474	1.3799285678295383	0.9847021739541499
0.9161906749378412	1.3825430490879624	0.9880999008166791
0.9177604702636352	1.3851591386390494	0.9915038164355079
0.919330265589429	1.3877768429227137	0.9949139258571293
0.9209000609152229	1.3903961684793833	0.9983302342079848
0.9224698562410167	1.3930171218499985	1.0017527466378113
0.9240396515668107	1.3956397095760147	1.005181468365365
0.9256094468926046	1.3982639382994035	1.0086164046413573
0.9271792422183985	1.4008898145626512	1.0120575607503428
0.9287490375441924	1.4035173450087615	1.0155049423829334
0.9303188328699863	1.4061465364812555	1.0189585542545747
0.9318886281957802	1.4087773955241722	1.0224184021508247
0.9334584235215742	1.4114099288820703	1.0258844915381102
0.935028218847368	1.4140441435000273	1.029356827965505
0.9365980141731618	1.4166800461236413	1.0328354170096201
0.9381678094989557	1.419317643499032	1.0363202642929317
0.9397376048247497	1.42195694257284	1.039811375516977
0.9413074001505435	1.4245979503922297	1.0433087563953782
0.9428771954763374	1.4272406737048877	1.0468124127096616
0.9444469908021313	1.4298851196590252	1.0503223502887173
0.9460167861279253	1.4325312955033778	1.053838575026497
0.9475865814537192	1.435179207587207	1.0573610928318882
0.949156376779513	1.4378288634603		1.0608899096650326
0.950726172105307	1.440480270272971	1.0644250316562391
0.9522959674311009	1.4431334349760623	1.0679664647472449
0.9538657627568947	1.4457883649209438	1.0715142152321007
0.9554355580826885	1.4484450673595148	1.0750682892051375
0.9570053534084825	1.4511035494442044	1.078628692963222
0.9585751487342764	1.453763818527972	1.0821954327035015
0.9601449440600703	1.4564258819643086	1.0857685148254588
0.9617147393858642	1.459089747107236	1.0893479458302704
0.9632845347116581	1.4617554214113102	1.092933732017884
0.964854330037452	1.464422912231619	1.0965258800923479
0.966424125363246	1.467092227223785	1.1001243963586727
0.9679939206890398	1.4697633737439657	1.1037292893239163
0.9695637160148337	1.4724363593488532	1.1073405623949961
0.9711335113406275	1.4751111917956767	1.110958223781526
0.9727033066664215	1.4777878786422016	1.1145822803959742
0.9742731019922153	1.4804664274467307	1.1182127390475136
0.9758428973180092	1.4831468461681059	1.1218496066526433
0.9774126926438031	1.4858291423657066	1.1254928902259473
0.9789824879695971	1.4885133237994532	1.129142596783502
0.9805522832953909	1.4911993985298058	1.1327987334464984
0.9821220786211848	1.4938873743177654	1.1364613072329295
0.9836918739469788	1.4965772589248751	1.1401303254647495
0.9852616692727727	1.4992690606132197	1.1438057953666814
0.9868314645985666	1.5019627870454282	1.1474877242628856
0.9884012599243603	1.5046584465846724	1.1511761195811037
0.9899710552501543	1.5073560469946687	1.1548709888485555
0.9915408505759482	1.5100556007396795	1.1585723411953577
0.9931106459017421	1.5127571076845119	1.1622801807544632
0.994680441227536	1.5154605800945202	1.1659945169565946
0.9962502365533299	1.5181660263356056	1.1697153573417545
0.9978200318791238	1.5208734545742175	1.1734427099418823
0.9993898272049178	1.5235828732773535	1.1771765823989344
1.0009596225307116	1.526294290712561	1.1809169826528945
1.0025294178565054	1.5290077153479364	1.1846639187435528
1.0040992131822992	1.5317231556521282	1.1884173987177775
1.005669008508093	1.5344406200943344	1.192177430518739
1.007238803833887	1.5371601172443063	1.195944022497037
1.008808599159681	1.5398816556723474	1.1997171827979183
1.0103783944854747	1.5426052441493143	1.2034969197757617
1.0119481898112688	1.545330891246618	1.207283241683019
1.0135179851370626	1.5480586057362236	1.2110761570738393
1.0150877804628566	1.550788396390652	1.2148756744044784
1.0166575757886505	1.5535202720829795	1.2186818023339991
1.0182273711144443	1.5562542416868403	1.2224945495234736
1.0197971664402383	1.5589903139764243	1.2263139245356973
1.0213669617660321	1.5617284981264803	1.230139936332906
1.0229367570918262	1.564468803112316	1.2339725937818604
1.0245065524176198	1.5672112379097973	1.2378119057522101
1.0260763477434138	1.5699558116953511	1.2416578812131633
1.0276461430692079	1.5727025336459646	1.2455105294357849
1.0292159383950017	1.5754514130391861	1.249369859395639
1.0307857337207955	1.578202458953126	1.2532358804677564
1.0323555290465893	1.580955680866457	1.2571086019302058
1.0339253243723832	1.5837110881584155	1.260988033063263
1.0354951196981772	1.5864686901088014	1.2648741868488733
1.037064915023971	1.5892284962979792	1.2687670671712703
1.038634710349765	1.591990516206879	1.272666684915262
1.0402045056755589	1.5947547594169957	1.2765730508716784
1.041774301001353	1.597521235510392	1.2804861762279178
1.0433440963271465	1.6002899542696967	1.2844060676787241
1.0449138916529406	1.6030609253781067	1.2883327370172113
1.0464836869787344	1.6058341585193876	1.2922661940397153
1.0480534823045284	1.6086096634778735	1.2962064489444942
1.0496232776303223	1.6113874504384684	1.3001535118333736
1.051193072956116	1.6141675349866473	1.3041073932088851
1.0527628682819101	1.6169499156084548	1.3080681031769181
1.054332663607704	1.619734607990508	1.3120356507430213
1.0559024589334978	1.622521622419996	1.3160100496175573
1.0574722542592916	1.625310968884681	1.319991309811511
1.0590420495850856	1.6281026578728983	1.323979439940555
1.0606118449108795	1.6308966994735576	1.3279744519177235
1.0621816402366735	1.6336931039761429	1.3319763564641258
1.0637514355624673	1.6364918820707144	1.3359851646985417
1.0653212308882614	1.6392930438479076	1.340000887644037
1.0668910262140552	1.6420965996989347	1.3440235364262052
1.068460821539849	1.6449025609155852	1.3480531221713734
1.0700306168656428	1.6477109376902266	1.352089656409347
1.0716004121914366	1.6505217408158048	1.356133150472555
1.0731702075172307	1.6533349808858449	1.360183615795206
1.0747400028430245	1.6561506689944512	1.364241064112918
1.0763097981688186	1.658968815736309	1.368305506965718
1.0778795934946124	1.6617894322066842	1.372376956292569
1.0794493888204064	1.664612529401424	1.3764554240393616
1.0810191841462002	1.6674381184169587	1.380540921950875
1.082588979471994	1.6702662102503		1.3846334623765186
1.0841587747977879	1.673096816199044	1.3887330572645498
1.0857285701235817	1.675929947561371	1.3928397190689172
1.0872983654493757	1.6787656156360444	1.396953460146164
1.0888681607751696	1.6816038318224142	1.4010742928540891
1.0904379561009636	1.684444607420416	1.4052022299526257
1.0920077514267574	1.6872879542305712	1.4093372839054408
1.0935775467525515	1.6901338836539888	1.4134794626749698
1.095147342078345	1.6929824073923647	1.4176287890322794
1.0967171374041391	1.6958335371479838	1.42178527114569
1.098286932729933	1.698687284823719	1.4259489219873822
1.099856728055727	1.701543662123033	1.43011975483446
1.1014265233815208	1.7044026811499788	1.4342977828627794
1.1029963187073146	1.7072643538091992	1.4384830196543126
1.1045661140331087	1.7101286878059283	1.4426754786897642
1.1061359093589025	1.7129957040459927	1.4468751735562995
1.1077057046846965	1.71586541043581	1.451082118040829
1.1092755000104901	1.7187378190823919	1.4552963260342706
1.1108452953362842	1.7216129425933426	1.4595178115297727
1.112415090662078	1.7244907932768614	1.4637465885220637
1.113984885987872	1.727371383641741	1.467982671210742
1.1155546813136659	1.7302547262973702	1.472226073994402
1.11712447663946	1.7331408338537337	1.4764768112789612
1.1186942719652537	1.7360297192214118	1.4807348976706864
1.1202640672910475	1.7389213950115818	1.4850003476756162
1.1218338626168414	1.7418158742360195	1.4892731762077482
1.1234036579426352	1.7447131699070977	1.4935533980809221
1.1249734532684292	1.7476132949377883	1.4978410285106003
1.126543248594223	1.7505162624416621	1.5021360824159198
1.128113043920017	1.7534220858328902	1.5064385751212435
1.129682839245811	1.7563307782262438	1.510748522151108
1.131252634571605	1.7592423530370944	1.5150659390315178
1.1328224298973988	1.7621568381814159	1.5193908410934025
1.1343922252231928	1.7650742192757836	1.5237232442708142
1.1359620205489864	1.7679945236373753	1.5280631645976719
1.1375318158747802	1.7709177649839725	1.5324106179156534
1.1391016112005743	1.77384395713396	1.5367656205629758
1.1406714065263681	1.7767600069063265	1.5411281886869
1.1422412018521622	1.7797052254206664	1.545498338732249
1.143810997177956	1.7826403507971782	1.549876087349305
1.14538079250375	1.7855784825566674	1.5542614511920712
1.1469505878295438	1.7885196351205452	1.558654447214077
1.1485203831553377	1.79146382171083	1.5630550920736075
1.1500901784811315	1.7944110587501478	1.5674634031344712
1.1516599738069255	1.7973613596617322	1.5718793974571743
1.1532297691327194	1.8003147390694263	1.5763030925109245
1.1547995644585132	1.8032712115976812	1.5807345223656706
1.1563693597843072	1.8062307920715583	1.5851736715937166
1.157939155110101	1.809193495216729	1.5896205744695269
1.159508950435895	1.8121593360594759	1.5940752490725658
1.1610787457616887	1.815128329626692	1.598537713285112
1.1626485410874827	1.8181004910458827	1.6030079854900088
1.1642183364132765	1.8210758356451655	1.607486084075438
1.1657881317390706	1.8240543920532706	1.611972027431234
1.1673579270648644	1.8270361488995417	1.6164658344513645
1.1689277223906585	1.8300211351139368	1.6209675239325574
1.1704975177164523	1.8330093664270273	1.6254771147722182
1.172067313042246	1.8360008582700003	1.6299946261744105
1.1736371083680401	1.8389956267746583	1.6345200774410327
1.1752069036938337	1.8419936876734193	1.6390534880845058
1.1767766990196278	1.844995057099318	1.6435948777150136
1.1783464943454216	1.8479997511860065	1.6481442660461392
1.1799162896712156	1.8510077860677536	1.652701672995369
1.1814860849970095	1.8540191781794466	1.6572671188830501
1.1830558803228035	1.857033930456591	1.6618406237318706
1.1846256756485973	1.8600520863353118	1.666422208069533
1.1861954709743914	1.8630736489523527	1.6710118926267525
1.187765266300185	1.8660986353450784	1.6756096980349484
1.1893350616259788	1.8691270621514733	1.6802156269287996
1.1909048569517728	1.8721589465101431	1.6848297369493297
1.1924746522775667	1.8751943054603153	1.6894520310371355
1.1940444476033607	1.8782331563418386	1.6940825309394691
1.1956142429291545	1.881275516295185	1.69872125810335
1.1971840382549486	1.8843214028614492	1.703368234480661
1.1987538335807424	1.8873708336823494	1.708023482024689
1.2003236289065362	1.8904238263002275	1.7126870227949769
1.20189342423233	1.8934803985580502	1.7173588792530818
1.203463219558124	1.8965405683994088	1.7220390739614007
1.205033014883918	1.8996043537685203	1.7267276296890381
1.206602810209712	1.9026717730102276	1.7314245692056742
1.2081726055355058	1.90574284417		1.736129905885673
1.2097424008612996	1.908817585793933	1.7408436828062501
1.2113121961870936	1.9118960164287502	1.74556591334792
1.2128819915128874	1.9149781546218028	1.7502966212932125
1.2144517868386813	1.91806401922107	1.7550358305303069
1.216021582164475	1.9211536290751603	1.7597835651491565
1.2175913774902691	1.9242470032333105	1.76453984934201
1.219161172816063	1.9273441609453883	1.7693047077065953
1.220730968141857	1.9304451213618905	1.7740781647438741
1.2223007634676508	1.9335499039339445	1.7788602455555627
1.2238705587934449	1.9366585283133098	1.7836509750491911
1.2254403541192387	1.9397710141523763	1.7884503786343422
1.2270101494450323	1.9428873812041667	1.7932584818248671
1.2285799447708263	1.9460076495223353	1.7980753101356348
1.2301497400966201	1.9491318391611703	1.8029008897885022
1.2317195354224142	1.9522599703755923	1.8077352468060708
1.233289330748208	1.9553920635211564	1.8125784074166178
1.234859126074002	1.9585281391540512	1.8174303984471112
1.2364289213997959	1.961668217931101	1.822291246533489
1.23799871672559	1.964812320609764	1.82716097871177
1.2395685120513835	1.9679604614481352	1.8320396224224176
1.2411383073771776	1.971112674904945	1.8369272194091733
1.2427081027029714	1.97426897573956	1.8418237689192032
1.2442778980287652	1.977429380811984	1.8467293129016948
1.2458476933545592	1.9805939193828586	1.8516438797129435
1.247417488680353	1.9837626108134625	1.8565674976102522
1.2489872840061471	1.9869354760657123	1.861500195251692
1.250557079331941	1.9901125370021644	1.8664420016038652
1.252126874657735	1.9932938159860134	1.8713929457352751
1.2536966699835286	1.9964793351810932	1.8763530571144051
1.2552664653093226	1.9996691170518783	1.8813223630178422
1.2568362606351164	2.002863184363483	1.886300897824496
1.2584060559609105	2.0060615764816627	1.8912886895154803
1.2599758512867043	2.009264283572814	1.8962857683752734
1.2615456466124981	2.012471345003974	1.9012921651932257
1.2631154419382922	2.015682784142824	1.90630791066318
1.264685237264086	2.018898624357685	1.9113330359787883
1.2662550325898798	2.022118889217523	1.9163675727408556
1.2678248279156736	2.0253436027919465	1.9214115524525717
1.2693946232414677	2.028572788751208	1.9264650071181035
1.2709644185672615	2.031806471566202	1.931527968951133
1.2725342138930555	2.035044675308471	1.9366004705617816
1.2741040092188494	2.0382874247501994	1.941682544670452
1.2756738045446434	2.0415347443642182	1.9467742242956345
1.2772435998704372	2.0447866574240035	1.9518755427639096
1.2788133951962308	2.048043192403678	1.9569865338028039
1.2803831905220249	2.0513043727780103	1.962107231242547
1.2819529858478187	2.054570224122416	1.9672376692202687
1.2835227811736127	2.0578407719129586	1.9723778823731108
1.2850925764994066	2.0611160421263475	1.9775279053454573
1.2866623718252006	2.0643960605399423	1.9826877733817014
1.2882321671509944	2.067680853531749	1.9878575217344234
1.2898019624767885	2.0709704474804242	1.993037186055152
1.2913717578025823	2.074264868865272	1.9982268025025804
1.292941553128376	2.077564144566247	2.003426407235496
1.29451134845417	2.080868301563953	2.0086360546208737
1.2960811437799638	2.0841773670396453	2.0138557464259517
1.2976509391057578	2.0874913683752285	2.019085537322636
1.2992207344315516	2.0908103456532587	2.0243254649853917
1.3007905297573457	2.094134301856944	2.02957556719708
1.3023603250831395	2.097463277470143	2.034835882238015
1.3039301204089335	2.100797300577368	2.040106448596141
1.3054999157347271	2.104136399763782	2.0453873053616753
1.3070697110605212	2.107480603715203	2.0506784914295655
1.308639506386315	2.1108299411180997	2.0559800466986786
1.310209301712109	2.1141844413595963	2.061292010767787
1.3117790970379029	2.1175441335274705	2.066614424145559
1.3133488923636967	2.120909047410154	2.071947327241771
1.3149186876894907	2.1242792125967327	2.0772907611663594
1.3164884830152845	2.1276546591769487	2.0826447670402413
1.3180582783410784	2.1310354175411974	2.0880093867819145
1.3196280736668722	2.1344215179805333	2.0933846622149495
1.3211978689926662	2.1378129912866624	2.09877063577144
1.32276766431846	2.1412098684519516	2.104167350279953
1.324337459644254	2.1446121806694203	2.109574848878805
1.325907254970048	2.1480199594327485	2.114993175107537
1.327477050295842	2.1514332363362714	2.120422372908616
1.3290468456216358	2.1548520433749823	2.1258624864303304
1.3306166409474296	2.1582764127445335	2.1313135604248914
1.3321864362732234	2.161706376841234	2.13677563994603
1.3337562315990172	2.165141968462053	2.1422487704543887
1.3353260269248113	2.1685832205046185	2.147732997912487
1.336895822250605	2.172030166267217	2.1532283684865354
1.3384656175763991	2.1754828391487946	2.1587349288487228
1.340035412902193	2.1789412729489586	2.1642527261729017
1.341605208227987	2.1824055015679753	2.1697818078366193
1.3431750035537808	2.185875559506773	2.1753222218225066
1.3447447988795747	2.18935148116694	2.1808740166181493
1.3463145942053685	2.1928333013507255	2.1864372407138704
1.3478843895311623	2.1963210553610413	2.192011943602559
1.3494541848569563	2.19981477850146	2.1975981746834212
1.3510239801827502	2.2033145064762176	2.2031959841569955
1.3525937755085442	2.206820275190211	2.2088054225324965
1.354163570834338	2.210332120949001	2.214426540815957
1.355733366160132	2.2138500803588106	2.2200593903232004
1.3573031614859257	2.2173741902265283	2.2257040230714473
1.3588729568117197	2.2209044876597033	2.2313604912831195
1.3604427521375135	2.2244410100665504	2.2370288478856737
1.3620125474633076	2.2279837953559487	2.2427091460044895
1.3635823427891014	2.2315328815374413	2.2484014394760017
1.3651521381148952	2.235088306821236	2.254105782538022
1.3667219334406893	2.238650110118207	2.259822229831535
1.368291728766483	2.242218330239892	2.265550836602017
1.3698615240922771	2.2457930065984955	2.271291658501812
1.3714313194180707	2.249374178806888	2.2770447517796475
1.3730011147438648	2.2529618867786056	2.282810172996691
1.3745709100696586	2.256556170827852	2.2885879795146487
1.3761407053954526	2.260157071569496	2.294378228898686
1.3777105007212465	2.2637646300190752	2.3001809793172225
1.3792802960470405	2.267378887392793	2.3059962896460307
1.3808500913728343	2.2709998852075217	2.311824218962348
1.3824198866986281	2.2746276656808		2.317664827147445
1.383989682024422	2.2782622709308367	2.3235181745891165
1.3855594773502158	2.281903743576507	2.3293843219753056
1.3871292726760098	2.2855521268373553	2.335263330700451
1.3886990680018036	2.2892074638335953	2.341155262763032
1.3902688633275977	2.29286979848611	2.3470601806653355
1.3918386586533915	2.2965391748164516	2.352978147312741
1.3934084539791856	2.3002156371468407	2.358909226417774
1.3949782493049794	2.3038992304001695	2.3648534820926574
1.3965480446307734	2.3075899997		2.3707733675568425
1.398117839956567	2.3112879906705635	2.376743705134178
1.3996876352823608	2.314993249136763	2.3827659585485654
1.4012574306081549	2.318680510024172	2.388763573433014
1.4028272259339487	2.322400156359035	2.3947746943230057
1.4043970212597428	2.3261530947682685	2.400799388654896
1.4059668165855366	2.329887890279459	2.4068377247747104
1.4075366119113306	2.3336301886208664	2.412889771527929
1.4091064072371244	2.337380038121422	2.4189555981665376
1.4106762025629183	2.341137487310729	2.4250352749462682
1.412245997888712	2.3448754902190636	2.4311288722261017
1.4138157932145061	2.3486478715773744	2.4372364614711852
1.4153855885403		2.352455925517283	2.443315124749649
1.4169553838660938	2.3562442678710847	2.4494939034323338
1.4185251791918878	2.3600404590717465	2.4556439017957303
1.4200949745176816	2.363844550152911	2.4618081831212084
1.4216647698434757	2.3676565926488933	2.4679868217933
1.4232345651692693	2.371476638394683	2.4741798928003957
1.4248043604950633	2.375304739625943	2.4803874717352135
1.4263741558208571	2.3791409490790127	2.486609634794395
1.4279439511466512	2.3829853197909032	2.4928464588810857
1.429513746472445	2.3868379053993025	2.499098021500148
1.431083541798239	2.3906987599425733	2.505364400960716
1.4326533371240329	2.394567937559753	2.5116456758770824
1.4342231324498267	2.398445493290555	2.517941925767597
1.4357929277756207	2.4023314822753665	2.524253230753596
1.4373627231014143	2.4062259601552536	2.530579671462992
1.4389325184272084	2.4101289830719557	2.5369213295254824
1.4405023137530022	2.4140406074678893	2.5432782866770114
1.4420721090787962	2.417960890286148	2.5496506258542917
1.44364190440459	2.4218898889704996	2.556038430204235
1.445211699730384	2.4258276613653917	2.5624417837717277
1.446781495056178	2.429774265515946	2.568860771110451
1.448351290381972	2.433729760167964	2.575295477473879
1.4499210857077656	2.4376942042679213	2.5817459887253924
1.4514908810335594	2.441667657562974	2.588212391428757
1.4530606763593534	2.445650179700953	2.5946947726510623
1.4546304716851473	2.4496418311303687	2.601193220166823
1.4562002670109413	2.4536426726004086	2.6077078223524803
1.4577700623367351	2.4576527651609394	2.6142386681910503
1.4593398576625292	2.461672170562504	2.6207858472660828
1.460909652988323	2.465700950556326	2.6273494498688548
1.4624794483141168	2.4697391676943057	2.633929566594981
1.4640492436399106	2.4737868846290234	2.6405262889393315
1.4656190389657047	2.477844164513737	2.647139708709285
1.4671888342914985	2.481911070902384	2.6537699185070878
1.4687586296172923	2.4859876676495816	2.66041701134958
1.4703284249430864	2.490074019110625	2.6670810807485315
1.4718982202688802	2.4941701900414914	2.673762220823352
1.4734680155946742	2.4982762451988334	2.680460526201286
1.4750378109204678	2.502392247139987	2.6871760875088664
1.4766076062462619	2.506518267322967	2.6939090090794484
1.4781774015720557	2.510654368806467	2.700659382550527
1.4797471968978497	2.514800618049862	2.707427304462363
1.4813169922236435	2.5189570815132067	2.7142128716609983
1.4828867875494376	2.5231238262572373	2.7210161813963523
1.4844565828752314	2.5273009194433684	2.7278373313240776
1.4860263782010255	2.531488428433697	2.7346764194001314
1.4875961735268193	2.535686420991		2.7415335439898483
1.4891659688526129	2.539894965078735	2.748408803757583
1.490735764178407	2.544114128861042	2.75530229747947
1.4923055595042007	2.54834398070274	2.7622141244260634
1.4938753548299948	2.5525845890693306	2.769144383781656
1.4954451501557886	2.5568360227269964	2.776093175226764
1.4970149454815826	2.561098350642602	2.783060598454148
1.4985847408073765	2.5653716416836922	2.790046753253803
1.5001545361331705	2.5696559650184945	2.7970517394246817
1.5017243314589641	2.573951389915918	2.804075657168852
1.5032941267847582	2.578257985645553	2.8111186061902083
1.504863922110552	2.582575821477673	2.818180686801539
1.5064337174363458	2.586904966883232	2.8252619987164675
1.5080035127621398	2.5912454912338667	2.8323626418541235
1.5095733080879337	2.5955974639018975	2.8394827162387415
1.5111431034137277	2.5999609544603244	2.846622321295531
1.5127128987395215	2.6043360321828324	2.8537815566598215
1.5142826940653156	2.6087227665437873	2.8609605217654193
1.5158524893911092	2.613121226818237	2.868159315854698
1.5174222847169032	2.617531482281915	2.8753780378724736
1.518992080042697	2.621953602211234	2.8826166970673426
1.520561875368491	2.6263876558832915	2.889875571393622
1.522131670694285	2.630833712575867	2.8971546700086104
1.5237014660200787	2.6352918414674247	2.9044540913775787
1.5252712613458728	2.639762158137109	2.9117739340639446
1.5268410566716666	2.6442446443647496	2.919114296840111
1.5284108519974604	2.648739412030858	2.9264752783829837
1.5299806473232542	2.6532452571166294	2.933855082369984
1.5315504426490483	2.657765984403943	2.9412594960877114
1.533120237974842	2.6622980132753606	2.9486829329219977
1.5346900333006361	2.6668425624141276	2.956127390970472
1.53625982862643	2.671399842104172	2.9635930576252822
1.537829623952224	2.675969755730106	2.9710798257910627
1.5393994192780178	2.680552490977226	2.9785879880722947
1.5409692146038114	2.685148096331511	2.986117607381155
1.5425390099296055	2.689756655279624	2.9936688041327053
1.5441088052553993	2.6943782153089115	3.001241638943182
1.5456786005811933	2.6990129939074037	3.0088364526385702
1.5472483959069872	2.7036609713638144	3.016453194645799
1.5488181912327812	2.7083223024675425	3.024092101997274
1.550387986558575	2.712997115708669	3.031753368029656
1.551957781884369	2.717685483477959	3.0394370931839148
1.5535275772101629	2.7223878046668624	3.0471439159052123
1.5550973725359567	2.7271040616675126	3.0548737872442544
1.5566671678617505	2.7318345835727267	3.0626272298536734
1.5582369631875443	2.7365796869760057	3.0704047441928415
1.5598067585133384	2.7413397713715355	3.0782069673239496
1.5613765538391322	2.746115345554185	3.0860347146149207
1.5629463491649263	2.750907056619507	3.093889028336632
1.56451614449072	2.755715953263739	3.1017716057667064
1.5660859398165141	2.7605425839838023	3.10968333328246
1.5676557351423077	2.765388239477302	3.1176263072710175
1.5692255304681018	2.770253950742528	3.1256022251205215
