0.001			0.0012520970577100065	8.949765610664225e-7
0.002569795325793896	0.003217633592890512	5.910287416072564e-6
0.004139590651587791	0.005183171253502607	0.00001533649469704797
0.005709385977381688	0.007148710727041344	0.00002917358491447506
0.007279181303175583	0.009114252701015051	0.000047421538641659025
0.008848976628969479	0.011079797862950384	0.00007008032994095451
0.010418771954763376	0.01304534690039736	0.00009714992683965057
0.01198856728055727	0.015010900500934374	0.0001286302909168251
0.013558362606351165	0.016976459352173293	0.0001645213778044069
0.015128157932145062	0.01894202414176443	0.0002048231365481311
0.016697953257938956	0.0209075955574016	0.0002495355102470336
0.018267748583732854	0.02287317428682722	0.00029865843567768413
0.01983754390952675	0.024838761017837264	0.00035219184310045546
0.021407339235320646	0.02680435643828636	0.00041013565706233705
0.022977134561114543	0.028769961236092816	0.00047248979549991706
0.024546929886908438	0.030735576099243656	0.0005392541701197645
0.026116725212702332	0.032701201715799696	0.000610428686545621
0.02768652053849623	0.034666838773900574	0.000686013244022439
0.029256315864290124	0.036632487961769745	0.0007660077357129955
0.030826111190084018	0.03859814996771961	0.0008504120484608428
0.03239590651587791	0.04056382548015657	0.0009392260629132387
0.03396570184167181	0.042529515187586	0.0010324496532962872
0.03553549716746571	0.04449521977861735	0.0011300826879468437
0.037105292493259605	0.0464609399419692	0.0012321250286475036
0.0386750878190535	0.04842667636647431	0.001338576531190994
0.04024488314484739	0.05039242974108469	0.0014494370449243752
0.04181467847064129	0.05235820075487666	0.0015647064132454627
0.04338447379643518	0.05432399009705586	0.0016843844729841255
0.044954269122229086	0.05628979845696245	0.0018084710550985077
0.04652406444802298	0.058255626524076	0.0019369659839569388
0.048093859773816874	0.0602214749880207	0.002069869078085814
0.049663655099610765	0.06218734453857032	0.002207180149418334
0.05123345042540466	0.06415323586565343	0.0023488990039489083
0.05280324575119856	0.0661191496593583	0.0024950254414021515
0.05437304107699246	0.06808508660993813	0.002645559255128968
0.055942836402786356	0.07005104740781608	0.002800500232476803
0.057512631728580246	0.07201703274359025	0.0029598481544382098
0.059082427054374144	0.07398304330803898	0.003123602795726607
0.060652222380168035	0.07594907979212574	0.003291763925126061
0.06222201770596193	0.07791514288700435	0.0034643313048414747
0.06379181303175582	0.079881233284024	0.003641304691247926
0.06536160835754973	0.08184735167473442	0.003822683834281267
0.06693140368334362	0.08381349875089092	0.0040084684776677615
0.06850119900913752	0.0857796752044595	0.0041986583589427315
0.07007099433493141	0.08774588172762204	0.004393253209638949
0.07164078966072532	0.0897121190127813	0.00459225275481517
0.07321058498651921	0.09167838775256609	0.00479565671345483
0.0747803803123131	0.09364468863983641	0.005003464798432257
0.076350175638107	0.09561102236768856	0.005215676716332991
0.0779199709639009	0.09757738962946026	0.005432292167494385
0.07948976628969479	0.09954379111873576	0.00565331084619732
0.08105956161548868	0.10151022752935103	0.005878732440447832
0.08262935694128258	0.10347669955539884	0.006108556632148007
0.08419915226707647	0.1054432078912339	0.006342783096857411
0.08576894759287036	0.10740975323147813	0.0065814115042391735
0.08733874291866427	0.10937633627102575	0.006824441517414111
0.08890853824445817	0.1113429577050482	0.007071872793759168
0.09047833357025206	0.11330961822899968	0.0073237049840875704
0.09204812889604595	0.11527631853862218	0.00757993773312151
0.09361792422183986	0.1172430593299505	0.00784057067977424
0.09518771954763375	0.11920984129931762	0.008105603456260586
0.09675751487342764	0.12117666514335976	0.008375035689138164
0.09832731019922153	0.12314353155902164	0.008648866998366303
0.09989710552501543	0.12511044124356163	0.008927096998007802
0.10146690085080932	0.1270773948945569	0.009209725295899439
0.10303669617660322	0.12904439320990874	0.009496751493777548
0.10460649150239712	0.13101143688784783	0.009788175187160061
0.10617628682819102	0.132978526626939	0.010083995965533821
0.10774608215398492	0.13494566312608697	0.010384213412093382
0.1093158774797788	0.13691284708454135	0.010688827104092975
0.11088567280557271	0.13888007920190198	0.010997836612403711
0.1124554681313666	0.1408473601781238	0.011311241501922408
0.11402526345716049	0.14281469071352265	0.011629041331439648
0.1155950587829544	0.14478207150878003	0.011951235653474127
0.11716485410874829	0.14674950326494868	0.01227782401461917
0.11873464943454218	0.14871698668345765	0.012608805955239265
0.12030444476033607	0.15068452246611747	0.01294418100958403
0.12187424008612997	0.15265211131512588	0.013283948705756023
0.12344403541192386	0.1546197539330724	0.01362810856594875
0.12501383073771777	0.1565874510229444	0.013976660105933878
0.12658362606351165	0.1585552032881317	0.014329602835724592
0.12815342138930555	0.16052301143243222	0.014686936258828729
0.12972321671509945	0.16249087616005736	0.015048659873178825
0.13129301204089333	0.16445879817563697	0.015414773170030672
0.13286280736668724	0.16642677818422497	0.01578527563516429
0.13443260269248114	0.16839481689130453	0.016160166747773028
0.13600239801827504	0.1703629150027935	0.016539445981234285
0.13757219334406895	0.1723310732250495	0.016923112802769463
0.13914198866986283	0.17429929226487562	0.017311166673620308
0.14071178399565673	0.17626757282952557	0.01770360704879024
0.14228157932145064	0.17823591562670896	0.018100433377346035
0.1438513746472445	0.18020432136459685	0.018501645102383925
0.14542116997303842	0.18217279075182705	0.01890724166063107
0.14699096529883232	0.1841413244975094	0.019317222483176626
0.1485607606246262	0.18610992331123127	0.01973158699470821
0.1501305559504201	0.18807858790306306	0.020150334614145327
0.151700351276214	0.19004731898356336	0.020573464754110468
0.15327014660200788	0.19201611726378442	0.021000976821438703
0.1548399419278018	0.19398498345527784	0.021432870216818858
0.15640973725359567	0.19595391827009967	0.02186914433481936
0.15797953257938957	0.19792292242081586	0.02230979856413836
0.15954932790518347	0.19989199662050802	0.022754832287509734
0.16111912323097735	0.20186114158277854	0.023204244881384173
0.16268891855677126	0.20383035802175617	0.02365803571659714
0.16425871388256516	0.20579964665210151	0.024116204157649146
0.16582850920835904	0.20776900818901262	0.02457874956320857
0.16739830453415294	0.20973844334823008	0.0250456712858416
0.16896809985994685	0.21170795284604307	0.02551696867227243
0.17053789518574072	0.21367753739929443	0.02599264106315295
0.17210769051153466	0.21564719772538637	0.026472687793085144
0.17367748583732853	0.21761693454228578	0.02695710819093407
0.17524728116312244	0.21958674856853036	0.027445901579337864
0.17681707648891634	0.2215566405232332	0.027939067275203216
0.17838687181471022	0.22352661112608926	0.028436604589274623
0.17995666714050412	0.22549666109738045	0.0289385128264356
0.18152646246629803	0.22746679115798127	0.029444791285719026
0.1830962577920919	0.22943700202936437	0.029955439259990193
0.1846660531178858	0.23140729443360625	0.030470456036441676
0.1862358484436797	0.23337766909339286	0.030989840896093385
0.1878056437694736	0.235348126732025	0.0315135931142951
0.1893754390952675	0.23731866807342433	0.03204171196017372
0.1909452344210614	0.2392892938421385	0.03257419669725561
0.19251502974685528	0.24126000476334722	0.033111046582947855
0.19408482507264918	0.2432308015628678	0.033652260868735094
0.19565462039844306	0.2452016849671607	0.03419783880046347
0.19722441572423696	0.24717265570333516	0.034747779617700064
0.19879421105003087	0.2491437144991553	0.03530208255450359
0.20036400637582474	0.25111486208304523	0.03586074683889792
0.20193380170161865	0.2530860991840953	0.03642377169290208
0.20350359702741255	0.2550574265320673	0.036991156332938334
0.20507339235320643	0.25702884485740046	0.037562899969275795
0.20664318767900033	0.2590003548912176	0.03813900180655486
0.20821298300479424	0.26097195736533	0.038719461043550084
0.20978277833058814	0.2629436530122438	0.03930427687295722
0.21135257365638205	0.2649154425651657	0.039893448481928856
0.21292236898217592	0.2668873267580084	0.0404869750516252
0.21449216430796983	0.26885930632539695	0.04108485575745141
0.21606195963376373	0.27083138200267404	0.0416870897688946
0.2176317549595576	0.2728035545259062	0.04229367624969682
0.21920155028535152	0.27477582463188943	0.0429046143579257
0.22077134561114542	0.2767481930581552	0.04351990324552774
0.2223411409369393	0.2787206605429756	0.04413954205901512
0.2239109362627332	0.2806932278253709	0.044763529938805606
0.2254807315885271	0.2826658956451134	0.04539186601987224
0.22705052691432098	0.28463866474273486	0.046024549431030216
0.2286203222401149	0.2866115358595315	0.04666157929558138
0.2301901175659088	0.2885845097375703	0.04730295473100379
0.23175991289170267	0.2905575871196951	0.04794867484903008
0.23332970821749657	0.29253076874953216	0.048598738755730245
0.23489950354329045	0.2945040553714964	0.04925314555122392
0.23646929886908435	0.29647744773079693	0.049911894329956234
0.23803909419487826	0.298450946573444	0.05057498418098741
0.23960888952067214	0.30042455264625384	0.05124241418710311
0.24117868484646604	0.30239826669685543	0.051914183425849574
0.24274848017225995	0.3043720894736964	0.05259029096875274
0.24431827549805382	0.3063460217260488	0.053270735881814545
0.24588807082384773	0.30832006420401553	0.05395551722539028
0.24745786614964166	0.3102942176585362	0.05464463405394797
0.24902766147543554	0.3122684828413931	0.05533808541639491
0.2505974568012294	0.3142428605052176	0.05603587035608056
0.2521672521270233	0.31621735140349594	0.056737987910482186
0.2537370474528172	0.31819195629057584	0.05744443711161416
0.2553068427786111	0.3201666759216719	0.058155216985720605
0.256876638104405	0.32214151105287253	0.05887032655349077
0.2584464334301989	0.3241164624411458	0.059589764829868934
0.2600162287559928	0.326091530844345	0.06031353082434487
0.26158602408178666	0.3280667170212164	0.0610416235406675
0.2631558194075806	0.33004202173140396	0.06177404197706221
0.26472561473337447	0.332017445735456	0.06251078512601912
0.2662954100591684	0.3339929897948319	0.06325185197461082
0.2678652053849623	0.3359686546719078	0.0639972415041867
0.26943500071075616	0.3379444411299831	0.0647469526905977
0.2710047960365501	0.3399203499332872	0.0655009845041352
0.27257459136234397	0.34189638184698473	0.0662593359095633
0.2741443866881379	0.34387253763718306	0.06702200586591621
0.2757141820139318	0.34584881807093765	0.06778899332694203
0.27728397733972565	0.3478252239162594	0.06856029724068834
0.27885377266551953	0.34980175594211993	0.0693359165496926
0.28042356799131346	0.3517784149184589	0.07011585019095302
0.28199336331710734	0.35375520161619	0.07090009709605623
0.28356315864290127	0.35573211680720745	0.07168865619113113
0.2851329539686951	0.357709161264392	0.07248152639660496
0.286702749294489	0.3596863357616185	0.07327870662762052
0.2882725446202829	0.3616636410737612	0.07408019579363267
0.28984233994607683	0.36364107797670114	0.07488599279896202
0.2914121352718707	0.36561864724733173	0.0756960965421101
0.29298193059766464	0.367596349663566	0.07651050591640454
0.29455172592345846	0.36957418600434305	0.07732921980955916
0.2961215212492524	0.3715521570496348	0.0781522371039988
0.29769131657504627	0.37353026358045155	0.07897955667662353
0.2992611119008402	0.37550850637885	0.07981117739897876
0.3008309072266341	0.37748688622793874	0.08064709813702624
0.302400702552428	0.37946540391188555	0.08148731775175588
0.3039704978782219	0.3814440602159236	0.08233183509829345
0.30554029320401577	0.3834228559263586	0.08318064902673251
0.3071100885298097	0.38540179183057527	0.08403375838162778
0.3086798838556036	0.3873808687170437	0.08489116200220508
0.3102496791813975	0.38936008737532674	0.08575285872238973
0.31181947450719133	0.3913394485960862	0.08661884737071474
0.31338926983298526	0.39331895317109	0.08748912677052105
0.31495906515877914	0.3952986018932186	0.08836369573946055
0.31652886048457307	0.3972783955564721	0.08924255309037435
0.31809865581036695	0.3992583349559768	0.09012569763053185
0.3196684511361609	0.4012384208879925	0.0910131281619187
0.3212382464619547	0.4032186541499188	0.09190484348129475
0.32280804178774863	0.40519903554030223	0.0928008423800032
0.3243778371135425	0.4071795658588436	0.09370112364445728
0.32594763243933644	0.40916024590640376	0.09460568605545601
0.3275174277651303	0.4111410764850121	0.09551452838872351
0.3290872230909242	0.4131220583978718	0.0964276494148559
0.3306570184167181	0.41510319244936866	0.09734504789900889
0.332226813742512	0.4170844794450765	0.09826672260136571
0.3337966090683059	0.41906592019176503	0.09919267227661069
0.3353664043940998	0.4210475154974068	0.10012289567463042
0.3369361997198937	0.42302926617118414	0.10105739153968771
0.33850599504568757	0.42501117302349634	0.10199615861131381
0.34007579037148145	0.4269932368659666	0.10293919562353629
0.3416455856972754	0.4289754585114492	0.10388650130543109
0.3432153810230693	0.43095783877403715	0.10483807438087356
0.3447851763488632	0.43294037846906874	0.10579391356859631
0.34635497167465706	0.43492307841313477	0.10675401758228861
0.34792476700045094	0.4369059394240862	0.10771838513045971
0.3494945623262449	0.4388889623210412	0.10868701491657007
0.35106435765203875	0.4408721479243921	0.10965990563899158
0.3526341529778327	0.4428554970558133	0.11063705599085806
0.35420394830362656	0.4448390105382678	0.11161846466060596
0.35577374362942044	0.44682268919601537	0.11260413033136159
0.3573435389552143	0.44880653385461966	0.11359405168126534
0.35891333428100824	0.45079054534095486	0.11458822738341373
0.3604831296068021	0.45277472448321415	0.11558665610578057
0.36205292493259605	0.4547590721109163	0.11658933651167984
0.3636227202583899	0.4567435890549139	0.11759626725902848
0.3651925155841838	0.4587282761474001	0.11860744700101547
0.3667623109099777	0.4607131342219167	0.11962287438584189
0.3683321062357716	0.4626981641133609	0.12064254805661279
0.3699019015615655	0.4646833666579941	0.12166646665153547
0.3714716968873594	0.4666687426934482	0.12269462880399218
0.37304149221315325	0.4686542930587338	0.12372703314237414
0.3746112875389472	0.47064001859424753	0.12476367829006418
0.37618108286474106	0.47262592014178056	0.12580456286561656
0.377750878190535	0.47461199854452535	0.12684968548274903
0.3793206735163289	0.47659825464708344	0.12789904475030262
0.3808904688421228	0.4785846892954732	0.12895263927212472
0.3824602641679167	0.48057130333713827	0.1300104676473837
0.38403005949371055	0.4825580976209545	0.13107252847026213
0.3855998548195045	0.48454507299723826	0.13213882033013463
0.38716965014529836	0.48653223031775367	0.13320934181163063
0.3887394454710923	0.4885195704357212	0.13428409149452497
0.3903092407968861	0.490507094205825	0.13536306795386635
0.39187903612268005	0.4924948024842213	0.13644626975985893
0.3934488314484739	0.4944826961285456	0.1375336954778551
0.39501862677426786	0.4964707759979218	0.1386253436686119
0.39658842210006173	0.4984590429529684	0.13972121288813474
0.39815821742585567	0.5004474978558086	0.14082130168762375
0.3997280127516495	0.5024361415700765	0.14192560861346562
0.4012978080774434	0.5044249749609269	0.14303413220765301
0.4028676034032373	0.5064139988950417	0.14414687100714563
0.40443739872903123	0.5084032142406393	0.14526382354445014
0.4060071940548251	0.5103926218674817	0.1463849883473176
0.407576989380619	0.5123822226468842	0.1475103639389012
0.40914678470641286	0.5143720174517216	0.14863994883760862
0.4107165800322068	0.5163620071564382	0.14977374155741782
0.41228637535800067	0.5183521926370552	0.15091174060738008
0.4138561706837946	0.5203425747711792	0.152053944492275
0.4154259660095885	0.5223331544380101	0.1532003517121302
0.41699576133538235	0.5243239325183506	0.1543509607624301
0.4185655566611763	0.5263149098946133	0.15550577013406972
0.42013535198697016	0.5283060874508296	0.15666477831349562
0.4217051473127641	0.5302974660726587	0.1578279837824339
0.42327494263855797	0.532289046647395	0.158995385018288
0.42484473796435185	0.5342808300639773	0.16016698049395767
0.4264145332901457	0.5362728172129978	0.16134276867767175
0.42798432861593966	0.5382650089867091	0.16252274803319408
0.42955412394173353	0.5402574062790345	0.1637069170202344
0.43112391926752747	0.542250009985576	0.1648952740933667
0.43269371459332134	0.5442428210036225	0.16608781770338601
0.4342635099191152	0.5462358402321585	0.1672845462961951
0.4358333052449091	0.548229068571874	0.168485458313538
0.43740310057070303	0.5502225069251719	0.16969055219284468
0.4389728958964969	0.5522161561961779	0.1708998263667313
0.44054269122229084	0.5542100172907479	0.17211327926403683
0.4421124865480847	0.5562040911164784	0.17333090930881415
0.4436822818738786	0.5581983785827139	0.17455271492093294
0.44525207719967247	0.5601928806005582	0.1757786945159879
0.4468218725254664	0.5621875980828795	0.17700884650521442
0.4483916678512603	0.5641825319443238	0.17824316929552
0.4499614631770542	0.5661776831013203	0.17948166128963103
0.45153125850284803	0.5681730524720926	0.18072432088588763
0.45310105382864196	0.5701686409766668	0.18197114647854198
0.4546708491544359	0.5721644495368807	0.18322213645742205
0.4562406444802298	0.5741604790763941	0.18447728920842907
0.4578104398060237	0.5761567305206965	0.18573660311294402
0.4593802351318176	0.5781532047971161	0.18700007654834763
0.46095003045761146	0.5801499028348309	0.18826770788782138
0.46251982578340534	0.5821468255648771	0.18953949550027643
0.46408962110919927	0.5841439739201569	0.19081543775068857
0.46565941643499315	0.586141348835451	0.19209553299978394
0.4672292117607871	0.5881389512474245	0.1933797796042043
0.4687990070865809	0.5901367820946395	0.19466817591648233
0.47036880241237483	0.5921348423175623	0.1959607202850777
0.4719385977381687	0.594133132858574	0.19725741105434322
0.47350839306396264	0.5961316546619797	0.19855824656483553
0.4750781883897565	0.5981304086740183	0.19986322515272556
0.47664798371555045	0.6001293958428722	0.20117234515026347
0.47821777904134427	0.6021286171186758	0.20248560488602377
0.4797875743671382	0.6041280734535277	0.20380300268414228
0.4813573696929321	0.6061277658014976	0.2051245368650409
0.482927165018726	0.608127695118638	0.20645020574518774
0.4844969603445199	0.6101278623629929	0.20778000763698384
0.48606675567031377	0.6121282684946087	0.20911394084905144
0.48763655099610764	0.6141289144755429	0.21045200368620132
0.4892063463219016	0.616129801269875	0.2117941944490327
0.49077614164769545	0.618130929843716	0.2131405114345979
0.4923459369734894	0.6201323011652187	0.21449095293591866
0.4939157322992833	0.6221339162045872	0.21584551724225262
0.49548552762507714	0.6241357759340874	0.21720420263911805
0.49705532295087107	0.6261378813280576	0.21856700740803367
0.49862511827666495	0.6281402333629168	0.21993392982680576
0.5001949136024588	0.6301428330171777	0.22130496816968293
0.5017647089282528	0.6321456812714549	0.22268012070690463
0.5033345042540466	0.6341487791084752	0.22405938570502326
0.5049042995798405	0.6361521275130899	0.22544276142700728
0.5064740949056344	0.638155727472282	0.22683024613208644
0.5080438902314284	0.64015957997518	0.2282218380756925
0.5096136855572222	0.6421636860130651	0.22961753550979389
0.5111834808830161	0.644168046579385	0.23101733668250968
0.51275327620881	0.6461726626697619	0.23242123983836602
0.514323071534604	0.648177535282004	0.2338292432184635
0.5158928668603978	0.6501826654161157	0.2352413450602504
0.5174626621861916	0.6521880540743097	0.23665754359740782
0.5190324575119856	0.6541937022610161	0.23807783706022445
0.5206022528377795	0.6561996109828936	0.2395022236754603
0.5221720481635733	0.6582057812488401	0.24093070166623395
0.5237418434893673	0.6602122140700054	0.24236326925246307
0.5253116388151612	0.6622189104597985	0.2437999246502185
0.5268814341409551	0.6642258714339023	0.2452406660722549
0.5284512294667489	0.666233098010282	0.24668549172796556
0.5300210247925429	0.6682405912091979	0.2481343998232369
0.5315908201183368	0.6702483520532141	0.24958738856054383
0.5331606154441307	0.6722563815672123	0.2510444561389601
0.5347304107699246	0.6742646807784018	0.25250560075425665
0.5363002060957184	0.6762732507163307	0.25397082059876763
0.5378700014215123	0.6782820924128966	0.25544011386161664
0.5394397967473062	0.680291206902359	0.25691347872844866
0.5410095920731002	0.6823005952213499	0.25839091338183534
0.542579387398894	0.6843102584088854	0.25987241600079036
0.5441491827246879	0.6863201975063777	0.2613579847612991
0.5457189780504819	0.6883304135576456	0.2628476178360453
0.5472887733762758	0.6903409076089267	0.26434131339450545
0.5488585687020696	0.6923516807088891	0.265839069602882
0.5504283640278635	0.6943627339086426	0.26734088462432626
0.5519981593536574	0.6963740682617503	0.26884675661870755
0.5535679546794513	0.6983856848242412	0.27035668374280747
0.5551377500052451	0.7003975846546214	0.2718706641504304
0.556707545331039	0.7024097688138862	0.27338869599195387
0.558277340656833	0.7044222383655312	0.27491077741507286
0.5598471359826269	0.7064349943755648	0.2764369065640481
0.5614169313084207	0.7084480379125211	0.2779670815803617
0.5629867266342147	0.7104613700474711	0.2795013006024806
0.5645565219600086	0.7124749918540338	0.2810395617656448
0.5661263172858025	0.7144889044083906	0.2825818632023799
0.5676961126115965	0.7165031087892958	0.28412820304207564
0.5692659079373902	0.7185176060780889	0.2856785794112677
0.5708357032631841	0.7205323973587087	0.28723299043359135
0.572405498588978	0.7225474837177033	0.2887914342297603
0.573975293914772	0.7245628662442437	0.2903539089175462
0.5755450892405658	0.7265785460301369	0.2919204126120548
0.5771148845663597	0.7285945241698375	0.29349094342535786
0.5786846798921537	0.7306108017604602	0.2950654994668143
0.5802544752179476	0.7326273799017928	0.29664407884299737
0.5818242705437414	0.7346442596963092	0.2982266796577369
0.5833940658695353	0.7366614422491822	0.29981330001197437
0.5849638611953293	0.7386789286682952	0.30140393800416443
0.5865336565211231	0.7406967200642559	0.3029985917298912
0.5881034518469169	0.7427148175504107	0.3045972592821577
0.5896732471727109	0.744733222242854	0.30619993875107177
0.5912430424985048	0.7467519352604449	0.3078066282244745
0.5928128378242987	0.7487709577248184	0.30941732578726744
0.5943826331500925	0.7507902907603992	0.31103202952193487
0.5959524284758865	0.7528099354944144	0.3126507375084815
0.5975222238016804	0.7548298930569075	0.3142734478240117
0.5990920191274743	0.7568501645807514	0.3159001585434907
0.6006618144532682	0.7588707512016608	0.31753086773917444
0.6022316097790621	0.7608916540582086	0.31916557348084484
0.603801405104856	0.7629128742918355	0.32080427383583077
0.6053712004306498	0.7649344130468668	0.3224469668691949
0.6069409957564438	0.7669562714705244	0.3240936506433393
0.6085107910822376	0.7689784507129406	0.3257443232183665
0.6100805864080315	0.7710009519271729	0.32739898265214695
0.6116503817338255	0.7730237762692169	0.3290576269999963
0.6132201770596194	0.77504692489802	0.3307202543150113
0.6147899723854132	0.7770703989754961	0.3323868626480908
0.6163597677112072	0.7790941996665393	0.3340574500477432
0.6179295630370011	0.7811183281390386	0.3357320145601399
0.619499358362795	0.7831427855638903	0.3374105542294215
0.6210691536885888	0.7851675731150145	0.33909306709736603
0.6226389490143827	0.7871926919693676	0.3407795512037499
0.6242087443401766	0.7892181433069578	0.3424700045860936
0.6257785396659705	0.7912439283108584	0.3441644252796754
0.6273483349917643	0.7932700481672239	0.34586281131785673
0.6289181303175583	0.7952965040653035	0.3475651607317936
0.6304879256433522	0.7973232971974547	0.34927147155069316
0.6320577209691461	0.7993504287591602	0.3509817418016748
0.63362751629494	0.801377899949041	0.35269596950972987
0.6351973116207339	0.8034057119688723	0.3544141526981795
0.6367671069465278	0.8054338660235976	0.3561362893880393
0.6383369022723218	0.807462363321344	0.3578623775985255
0.6399066975981155	0.8094912050734373	0.35959241534699476
0.6414764929239094	0.8115203924944172	0.36132640064897376
0.6430462882497033	0.8135499268020515	0.3630643315179874
0.6446160835754973	0.8155798092173533	0.36480620596566143
0.6461858789012912	0.8176100409645941	0.3665520220021157
0.647755674227085	0.8196406232713208	0.36830177763543753
0.649325469552879	0.8216715573683709	0.3700554708720427
0.6508952648786729	0.8237028444898872	0.3718130997165949
0.6524650602044668	0.8257344858733341	0.3735746621721091
0.6540348555302606	0.8277664827595134	0.3753401562397676
0.6556046508560546	0.8297988363925798	0.37710957991935856
0.6571744461818484	0.8318315480200563	0.37888293120865535
0.6587442415076423	0.8338646188928516	0.38066020810432855
0.6603140368334361	0.8358980502652739	0.38244140860113834
0.6618838321592301	0.837931843395049	0.38422653069226664
0.663453627485024	0.8399659995433355	0.3860155723696306
0.6650234228108179	0.8420005199747407	0.38780853162339657
0.6665932181366118	0.8440354059573371	0.38960540644242975
0.6681630134624057	0.8460706587626804	0.39140619481405936
0.6697328087881996	0.8481062796658227	0.3932108947243419
0.6713026041139936	0.8501422699453324	0.3950195041577722
0.6728723994397874	0.8521786308833077	0.39683202109749505
0.6744421947655812	0.8542153637653968	0.3986484435255539
0.6760119900913751	0.8562524698808117	0.40046876942241494
0.6775817854171691	0.8582899505223462	0.40229299676742386
0.6791515807429629	0.8603278069863926	0.4041211235386732
0.6807213760687568	0.8623660405729592	0.4059531477128996
0.6822911713945508	0.8644046525856874	0.40778906726586406
0.6838609667203447	0.8664436443318678	0.40962888017193927
0.6854307620461386	0.8684830171224592	0.4114725844045708
0.6870005573719324	0.8705227722721041	0.4133201779360148
0.6885703526977264	0.8725629110991476	0.4151716587373769
0.6901401480235203	0.874603434925655	0.4170270247787367
0.6917099433493141	0.8766443450774276	0.41888627402922723
0.693279738675108	0.8786856428840225	0.42074940445704784
0.6948495340009019	0.8807273296787693	0.4226164140291595
0.6964193293266958	0.8827694067987878	0.4244873007118865
0.6979891246524897	0.8848118755850072	0.42636206247050296
0.6995589199782836	0.8868547373821823	0.42824069726940245
0.7011287153040775	0.8888979935389139	0.43012320307223356
0.7026985106298714	0.890941645407665	0.43200957784170735
0.7042683059556654	0.8929856943447798	0.43389981953984313
0.7058381012814592	0.8950301417105022	0.43579392612786233
0.7074078966072531	0.8970749888689956	0.4376918955662113
0.7089776919330469	0.8991202371883585	0.43959372581473166
0.7105474872588409	0.9011658880406468	0.4414994148325968
0.7121172825846347	0.9032119428018892	0.44340896057823254
0.7136870779104286	0.9052584028521082	0.445322361009605
0.7152568732362226	0.9073052695753389	0.4472396140839501
0.7168266685620165	0.9093525443596473	0.44916071775813143
0.7183964638878104	0.9114002285971493	0.4510856699884196
0.7199662592136042	0.9134483236840313	0.45301446873058787
0.7215360545393982	0.9154968310205697	0.4549471119399606
0.7231058498651921	0.9175457520111476	0.45688359757136165
0.724675645190986	0.9195950880642767	0.4588239235795744
0.7262454405167797	0.9216448405926169	0.4607680879184842
0.7278152358425737	0.9236950110129963	0.4627160885421849
0.7293850311683676	0.9257456007464289	0.46466792340411744
0.7309548264941615	0.9277966112181371	0.46662359045760793
0.7325246218199554	0.92984804385757	0.4685830876557788
0.7340944171457493	0.9318999000984247	0.47054641295147315
0.7356642124715432	0.9339521813786674	0.47251356429739505
0.7372340077973372	0.9360048891405499	0.47448453964615
0.738803803123131	0.9380580248306343	0.4764593369501986
0.7403735984489249	0.9401115898998122	0.47843795416206114
0.7419433937747189	0.9421655858033245	0.4804203892340786
0.7435131891005128	0.9442200140007835	0.4824066401186961
0.7450829844263065	0.9462748759561921	0.484396704768263
0.7466527797521004	0.9483301731379671	0.48639058113536116
0.7482225750778944	0.9503859070189589	0.4883882671726133
0.7497923704036883	0.952442079076472	0.4903897608327028
0.7513621657294821	0.9544986907922877	0.4923950600685737
0.752931961055276	0.9565557436526866	0.4944041628333721
0.75450175638107	0.9586132391484661	0.4964170670804665
0.7560715517068639	0.9606711787749665	0.49843377076343887
0.7576413470326578	0.9627295640320899	0.5004542718362339
0.7592111423584517	0.9647883964243242	0.5024785682531976
0.7607809376842456	0.9668476774607632	0.5045066579688945
0.7623507330100394	0.9689074086551295	0.5065385389384983
0.7639205283358333	0.9709675915257974	0.5085742091174756
0.7654903236616272	0.9730282275958144	0.5106136664618841
0.7670601189874211	0.975089318392924	0.5126569089281949
0.768629914313215	0.977150865449588	0.5147039344734853
0.770199709639009	0.9792128703030092	0.5167547410554513
0.7717695049648028	0.9812753344951558	0.518809326632395
0.7733393002905967	0.9833382595727816	0.5208676891632033
0.7749090956163907	0.9854016470874515	0.522929826607603
0.7764788909421846	0.9874654985955623	0.5249957369259826
0.7780486862679784	0.9895298156583696	0.5270654180793767
0.7796184815937722	0.991594599842007	0.5291388680299643
0.7811882769195662	0.9936598527175137	0.5312160847403851
0.7827580722453601	0.9957255758608544	0.5332970661744166
0.7843278675711539	0.9977917708529462	0.5353818102966185
0.7858976628969478	0.9998584392796808	0.5374703150726355
0.7874674582227418	1.0019255827319489	0.5395625784689083
0.7890372535485357	1.0039932028056655	0.5416585984532126
0.7906070488743295	1.0060613011017918	0.5437583729939931
0.7921768442001235	1.008129879226363	0.5458619000611958
0.7937466395259174	1.0101989387905095	0.5479691776257368
0.7953164348517113	1.0122684814104845	0.5500802036596221
0.7968862301775052	1.0143385087076864	0.5521949761362325
0.798456025503299	1.0164090223086857	0.5543134930301795
0.8000258208290929	1.0184800238452494	0.5564357523173508
0.8015956161548868	1.0205515149543658	0.5585617519749465
0.8031654114806808	1.0226234972782708	0.5606914899816815
0.8047352068064746	1.024695972464472	0.5628249643173395
0.8063050021322685	1.0267689421657773	0.5649621729637322
0.8078747974580625	1.0288424080403171	0.5671031139035951
0.8094445927838564	1.0309163717515728	0.5692477851216247
0.8110143881096502	1.0329908349684012	0.5713961846038164
0.8125841834354441	1.0350657993650625	0.5735483103379619
0.814153978761238	1.037141266621245	0.5757041603134536
0.8157237740870319	1.0392172384220926	0.5778637325213366
0.8172935694128257	1.041293716458232	0.5800270249544865
0.8188633647386196	1.0433707024257979	0.5821940356074127
0.8204331600644136	1.0454481980264614	0.5843647624767744
0.8220029553902075	1.0475262049674552	0.5865392035606323
0.8235727507160013	1.0496047249616038	0.5887173568593479
0.8251425460417953	1.0516837597273494	0.590899220375078
0.8267123413675892	1.0537633109887778	0.5930847921118756
0.8282821366933831	1.0558433804756486	0.5952740700759993
0.829851932019177	1.0579239699234233	0.5974670522757344
0.8314217273449708	1.0600050810732897	0.5996637367214276
0.8329915226707647	1.0620867156721947	0.6018641214256367
0.8345613179965586	1.0641688754728698	0.6040682044031636
0.8361311133223526	1.0662515622338595	0.6062759836709062
0.8377009086481464	1.068334777719552	0.6084874572483093
0.8392707039739403	1.0704185237002053	0.6107026231567501
0.8408404992997343	1.0725028019519798	0.6129214794204909
0.8424102946255282	1.0745876142569626	0.6151440240659305
0.843980089951322	1.0766729624032012	0.6173702551217702
0.8455498852771159	1.0787588481847303	0.6196001706196845
0.8471196806029099	1.0808452734016036	0.6218337685935643
0.8486894759287037	1.0829322398599197	0.6240710470798602
0.8502592712544975	1.0850197493718579	0.6263120041179807
0.8518290665802914	1.0871078037557027	0.6285566377496689
0.8533988619060854	1.089196404835877	0.6308049460197309
0.8549686572318793	1.091285554442972	0.6330569269755403
0.8565384525576731	1.093375254413778	0.6353125786673014
0.8581082478834671	1.0954655065913155	0.6375718991483234
0.859678043209261	1.097556312824865	0.63983488647463
0.8612478385350549	1.0996476749699995	0.6421015387051215
0.8628176338608488	1.1017395948886137	0.6443718539020268
0.8643874291866427	1.1038320744489598	0.6466458301304511
0.8659572245124365	1.105925115525673	0.6489234654584866
0.8675270198382304	1.1080187199998104	0.651204757957712
0.8690968151640243	1.110112889758876	0.6534897057026853
0.8706666104898182	1.112207626696859	0.6557783067712004
0.8722364058156121	1.1143029327142617	0.6580705592444648
0.8738062011414061	1.1163988097181352	0.6603664612069471
0.8753759964672		1.118495259622111	0.6626660107467034
0.8769457917929938	1.1205922843464324	0.6649692059549055
0.8785155871187877	1.1226898858179912	0.6672760449265669
0.8800853824445817	1.1247880659703584	0.6695865257600412
0.8816551777703756	1.1268868267438175	0.671900646557259
0.8832249730961694	1.1289861700854003	0.6742184054240334
0.8847947684219633	1.1310860979489195	0.6765398004696694
0.8863645637477572	1.1331866122950018	0.6788648298072621
0.8879343590735511	1.1352877150911256	0.681193491553707
0.8895041543993449	1.1373894083116518	0.6835257838297654
0.8910739497251389	1.139491693937861	0.6858617047601208
0.8926437450509328	1.141594573957986	0.6882012524733219
0.8942135403767267	1.1436980503672507	0.6905444251020185
0.8957833357025206	1.145802125167902	0.692891220782984
0.8973531310283145	1.1479068003692459	0.6952416376568801
0.8989229263541084	1.1500120779876855	0.6975956738685907
0.9004927216799024	1.1521179600467542	0.699953327567438
0.9020625170056961	1.1542244485771527	0.7023145969067635
0.90363231233149	1.1563315456167875	0.7046794800443057
0.9052021076572839	1.1584392532108045	0.7070479751422005
0.9067719029830779	1.160547573411626	0.7094200803669511
0.9083416983088718	1.1626565082789904	0.7117957938896429
0.9099114936346656	1.1647660598799872	0.7141751138858078
0.9114812889604595	1.1668762302890954	0.7165580385355921
0.9130510842862535	1.1689870215882197	0.7189445660237737
0.9146208796120474	1.1710984358667311	0.7213346945399288
0.9161906749378412	1.1732104752215016	0.7237284222782077
0.9177604702636352	1.1753231417569467	0.7261257474377342
0.919330265589429	1.1774364375850592	0.7285266682223992
0.9209000609152229	1.1795503648254528	0.7309311828410994
0.9224698562410167	1.1816649256053964	0.7333392895076645
0.9240396515668107	1.1837801220598585	0.7357509864409005
0.9256094468926046	1.1858959563315423	0.7381662718648766
0.9271792422183985	1.1880124305709272	0.7405851440085848
0.9287490375441924	1.190129546936309	0.7430076011064847
0.9303188328699863	1.19224730759384	0.745433641398043
0.9318886281957802	1.1943657147175701	0.7478632631281747
0.9334584235215742	1.196484770489484	0.7502964645472804
0.935028218847368	1.1986044770995485	0.7527332439110098
0.9365980141731618	1.2007248367457477	0.7551735994805586
0.9381678094989557	1.202845851634127	0.7576175295229063
0.9397376048247497	1.2049675239788347	0.7600650323102635
0.9413074001505435	1.2070898560021643	0.7625161061208751
0.9428771954763374	1.2092128499345964	0.7649707492384774
0.9444469908021313	1.2113365080148402	0.7674289599528122
0.9460167861279253	1.213460832489877	0.7698907365593202
0.9475865814537192	1.2155858256150036	0.772356077357607
0.949156376779513	1.2177114896538748	0.7748249806584402
0.950726172105307	1.219837826878547	0.7772974447739236
0.9522959674311009	1.2219648395695226	0.7797734680232766
0.9538657627568947	1.224092530015793	0.7822530487324881
0.9554355580826885	1.2262209005148832	0.7847361852334542
0.9570053534084825	1.2283499533728972	0.787222875864199
0.9585751487342764	1.2304796909045628	0.7897131189698149
0.9601449440600703	1.2326101154332736	0.7922069129010582
0.9617147393858642	1.2347412292911393	0.7947042560154585
0.9632845347116581	1.236873034819028	0.7972051466771652
0.964854330037452	1.2390055343666124	0.7997095832569547
0.966424125363246	1.2411387302924193	0.8022175641320854
0.9679939206890398	1.2432726249589912	0.804729087686707
0.9695637160148337	1.2454072207520226	0.8072441523120124
0.9711335113406275	1.2475425200523895	0.8097627564057464
0.9727033066664215	1.2496785252544873	0.8122848983724104
0.9742731019922153	1.2518152387618002	0.814810576624085
0.9758428973180092	1.2539526629869444	0.8173397895797385
0.9774126926438031	1.2560908003517204	0.8198725356651451
0.9789824879695971	1.25822965328716	0.8224088133136789
0.9805522832953909	1.2603692242335751	0.8249486209658183
0.9821220786211848	1.2625095156406079	0.8274919570696428
0.9836918739469788	1.2646505299672781	0.8300388200803162
0.9852616692727727	1.2667922696820348	0.8325892084605797
0.9868314645985666	1.2689347372628064	0.835143120680973
0.9884012599243603	1.2710779351970491	0.8377005552193271
0.9899710552501543	1.2732218659818009	0.8402615105614251
0.9915408505759482	1.275366532123729	0.8428259852007338
0.9931106459017421	1.277511936139184	0.8453939776386874
0.994680441227536	1.2796580805542483	0.8479654863844258
0.9962502365533299	1.2818049679047938	0.8505405099551309
0.9978200318791238	1.283952600736527	0.8531190468761843
0.9993898272049178	1.2861009816050468	0.8557010956808144
1.0009596225307116	1.2882501130758972	0.8582866549110517
1.0025294178565054	1.2903999977246163	0.8608757231165226
1.0040992131822992	1.2925506381367964	0.8634682988554082
1.005669008508093	1.2947020369081321	0.8660643806947377
1.007238803833887	1.2968541966444787	0.8686639672095045
1.008808599159681	1.2990071199619044	0.8712670569834938
1.0103783944854747	1.301160809486746	0.8738736486092388
1.0119481898112688	1.3033152678556656	0.8764837406879136
1.0135179851370626	1.3054704977157052	0.8790973318292781
1.0150877804628566	1.3076265017243411	0.8817144206525003
1.0166575757886505	1.309783282549545	0.8843350057853034
1.0182273711144443	1.3119408428698354	0.8869590858643874
1.0197971664402383	1.3140991853743382	0.8895866595361057
1.0213669617660321	1.316258312762844	0.892217725455256
1.0229367570918262	1.318418227745864	0.8948522822866507
1.0245065524176198	1.3205789330446907	0.8974903287038593
1.0260763477434138	1.3227404313914555	0.9001318633902776
1.0276461430692079	1.3249027255291868	0.902776885038704
1.0292159383950017	1.3270658182118713	0.9054253923513168
1.0307857337207955	1.329229712204512	0.9080773840402823
1.0323555290465893	1.3313944102831896	0.9107328588274817
1.0339253243723832	1.3335599152351234	0.9133918154444949
1.0354951196981772	1.3357262298587311	0.9160542526329056
1.037064915023971	1.337893356963689	0.9187201691443334
1.038634710349765	1.340061299371		0.9213895637403944
1.0402045056755589	1.3422300599130448	0.9240624351929347
1.041774301001353	1.344399641433656	0.926738782284097
1.0433440963271465	1.3465700467881732	0.9294186038065576
1.0449138916529406	1.3487412788435122	0.9321018985628646
1.0464836869787344	1.3509133404782214	0.9347886653665873
1.0480534823045284	1.353086234582554	0.9374789030416164
1.0496232776303223	1.355259964058527	0.9401726104230194
1.051193072956116	1.357434531819989	0.9428697863559479
1.0527628682819101	1.3596099407926865	0.9455704296967349
1.054332663607704	1.3617861939143254	0.9482745393128664
1.0559024589334978	1.363963294134642	0.950982114082583
1.0574722542592916	1.3661412444154686	0.9536931528954423
1.0590420495850856	1.3683200477308		0.9564076546521123
1.0606118449108795	1.3704997070668608	0.9591256182644544
1.0621816402366735	1.3726802254221744	0.9618470426561897
1.0637514355624673	1.3748616058076326	0.9645719267621323
1.0653212308882614	1.3770438512465621	0.9673002695286995
1.0668910262140552	1.3792269647747952	0.9700320699142781
1.068460821539849	1.3814109494407427	0.9727673268886695
1.0700306168656428	1.3835958083054587	0.975506039433637
1.0716004121914366	1.3857815444427142	0.9782482065432846
1.0731702075172307	1.387968160939073	0.9809938272231344
1.0747400028430245	1.3901556608939543	0.9837429004915145
1.0763097981688186	1.392344047419713	0.9864954253784071
1.0778795934946124	1.3945333236417081	0.9892514009265813
1.0794493888204064	1.3967234926983787	0.9920108261909814
1.0810191841462002	1.3989145577413158	0.994773700239382
1.082588979471994	1.401106521935339	0.9975400221517754
1.0841587747977879	1.4032993884585672	1.0003097910213337
1.0857285701235817	1.4054931605024996	1.0030830059539018
1.0872983654493757	1.4076878412720868	1.0058596660680004
1.0888681607751696	1.4098834339858082	1.008639770495463
1.0904379561009636	1.412079941875752	1.0114233183814199
1.0920077514267574	1.4142773681876863	1.0142103088836494
1.0935775467525515	1.4164757161811454	1.0170007411741409
1.095147342078345	1.4186749891294994	1.019794614437466
1.0967171374041391	1.4208751903200407	1.0225919278723197
1.098286932729933	1.4230763230540586	1.0253926806907372
1.099856728055727	1.4252783906469224	1.028196872118813
1.1014265233815208	1.4274813964281585	1.0310045013960663
1.1029963187073146	1.429685343741537	1.0338155677720056
1.1045661140331087	1.4318902359451477	1.0366300705229634
1.1061359093589025	1.434096076411485	1.039448008926776
1.1077057046846965	1.436302868527533	1.0422693822797209
1.1092755000104901	1.4385106156948435	1.0450941898927661
1.1108452953362842	1.440719321329626	1.0479224310909008
1.112415090662078	1.4429289888628283	1.0507541052138842
1.113984885987872	1.4451396217402217	1.0535892116166337
1.1155546813136659	1.4473512234224906	1.0564277496683006
1.11712447663946	1.4495637973853142	1.0592697187533895
1.1186942719652537	1.4517773471194553	1.0621151182713473
1.1202640672910475	1.4539918761308495	1.0649639476368655
1.1218338626168414	1.4562073879306383	1.0678162062795198
1.1234036579426352	1.458423886074575	1.0706718936451387
1.1249734532684292	1.4606413741054056	1.073531009194268
1.126543248594223	1.462859855590631	1.0763935524035966
1.128113043920017	1.4650793341133708	1.079259522765299
1.129682839245811	1.4672998132724542	1.0821289197874822
1.131252634571605	1.4695212966825133	1.0850017429945995
1.1328224298973988	1.471743787974071	1.087877991926625
1.1343922252231928	1.4739672907936388	1.0907576661401648
1.1359620205489864	1.4761918088038097	1.0936407652080065
1.1375318158747802	1.4784173456833516	1.096527288719666
1.1391016112005743	1.4806439051273033	1.099417236281067
1.1406714065263681	1.4828714908470702	1.1023106075146794
1.1422412018521622	1.4851001065705212	1.105207402060389
1.143810997177956	1.4873297560420848	1.1081076195743704
1.14538079250375	1.4895604430228495	1.111011259730494
1.1469505878295438	1.4917921712906586	1.1139183222193445
1.1485203831553377	1.4940249446402132	1.11682880674923
1.1500901784811315	1.4962587668831717	1.1197427130458024
1.1516599738069255	1.4984936418482486	1.1226600408522058
1.1532297691327194	1.500729573381317	1.1255807899297652
1.1547995644585132	1.5029665653455124	1.1285049600570176
1.1563693597843072	1.505204621621333	1.1314325510311647
1.157939155110101	1.5074437461067445	1.1343635626669109
1.159508950435895	1.509683942717285	1.137297994797775
1.1610787457616887	1.5119252153861704	1.1402358472752985
1.1626485410874827	1.514167568064401	1.1431771199696719
1.1642183364132765	1.5164110047208625	1.1461218127700912
1.1657881317390706	1.5186555293424433	1.1490699255838215
1.1673579270648644	1.5209011459341348	1.1520214583378403
1.1689277223906585	1.5231478585191436	1.154976410977592
1.1704975177164523	1.5253956711390013	1.1579347834682363
1.172067313042246	1.5276445878536742	1.1608965757939675
1.1736371083680401	1.5298946127416757	1.1638617879586657
1.1752069036938337	1.5321457499001783	1.1668304199856745
1.1767766990196278	1.534398003445127	1.1698024719183464
1.1783464943454216	1.536651377511352	1.1727779438197252
1.1799162896712156	1.5389058762526835	1.1757568357731638
1.1814860849970095	1.54116150384207	1.1787391478820193
1.1830558803228035	1.543418264471693	1.181724880270248
1.1846256756485973	1.54567616235308	1.1847140330820591
1.1861954709743914	1.5479352017172325	1.1877066064825756
1.187765266300185	1.550195386814735	1.1907026006575085
1.1893350616259788	1.5524567219158807	1.1937020158137313
1.1909048569517728	1.5547192113107906	1.1967048521790113
1.1924746522775667	1.5569828593095365	1.1997111100027713
1.1940444476033607	1.5592476702422609	1.2027207895554348
1.1956142429291545	1.561513648459302	1.2057338911290771
1.1971840382549486	1.5637807983313192	1.2087504150377573
1.1987538335807424	1.5660491242494163	1.2117703616171098
1.2003236289065362	1.5683186306252705	1.214793731225253
1.20189342423233	1.5705893218912577	1.2178205242417883
1.203463219558124	1.5728612025005793	1.220850741069476
1.205033014883918	1.5751342769273937	1.223884382133093
1.206602810209712	1.5774085496669483	1.2269214478802872
1.2081726055355058	1.5796840252357052	1.229961938781464
1.2097424008612996	1.581960708171477	1.2330058553302785
1.2113121961870936	1.5842386030335587	1.2360531980431313
1.2128819915128874	1.5865177144028626	1.23910396746031
1.2144517868386813	1.5887980468820548	1.24215816414503
1.216021582164475	1.5910796050956844	1.2452157886848834
1.2175913774902691	1.593362393690331	1.24827684169059
1.219161172816063	1.5956464173347324	1.2513413237973965
1.220730968141857	1.5979316807199355	1.2544092356646548
1.2223007634676508	1.6002181885594233	1.2574805779759737
1.2238705587934449	1.6025059455892674	1.2605553514395675
1.2254403541192387	1.6047949565682642	1.2636335567882464
1.2270101494450323	1.6070852262780801	1.266715194779954
1.2285799447708263	1.609376759523399	1.2698002661976941
1.2301497400966201	1.611669561132063	1.272888771849384
1.2317195354224142	1.6139636359552203	1.2759807125688065
1.233289330748208	1.6162589888674792	1.2790760892153337
1.234859126074002	1.6185556247670483	1.2821749026736637
1.2364289213997959	1.620853548575894	1.2852771538466912
1.23799871672559	1.6231527652398863	1.2883828436873461
1.2395685120513835	1.6254532797289585	1.2914919731516836
1.2411383073771776	1.6277550970372516	1.294604543229917
1.2427081027029714	1.6300582221832802	1.2977205549386381
1.2442778980287652	1.6323626602100778	1.300840009321944
1.2458476933545592	1.6346684161853626	1.3039629074505426
1.247417488680353	1.6369754952016948	1.3070892504227745
1.2489872840061471	1.63928390237663	1.3102190393643398
1.250557079331941	1.6415936428528894	1.3133522754287552
1.252126874657735	1.6439047217806733	1.3164889597972578
1.2536966699835286	1.6462171443872406	1.319629093679708
1.2552664653093226	1.6485309158756767	1.3227726783133906
1.2568362606351164	1.650846041490964	1.3259197149650426
1.2584060559609105	1.6531625265040675	1.329070204929541
1.2599758512867043	1.6554803762121044	1.3322241495309997
1.2615456466124981	1.6577995959385183	1.335381550122392
1.2631154419382922	1.6601201910332466	1.338542408086076
1.264685237264086	1.6624421668728946	1.3417067248342596
1.2662550325898798	1.664765528860907	1.3448745018086297
1.2678248279156736	1.6670902824277498	1.34804574048104
1.2693946232414677	1.6694164330310826	1.351220442353221
1.2709644185672615	1.671743986155936	1.3543986089576625
1.2725342138930555	1.674072947314896	1.3575802418573437
1.2741040092188494	1.676403322048281	1.3607653426460633
1.2756738045446434	1.678735115924327	1.363953912948749
1.2772435998704372	1.6810683345393698	1.3671459544216313
1.2788133951962308	1.6834029835180324	1.370341468752263
1.2803831905220249	1.6857390685134122	1.373540457660166
1.2819529858478187	1.6880765952072685	1.376742922896947
1.2835227811736127	1.6904155693102108	1.3799488662458543
1.2850925764994066	1.6927559965618972	1.383158289523297
1.2866623718252006	1.695097882731218	1.3863711945779373
1.2882321671509944	1.6974412336165001	1.3895875832911557
1.2898019624767885	1.6997860550456938	1.3928074575780842
1.2913717578025823	1.7021323528765837	1.396030819386521
1.292941553128376	1.7044801329969719	1.3992576706984243
1.29451134845417	1.7068294013248946	1.402488013529212
1.2960811437799638	1.7091801638088127	1.4057218499289847
1.2976509391057578	1.7115324264278255	1.4089591819814211
1.2992207344315516	1.7138861951918716	1.4122000118052835
1.3007905297573457	1.716241476141938	1.4154443415541564
1.3023603250831395	1.7185982753502709	1.4186921734165714
1.3039301204089335	1.720956598920584	1.4219435096165292
1.3054999157347271	1.7233164529882767	1.4251983524135399
1.3070697110605212	1.7256778437206437	1.4284567041030751
1.308639506386315	1.728040777317093	1.4317185670167412
1.310209301712109	1.730405260009365	1.4349839435223508
1.3117790970379029	1.7327712980617558	1.438252836024388
1.3133488923636967	1.7351388977713307	1.4415252469646749
1.3149186876894907	1.7375080654681583	1.4448011788215882
1.3164884830152845	1.7398788075155274	1.4480806341112566
1.3180582783410784	1.7422511303101782	1.4513636153876848
1.3196280736668722	1.744625040282537	1.4546501252426778
1.3211978689926662	1.747000543896939	1.4579401663061693
1.32276766431846	1.7493776476518643	1.4612337412469414
1.324337459644254	1.751756358080176	1.4645308527725476
1.325907254970048	1.7541366817493538	1.4678315036295437
1.327477050295842	1.7565186252617409	1.4711356966039575
1.3290468456216358	1.7589021952547725	1.4744434345212236
1.3306166409474296	1.7612873984012336	1.4777547202473322
1.3321864362732234	1.7636742414094924	1.4810695566878922
1.3337562315990172	1.7660627310237555	1.4843879467896814
1.3353260269248113	1.7684528740243146	1.4877098935396935
1.336895822250605	1.7708446772278013	1.4910353999668209
1.3384656175763991	1.7732381474874366	1.4943644691260118
1.340035412902193	1.7756332916932913	1.4976971041562195
1.341605208227987	1.778030116772543	1.501033308198314
1.3431750035537808	1.7804286296897338	1.5043730844487206
1.3447447988795747	1.782828837447041	1.5077164361458895
1.3463145942053685	1.785230747084539	1.5110633665716764
1.3478843895311623	1.7876343656804643	1.5144138790511028
1.3494541848569563	1.7900397003235318	1.5177679769530692
1.3510239801827502	1.7924467582208794	1.521125663689939
1.3525937755085442	1.7948555465424496	1.5244869427187804
1.354163570834338	1.7972660725217702	1.5278518175410736
1.355733366160132	1.7996783434318995	1.5312202917034936
1.3573031614859257	1.8020923665857072	1.5345923687973242
1.3588729568117197	1.804508149336155	1.5379680524600434
1.3604427521375135	1.8069256990765776	1.5413473463748497
1.3620125474633076	1.809345023240983	1.544730254271332
1.3635823427891014	1.811766129304333	1.548116779925338
1.3651521381148952	1.8141890247828458	1.5515069271601214
1.3667219334406893	1.8166137172342833	1.5549006998458696
1.368291728766483	1.8190402142582585	1.5582981019007052
1.3698615240922771	1.8214685234965273	1.561699137290554
1.3714313194180707	1.8238986526333039	1.5651038100298496
1.3730011147438648	1.826330609395558	1.568512124181531
1.3745709100696586	1.8287644015533284	1.5719240838579025
1.3761407053954526	1.8312000369200354	1.5753396932205257
1.3777105007212465	1.8336375233527944	1.5787589564808646
1.3792802960470405	1.8360768687527385	1.5821818779006072
1.3808500913728343	1.8385180810653248	1.5856084617919
1.3824198866986281	1.8409611682806797	1.5890387125178385
1.383989682024422	1.8434061384339087	1.5924726344929154
1.3855594773502158	1.8458529996054294	1.5959102321834746
1.3871292726760098	1.8483017599213065	1.5993515101077618
1.3886990680018036	1.850752427553586	1.6027964728363147
1.3902688633275977	1.853205010720634	1.606245124993099
1.3918386586533915	1.855659517687477	1.6096974712549057
1.3934084539791856	1.8581159567661452	1.613153516352445
1.3949782493049794	1.8605743363160232	1.6166132650703113
1.3965480446307734	1.8630346647441978	1.620076722248041
1.398117839956567	1.8654969505058163	1.6235438927795496
1.3996876352823608	1.8679612021044416	1.6270147816142004
1.4012574306081549	1.870427428092413	1.6304893937575018
1.4028272259339487	1.8728956370712069	1.6339677342706516
1.4043970212597428	1.8753658376918132	1.6374498082718185
1.4059668165855366	1.8778380386550957	1.6409356209358963
1.4075366119113306	1.8803122487121842	1.6444251774954612
1.4091064072371244	1.8827884766648317	1.6479184832408125
1.4106762025629183	1.885266731365814	1.651415543498731
1.412245997888712	1.887747021719309	1.6549163637163653
1.4138157932145061	1.8902293566812873	1.658420949342092
1.4153855885403		1.892713745259917	1.6619293059019025
1.4169553838660938	1.895200196515946	1.6654414389828014
1.4185251791918878	1.8976887195227456	1.6689573542315783
1.4200949745176816	1.900179323519727	1.6724770573563434
1.4216647698434757	1.9026720176941798	1.6760005541269614
1.4232345651692693	1.9051668113209344	1.6795278503748212
1.4248043604950633	1.907663713729408	1.68305895199433
1.4263741558208571	1.9101627343040226	1.6865938649424925
1.4279439511466512	1.912663882484621	1.690132595239724
1.429513746472445	1.9151671677668998	1.69367514897091
1.431083541798239	1.9176725997028323	1.697221532284722
1.4326533371240329	1.9201801879011053	1.700771751395013
1.4342231324498267	1.922689942027548	1.7043258125813139
1.4357929277756207	1.925201871805587	1.7078837221887273
1.4373627231014143	1.9277159870166742	1.7114454866290871
1.4389325184272084	1.9302322975007549	1.715011112380955
1.4405023137530022	1.9327508132035196	1.7185806059908195
1.4420721090787962	1.9352715440111707	1.722153974169863
1.44364190440459	1.9377944999695178	1.7257312234405098
1.445211699730384	1.940319691156915	1.7293123606213463
1.446781495056178	1.9428471277124324	1.732897392324533
1.448351290381972	1.9453768196588779	1.736486325816185
1.4499210857077656	1.9479087775812225	1.7400791678904466
1.4514908810335594	1.950443011656854	1.7436759255807301
1.4530606763593534	1.9529795322730057	1.7472766059928517
1.4546304716851473	1.9555183498801383	1.7508812163048277
1.4562002670109413	1.958059474992424	1.7544897637676184
1.4577700623367351	1.9606029181882716	1.7581022557058033
1.4593398576625292	1.9631486901108028	1.7617186995180858
1.460909652988323	1.9656968014683973	1.7653391026779799
1.4624794483141168	1.9682472630351957	1.7689634727342682
1.4640492436399106	1.9708000856516317	1.7725918173117674
1.4656190389657047	1.9733552802249434	1.7762241441119004
1.4671888342914985	1.9759128577297367	1.7798604609127329
1.4687586296172923	1.978472829208492	1.7835007755707895
1.4703284249430864	1.9810352057721328	1.7871450960205895
1.4718982202688802	1.9835999986005635	1.7907934302757773
1.4734680155946742	1.9861672189432347	1.7944457864295777
1.4750378109204678	1.9887368781196817	1.798102172655443
1.4766076062462619	1.9913089875201235	1.8017625972081333
1.4781774015720557	1.9938835586060106	1.80542706842364
1.4797471968978497	1.9964606029106082	1.8090955947202798
1.4813169922236435	1.9990401320395823	1.8127681845995163
1.4828867875494376	2.001622157671595	1.8164448466457437
1.4844565828752314	2.004206691558877	1.8201255895285795
1.4860263782010255	2.0067937455278515	1.8238104220019427
1.4875961735268193	2.00938333147974	1.827499352905284
1.4891659688526129	2.011975461391155	1.8311923911649814
1.490735764178407	2.014570147314744	1.8348895457940129
1.4923055595042007	2.0171674013797998	1.838590825893251
1.4938753548299948	2.019767235792897	1.8422962406519259
1.4954451501557886	2.0223696628385177	1.8460057993487209
1.4970149454815826	2.024974694879738	1.8497195113518634
1.4985847408073765	2.0275823443588203	1.8534373861206244
1.5001545361331705	2.0301926237979058	1.8571594332054864
1.5017243314589641	2.032805545799682	1.8608856622492906
1.5032941267847582	2.035421123048038	1.8646160829876481
1.504863922110552	2.0380393683087537	1.8683507052497539
1.5064337174363458	2.0406602944301744	1.8720895389595218
1.5080035127621398	2.043283914343921	1.875832594136038
1.5095733080879337	2.0459102410655605	1.879579880894409
1.5111431034137277	2.0485392876953448	1.8833314094467666
1.5127128987395215	2.0511710674189096	1.887087190102752
1.5142826940653156	2.0538055935079824	1.890847233270354
1.5158524893911092	2.0564428793211245	1.8946115494572795
1.5174222847169032	2.0590829383044897	1.898380149270811
1.518992080042697	2.061725783992519	1.9021530434199128
1.520561875368491	2.064371430008724	1.9059302427145666
1.522131670694285	2.0670198900664474	1.9097117580682275
1.5237014660200787	2.069671177969628	1.9134976004974296
1.5252712613458728	2.072325307613554	1.9172877811233004
1.5268410566716666	2.0749822929856743	1.9210823111721145
1.5284108519974604	2.0776421481663845	1.9248812019766848
1.5299806473232542	2.080304887329807	1.92868446497645
1.5315504426490483	2.0829705247446304	1.9324921117193645
1.533120237974842	2.085639074774913	1.9363041538623003
1.5346900333006361	2.088310551880922	1.9401206031714264
1.53625982862643	2.090984970619922	1.9439414715246233
1.537829623952224	2.093662345647089	1.9477667709106963
1.5393994192780178	2.0963426917163015	1.9515965134319595
1.5409692146038114	2.0990260236810028	1.9554307113034568
1.5425390099296055	2.101712356495028	1.9592693768559388
1.5441088052553993	2.1044017052135593	1.9631125225348502
1.5456786005811933	2.107094084994089	1.966960160903123
1.5472483959069872	2.10978951109746	1.9708123046414143
1.5488181912327812	2.112487998888785	1.9746689665489607
1.550387986558575	2.1151895638379674	1.9785301595456193
1.551957781884369	2.1178942215196814	1.9823958966693767
1.5535275772101629	2.1206019876136306	1.9862661910781174
1.5550973725359567	2.1233128779088135	1.9901410560546045
1.5566671678617505	2.126026908311869	1.994020505018215
1.5582369631875443	2.1287440948435488	1.9979045515197273
1.5598067585133384	2.131464453598725	2.001793209184309
1.5613765538391322	2.1341880007528715	2.0056864917749646
1.5629463491649263	2.1369147528094237	2.0095844132683736
1.56451614449072	2.139644726192671	2.013486987679164
1.5660859398165141	2.1423779372018887	2.017394229188512
1.5676557351423077	2.145114402839295	2.021306152102088
1.5692255304681018	2.1478541398041053	2.0252227708602155
