0.001			0.0012505644610153466	8.965353979688208e-7
0.002569795325793896	0.003213695129615389	5.920509344427118e-6
0.004139590651587791	0.005176826914239684	0.00001536293803341609
0.005709385977381688	0.007139960496850012	0.000029223886300482124
0.007279181303175583	0.009103096559210377	0.00004750330406882556
0.008848976628969479	0.011066235783287852	0.00007020116312761949
0.010418771954763376	0.013029378850553405	0.00009731743287031528
0.01198856728055727	0.014992526442982766	0.00012885207378754876
0.013558362606351165	0.01695567924355725	0.00016480504160531128
0.015128157932145062	0.018918837932264603	0.00020517628458043244
0.016697953257938956	0.020882003193099855	0.00024996574690836653
0.018267748583732854	0.022845175706066156	0.0002991733632554692
0.01983754390952675	0.024808356155175612	0.00035279906449418717
0.021407339235320646	0.026771545222450132	0.00041084277369707567
0.022977134561114543	0.02873474358892228	0.00047330440821190625
0.024546929886908438	0.030697951937636102	0.000540183880006708
0.026116725212702332	0.03266117094964798	0.0006114810938681202
0.02768652053849623	0.03462440131002746	0.0006871959481783154
0.029256315864290124	0.036587643698858134	0.0007673283352530276
0.030826111190084018	0.03855089880023842	0.0008518781412241433
0.03239590651587791	0.04051416729628244	0.0009408452457853436
0.03396570184167181	0.04247744986912088	0.0010342295226217827
0.03553549716746571	0.0444407472039018	0.0011320308392218533
0.037105292493259605	0.0464040599807915	0.0012342490555443634
0.0386750878190535	0.048367388884975326	0.0013408840265555484
0.04024488314484739	0.05033073459865857	0.001451935601019758
0.04181467847064129	0.05229409780506726	0.0015674036216875636
0.04338447379643518	0.054257479189449016	0.0016872879238144312
0.044954269122229086	0.056220879433073925	0.0018115883360885904
0.04652406444802298	0.058184299221235324	0.0019403046825536008
0.048093859773816874	0.06014773923725071	0.002073436781155742
0.049663655099610765	0.06211120016546252	0.002210984442333607
0.05123345042540466	0.06407468269023903	0.0023529474700754787
0.05280324575119856	0.06603818749497511	0.0024993256623363456
0.05437304107699246	0.06800171526609321	0.002650118812291911
0.055942836402786356	0.06996526668604407	0.0028053267042626256
0.057512631728580246	0.07192884244130757	0.002964949120062994
0.059082427054374144	0.07389244321539369	0.0031289858294349265
0.060652222380168035	0.07585606969584323	0.003297436602727823
0.06222201770596193	0.07781972256622872	0.00347030119979993
0.06379181303175582	0.07978340251215518	0.00364757937286432
0.06536160835754973	0.08174711022126112	0.0038292708728135177
0.06693140368334362	0.08371084637721915	0.004015375441826401
0.06850119900913752	0.0856746116677371	0.004205892813769301
0.07007099433493141	0.08763840677855862	0.004400822718451154
0.07164078966072532	0.08960223239746415	0.004600164879608843
0.07321058498651921	0.0915660892092717	0.004803919014949227
0.0747803803123131	0.0935299779038378	0.005012084834638372
0.076350175638107	0.09549389916605817	0.005224662042714368
0.0779199709639009	0.09745782622986873	0.005441650338091523
0.07948976628969479	0.09942181411324634	0.005663049413897678
0.08105956161548868	0.10138583662720968	0.005888858953035674
0.08262935694128258	0.10334989445982007	0.006119078637563342
0.08419915226707647	0.10531398830018232	0.006353708140514757
0.08576894759287036	0.1072781188364456	0.006592747129028874
0.08733874291866427	0.10924228675980427	0.0068361952627370055
0.08890853824445817	0.11120649275149866	0.007084052197622281
0.09047833357025206	0.11317073751081601	0.007336317583500754
0.09204812889604595	0.11513502172609123	0.007592991059250416
0.09361792422183986	0.11709934608570784	0.007854072264797219
0.09518771954763375	0.11906371127809866	0.008119560826534563
0.09675751487342764	0.12102811800174682	0.008389456371129117
0.09832731019922153	0.12299256693518643	0.008663758513907788
0.09989710552501543	0.12495705878700362	0.008942466867992657
0.10146690085080932	0.12692159422583724	0.009225581036378277
0.10303669617660322	0.12888617397037966	0.009513100619963612
0.10460649150239712	0.13085080860937778	0.009805025209557752
0.10617628682819102	0.13281547917163378	0.010101354393688271
0.10774608215398492	0.13478019610600592	0.010402087751079507
0.1093158774797788	0.13674496011140938	0.010707224856830703
0.11088567280557271	0.1387097718668173	0.011016765277983101
0.1124554681313666	0.14067463207126127	0.011330708577967441
0.11402526345716049	0.14263954143383256	0.011649054311155352
0.1155950587829544	0.14460450062368257	0.01197180202759895
0.11716485410874829	0.14656951036002405	0.01229895127008131
0.11873464943454218	0.1485345713221317	0.012630501575386631
0.12030444476033607	0.150499684219343	0.012966452474862639
0.12187424008612997	0.15246484974105923	0.01330680349483973
0.12344403541192386	0.15443006857674613	0.01365155415108854
0.12501383073771777	0.1563953414359349	0.014000703959670128
0.12658362606351165	0.15836066900822285	0.01435425242397377
0.12815342138930555	0.16032605199327443	0.01471219904515527
0.12972321671509945	0.16229149110082197	0.015074543318683794
0.13129301204089333	0.16425698701066657	0.015441284730205966
0.13286280736668724	0.16622254042267884	0.015812422762606023
0.13443260269248114	0.16818815205679988	0.016187956891345417
0.13600239801827504	0.170153822593042	0.016567886586706108
0.13757219334406895	0.17211955274148966	0.01695221131189207
0.13914198866986283	0.17408534320230024	0.01734093052394845
0.14071178399565673	0.176051194675705	0.017734043674318883
0.14228157932145064	0.17801710786200964	0.01813155020892537
0.1438513746472445	0.17998308346159547	0.018533449564738954
0.14542116997303842	0.18194912218492013	0.018939741177331534
0.14699096529883232	0.18391522472251828	0.01935042447138227
0.1485607606246262	0.1858813917950027	0.01976549886800287
0.1501305559504201	0.18784762408306496	0.0201849637824807
0.151700351276214	0.18981392231747624	0.020608818623803263
0.15327014660200788	0.19178028718908835	0.021037062794064473
0.1548399419278018	0.19374671940883434	0.021469695689319328
0.15640973725359567	0.1957132196677295	0.021906716699575283
0.15797953257938957	0.19767978869687217	0.02234812520980934
0.15954932790518347	0.19964642717744457	0.022793920598667534
0.16111912323097735	0.2016131358407136	0.023244102237573463
0.16268891855677126	0.20357991537803174	0.02369866949314146
0.16425871388256516	0.20554676651083784	0.024157621725355048
0.16582850920835904	0.207513689940658	0.02462095828836765
0.16739830453415294	0.20948068636910638	0.0250886785292265
0.16896809985994685	0.2114477565278861	0.025560781790792776
0.17053789518574072	0.21341490110879	0.026037267409364594
0.17210769051153466	0.21538212082370153	0.0265181347142289
0.17367748583732853	0.21734941639459554	0.02700338302900185
0.17524728116312244	0.2193167885335392	0.027493011673624373
0.17681707648891634	0.22128423795269278	0.027987019957933894
0.17838687181471022	0.22325176535431052	0.02848540718809978
0.17995666714050412	0.22521937147074134	0.028988172664170992
0.18152646246629803	0.22718706764443	0.029495315679949695
0.1830962577920919	0.2291548334179176	0.03000683552409632
0.1846660531178858	0.23112268004384254	0.030522731478304338
0.1862358484436797	0.2330906082349414	0.03104300281822905
0.1878056437694736	0.2350586187040498	0.031567648813033124
0.1893754390952675	0.23702671218410312	0.032096668729479125
0.1909452344210614	0.23899488938813745	0.032630061823747676
0.19251502974685528	0.24096315102929042	0.033167827346586715
0.19408482507264918	0.24293149783080192	0.03370996454672747
0.19565462039844306	0.24489993051601505	0.03425647266404003
0.19722441572423696	0.24686844979837705	0.0348073509313181
0.19879421105003087	0.24883705640143985	0.03536259857745087
0.20036400637582474	0.25080575105886127	0.03592221482635793
0.20193380170161865	0.25277453447440545	0.03648619889183617
0.20350359702741255	0.2547434073919442	0.03705454998663062
0.20507339235320643	0.25671237051545726	0.037627267317618854
0.20664318767900033	0.25868142458903354	0.03820435007789409
0.20821298300479424	0.260650570326872	0.038785797464357535
0.20978277833058814	0.26261980845328214	0.03937160866354775
0.21135257365638205	0.2645891397026851	0.0399617828559711
0.21292236898217592	0.26655856479961443	0.040556319216774404
0.21449216430796983	0.26852808446871695	0.04115521691588763
0.21606195963376373	0.27049769944475355	0.04175847511764562
0.2176317549595576	0.27246741046260003	0.042366092977120816
0.21920155028535152	0.274437218237248	0.04297806964769031
0.22077134561114542	0.2764071235138057	0.04359440427610999
0.2223411409369393	0.2783771270074987	0.04421509600162216
0.2239109362627332	0.28034722947367097	0.04484014395846431
0.2254807315885271	0.2823174316277856	0.045469547276056524
0.22705052691432098	0.2842877342154254	0.04610330507576376
0.2286203222401149	0.2862581379722943	0.04674141647483949
0.2301901175659088	0.2882286436142177	0.04738388058482271
0.23175991289170267	0.2901992519071435	0.048030696510148956
0.23332970821749657	0.29216996159714287	0.04868186335137253
0.23489950354329045	0.29414077735041116	0.04933738020169515
0.23646929886908435	0.29611169795326864	0.0499972461488076
0.23803909419487826	0.29808272414216147	0.05066146027511616
0.23960888952067214	0.3000538599636625	0.05133002165623105
0.24117868484646604	0.302025099584472	0.05200292936272471
0.24274848017225995	0.3039964470214185	0.052680182461745814
0.24431827549805382	0.3059679030114598	0.05336178000933053
0.24588807082384773	0.3079394683016837	0.05404772106080542
0.24745786614964166	0.309911143639309	0.05473800466375058
0.24902766147543554	0.31188292976168563	0.05543262985923796
0.2505974568012294	0.3138548274262967	0.05613159568204235
0.2521672521270233	0.3158268373707583	0.05683490116555278
0.2537370474528172	0.3177989603428207	0.057542545334006115
0.2553068427786111	0.3197711971003693	0.05825452720422636
0.256876638104405	0.3217435483814253	0.058970845793122305
0.2584464334301989	0.32371601494414676	0.0596915001056826
0.2600162287559928	0.325688597536829	0.06041648914576501
0.26158602408178666	0.3276612969179058	0.06114581190786779
0.2631558194075806	0.32963411382595026	0.061879467385020245
0.26472561473337447	0.3316070490296754	0.0626174545598662
0.2662954100591684	0.33358010327793514	0.06335977241470572
0.2678652053849623	0.3355532774497252	0.06410641992138716
0.26943500071075616	0.33752657205418357	0.0648573960475201
0.2710047960365501	0.339499987970592	0.06561269975843728
0.27257459136234397	0.3414735259683762	0.06637233000974212
0.2741443866881379	0.343447186797107	0.0671362857521789
0.2757141820139318	0.345420971216501	0.06790456593139813
0.27728397733972565	0.3473948799964218	0.06867716948890669
0.27885377266551953	0.34936891389688024	0.06945409535960868
0.28042356799131346	0.35134307366803585	0.07023534247084234
0.28199336331710734	0.35331736009019704	0.07102090974759656
0.28356315864290127	0.3552917739138226	0.07181079610719618
0.2851329539686951	0.357266315919522	0.07260500046271105
0.286702749294489	0.35924098686805656	0.07340352172034706
0.2882725446202829	0.36121578753034017	0.07420635878252196
0.28984233994607683	0.3631907186674399	0.0750135105435612
0.2914121352718707	0.36516578106057734	0.07582497589535273
0.29298193059766464	0.36714097547112895	0.0766407537229932
0.29455172592345846	0.36911630268062723	0.07746084290557569
0.2961215212492524	0.3710917634507612	0.07828524231530282
0.29769131657504627	0.37306735856337775	0.07911395082311544
0.2992611119008402	0.37504308880048187	0.07994696728953793
0.3008309072266341	0.377018954924238	0.08078429057418497
0.302400702552428	0.3789949577169704	0.08162591952909022
0.3039704978782219	0.3809710979511646	0.08247185300002806
0.30554029320401577	0.38294737642946736	0.08332208982902845
0.3071100885298097	0.3849237939046885	0.08417662885098015
0.3086798838556036	0.386900351169801	0.08503546889640196
0.3102496791813975	0.3888770490079419	0.08589860879109387
0.31181947450719133	0.39085388821241374	0.08676604735612319
0.31338926983298526	0.39283086954668456	0.08763778340284385
0.31495906515877914	0.39480799381438936	0.08851381574236591
0.31652886048457307	0.39678526178933043	0.08939414317600769
0.31809865581036695	0.3987626742754788	0.09027876450283538
0.3196684511361609	0.40074023204697445	0.09116767851856365
0.3212382464619547	0.4027179334381276	0.09206088400673372
0.32280804178774863	0.4046957841534193	0.09295833754762567
0.3243778371135425	0.406673782527502	0.09386012173682433
0.32594763243933644	0.4086519293652013	0.09476619372620164
0.3275174277651303	0.41063022545151573	0.09567655227874851
0.3290872230909242	0.41260867160161807	0.09659119615592764
0.3306570184167181	0.41458726859085643	0.0975101241159966
0.332226813742512	0.41656601722475445	0.09843334816975492
0.3337966090683059	0.4185449183090127	0.0993608407271606
0.3353664043940998	0.42052397263950914	0.10029261360504929
0.3369361997198937	0.42250318101230017	0.10122866553607658
0.33850599504568757	0.42448254424362136	0.10216899525163724
0.34007579037148145	0.4264620631298883	0.10311360147400307
0.3416455856972754	0.42844173848769757	0.10406248292385259
0.3432153810230693	0.43042157110382717	0.10501563831494376
0.3447851763488632	0.43240156180523776	0.10597307277070467
0.34635497167465706	0.4343817113890734	0.10693477223914839
0.34792476700045094	0.4363620206726622	0.10790074176148338
0.3494945623262449	0.4383424904635174	0.10887098002715404
0.35106435765203875	0.44032312156933795	0.10984548573252799
0.3526341529778327	0.44230391213800957	0.11082425754891852
0.35420394830362656	0.44428486832760533	0.11180729416147615
0.35577374362942044	0.44626598834638675	0.1127945942415526
0.3573435389552143	0.44824727288280447	0.11378615645919818
0.35891333428100824	0.450228722835499	0.11478197948048624
0.3604831296068021	0.4522103390133018	0.11578206195190158
0.36205292493259605	0.45419212223523586	0.11678640252443369
0.3636227202583899	0.45617407334051674	0.11779499986706829
0.3651925155841838	0.45815619313855305	0.1188078525960286
0.3667623109099777	0.4601384824589478	0.11982495936740284
0.3683321062357716	0.4621209421314988	0.12084631881013408
0.3699019015615655	0.4641035729861996	0.1218719295443875
0.3714716968873594	0.4660863758432404	0.12290179019895457
0.37304149221315325	0.4680693515530089	0.12393589938526231
0.3746112875389472	0.47005250093609074	0.12497425571710244
0.37618108286474106	0.47203582474327105	0.126016857812481
0.377750878190535	0.4740193239855346	0.12706370426785396
0.3793206735163289	0.476002999394067	0.12811479366751516
0.3808904688421228	0.47798685183025524	0.12917012462436148
0.3824602641679167	0.479970882125689	0.13022969572638798
0.38403005949371055	0.48195509112216084	0.1312935055407508
0.3855998548195045	0.4839394796616675	0.1323615526516335
0.38716965014529836	0.4859240485864107	0.13343383563144165
0.3887394454710923	0.4879087987487976	0.1345103530497005
0.3903092407968861	0.48989373099144207	0.1355911034827526
0.39187903612268005	0.49187884616716515	0.13667608546652432
0.3934488314484739	0.4938641451089961	0.13776529757264
0.39501862677426786	0.4958496286901733	0.13885873833882723
0.39658842210006173	0.49783529775414465	0.1399564063154308
0.39815821742585567	0.49982115066456895	0.14105830004676928
0.3997280127516495	0.5018071932353163	0.14216441805477403
0.4012978080774434	0.5037934238504691	0.14327475887043503
0.4028676034032373	0.5057798433843229	0.14438932103106322
0.40443739872903123	0.5077664526813872	0.14550810305174866
0.4060071940548251	0.509753252616386	0.1466311034475001
0.407576989380619	0.5117402502142593	0.14775832072650386
0.40914678470641286	0.5137274199501631	0.1488897534003347
0.4107165800322068	0.5157147968994709	0.15002539997379646
0.41228637535800067	0.5177023679377738	0.15116525892901542
0.4138561706837946	0.5196901339508825	0.15230932876871867
0.4154259660095885	0.5216780957848266	0.15345760798424873
0.41699576133538235	0.5236662543358567	0.15461009287888774
0.4185655566611763	0.5256546104604446	0.15576678625058374
0.42013535198697016	0.5276431650452842	0.15692768441809796
0.4217051473127641	0.5296319189672923	0.1580927858751953
0.42327494263855797	0.5316208731036097	0.1592620890682319
0.42484473796435185	0.5336100283316016	0.1604355924605995
0.4264145332901457	0.5355993855488589	0.1616132945092264
0.42798432861593966	0.5375889456131984	0.16279519366185222
0.42955412394173353	0.5395787094326641	0.1639812883696961
0.43112391926752747	0.541568677875528	0.1651715770783496
0.43269371459332134	0.5435588518502907	0.16636605821127
0.4342635099191152	0.5455492322456824	0.1675647302222949
0.4358333052449091	0.5475398199406638	0.16876759152020632
0.43740310057070303	0.5495306158344263	0.1699746405433001
0.4389728958964969	0.5515216208263937	0.17118587570520694
0.44054269122229084	0.5535128358162225	0.1724012954120372
0.4421124865480847	0.5555042616938027	0.1736208980930872
0.4436822818738786	0.5574958993692588	0.17484468214928248
0.44525207719967247	0.5594877497429508	0.17607264597436195
0.4468218725254664	0.5614798137154744	0.17730478790604015
0.4483916678512603	0.5634720921976625	0.17854110647524832
0.4499614631770542	0.5654645860905855	0.17978159999194315
0.45153125850284803	0.5674572963055524	0.18102626684517678
0.45310105382864196	0.5694502237641115	0.18227510542069972
0.4546708491544359	0.5714433693780514	0.18352811410457465
0.4562406444802298	0.5734367340494017	0.18478529124499832
0.4578104398060237	0.5754303170504333	0.18604663521506398
0.4593802351318176	0.5774241225936606	0.18731214439991528
0.46095003045761146	0.5794181499518406	0.18858181713885744
0.46251982578340534	0.5814124000579748	0.18985565235146015
0.46408962110919927	0.58340687383531	0.19113364727067622
0.46565941643499315	0.5854015722073386	0.19241580080811746
0.4672292117607871	0.5873964960977999	0.19370211129778644
0.4687990070865809	0.5893916464406801	0.1949925770763685
0.47036880241237483	0.5913870241602148	0.19628719647836013
0.4719385977381687	0.5933826302008877	0.19758596784533847
0.47350839306396264	0.5953784654974329	0.19888888949438085
0.4750781883897565	0.5973745309748353	0.20019595974299842
0.47664798371555045	0.5993708275883312	0.2015071769103377
0.47821777904134427	0.6013673562734093	0.20282253931543187
0.4797875743671382	0.6033641179658116	0.20414204530095706
0.4813573696929321	0.6053611136215339	0.20546569310808097
0.482927165018726	0.607358344176827	0.2067934768708259
0.4844969603445199	0.6093558105881973	0.20812540323771214
0.48606675567031377	0.6113535138024077	0.20946146634138452
0.48763655099610764	0.613351454776478	0.2108016644828303
0.4892063463219016	0.6153496344676865	0.21214599594239317
0.49077614164769545	0.6173480538235703	0.21349445899835323
0.4923459369734894	0.6193467138119256	0.214847051935941
0.4939157322992833	0.6213456153908101	0.21620377302861643
0.49548552762507714	0.623344759518542	0.2175646205491164
0.49705532295087107	0.6253441471737018	0.21892959736724682
0.49862511827666495	0.627343779305133	0.22029869257200124
0.5001949136024588	0.6293436568919428	0.22167190898831074
0.5017647089282528	0.6313437812635032	0.22304924487377803
0.5033345042540466	0.633344152679451	0.22443069847751218
0.5049042995798405	0.6353447724696893	0.2258162680435829
0.5064740949056344	0.6373456416143887	0.22720595181852327
0.5080438902314284	0.6393467610839869	0.22859974805030903
0.5096136855572222	0.6413481318791905	0.22999765495563065
0.5111834808830161	0.6433497549709754	0.2313996707766757
0.51275327620881	0.6453516313405876	0.2328057937464186
0.514323071534604	0.6473537619795444	0.23421602208472345
0.5158928668603978	0.6493561478896345	0.23563035401882287
0.5174626621861916	0.6513587900529196	0.23704878775501523
0.5190324575119856	0.6533616894617345	0.23847132152177877
0.5206022528377795	0.6553648471286881	0.239897953517301
0.5221720481635733	0.6573682640366649	0.24132868195541685
0.5237418434893673	0.6593719411888246	0.24276350458456808
0.5253116388151612	0.661375879588604	0.2442024205038151
0.5268814341409551	0.6633800802497168	0.24564542746959678
0.5284512294667489	0.6653845441861556	0.24709252367388007
0.5300210247925429	0.6673892723821915	0.24854370728984973
0.5315908201183368	0.6693942658823755	0.24999897652232592
0.5331606154441307	0.6713995256715397	0.25145832953490327
0.5347304107699246	0.673405052794797	0.2529217636503878
0.5363002060957184	0.675410848247543	0.25438927878164497
0.5378700014215123	0.6774169130754563	0.2558608722244375
0.5394397967473062	0.6794232482744991	0.25733654215987056
0.5410095920731002	0.6814298549009183	0.2588162867403483
0.542579387398894	0.6834367339612466	0.2603001041360937
0.5441491827246879	0.6854438864923025	0.26178799251287344
0.5457189780504819	0.6874513135411918	0.2632799500088283
0.5472887733762758	0.6894590161253081	0.2647759747867816
0.5488585687020696	0.6914669952923338	0.26627606499167145
0.5504283640278635	0.6934752520802403	0.2677802187742996
0.5519981593536574	0.6954837875372897	0.26928843426419785
0.5535679546794513	0.6974926027020348	0.2708007096204095
0.5551377500052451	0.6995016986333206	0.27231704296802867
0.556707545331039	0.7015110763702844	0.27383743243568065
0.558277340656833	0.7035207369623573	0.27536187616411184
0.5598471359826269	0.7055306814892641	0.27689037227656865
0.5614169313084207	0.707540910981025	0.2784229188832928
0.5629867266342147	0.7095514265179561	0.2799595141245281
0.5645565219600086	0.7115622291506698	0.2815001561075086
0.5661263172858025	0.7135733199500762	0.2830448429485803
0.5676961126115965	0.7155846999873835	0.2845935727518707
0.5692659079373902	0.7175963703240986	0.2861463436308257
0.5708357032631841	0.7196083320420288	0.2877031536993803
0.572405498588978	0.7216205862132815	0.2892640010541619
0.573975293914772	0.7236331339202658	0.2908288837877252
0.5755450892405658	0.7256459762356926	0.2923977999963543
0.5771148845663597	0.7276591142525762	0.2939707477848728
0.5786846798921537	0.7296725490542343	0.2955477252392409
0.5802544752179476	0.7316862817242892	0.29712873044398364
0.5818242705437414	0.7337003133566689	0.2987137614885386
0.5833940658695353	0.735714645045607	0.3003028164449194
0.5849638611953293	0.7377292778956444	0.30189589341226714
0.5865336565211231	0.7397442130016296	0.30349299044858824
0.5881034518469169	0.7417594514587196	0.30509410562935957
0.5896732471727109	0.7437749943723807	0.3066992370421765
0.5912430424985048	0.7457908428683891	0.30830838273757816
0.5928128378242987	0.7478069980328322	0.30992154079055323
0.5943826331500925	0.749823460992109	0.3115387092601844
0.5959524284758865	0.7518402328729304	0.31315988620910873
0.5975222238016804	0.7538573147623213	0.314785069693699
0.5990920191274743	0.7558747091276204	0.3164142598329083
0.6006618144532682	0.7578924144564807	0.3180474505818589
0.6022316097790621	0.7599104331868715	0.3196846420257556
0.603801405104856	0.7619287664370779	0.3213258322072926
0.6053712004306498	0.7639474153657025	0.32297101917911686
0.6069409957564438	0.7659663810916657	0.3246202009729424
0.6085107910822376	0.7679856647442068	0.326273375649968
0.6100805864080315	0.7700052674828846	0.32793054122601384
0.6116503817338255	0.7720251904475777	0.32959169574886904
0.6132201770596194	0.7740454347784863	0.3312568372478123
0.6147899723854132	0.7760660016361324	0.3329259637434891
0.6163597677112072	0.7780868921613606	0.3345990732840169
0.6179295630370011	0.7801081075253389	0.33627616387923875
0.619499358362795	0.7821296488695594	0.33795723356256285
0.6210691536885888	0.7841515173658393	0.33964228035246685
0.6226389490143827	0.7861737141763215	0.34133130226149433
0.6242087443401766	0.7881962404734756	0.3430242973148215
0.6257785396659705	0.7902190974300984	0.3447212502603177
0.6273483349917643	0.7922422862093149	0.3464221854945808
0.6289181303175583	0.7942658079945787	0.34812708790206126
0.6304879256433522	0.7962896646896735	0.3498359554973314
0.6320577209691461	0.7983138560387129	0.3515487862815391
0.63362751629494	0.8003383839461423	0.35326557826837596
0.6351973116207339	0.8023632495867388	0.3549863294467138
0.6367671069465278	0.8043884541756122	0.356711037817103
0.6383369022723218	0.8064139988982059	0.35843970138898124
0.6399066975981155	0.8084398849502977	0.36017231814708245
0.6414764929239094	0.8104661135380004	0.36190888609121824
0.6430462882497033	0.8124926858677628	0.36364940320430617
0.6446160835754973	0.81451960314637	0.36539386749284536
0.6461858789012912	0.8165468665809451	0.36714227692900425
0.647755674227085	0.8185744773889488	0.36889462950634355
0.649325469552879	0.8206024367981812	0.37065092320514814
0.6508952648786729	0.8226307460167819	0.3724111560180655
0.6524650602044668	0.8246594062732309	0.37417532591244623
0.6540348555302606	0.8266884187963496	0.3759434308703789
0.6556046508560546	0.8287177848153016	0.3777154688772775
0.6571744461818484	0.8307475055695932	0.3794914378988089
0.6587442415076423	0.8327775822990743	0.38127133592435447
0.6603140368334361	0.8348080162339387	0.3830551609079966
0.6618838321592301	0.8368388086247263	0.3848429277226657
0.663453627485024	0.8388699607223219	0.38663460072415595
0.6650234228108179	0.8409014737779575	0.38843019460249983
0.6665932181366118	0.8429333490432125	0.3902296868606693
0.6681630134624057	0.8449655877800142	0.39203311618073294
0.6697328087881996	0.8469981912406391	0.39384046026030306
0.6713026041139936	0.8490311607077135	0.39565171706996516
0.6728723994397874	0.8510644974342138	0.39746688455917717
0.6744421947655812	0.8530982026934678	0.3992859607033039
0.6760119900913751	0.8551322777691557	0.40110894345050574
0.6775817854171691	0.85716672393531	0.40293583074815176
0.6791515807429629	0.859201542466317	0.4047666205690447
0.6807213760687568	0.8612367346669169	0.40660131084806966
0.6822911713945508	0.8632723018222056	0.40843989955135396
0.6838609667203447	0.8653082452176343	0.4102823846198592
0.6854307620461386	0.8673445661490109	0.4121287640072242
0.6870005573719324	0.8693812659325008	0.4139790356539656
0.6885703526977264	0.8714183638646275	0.415833197521259
0.6901401480235203	0.8734558253722728	0.41769124754947495
0.6917099433493141	0.8754936696526792	0.41955318367836675
0.693279738675108	0.8775318980134483	0.42141900385701087
0.6948495340009019	0.879570511782544	0.42328870602384777
0.6964193293266958	0.8816095122682913	0.4251622881242984
0.6979891246524897	0.8836489008093782	0.42703974809916595
0.6995589199782836	0.8856886787248558	0.4289210838813184
0.7011287153040775	0.8877288473641397	0.430806293417957
0.7026985106298714	0.8897694080470102	0.4326953746431114
0.7042683059556654	0.8918103621336134	0.4345883254929531
0.7058381012814592	0.8938517109544617	0.43648514391014037
0.7074078966072531	0.8958934558704346	0.4383858278185239
0.7089776919330469	0.8979355982327796	0.4402903751598597
0.7105474872588409	0.8999781393831129	0.4421987838678245
0.7121172825846347	0.9020210807134201	0.44411105187322075
0.7136870779104286	0.9040644235560572	0.44602717711624945
0.7152568732362226	0.9061081693037505	0.44794715752028447
0.7168266685620165	0.9081523193195985	0.44987099101209255
0.7183964638878104	0.9101968749770721	0.4517986755227748
0.7199662592136042	0.912241837670015	0.45373020961179045
0.7215360545393982	0.914287206132645	0.45566558996686474
0.7231058498651921	0.9163329661995548	0.4576048151364163
0.724675645190986	0.9183791581257122	0.4595478830487095
0.7262454405167797	0.9204257626464614	0.4614947916298533
0.7278152358425737	0.922472781157523	0.4634455387959493
0.7293850311683676	0.9245202150649956	0.46540012249489604
0.7309548264941615	0.9265680657753564	0.4673585406330486
0.7325246218199554	0.9286163347154612	0.4693207911537834
0.7340944171457493	0.9306650232925462	0.47128687197401326
0.7356642124715432	0.9327141329342277	0.4732567810163185
0.7372340077973372	0.9347636650585036	0.47523051621799667
0.738803803123131	0.9368136211037539	0.47720807548971494
0.7403735984489249	0.9388640024987412	0.479189456768075
0.7419433937747189	0.9409148106926122	0.48117465797539016
0.7435131891005128	0.9429660471148973	0.4831636770415684
0.7450829844263065	0.9450177132255122	0.48515651187330383
0.7466527797521004	0.9470698104747584	0.487153160420874
0.7482225750778944	0.9491223403233238	0.48915362058782325
0.7497923704036883	0.9511753042122837	0.4911578903029058
0.7513621657294821	0.9532287036231012	0.49316596749908825
0.752931961055276	0.9552825400276284	0.49517785009808946
0.75450175638107	0.9573368148981063	0.4971935360298773
0.7560715517068639	0.9593915297071669	0.49921302320581423
0.7576413470326578	0.9614466859378323	0.5012363095665548
0.7592111423584517	0.9635022850835168	0.5032633930303837
0.7607809376842456	0.9655583286280268	0.5052942715166211
0.7623507330100394	0.9676148180855619	0.5073289429690908
0.7639205283358333	0.9696717549407156	0.509367405292846
0.7654903236616272	0.9717291406984757	0.5114096564402462
0.7670601189874211	0.9737869768842257	0.5134556943185656
0.768629914313215	0.9758452650037448	0.5155055168584257
0.770199709639009	0.977904006583209	0.5175591219969141
0.7717695049648028	0.9799632031291918	0.5196165076619181
0.7733393002905967	0.9820228561886654	0.5216776717749134
0.7749090956163907	0.9840829672989997	0.5237426122625609
0.7764788909421846	0.9861435379879655	0.5258113270723832
0.7780486862679784	0.9882045697937333	0.5278838141243849
0.7796184815937722	0.9902660642748748	0.5299600713459253
0.7811882769195662	0.9923280229903637	0.5320400966844282
0.7827580722453601	0.9943904474795762	0.5341238880695691
0.7843278675711539	0.9964533393322913	0.5362114434149808
0.7858976628969478	0.9985167000886928	0.5383027588226794
0.7874674582227418	1.0005805313293683	0.5403978359197752
0.7890372535485357	1.0026448346453114	0.5424966708034611
0.7906070488743295	1.004709611607922	0.5445992614107515
0.7921768442001235	1.006774863799006	0.5467056056799801
0.7937466395259174	1.0088405928307775	0.5488157015594227
0.7953164348517113	1.010906800285859	0.5509295469661419
0.7968862301775052	1.0129734877672818	0.5530471398685303
0.798456025503299	1.0150406568784867	0.5551684781926189
0.8000258208290929	1.0171083092533246	0.5572935598879202
0.8015956161548868	1.019176446486059	0.5594223829016914
0.8031654114806808	1.0212450702113636	0.5615549451725186
0.8047352068064746	1.0233141820643252	0.5636912446589986
0.8063050021322685	1.0253837836704445	0.5658312793174052
0.8078747974580625	1.0274538766556351	0.5679750470778276
0.8094445927838564	1.029524462686226	0.5701225459066481
0.8110143881096502	1.0315955434089616	0.572273773754051
0.8125841834354441	1.033667120461002	0.5744287285781646
0.814153978761238	1.0357391955199244	0.5765874083282075
0.8157237740870319	1.0378117702437233	0.5787498109622785
0.8172935694128257	1.0398848463008115	0.5809159344488933
0.8188633647386196	1.041958425380021	0.5830857767478761
0.8204331600644136	1.0440325091506026	0.5852593358190706
0.8220029553902075	1.0461070993022286	0.5874366096326864
0.8235727507160013	1.0481821975249912	0.5896175961465955
0.8251425460417953	1.050257805519405	0.5918022933325952
0.8267123413675892	1.0523339249964068	0.5939906991702393
0.8282821366933831	1.0544105576573566	0.5961828116206048
0.829851932019177	1.056487705224038	0.5983786286625289
0.8314217273449708	1.0585653694086594	0.600578148269874
0.8329915226707647	1.0606435519438544	0.602781368422008
0.8345613179965586	1.0627222545526822	0.6049882871020562
0.8361311133223526	1.0648014789886286	0.6071989022902985
0.8377009086481464	1.0668812269756074	0.6094132119690687
0.8392707039739403	1.0689615002779593	0.6116312141313824
0.8408404992997343	1.0710423006404548	0.6138529067593548
0.8424102946255282	1.0731236298782927	0.6160782985276072
0.843980089951322	1.0752054896171028	0.6183073661478621
0.8455498852771159	1.0772878817829454	0.6205401182154464
0.8471196806029099	1.0793708080223112	0.622776552733882
0.8486894759287037	1.0814542702821248	0.6250166677080283
0.8502592712544975	1.0835382702097425	0.6272604611221093
0.8518290665802914	1.0856228096529543	0.6295079310020455
0.8533988619060854	1.0877078904599842	0.6317590753525976
0.8549686572318793	1.0897935143794915	0.6340138921816216
0.8565384525576731	1.0918796831605706	0.6362723794961004
0.8581082478834671	1.0939663987527528	0.6385345353210408
0.859678043209261	1.0960536629060058	0.6408003576743022
0.8612478385350549	1.098141477570735	0.6430698445855456
0.8628176338608488	1.1002298443977838	0.6453429940622264
0.8643874291866427	1.1023187653384352	0.6476198041523182
0.8659572245124365	1.1044082422444113	0.6499002728669527
0.8675270198382304	1.1064982770678748	0.6521843982551002
0.8690968151640243	1.1085888714614298	0.6544721783474566
0.8706666104898182	1.1106800273781208	0.6567636111853054
0.8722364058156121	1.1127717467714358	0.6590586948091333
0.8738062011414061	1.1148640314953053	0.6613574272714647
0.8753759964672		1.116956883404104	0.6636598066150222
0.8769457917929938	1.1190503043526505	0.6659658309032545
0.8785155871187877	1.1211442963962084	0.6682754981800533
0.8800853824445817	1.1232388612904873	0.6705888065100465
0.8816551777703756	1.125334000991643	0.6729057539560871
0.8832249730961694	1.1274297175562784	0.6752263385761583
0.8847947684219633	1.1295260126414446	0.677550558466743
0.8863645637477572	1.1316228885046398	0.6798784116710943
0.8879343590735511	1.1337203629038122	0.682209896280462
0.8895041543993449	1.1358184057973602	0.6845450103707086
0.8910739497251389	1.1379170352441312	0.6868837520418745
0.8926437450509328	1.140016253003425	0.6892261193624248
0.8942135403767267	1.1421160612349919	0.6915721104324812
0.8957833357025206	1.1442164617990356	0.6939217233541679
0.8973531310283145	1.1463174567562122	0.6962749562178029
0.8989229263541084	1.1484190480676317	0.6986318071358084
0.9004927216799024	1.1505212376948584	0.7009922742111638
0.9020625170056961	1.1526240276999113	0.703356355558657
0.90363231233149	1.154727420045266	0.7057240492916859
0.9052021076572839	1.1568314167938532	0.7080953535253501
0.9067719029830779	1.1589360199090615	0.7104702663957128
0.9083416983088718	1.1610412315547363	0.7128487860293923
0.9099114936346656	1.1631470535951822	0.7152309105639075
0.9114812889604595	1.1652534881951622	0.7176166381198573
0.9130510842862535	1.1673605374198988	0.7200059668628943
0.9146208796120474	1.1694682032350747	0.7223988949149919
0.9161906749378412	1.171576487806834	0.7247945258159055
0.9177604702636352	1.173685393201782	0.727194638268265
0.919330265589429	1.1757949213869854	0.7295983444142438
0.9209000609152229	1.1779050746299753	0.7320056370260063
0.9224698562410167	1.180015854898745	0.7344165250499389
0.9240396515668107	1.1821272643617522	0.736831001279779
0.9256094468926046	1.1842393051879196	0.7392490639023103
0.9271792422183985	1.1863519793466353	0.7416707120633167
0.9287490375441924	1.1884652890077532	0.7440974760512276
0.9303188328699863	1.1905792364415937	0.7465247529358825
0.9318886281957802	1.1926938237189448	0.7489571430042912
0.9334584235215742	1.1948090529110629	0.7513931104301518
0.935028218847368	1.1969249262896717	0.753832652432548
0.9365980141731618	1.1990414460269654	0.7562757692047384
0.9381678094989557	1.2011586141956074	0.7587224579810856
0.9397376048247497	1.203277031868732	0.7611727169856626
0.9413074001505435	1.2053949048199437	0.7636265444423288
0.9428771954763374	1.2075140316233202	0.7660839444409501
0.9444469908021313	1.20963381565341	0.7685449035658428
0.9460167861279253	1.2117542591852362	0.7710105019790451
0.9475865814537192	1.2138753644942943	0.7734785962757617
0.949156376779513	1.2159971337565545	0.775950250378615
0.950726172105307	1.2181195692484619	0.7784254625512874
0.9522959674311009	1.2202426731469371	0.7809042310633829
0.9538657627568947	1.2223664477293772	0.7833865541905379
0.9554355580826885	1.2244897076736554	0.7858724302259859
0.9570053534084825	1.2266148209581225	0.7883618574587279
0.9585751487342764	1.228740604561608	0.7908548341740533
0.9601449440600703	1.230867074963419	0.7933513586893723
0.9617147393858642	1.2329942273433425	0.7958514292959918
0.9632845347116581	1.235122064181645	0.7983550443224858
0.964854330037452	1.2372505887590737	0.800862202080789
0.966424125363246	1.239379801256857	0.803372900905591
0.9679939206890398	1.2415097049567048	0.8058871391300237
0.9695637160148337	1.2436403023408096	0.8084049150871678
0.9711335113406275	1.2457715957918463	0.8109262271374514
0.9727033066664215	1.247903586292974	0.8134510736152526
0.9742731019922153	1.2500362788278354	0.8159794528995464
0.9758428973180092	1.2521696744805586	0.8185113633506369
0.9774126926438031	1.2543037755357564	0.8210468033512613
0.9789824879695971	1.256438592078528	0.8235857712617832
0.9805522832953909	1.258575463394459	0.8261282654972167
0.9821220786211848	1.2607117065696227	0.8286742844316892
0.9836918739469788	1.2628486650905795	0.8312238264838966
0.9852616692727727	1.264986341244378	0.8337768726779418
0.9868314645985666	1.2671247375185573	0.8363334560738909
0.9884012599243603	1.2692638564011447	0.8388935578321176
0.9899710552501543	1.2714037002806577	0.8414571763729201
0.9915408505759482	1.2735442716461054	0.8440243101613065
0.9931106459017421	1.275685573086988	0.8465949576203606
0.994680441227536	1.2778276069932974	0.8491691172153842
0.9962502365533299	1.2799703558555184	0.8517467874018685
0.9978200318791238	1.2821138620646289	0.8543279666603998
0.9993898272049178	1.2842581084121005	0.856912653467991
1.0009596225307116	1.2864030972898992	0.8595008462965146
1.0025294178565054	1.2885488311904862	0.8620925436594167
1.0040992131822992	1.290695312706818	0.8646877440387433
1.005669008508093	1.292842544432347	0.8672864459608247
1.007238803833887	1.2949905289610226	0.8698886479405687
1.008808599159681	1.2971392687872918	0.8724943472368981
1.0103783944854747	1.299288766606099	0.8751035448989999
1.0119481898112688	1.301439024812887	0.8777162382284344
1.0135179851370626	1.3035900463035988	0.8803324257659381
1.0150877804628566	1.305741833474675	0.8829521060760107
1.0166575757886505	1.3078943890230583	0.8855752777248189
1.0182273711144443	1.3100477155461911	0.8882019392873818
1.0197971664402383	1.3122018157420174	0.8908320893626319
1.0213669617660321	1.314356692308984	0.8934657265409153
1.0229367570918262	1.3165123478460385	0.896102849421931
1.0245065524176198	1.3186687851526335	0.8987434566200387
1.0260763477434138	1.3208260067287236	0.9013875467590342
1.0276461430692079	1.3229840153747687	0.9040351184629853
1.0292159383950017	1.3251428138917332	0.9066861703921372
1.0307857337207955	1.327302404881087	0.9093407011724531
1.0323555290465893	1.3294627910448056	0.9119987094873774
1.0339253243723832	1.3316239752853711	0.9146601939869936
1.0354951196981772	1.3337859602057731	0.9173251533655233
1.037064915023971	1.335948748709508	0.9199935862997858
1.038634710349765	1.3381123435005817	0.9226654914934348
1.0402045056755589	1.3402767473835075	0.9253408676478417
1.041774301001353	1.342441963063309	0.9280197134923527
1.0433440963271465	1.344607993545519	0.9307020277376397
1.0449138916529406	1.3467748414361813	0.9333878091375711
1.0464836869787344	1.3489425097418501	0.9360770564398575
1.0480534823045284	1.3511110012695915	0.9387697683877942
1.0496232776303223	1.3532803188269842	0.9414659437713171
1.051193072956116	1.3554504653221182	0.9441655813505947
1.0527628682819101	1.3576214435635983	0.946868679917496
1.054332663607704	1.359793256560542	0.9495752382745957
1.0559024589334978	1.3619659072225814	0.9522852552494142
1.0574722542592916	1.3641393982598635	0.9549987296366186
1.0590420495850856	1.3663137328830506	0.9577156602761403
1.0606118449108795	1.3684889138033207	0.9604360460170369
1.0621816402366735	1.3706649440323693	0.9631598857139437
1.0637514355624673	1.372841826682408	0.9658871782294585
1.0653212308882614	1.3750195644661658	0.9686179224279675
1.0668910262140552	1.3771981605968906	0.9713521172202961
1.068460821539849	1.3793776179883486	0.9740897614831654
1.0700306168656428	1.381557939654825	0.9768308541475798
1.0716004121914366	1.3837391286111247	0.979575394108301
1.0731702075172307	1.3859211878725732	0.9823233803286393
1.0747400028430245	1.3881041205550169	0.9850748117360049
1.0763097981688186	1.3902879297748232	0.9878296872884513
1.0778795934946124	1.3924726183488807	0.9905880059568991
1.0794493888204064	1.3946581896946022	0.9933497667116613
1.0810191841462002	1.3968446466299214	0.9961149685687646
1.082588979471994	1.3990319924732968	0.9988836105121881
1.0841587747977879	1.4012202302437102	1.0016556915702424
1.0857285701235817	1.4034093630606685	1.0044312107743982
1.0872983654493757	1.4055993941442029	1.0072101671542748
1.0888681607751696	1.4077903267148706	1.0099925597648753
1.0904379561009636	1.4099821637937544	1.0127783876885683
1.0920077514267574	1.4121749087024644	1.015567649995234
1.0935775467525515	1.4143685645631374	1.018360345773437
1.095147342078345	1.4165631345984375	1.021156474134653
1.0967171374041391	1.4187586221315571	1.0239560342009333
1.098286932729933	1.4209550302862177	1.0267590250989915
1.099856728055727	1.4231523623866695	1.0295654459634802
1.1014265233815208	1.4253506217576923	1.0323752959762131
1.1029963187073146	1.4275498115245961	1.0351885742858071
1.1045661140331087	1.4297499352132224	1.0380053281066184
1.1061359093589025	1.4319509959499426	1.040825461063734
1.1077057046846965	1.4341529971616604	1.043649019924235
1.1092755000104901	1.4363559421758116	1.0464760039158683
1.1108452953362842	1.4385598343203652	1.0493064122821054
1.112415090662078	1.4407646770238225	1.0521402442836871
1.113984885987872	1.442970473615219	1.0549774991754988
1.1155546813136659	1.4451772274241246	1.0578181762570449
1.11712447663946	1.4473849420806437	1.0606622747563736
1.1186942719652537	1.4495936208154154	1.0635097941655296
1.1202640672910475	1.4518032671596155	1.0663607335278316
1.1218338626168414	1.454013884544955	1.0692150924886026
1.1234036579426352	1.456225476403682	1.0720728701950168
1.1249734532684292	1.4584380463685818	1.0749340660964328
1.126543248594223	1.460651597872977	1.0777986795466608
1.128113043920017	1.4628661343507292	1.0806667090981004
1.129682839245811	1.4650817089362373	1.083538155907475
1.131252634571605	1.4672982265644408	1.086413018433675
1.1328224298973988	1.4695157398708174	1.089291296336645
1.1343922252231928	1.4717342523913854	1.0921729888794565
1.1359620205489864	1.4739537678627044	1.095058095725074
1.1375318158747802	1.476174289721874	1.0979466161418792
1.1391016112005743	1.4783958217065356	1.1008387469996
1.1406714065263681	1.4806183674548727	1.1037340963688056
1.1422412018521622	1.4828419306056113	1.1066328580220097
1.143810997177956	1.4850665148980202	1.109535031636534
1.14538079250375	1.4872921238719117	1.1124406166905212
1.1469505878295438	1.4895187613676417	1.1153496127631555
1.1485203831553377	1.4917464310261108	1.1182620195383486
1.1500901784811315	1.4939751366887644	1.1211778364983727
1.1516599738069255	1.4962048819975928	1.1240970634325953
1.1532297691327194	1.4984356707951325	1.1270197000280082
1.1547995644585132	1.500667506824466	1.1299457457782323
1.1563693597843072	1.5029003939292223	1.1328752005746447
1.157939155110101	1.5051343359535776	1.1358078265155755
1.159508950435895	1.5073693366422563	1.13874409449914
1.1610787457616887	1.5096053990405296	1.1416837704232983
1.1626485410874827	1.5118427264942185	1.1446268542945692
1.1642183364132765	1.5140809293496917	1.1475733457163417
1.1657881317390706	1.5163202065538686	1.1505231809961414
1.1673579270648644	1.5185605619542175	1.1534764863446259
1.1689277223906585	1.5208019995987576	1.1564331987735375
1.1704975177164523	1.5230443112360579	1.159393318097056
1.172067313042246	1.52528792211524	1.1623568442314895
1.1736371083680401	1.5275326269859761	1.1653237768981861
1.1752069036938337	1.5297784298984909	1.1682941161180669
1.1767766990196278	1.5320253349035615	1.1712678618157968
1.1783464943454216	1.5342733461525182	1.1742450140160074
1.1799162896712156	1.5365224083972442	1.1772255724491016
1.1814860849970095	1.5387726417901768	1.1802095373454828
1.1830558803228035	1.5410239906843084	1.1831969085393221
1.1846256756485973	1.5432764668331846	1.1861876860680847
1.1861954709743914	1.5455300695909073	1.1891818700670755
1.187765266300185	1.5477848032121337	1.1921794605797378
1.1893350616259788	1.550040671852077	1.195180457648483
1.1909048569517728	1.5522976797665067	1.1981848613192574
1.1924746522775667	1.554555831011749	1.2011926717404877
1.1940444476033607	1.5568151300446884	1.2042038903629022
1.1956142429291545	1.5590755809227659	1.207218514839701
1.1971840382549486	1.5613371880039812	1.2102366268277036
1.1987538335807424	1.5635999555468925	1.2132580667827648
1.2003236289065362	1.5658638880106173	1.2162853226675456
1.20189342423233	1.5681289950548316	1.2193135980452838
1.203463219558124	1.5703952701397728	1.2223452795801197
1.205033014883918	1.572662723126237	1.2253779058411265
1.206602810209712	1.5749313583755817	1.2284163867998372
1.2081726055355058	1.5772011802497252	1.2314582768293048
1.2097424008612996	1.5794721945111474	1.2345035764035517
1.2113121961870936	1.5817444031228902	1.2375522858028958
1.2128819915128874	1.584017811748558	1.2406044053077034
1.2144517868386813	1.5862924249523167	1.2436599356020503
1.216021582164475	1.5885682471988969	1.246718876871244
1.2175913774902691	1.590845283053592	1.249781229703345
1.219161172816063	1.5931236009822587	1.2528469944909855
1.220730968141857	1.5954053625513194	1.255916110527444
1.2223007634676508	1.5976860826277597	1.2589887002080138
1.2238705587934449	1.5999656665791315	1.262064703433343
1.2254403541192387	1.6022488234735512	1.2651441208039753
1.2270101494450323	1.6045332372797023	1.2682269530243724
1.2285799447708263	1.606818896966833	1.2713132005014927
1.2301497400966201	1.6091058074047602	1.2744028640461669
1.2317195354224142	1.6113939732638654	1.2774959441681326
1.233289330748208	1.6136833991150998	1.2805924417832846
1.234859126074002	1.6159740900299813	1.2836923574090675
1.2364289213997959	1.618266050580596	1.2867956918654648
1.23799871672559	1.620559285639599	1.2899024459749238
1.2395685120513835	1.622853800080214	1.2930126203639376
1.2411383073771776	1.6251495987762345	1.2961262159591134
1.2427081027029714	1.6274466866020232	1.2992433058933917
1.2442778980287652	1.6297450684325137	1.3023637472974026
1.2458476933545592	1.6320447492432086	1.3054876123092294
1.247417488680353	1.6343457340101837	1.3086149020684994
1.2489872840061471	1.6366480277100834	1.3117456174140847
1.250557079331941	1.638951635220126	1.3148797593931034
1.252126874657735	1.6412565617181		1.3180173288508692
1.2536966699835286	1.6435628121823675	1.3211583269376177
1.2552664653093226	1.6458703916918627	1.324302754606323
1.2568362606351164	1.6481793053260925	1.3274506129115344
1.2584060559609105	1.6504895582651382	1.3306019029126994
1.2599758512867043	1.6528011556896542	1.3337566258685847
1.2615456466124981	1.655114102680869	1.336914784343073
1.2631154419382922	1.6574284044205858	1.3400763765049053
1.264685237264086	1.659744066191183	1.3432414050197938
1.2662550325898798	1.6620610932756137	1.3464098711620065
1.2678248279156736	1.6643795935574064	1.3495817761051823
1.2693946232414677	1.6666993678206663	1.3527571212267195
1.2709644185672615	1.6690205231500739	1.3559359077080662
1.2725342138930555	1.671343065030887	1.3591181370320327
1.2741040092188494	1.6736669988489403	1.3623038103832483
1.2756738045446434	1.6759923298906452	1.3654929292513478
1.2772435998704372	1.6783190635429914	1.3686854951276
1.2788133951962308	1.6806472053935464	1.371881509306096
1.2803831905220249	1.6829767608304558	1.3750809732859572
1.2819529858478187	1.6853077353424437	1.3782838885645012
1.2835227811736127	1.687640134518814	1.3814902568465055
1.2850925764994066	1.6899739638494489	1.3847000794358826
1.2866623718252006	1.692309228924811	1.3879133580444543
1.2882321671509944	1.6946459353359424	1.3911300942817104
1.2898019624767885	1.696984090274466	1.3943502897613687
1.2913717578025823	1.6993236964325846	1.3975739462023484
1.292941553128376	1.7016647609030828	1.4008010653238465
1.29451134845417	1.704007289379326	1.4040316487506932
1.2960811437799638	1.706351287655261	1.4072666458052854
1.2976509391057578	1.7086967615254167	1.4105041741190767
1.2992207344315516	1.711043716784905	1.4137451597240414
1.3007905297573457	1.7133921591294192	1.4169896296537854
1.3023603250831395	1.715742094555236	1.420237573247121
1.3039301204089335	1.7180942820592153	1.423489005043361
1.3054999157347271	1.7204472607388006	1.426742886787059
1.3070697110605212	1.722801707192019	1.4300012511234306
1.308639506386315	1.7251576823174812	1.4332630967026847
1.310209301712109	1.7275151802143838	1.4365284256769326
1.3117790970379029	1.7298742189825067	1.4397972400024555
1.3133488923636967	1.7322347508222153	1.4430695419370263
1.3149186876894907	1.7345960382344605	1.4463453334401402
1.3164884830152845	1.736959678820779	1.4496246166767404
1.3180582783410784	1.7393248724832926	1.4529073940160293
1.3196280736668722	1.7416916254247101	1.4561936675261706
1.3211978689926662	1.7440599438483269	1.4594834393819514
1.32276766431846	1.7464298338580244	1.4627767121577628
1.324337459644254	1.748801301858272	1.466073487931938
1.325907254970048	1.7511743539541256	1.4693737690906183
1.327477050295842	1.7535489966512294	1.472677558015498
1.3290468456216358	1.755925236255816	1.475984857295138
1.3306166409474296	1.758303078974705	1.4792956691220154
1.3321864362732234	1.7606825314153056	1.482609996089323
1.3337562315990172	1.7630635997856154	1.4859278407955694
1.3353260269248113	1.765446290794221	1.4892492056387512
1.336895822250605	1.7678306107502983	1.4925740933256464
1.3384656175763991	1.7702165663636134	1.4959025063577533
1.340035412902193	1.7726041639445218	1.4992344473491188
1.341605208227987	1.7749934102039693	1.5025699191107238
1.3431750035537808	1.7773843117534924	1.5059089243579655
1.3447447988795747	1.7797768753052179	1.509251465609084
1.3463145942053685	1.7821711073718638	1.5125975458852698
1.3478843895311623	1.7845670147667398	1.5159471679133465
1.3494541848569563	1.7869646042037464	1.5193003344193436
1.3510239801827502	1.7893638824973763	1.5226570485348168
1.3525937755085442	1.791764856362714	1.5260173128932353
1.354163570834338	1.7941675327154365	1.5293811305331682
1.355733366160132	1.7965719182718136	1.532748504493149
1.3573031614859257	1.7989780200487073	1.5361194377179577
1.3588729568117197	1.8013858450635734	1.5394939333531337
1.3604427521375135	1.80379540003446	1.5428717926473314
1.3620125474633076	1.8062066920800102	1.546253623654445
1.3635823427891014	1.8086197282194592	1.5496388247317856
1.3651521381148952	1.811034515472638	1.5530276005359085
1.3667219334406893	1.8134510609599703	1.5564199544275856
1.368291728766483	1.815869371802476	1.5598158894767868
1.3698615240922771	1.8182894550217683	1.5632154090469221
1.3714313194180707	1.820711317840056	1.5666185164116793
1.3730011147438648	1.8231349675801438	1.570025214946783
1.3745709100696586	1.825560411265431	1.5734355080282625
1.3761407053954526	1.8279876563199124	1.5768493988369183
1.3777105007212465	1.8304167100681803	1.5802668911574704
1.3792802960470405	1.8328475797354213	1.583687988078017
1.3808500913728343	1.83528027274742	1.5871126933871609
1.3824198866986281	1.8377147963305567	1.590541010480394
1.383989682024422	1.8401511582118086	1.5939729428526626
1.3855594773502158	1.8425893655187509	1.5974084942054165
1.3871292726760098	1.8450294259795548	1.600847668141222
1.3886990680018036	1.84747134692299	1.6042904681655459
1.3902688633275977	1.8499151359784236	1.6077368980893476
1.3918386586533915	1.8523608006758212	1.6111869615243868
1.3934084539791856	1.8548083487457452	1.614640662288159
1.3949782493049794	1.857257787619358	1.6180980041985267
1.3965480446307734	1.8597091250284195	1.6215589907767618
1.398117839956567	1.8621623688052893	1.6250236261508348
1.3996876352823608	1.864617526382925	1.6284919139469656
1.4012574306081549	1.8670746057948844	1.6319638126994909
1.4028272259339487	1.869533579775324	1.635439416742339
1.4043970212597428	1.8719945256590005	1.6389186850136281
1.4059668165855366	1.87445741658127	1.6424016213571473
1.4075366119113306	1.8769222604780886	1.6458882298149888
1.4091064072371244	1.8793890652860132	1.6493785144385686
1.4106762025629183	1.8818578387422005	1.6528724790762275
1.412245997888712	1.8843285888844084	1.656370127883455
1.4138157932145061	1.8868013236509944	1.6598714648187292
1.4153855885403		1.8892760509809186	1.663376494144749
1.4169553838660938	1.8917527790137412	1.666885219822849
1.4185251791918878	1.894231515689624	1.6703976459212113
1.4200949745176816	1.8967122689493305	1.6739137768133856
1.4216647698434757	1.8991950471342258	1.6774336163714363
1.4232345651692693	1.9016798580862768	1.6809571688730538
1.4248043604950633	1.9041667100480528	1.6844844385980702
1.4263741558208571	1.906655611162725	1.6880154296338967
1.4279439511466512	1.9091465695740675	1.6915501462633151
1.429513746472445	1.911639593426456	1.6950885926816397
1.431083541798239	1.9141346908648704	1.6986307730788264
1.4326533371240329	1.9166318702348923	1.702176691654472
1.4342231324498267	1.9191311397827073	1.705726352806442
1.4357929277756207	1.9216325075551037	1.7092797606415575
1.4373627231014143	1.9241359819994732	1.7128369195654842
1.4389325184272084	1.9266415713638119	1.7163978336881147
1.4405023137530022	1.9291492837967184	1.7199625074250031
1.4420721090787962	1.9316591277473962	1.7235309470901463
1.44364190440459	1.9341711113656528	1.7271031526069338
1.445211699730384	1.936685243101899	1.7306791303968334
1.446781495056178	1.9392015313071516	1.7342588846874762
1.448351290381972	1.9417199841330302	1.7378424198093083
1.4499210857077656	1.9442406101317602	1.7414297398950298
1.4514908810335594	1.9467634174561714	1.7450208491830128
1.4530606763593534	1.9492884144596987	1.7486157519112633
1.4546304716851473	1.9518156095963821	1.7522144522258183
1.4562002670109413	1.9543450111208667	1.7558169541724518
1.4577700623367351	1.9568766273884028	1.7594232621001862
1.4593398576625292	1.9594104667548473	1.7630333800660165
1.460909652988323	1.9619465374766611	1.7666473121219983
1.4624794483141168	1.9644848478109123	1.7702650622327867
1.4640492436399106	1.9670254063152743	1.7738866344595927
1.4656190389657047	1.9695682209480265	1.7775120329687049
1.4671888342914985	1.9721133002680549	1.781141261432631
1.4687586296172923	1.9746606524348516	1.7847743239232832
1.4703284249430864	1.9772102856085145	1.7884112242182038
1.4718982202688802	1.9797622081497492	1.792051966198507
1.4734680155946742	1.9823164281198673	1.7956965535459253
1.4750378109204678	1.9848729538807872	1.7993449900504752
1.4766076062462619	1.9874317932950345	1.8029972791994087
1.4781774015720557	1.9899929547257416	1.806653424587915
1.4797471968978497	1.992556447036648	1.8103134243136614
1.4813169922236435	1.9951222764921006	1.8139772927772326
1.4828867875494376	1.9976904520570538	1.8176450277803426
1.4844565828752314	2.000260981597069	1.8213166327327845
1.4860263782010255	2.002833869878316	1.82499211064518
1.4875961735268193	2.005409131267571	1.8286714647291613
1.4891659688526129	2.0079867702322187	1.8323546979031686
1.490735764178407	2.010566794640253	1.8360418131903222
1.4923055595042007	2.013149212060273	1.8397328133120774
1.4938753548299948	2.0157340303614886	1.8434277009957536
1.4954451501557886	2.0183212570137155	1.8471264788741903
1.4970149454815826	2.02091089958738	1.8508291492814022
1.4985847408073765	2.0235029655535146	1.8545357147533954
1.5001545361331705	2.0260974621837615	1.8582461773331485
1.5017243314589641	2.028694396850371	1.8619605391632066
1.5032941267847582	2.031293776726203	1.865678802294585
1.504863922110552	2.0338956090847247	1.8694009683752502
1.5064337174363458	2.0364999009000124	1.8731270390615682
1.5080035127621398	2.0391066590467513	1.876857016010775
1.5095733080879337	2.0417158905002366	1.8805909003868047
1.5111431034137277	2.0443276020363714	1.8843286934513646
1.5127128987395215	2.046941569631668	1.8880701050728286
1.5142826940653156	2.0495584917632486	1.8918160095252996
1.5158524893911092	2.0521776830088427	1.8955655338825892
1.5174222847169032	2.054799380246792	1.8993189699232524
1.518992080042697	2.057423589756045	1.9030763178290395
1.520561875368491	2.0600503176161613	1.9068375776850943
1.522131670694285	2.062679605107309	1.910603163381001
1.5237014660200787	2.065311352210266	1.9143718323074745
1.5252712613458728	2.06794567050642	1.9181448261620107
1.5268410566716666	2.070582530077769	1.9219217299432154
1.5284108519974604	2.07322193660692	1.9257025429515708
1.5299806473232542	2.0758638952770885	1.9294872636936953
1.5315504426490483	2.0785084112721024	1.933275890680334
1.533120237974842	2.081155489476398	1.9370684223224677
1.5346900333006361	2.0838051347750217	1.9408648564362887
1.53625982862643	2.0864573518536296	1.9446651908418957
1.537829623952224	2.089112145198489	1.9484694230633663
1.5393994192780178	2.0917695190964753	1.9522775503249532
1.5409692146038114	2.0944294785350763	1.95608957065663
1.5425390099296055	2.097092025902388	1.9599054785916015
1.5441088052553993	2.099757165887118	1.963725271667674
1.5456786005811933	2.102424901978583	1.9675489459235491
1.5472483959069872	2.1050952377667107	1.9713764972026313
1.5488181912327812	2.107768176542039	1.9752079211527265
1.550387986558575	2.110443723295716	1.9790432153238355
1.551957781884369	2.1131218770194984	1.9828823697694957
1.5535275772101629	2.1158026422057574	1.986725381747536
1.5550973725359567	2.118486021647471	1.9905722454181827
1.5566671678617505	2.121172019238228	1.994422953043677
1.5582369631875443	2.1238606336722294	1.9982775019932708
1.5598067585133384	2.1265518684442855	2.0021358839383474
1.5613765538391322	2.129245711449816	2.005998094151293
1.5629463491649263	2.131942192084854	2.0098641208102515
1.56451614449072	2.13464129614604	2.013733939997988
1.5660859398165141	2.1373430280306263	2.0176075812979897
1.5676557351423077	2.1400473887364764	2.0214850199974106
1.5692255304681018	2.142754020262063	2.0253657529889844
