0.001			0.0014230338926620836	1.1795427955382327e-6
0.002569795325793896	0.0036569068577104943	7.789447671717441e-6
0.004139590651587791	0.005890782076192113	0.000020212673861117672
0.005709385977381688	0.008124661010927552	0.000038449159893942674
0.007279181303175583	0.010358545071537776	0.00006249894798162307
0.008848976628969479	0.012592435666144252	0.00009236191236693456
0.010418771954763376	0.014826334206269068	0.00012803818586700825
0.01198856728055727	0.017060242099835074	0.0001695276315115934
0.013558362606351165	0.019294160756766026	0.0002168304817335834
0.015128157932145062	0.021528091586986712	0.00026994626242368393
0.016697953257938956	0.023762035999423087	0.00032887519848537604
0.018267748583732854	0.025995995405002418	0.00039361757959762274
0.01983754390952675	0.028229971214653402	0.00046417264843452905
0.021407339235320646	0.030463964836306326	0.0005405408849405763
0.022977134561114543	0.03269797768089318	0.0006227220145297128
0.024546929886908438	0.03493201116034781	0.0007107160897509439
0.026116725212702332	0.03716606668460603	0.0008045226240248064
0.02768652053849623	0.039400145664605785	0.0009041434046843483
0.029256315864290124	0.041634249511287275	0.0010095760835512988
0.030826111190084018	0.043868379636593076	0.0011208214080789768
0.03239590651587791	0.046102537451468306	0.001237879316532253
0.03396570184167181	0.048336724367860726	0.0013607498924795717
0.03553549716746571	0.0505709417987209	0.00148943228828112
0.037105292493259605	0.05280519115600234	0.001623928632192217
0.0386750878190535	0.055039473852661586	0.0017642365084872727
0.04024488314484739	0.057273791300658405	0.0019103576868886552
0.04181467847064129	0.059508144914955916	0.002062290207277208
0.04338447379643518	0.061742536108520686	0.002220034663382105
0.044954269122229086	0.06397696629532289	0.0023835912963069378
0.04652406444802298	0.06621143688933642	0.0025529597408433385
0.048093859773816874	0.06844594930653915	0.0027281400491269772
0.049663655099610765	0.07068050496191285	0.0029091322135015524
0.05123345042540466	0.07291510526944349	0.0030959359021903183
0.05280324575119856	0.07514975164712132	0.003288551130691365
0.05437304107699246	0.07738444551094101	0.0034869782460790373
0.055942836402786356	0.07961918827590181	0.0036912163639855385
0.057512631728580246	0.0818539813620076	0.003901265437917536
0.059082427054374144	0.08408882618526714	0.004117125700573515
0.060652222380168035	0.08632372416469415	0.004338797008790819
0.06222201770596193	0.0885586767183074	0.004566279018550899
0.06379181303175582	0.09079368526713093	0.004799573110602241
0.06536160835754973	0.09302875122819414	0.005038676444955325
0.06693140368334362	0.09526387602453192	0.005283590301678596
0.06850119900913752	0.09749906107418482	0.005534314283485168
0.07007099433493141	0.09973430780119916	0.005790848600674566
0.07164078966072532	0.10196961763162712	0.006053192672029117
0.07321058498651921	0.10420499197552699	0.006321346733152689
0.0747803803123131	0.1064404322629632	0.006595310717747653
0.076350175638107	0.10867593991900648	0.006875084300106827
0.0779199709639009	0.11091151636873406	0.007160667438951862
0.07948976628969479	0.11314716303722971	0.007452059241576217
0.08105956161548868	0.11538288134958392	0.007749260285716213
0.08262935694128258	0.11761867273089406	0.008052270196581106
0.08419915226707647	0.11985453860626445	0.00836108877662134
0.08576894759287036	0.12209048040080658	0.008675716097873902
0.08733874291866427	0.12432649955963916	0.008996151716873573
0.08890853824445817	0.1265625974978883	0.00932239541048427
0.09047833357025206	0.12879877564068765	0.009654447378877927
0.09204812889604595	0.13103503542317854	0.00999230700412251
0.09361792422183986	0.13327137829051006	0.01033597436239321
0.09518771954763375	0.13550780565783924	0.01068544904160215
0.09675751487342764	0.13774431897033118	0.011040731011821613
0.09832731019922153	0.13998091964315926	0.011401820092718833
0.09989710552501543	0.14221760913150505	0.011768717835756507
0.10146690085080932	0.14445438886055872	0.012141420472310831
0.10303669617660322	0.146691260265519	0.012519929790341416
0.10460649150239712	0.14892822479159332	0.012904244844886755
0.10617628682819102	0.15116528387399808	0.013294366055230222
0.10774608215398492	0.15340243894795863	0.013690293610324073
0.1093158774797788	0.15563969144870946	0.014092026094886518
0.11088567280557271	0.15787704282149437	0.014499563976015166
0.1124554681313666	0.16011449451156656	0.01491290700937068
0.11402526345716049	0.1623520479641888	0.015332055124598268
0.1155950587829544	0.16458970461463357	0.015757008003316603
0.11716485410874829	0.16682746590818306	0.01618776497161281
0.11873464943454218	0.16906533329012954	0.016624326081299278
0.12030444476033607	0.1713033082157753	0.017066692284710083
0.12187424008612997	0.17354139212043287	0.017514861170085425
0.12344403541192386	0.17577958645942515	0.017968833487263514
0.12501383073771777	0.17801789268808552	0.018428609101846228
0.12658362606351165	0.18025631224175798	0.01889418766954019
0.12815342138930555	0.18249484657579731	0.019365568881116638
0.12972321671509945	0.1847334971555692	0.019842752389679027
0.13129301204089333	0.1869722654264503	0.02032573885234243
0.13286280736668724	0.18921115283382853	0.020814526473236075
0.13443260269248114	0.19145016084310298	0.021309115829604135
0.13600239801827504	0.19368929091968434	0.021809506878111756
0.13757219334406895	0.19592854450899472	0.02231569860537869
0.13914198866986283	0.198167923076468	0.022827691227513054
0.14071178399565673	0.20040742807754988	0.023345484206004758
0.14228157932145064	0.20264706097769802	0.023869077792988275
0.1438513746472445	0.20488682324238228	0.02439847110928617
0.14542116997303842	0.2071267163270846	0.02493366442251519
0.14699096529883232	0.20936674170729935	0.025474659419422833
0.1485607606246262	0.2116069050585335	0.0260214509623536
0.1501305559504201	0.21384719945630656	0.02657404178977412
0.151700351276214	0.21608763054615088	0.027132430834252177
0.15327014660200788	0.21832819980361165	0.02769661807158176
0.1548399419278018	0.22056890869424714	0.028266602878570656
0.15640973725359567	0.2228097587036288	0.028842385514664778
0.15797953257938957	0.22505075128734142	0.029423965386659773
0.15954932790518347	0.22729188794098318	0.03001134190973036
0.16111912323097735	0.22953317012016583	0.03060451580198097
0.16268891855677126	0.2317745993205149	0.031203485415448408
0.16425871388256516	0.23401617701766975	0.03180825112765204
0.16582850920835904	0.2362579046872837	0.03241881343435839
0.16739830453415294	0.2384997838250241	0.03303517065650019
0.16896809985994685	0.2407418158965728	0.033657322896407126
0.17053789518574072	0.2429840023976257	0.034285269306764087
0.17210769051153466	0.24522634481389344	0.03491901011015996
0.17367748583732853	0.24746884464110128	0.03555854502458114
0.17524728116312244	0.2497115033549892	0.0362038734199233
0.17681707648891634	0.25195432246131216	0.036854995622794644
0.17838687181471022	0.2541973034458401	0.0375119106346734
0.17995666714050412	0.2564404478043581	0.03817461799525223
0.18152646246629803	0.2586837570226668	0.038843117888647076
0.1830962577920919	0.260927232616582	0.039517410105002135
0.1846660531178858	0.2631708760819353	0.040197493567299104
0.1862358484436797	0.2654146889045738	0.04088336831197632
0.1878056437694736	0.26765867260036064	0.04157503360004076
0.1893754390952675	0.2699028286751749	0.042272491073615734
0.1909452344210614	0.27214715862491173	0.04297573725490526
0.19251502974685528	0.2743916639554825	0.043684773156334594
0.19408482507264918	0.276636346182815	0.04439959823695524
0.19565462039844306	0.2788812068228536	0.04512021249708543
0.19722441572423696	0.2811262473815593	0.04584661836140686
0.19879421105003087	0.2833714693749097	0.04657880941475874
0.20036400637582474	0.2856168743088995	0.04731678947361262
0.20193380170161865	0.2878624637195405	0.04806055590322764
0.20350359702741255	0.29010823910286143	0.0488101096085357
0.20507339235320643	0.2923542020049086	0.04956545032331295
0.20664318767900033	0.2946003539317455	0.05032657687943795
0.20821298300479424	0.29684669641945355	0.05109348965426989
0.20978277833058814	0.29909323097413154	0.05186618781220908
0.21135257365638205	0.3013399591518962	0.052644672146355924
0.21292236898217592	0.3035868824588824	0.053428940222509345
0.21449216430796983	0.30583400245124287	0.05421899294340164
0.21606195963376373	0.30808132063514876	0.05501482960289985
0.2176317549595576	0.3103288385667895	0.055816449811680616
0.21920155028535152	0.31257655778237303	0.056623852823410925
0.22077134561114542	0.314824479808126	0.057437038884744725
0.2223411409369393	0.3170726062002938	0.05825600735044826
0.2239109362627332	0.31932093849514065	0.0590807576962046
0.2254807315885271	0.3215694782389499	0.05991128926639577
0.22705052691432098	0.32381822698802404	0.060747603685454864
0.2286203222401149	0.3260671862786848	0.06158969616400439
0.2301901175659088	0.3283163576672734	0.06243757074394907
0.23175991289170267	0.3305657427101506	0.06329122461189644
0.23332970821749657	0.3328153429636969	0.06415065692119193
0.23489950354329045	0.3350651599843126	0.06501586448820669
0.23646929886908435	0.33731519532841786	0.06588685501736001
0.23803909419487826	0.339565450562453	0.06676362901412115
0.23960888952067214	0.3418159272428788	0.06764616914352846
0.24117868484646604	0.3440666269461759	0.06853449854260187
0.24274848017225995	0.34631755123884594	0.06942859867484798
0.24431827549805382	0.3485687016874108	0.07032847495177984
0.24588807082384773	0.35082007986841324	0.07123412754792484
0.24745786614964166	0.35307168735841693	0.07214555552295408
0.24902766147543554	0.3553235257240066	0.07306275832894056
0.2505974568012294	0.3575755965617879	0.07398573087058527
0.2521672521270233	0.35982790142838805	0.07491448246900728
0.2537370474528172	0.3620804362004555	0.07584900710160561
0.2553068427786111	0.3643332139146602	0.0767893108470967
0.256876638104405	0.366586230427694	0.07773538197246406
0.2584464334301989	0.3688394873362702	0.07868722636726068
0.2600162287559928	0.37109298623712433	0.07964484155614285
0.26158602408178666	0.37334672872701385	0.0806082296109141
0.2631558194075806	0.37560071638271836	0.08157738698614828
0.26472561473337447	0.37785495083104004	0.08255231481049319
0.2662954100591684	0.3801094336688032	0.08353301281944323
0.2678652053849623	0.38236416649285493	0.08451948000411114
0.26943500071075616	0.38461915091006493	0.08551171697733082
0.2710047960365501	0.38687438853732586	0.08650972319229007
0.27257459136234397	0.3891298809915533	0.08751349614857339
0.2741443866881379	0.39138562986968595	0.08852303692360229
0.2757141820139318	0.39364163680868575	0.08953834473873884
0.27728397733972565	0.39589790342553793	0.09055942072059409
0.27885377266551953	0.39815443133725137	0.09158626164752678
0.28042356799131346	0.40041122217085845	0.09261886714795439
0.28199336331710734	0.4026682775434154	0.09365723948792067
0.28356315864290127	0.40492559911200227	0.0947013758995367
0.2851329539686951	0.4071831884837232	0.09575127707758639
0.286702749294489	0.4094410473057064	0.09680694101360961
0.2882725446202829	0.41169917721510446	0.09786836901733628
0.28984233994607683	0.41395757985909437	0.09893556307689869
0.2914121352718707	0.4162162568648775	0.10000851578786636
0.29298193059766464	0.4184752098996802	0.10108723220892153
0.29455172592345846	0.4207344405907532	0.10217171109905021
0.2961215212492524	0.4229939506153726	0.10326194804708629
0.29769131657504627	0.4252537416008393	0.10435794529043045
0.2992611119008402	0.42751381522447934	0.10545970260146711
0.3008309072266341	0.4297741731436444	0.10656721989618925
0.302400702552428	0.4320348170157112	0.10768049530510365
0.3039704978782219	0.43429574850808245	0.10879952902084018
0.30554029320401577	0.4365569692881862	0.10992431839864801
0.3071100885298097	0.4388184810334766	0.11105486773809699
0.3086798838556036	0.44108028542143357	0.1121911739839831
0.3102496791813975	0.44334238410956334	0.11333323564651983
0.31181947450719133	0.44560477880539817	0.11448105412442139
0.31338926983298526	0.44786747116649683	0.11563463131422932
0.31495906515877914	0.45013046290044445	0.11679395965940008
0.31652886048457307	0.45239375568485285	0.11795904235625995
0.31809865581036695	0.45465735121736056	0.11912988002095015
0.3196684511361609	0.45692125118563304	0.12030646994431671
0.3212382464619547	0.45918545729736265	0.12148881437631803
0.32280804178774863	0.46144997125026893	0.12267690940010299
0.3243778371135425	0.46371479474209876	0.12387075744133104
0.32594763243933644	0.4659799295006263	0.12507035565084448
0.3275174277651303	0.46824537721365317	0.1262757045743061
0.3290872230909242	0.47051113959900875	0.12748680496786674
0.3306570184167181	0.4727772183945502	0.128703654042665
0.332226813742512	0.4750436152981626	0.12992625224637863
0.3337966090683059	0.47731033203775886	0.13115459932670506
0.3353664043940998	0.4795773703412803	0.1323886957192478
0.3369361997198937	0.4818447319466963	0.1336285388588399
0.33850599504568757	0.4841124185820048	0.13487412903808288
0.34007579037148145	0.4863804319752324	0.13612546714318757
0.3416455856972754	0.488648773874434	0.13738255017826512
0.3432153810230693	0.4909174460276936	0.13864537921997794
0.3447851763488632	0.49318645017312407	0.13991395399312734
0.34635497167465706	0.49545578805886725	0.14118827423023483
0.34792476700045094	0.4977254614530942	0.14246833714553706
0.3494945623262449	0.49999547209400536	0.14375414347975937
0.35106435765203875	0.5022658217498305	0.14504569351255273
0.3526341529778327	0.504536512188829	0.14634298712245605
0.35420394830362656	0.5068075451692899	0.14764602137218433
0.35577374362942044	0.5090789224595321	0.14895479712988235
0.3573435389552143	0.5113506458479045	0.1502693163143437
0.35891333428100824	0.5136227171027858	0.15158957354685962
0.3604831296068021	0.5158951380025855	0.15291557073358372
0.36205292493259605	0.5181679103357425	0.15424730760253258
0.3636227202583899	0.5204410358907271	0.15558478313677115
0.3651925155841838	0.5227145164660395	0.15692799708841446
0.3667623109099777	0.5249883538402109	0.15827694913729295
0.3683321062357716	0.5272625498318034	0.15963163833396934
0.3699019015615655	0.5295371062294101	0.16099206437683472
0.3714716968873594	0.5318120248416547	0.16235822697073782
0.37304149221315325	0.5340873074871926	0.16373012516872032
0.3746112875389472	0.5363629559647105	0.16510775887209037
0.37618108286474106	0.5386389721129262	0.1664911297417262
0.377750878190535	0.5409153577405897	0.16788023153017154
0.3793206735163289	0.5431921146664822	0.16927506795582486
0.3808904688421228	0.5454692447394169	0.17067563766539665
0.3824602641679167	0.547746749778239	0.17208193992582352
0.38403005949371055	0.5500246316218258	0.17349397448049084
0.3855998548195045	0.5523028921090869	0.17491174076824612
0.38716965014529836	0.5545815330889639	0.17633523819555053
0.3887394454710923	0.5568605564204313	0.17776446631983475
0.3903092407968861	0.559139963932496	0.17919942456157958
0.39187903612268005	0.5614197575041978	0.18064011241031863
0.3934488314484739	0.5636999389846089	0.18208652940276618
0.39501862677426786	0.565980510232835	0.18353867499809456
0.39658842210006173	0.5682614731380147	0.18499655175775404
0.39815821742585567	0.5705428295593197	0.18646015303374502
0.3997280127516495	0.572824581375955	0.18792948135190984
0.4012978080774434	0.5751067304671597	0.18940454389094613
0.4028676034032373	0.5773892787222057	0.19088532478946488
0.40443739872903123	0.5796722280203989	0.19237183147409076
0.4060071940548251	0.5819555802710793	0.19386406304697718
0.407576989380619	0.5842393373736207	0.19536201907115547
0.40914678470641286	0.5865235012074308	0.19686569936518053
0.4107165800322068	0.5888080737019519	0.19837510298282063
0.41228637535800067	0.5910930567566604	0.1998902298618062
0.4138561706837946	0.5933784523010671	0.20141108143992872
0.4154259660095885	0.5956642622347178	0.20293765283563386
0.41699576133538235	0.5979504884871927	0.2044699456130252
0.4185655566611763	0.6002371329981068	0.20600795958756618
0.42013535198697016	0.6025241976871102	0.20755169409537277
0.4217051473127641	0.6048116845038881	0.2091011470247406
0.42327494263855797	0.6070995953781609	0.21065632107264634
0.42484473796435185	0.6093879322596845	0.21221721417565384
0.4264145332901457	0.6116766971082498	0.21378382568173016
0.42798432861593966	0.6139658918736838	0.21535615616096257
0.42955412394173353	0.6162555185058489	0.21693420350509948
0.43112391926752747	0.6185455789846435	0.2185179679415703
0.43269371459332134	0.6208360752700018	0.2201074514059957
0.4342635099191152	0.6231270093418945	0.22170264861805022
0.4358333052449091	0.625418383170328	0.2233035614528572
0.43740310057070303	0.6277101987453452	0.22491018952069713
0.4389728958964969	0.6300024580570254	0.2265225322689351
0.44054269122229084	0.6322951630954846	0.22814058922022762
0.4421124865480847	0.6345883158508756	0.2297643599728308
0.4436822818738786	0.6368819183333879	0.23139384473213637
0.44525207719967247	0.6391759728032478	0.23302904172365135
0.4468218725254664	0.6414704806507187	0.23466995087038975
0.4483916678512603	0.6437654442561014	0.23631657192033512
0.4499614631770542	0.646060865639734	0.23796890676098412
0.45153125850284803	0.6483567468419917	0.239626950335478
0.45310105382864196	0.6506530898832876	0.2412907042553705
0.4546708491544359	0.6529498967940726	0.24296016816991745
0.4562406444802298	0.6552471696348346	0.24463534188338287
0.4578104398060237	0.6575449104361006	0.24631622528173572
0.4593802351318176	0.6598431212584346	0.24800281680575068
0.46095003045761146	0.6621418041624394	0.24969511632315874
0.46251982578340534	0.6644409611987558	0.2513931238302222
0.46408962110919927	0.6667405944480632	0.25309683850671616
0.46565941643499315	0.6690407059710793	0.25480626266524703
0.4672292117607871	0.6713412978585608	0.25652139087981113
0.4687990070865809	0.6736423721813027	0.25824222569481703
0.47036880241237483	0.6759439310301393	0.2599687655391953
0.4719385977381687	0.6782459765059436	0.26170101054000533
0.47350839306396264	0.6805485106996282	0.2634389602614831
0.4750781883897565	0.6828515357321444	0.2651826141178852
0.47664798371555045	0.6851550536844833	0.26693197205598046
0.47821777904134427	0.6874590666976752	0.26868703419105916
0.4797875743671382	0.6897635768827903	0.2704477986281161
0.4813573696929321	0.6920685863709384	0.27221426574268853
0.482927165018726	0.6943740972932689	0.27398643746946083
0.4844969603445199	0.6966801117709719	0.2757643086665655
0.48606675567031377	0.6989866319752767	0.27754788120879453
0.48763655099610764	0.7012936600274535	0.27933715554557514
0.4892063463219016	0.7036011981088128	0.2811321297752356
0.49077614164769545	0.705909248350705	0.2829328042571486
0.4923459369734894	0.7082178129445217	0.28473917851045266
0.4939157322992833	0.7105268940516949	0.28655125721673064
0.49548552762507714	0.7128364938436974	0.2883690307378712
0.49705532295087107	0.7151466145120432	0.29019250226527993
0.49862511827666495	0.7174572582382869	0.292021674474465
0.5001949136024588	0.7197684272240249	0.2938565424287459
0.5017647089282528	0.7220801236608944	0.29569710773247526
0.5033345042540466	0.7243923497705741	0.29754337094981986
0.5049042995798405	0.7267051077547845	0.2993953305196202
0.5064740949056344	0.7290183998352874	0.3012529863528481
0.5080438902314284	0.7313322282338865	0.30311633831420165
0.5096136855572222	0.7336465951824278	0.3049853870061972
0.5111834808830161	0.7359615029227987	0.30686013013862845
0.51275327620881	0.7382769536869289	0.30874056859263843
0.514323071534604	0.7405929497367907	0.3106267040337351
0.5158928668603978	0.7429094933143983	0.3125185316491919
0.5174626621861916	0.7452265867018085	0.31441605411438944
0.5190324575119856	0.7475442321411211	0.31631926937784277
0.5206022528377795	0.7498624319244782	0.3182281782862727
0.5221720481635733	0.7521811883240648	0.32014278036258814
0.5237418434893673	0.7545005036321089	0.3220630757067167
0.5253116388151612	0.7568203801308817	0.32398906304408415
0.5268814341409551	0.7591408201426973	0.32592074264640014
0.5284512294667489	0.7614618259499135	0.32785811405768694
0.5300210247925429	0.7637833998749313	0.32980118006050424
0.5315908201183368	0.7661055442401952	0.3317499344345728
0.5331606154441307	0.7684282613581933	0.33370437983676815
0.5347304107699246	0.770751553581458	0.3356645159602717
0.5363002060957184	0.7730754232325648	0.33763034333643993
0.5378700014215123	0.7753998726641339	0.3396018601242326
0.5394397967473062	0.7777249042288292	0.34157906690005696
0.5410095920731002	0.7800505202793592	0.3435619633928759
0.542579387398894	0.7823767231884763	0.34555054996967877
0.5441491827246879	0.7847035153289778	0.3475448274402456
0.5457189780504819	0.7870308990737055	0.3495448130442587
0.5472887733762758	0.7893588768255456	0.3515504660246785
0.5488585687020696	0.7916874509574297	0.35356180817948807
0.5504283640278635	0.794016623882334	0.3555788378916029
0.5519981593536574	0.7963463979932794	0.3576015556019935
0.5535679546794513	0.7986767757333328	0.35962996202091774
0.5551377500052451	0.8010077594956059	0.3616640550891205
0.556707545331039	0.8033393517232557	0.3637038355117922
0.558277340656833	0.8056715548394849	0.3657493031489514
0.5598471359826269	0.8080043713075421	0.36780046108283454
0.5614169313084207	0.8103378035607209	0.3698573024824576
0.5629867266342147	0.8126718540723619	0.3719198304765524
0.5645565219600086	0.8150065252858504	0.37398804589192725
0.5661263172858025	0.8173418196946188	0.37606194660133113
0.5676961126115965	0.8196777397621453	0.37814153335457745
0.5692659079373902	0.8220142879819544	0.3802268063705214
0.5708357032631841	0.8243514668576171	0.38231776562053615
0.572405498588978	0.8266892788727512	0.38441440998143445
0.573975293914772	0.8290277265610206	0.38651674207230596
0.5755450892405658	0.8313668124161366	0.38862475808387725
0.5771148845663597	0.8337065389718571	0.39073845839997196
0.5786846798921537	0.8360469087619871	0.3928578440184153
0.5802544752179476	0.8383879243303785	0.3949829136176705
0.5818242705437414	0.8407296228909306	0.3971136707913194
0.5833940658695353	0.8430719380875904	0.39925011118168674
0.5849638611953293	0.8454149067343517	0.4013922368208381
0.5865336565211231	0.8477585313952563	0.40354004495512263
0.5881034518469169	0.8501028146443937	0.4056935392413561
0.5896732471727109	0.8524477590859012	0.40785272098408587
0.5912430424985048	0.8547933673139637	0.410017584129929
0.5928128378242987	0.8571396419228148	0.4121881317162238
0.5943826331500925	0.8594865855267354	0.4143643641380159
0.5959524284758865	0.8618342007400553	0.416546280347319
0.5975222238016804	0.8641824902071525	0.4187338807316207
0.5990920191274743	0.8665314565524533	0.42092716539069636
0.6006618144532682	0.8688811024204328	0.4231261349690162
0.6022316097790621	0.871231430465615	0.42533078797552953
0.603801405104856	0.8735824433525722	0.4275411281072868
0.6053712004306498	0.875934143745926	0.42975714946611676
0.6069409957564438	0.878286534330347	0.4319788638327251
0.6085107910822376	0.8806396177905549	0.43420625456014694
0.6100805864080315	0.8829933968213185	0.43643932884213127
0.6116503817338255	0.8853478741274565	0.43867809215020903
0.6132201770596194	0.8877030524138367	0.44092253578348833
0.6147899723854132	0.8900589344153764	0.4431726630312053
0.6163597677112072	0.8924155228570427	0.445428474754072
0.6179295630370011	0.894772820473853	0.44768997407782657
0.619499358362795	0.8971308300108739	0.44995715491073984
0.6210691536885888	0.8994895542332225	0.4522300204498438
0.6226389490143827	0.901848995906066	0.4545085714776662
0.6242087443401766	0.9042091676146218	0.4567928068785855
0.6257785396659705	0.9065700527141576	0.4590827270825375
0.6273483349917643	0.9089316636099918	0.4613783331250588
0.6289181303175583	0.9112940031174932	0.4636796237408987
0.6304879256433522	0.9136570740320814	0.4659865997489474
0.6320577209691461	0.916020879179227	0.46829926443411646
0.63362751629494	0.918385421394451	0.47061761189981655
0.6351973116207339	0.9207507035033261	0.47294164583599096
0.6367671069465278	0.9231167283714757	0.4752713650237236
0.6383369022723218	0.9254834988445746	0.47760677053161704
0.6399066975981155	0.927851017788349	0.4799478624905427
0.6414764929239094	0.9302192880885765	0.4822946416640805
0.6430462882497033	0.9325883125910863	0.4846471073033486
0.6446160835754973	0.9349580942617592	0.4870052598904307
0.6461858789012912	0.9373286359665283	0.4893691032658129
0.647755674227085	0.9396999406313777	0.49173862940310376
0.649325469552879	0.9420720111823446	0.4941138455290458
0.6508952648786729	0.9444448505455174	0.4964947498212894
0.6524650602044668	0.9468184616670372	0.4988813417029342
0.6540348555302606	0.9491928475030975	0.5012736246849476
0.6556046508560546	0.9515680110199439	0.5036715942621453
0.6571744461818484	0.9539439551838751	0.5060752540594651
0.6587442415076423	0.9563206830012416	0.5084846020569924
0.6603140368334361	0.9586981974484479	0.5108996407375568
0.6618838321592301	0.9610765015319501	0.5133203730254658
0.663453627485024	0.9634555982782583	0.5157467924353446
0.6650234228108179	0.9658354907139353	0.5181789037934577
0.6665932181366118	0.9682161818555968	0.5206167040154253
0.6681630134624057	0.9705976747799123	0.5230601975840342
0.6697328087881996	0.9729799725136046	0.5255093859097903
0.6713026041139936	0.9753630781534499	0.5279642679081035
0.6728723994397874	0.9777469956762781	0.5304248425865051
0.6744421947655812	0.9801317263489728	0.5328911074543558
0.6760119900913751	0.9825172741884716	0.5353630670903808
0.6775817854171691	0.9849036423017659	0.5378407201868914
0.6791515807429629	0.9872908338059011	0.5403240682671931
0.6807213760687568	0.9896788518379769	0.5428131105497256
0.6822911713945508	0.9920676995451473	0.5453078495552204
0.6838609667203447	0.9944573800746206	0.5478082858207756
0.6854307620461386	0.9968478965936595	0.5503144179575756
0.6870005573719324	0.9992392522895814	0.5528262501001873
0.6885703526977264	1.0016314503397585	0.5553437784278477
0.6901401480235203	1.0040244939516176	0.5578670042979171
0.6917099433493141	1.0064183863226404	0.5603959321201415
0.693279738675108	1.0088131307203638	0.5629305568548034
0.6948495340009019	1.0112087303023796	0.5654708818572224
0.6964193293266958	1.0136051884063346	0.5680169082078874
0.6979891246524897	1.016002508199932	0.5705686339182358
0.6995589199782836	1.018400692940929	0.5731260638374704
0.7011287153040775	1.0207997459871394	0.575689197261044
0.7026985106298714	1.023199670696432	0.5782580331517599
0.7042683059556654	1.0256004702267312	0.5808325727556853
0.7058381012814592	1.0280021479360182	0.5834128169145835
0.7074078966072531	1.0304047070823292	0.5859987672997584
0.7089776919330469	1.032808151223757	0.5885904246163757
0.7105474872588409	1.0352124811184504	0.5911877881085614
0.7121172825846347	1.037617705024614	0.5937908585305325
0.7136870779104286	1.0400238238005095	0.5963996375994447
0.7152568732362226	1.0424308409044547	0.5990141276962575
0.7168266685620165	1.0448387597948239	0.6016343260719148
0.7183964638878104	1.047247583930048	0.6042602354525461
0.7199662592136042	1.0496573165686152	0.6068918561514927
0.7215360545393982	1.0520679611690698	0.609529176813963
0.7231058498651921	1.0544795213900138	0.6121722252703995
0.724675645190986	1.0568920029901057	0.6148209855109936
0.7262454405167797	1.0593054045280619	0.6174754616249758
0.7278152358425737	1.0617197319626548	0.6201356529280578
0.7293850311683676	1.0641349888527156	0.6228015613746695
0.7309548264941615	1.0665511786571322	0.625473189577024
0.7325246218199554	1.0689683049348502	0.6281505343036714
0.7340944171457493	1.071386371244873	0.6308335995216319
0.7356642124715432	1.0738053810462618	0.6335223846155661
0.7372340077973372	1.0762253379981357	0.6362168916459822
0.738803803123131	1.0786462456596715	0.6389171221596656
0.7403735984489249	1.0810681076901043	0.6416230755034775
0.7419433937747189	1.0834909276487275	0.6443347539713722
0.7435131891005128	1.0859147090948926	0.6470521578504618
0.7450829844263065	1.0883394556880097	0.6497752890587045
0.7466527797521004	1.0907651711875475	0.6525041492805023
0.7482225750778944	1.0931918592530325	0.6552387371982357
0.7497923704036883	1.0956195233440504	0.6579790555418814
0.7513621657294821	1.0980481674202465	0.6607251050135061
0.752931961055276	1.1004777950413238	0.6634768872862469
0.75450175638107	1.1029084099670448	0.6662344414988866
0.7560715517068639	1.1053400159572306	0.6689976591441011
0.7576413470326578	1.1077726009717626	0.6717666463629391
0.7592111423584517	1.1102062001705804	0.6745413703969083
0.7607809376842456	1.1126408016136833	0.6773218349725604
0.7623507330100394	1.1150764092611305	0.6801080374915199
0.7639205283358333	1.1175130267730402	0.6828999813474264
0.7654903236616272	1.1199506580095906	0.6856976674624604
0.7670601189874211	1.1223893069310198	0.6885010971237665
0.768629914313215	1.1248289772976252	0.6913102741047435
0.770199709639009	1.1272696730697649	0.6941251953605099
0.7717695049648028	1.1297113980078564	0.6969458650032379
0.7733393002905967	1.1321541559723782	0.6997722836355456
0.7749090956163907	1.1345979509238684	0.7026044527852817
0.7764788909421846	1.1370427869229258	0.7054423762308027
0.7780486862679784	1.1394886677302092	0.7082860511027963
0.7796184815937722	1.1419355974064382	0.7111354817697952
0.7811882769195662	1.1443835799123938	0.7139906685408334
0.7827580722453601	1.1468326193089167	0.7168516137499532
0.7843278675711539	1.1492827194569089	0.7197183196990659
0.7858976628969478	1.151733884517333	0.722590785267215
0.7874674582227418	1.1541861169512133	0.7254690143164334
0.7890372535485357	1.156639423819635	0.7283530072000229
0.7906070488743295	1.159093807683744	0.7312427665204738
0.7921768442001235	1.1615492727047485	0.7341382946921305
0.7937466395259174	1.1640058229439172	0.7370395903598226
0.7953164348517113	1.1664634624625811	0.7399466579518412
0.7968862301775052	1.168922195522132	0.7428594973987214
0.798456025503299	1.1713820260840242	0.7457781136907378
0.8000258208290929	1.173842958609773	0.7487025041625124
0.8015956161548868	1.1763049973609565	0.7516326728769614
0.8031654114806808	1.1787681459992143	0.754568621184144
0.8047352068064746	1.1812324090862485	0.7575103507982834
0.8063050021322685	1.1836977907838224	0.760457866238414
0.8078747974580625	1.1861642954537628	0.763411164955672
0.8094445927838564	1.188631927257958	0.7663702511824998
0.8110143881096502	1.1911006906583592	0.7693351262603425
0.8125841834354441	1.19357058971698	0.7723057921764571
0.814153978761238	1.196041628995897	0.7752822578613388
0.8157237740870319	1.1985138126572488	0.7782645118093333
0.8172935694128257	1.200987145263238	0.7812525636427688
0.8188633647386196	1.2034616309761288	0.7842464140117277
0.8204331600644136	1.2059372743582495	0.787246065728412
0.8220029553902075	1.2084140797719913	0.7902515219096901
0.8235727507160013	1.2108920515798078	0.7932627816029117
0.8251425460417953	1.2133711943442174	0.7962798495678679
0.8267123413675892	1.2158515122278004	0.7993027263006013
0.8282821366933831	1.2183330101932015	0.8023314155499252
0.829851932019177	1.2208156927031286	0.8053659196080126
0.8314217273449708	1.2232995640203541	0.8084062384829708
0.8329915226707647	1.2257846289077128	0.8114523764708911
0.8345613179965586	1.2282708917281044	0.8145043343728563
0.8361311133223526	1.2307583572444922	0.8175621176332587
0.8377009086481464	1.2332470299199039	0.8206257239994551
0.8392707039739403	1.2357369145174302	0.8236951582878408
0.8408404992997343	1.2382280156002277	0.826770423129001
0.8424102946255282	1.240720337931516	0.8298515201637723
0.843980089951322	1.24321388597458	0.8329384539701769
0.8455498852771159	1.2457086646927684	0.8360312235087756
0.8471196806029099	1.248204678649495	0.839129833263384
0.8486894759287037	1.2507019326082378	0.8422342851467469
0.8502592712544975	1.2532004313325402	0.8453445818887982
0.8518290665802914	1.25570017968601	0.8484607285261061
0.8533988619060854	1.2582011824323203	0.8515827231111842
0.8549686572318793	1.2607034443352083	0.8547105712941312
0.8565384525576731	1.2632069703584778	0.8578442941525525
0.8581082478834671	1.2657117652659968	0.8609838558032918
0.859678043209261	1.2682178340216992	0.8641292790727823
0.8612478385350549	1.2707251814895835	0.8672805653424834
0.8628176338608488	1.2732338126337144	0.8704377179957841
0.8643874291866427	1.2757437324182224	0.8736007596978349
0.8659572245124365	1.2782549457073025	0.8767696542464727
0.8675270198382304	1.2807674576652166	0.8799444052799444
0.8690968151640243	1.2832812731562921	0.8831250519571918
0.8706666104898182	1.2857963973449222	0.8863115801228265
0.8722364058156121	1.2883128351955662	0.8895040142239167
0.8738062011414061	1.2908305918727494	0.8927023125049455
0.8753759964672		1.2933496724410636	0.8959065021123863
0.8769457917929938	1.2958700819651667	0.8991165830141719
0.8785155871187877	1.2983918258097829	0.9023325607074205
0.8800853824445817	1.3009149089397027	0.9055544366073681
0.8816551777703756	1.3034393366197836	0.9087822162312388
0.8832249730961694	1.3059651141149493	0.9120159000419862
0.8847947684219633	1.3084922465901911	0.9152554941971371
0.8863645637477572	1.3110207394105655	0.9185009982698972
0.8879343590735511	1.3135505977411972	0.9217524184296904
0.8895041543993449	1.3160818270472776	0.9250097573720937
0.8910739497251389	1.3186144325940647	0.9282730173995736
0.8926437450509328	1.3211484196468848	0.9315422027465482
0.8942135403767267	1.3236837937711299	0.9348173163454174
0.8957833357025206	1.32622056033226	0.9380983626444578
0.8973531310283145	1.3287587245958032	0.9413853445105869
0.8989229263541084	1.3312982922273542	0.9446782656406004
0.9004927216799024	1.3338392686925753	0.9479771286374059
0.9020625170056961	1.3363816593571967	0.9512819383787342
0.90363231233149	1.3389254699870166	0.9545926976692971
0.9052021076572839	1.3414707058479007	0.9579094116779486
0.9067719029830779	1.344017372805783	0.96123208278749
0.9083416983088718	1.3465654762266646	0.9645607142899275
0.9099114936346656	1.3491150219766155	0.9678953101409968
0.9114812889604595	1.351666015521774	0.9712358749758153
0.9130510842862535	1.3542184627283456	0.9745824128449863
0.9146208796120474	1.3567723691626055	0.9779349257907056
0.9161906749378412	1.3593277405908963	0.9812934196952972
0.9177604702636352	1.3618845828796295	0.9846578969685026
0.919330265589429	1.3644429017952853	0.9880283628710798
0.9209000609152229	1.367002703004412	0.9914048217848052
0.9224698562410167	1.3695639925736274	0.9947872762171485
0.9240396515668107	1.3721267761696176	0.998175730952743
0.9256094468926046	1.374691059959138	1.001570160783556
0.9271792422183985	1.3772568496090125	1.0049706453979745
0.9287490375441924	1.3798241511861347	1.0083771289222956
0.9303188328699863	1.3823929706574667	1.0117896268295574
0.9318886281957802	1.3849633140900404	1.0152081461073075
0.9334584235215742	1.3875351875509565	1.0186326968149748
0.935028218847368	1.3901085969073859	1.0220632722924903
0.9365980141731618	1.392683575326568	1.025499882886236
0.9381678094989557	1.3952600754758124	1.0289425331451725
0.9397376048247497	1.3978381300224982	1.0323912264812207
0.9413074001505435	1.4004177451340745	1.0358459689086006
0.9428771954763374	1.4029988990780595	1.0393067658389943
0.9444469908021313	1.4055816538220418	1.042773618225091
0.9460167861279253	1.40816598793368	1.0462465335055982
0.9475865814537192	1.410751907680703	1.049725515063821
0.949156376779513	1.4133394194309086	1.0532105683835566
0.950726172105307	1.4159285294521662	1.0567016997458398
0.9522959674311009	1.4185192442124153	1.0601989112791685
0.9538657627568947	1.4211115701796646	1.0637022091763468
0.9554355580826885	1.423705514421995	1.0672115991991844
0.9570053534084825	1.4263010821075561	1.0707270872187684
0.9585751487342764	1.4288982804045698	1.0742486742989976
0.9601449440600703	1.4314971159813272	1.07777636857275
0.9617147393858642	1.4340975952061914	1.0813101739084645
0.9632845347116581	1.4366997248475954	1.0848500960665037
0.964854330037452	1.4393035115740436	1.088396141117188
0.966424125363246	1.4419089619541114	1.0919483127488825
0.9679939206890398	1.444516082756445	1.095506636410764
0.9695637160148337	1.447124880749762	1.0990710793940237
0.9711335113406275	1.4497353627028515	1.1026416680444215
0.9727033066664215	1.4523475353845727	1.1062184042313512
0.9742731019922153	1.454961405563858	1.109801294303538
0.9758428973180092	1.4575769803097094	1.1133903233900895
0.9774126926438031	1.460194266491202	1.1169855394861565
0.9789824879695971	1.4628132708774815	1.1205869261724255
0.9805522832953909	1.4654340006377655	1.1241944901106822
0.9821220786211848	1.4680564627413437	1.1278082806484926
0.9836918739469788	1.4706806642575776	1.1314282175474755
0.9852616692727727	1.4733066121559		1.135054350565025
0.9868314645985666	1.4759343137058163	1.1386866820269355
0.9884012599243603	1.478563775976904	1.1423252205122247
0.9899710552501543	1.4811950061388124	1.1459699711696694
0.9915408505759482	1.4838280489612627	1.1496209404918893
0.9931106459017421	1.4864628371140496	1.153278088102861
0.994680441227536	1.4890994149670391	1.1569415128101583
0.9962502365533299	1.49173778989017	1.1606111746815817
0.9978200318791238	1.4943779692534531	1.1642870811163664
0.9993898272049178	1.4970199604269727	1.1679692390311514
1.0009596225307116	1.4996637709808853	1.171657651172276
1.0025294178565054	1.50230936798542	1.1753523266582135
1.0040992131822992	1.504956839110879	1.179053271137397
1.005669008508093	1.5076061522276372	1.182760491495318
1.007238803833887	1.5102573147061422	1.1864739945123344
1.008808599159681	1.5129103343169155	1.1901937878733702
1.0103783944854747	1.5155652187305508	1.1939198764013497
1.0119481898112688	1.518221975617715	1.1976522680810453
1.0135179851370626	1.5208806128491492	1.201390970223562
1.0150877804628566	1.523541138095667	1.2051359911422093
1.0166575757886505	1.526203559228155	1.2088873332000953
1.0182273711144443	1.5288678841175745	1.212645006278953
1.0197971664402383	1.5315341207349593	1.2164090180902905
1.0213669617660321	1.5342022770514172	1.2201793743338156
1.0229367570918262	1.5368723609381298	1.2239560833574716
1.0245065524176198	1.5395443806663522	1.2277391524143824
1.0260763477434138	1.5422183441074135	1.23152857133001
1.0276461430692079	1.5448942594327169	1.2353243814393082
1.0292159383950017	1.5475721349137384	1.239126576115386
1.0307857337207955	1.55025197862203	1.242935158836283
1.0323555290465893	1.5529337989292158	1.2467501379776462
1.0339253243723832	1.5556176041069958	1.2505715222545584
1.0354951196981772	1.5583034024271427	1.2543993192537197
1.037064915023971	1.5609912023615047	1.25823353756674
1.038634710349765	1.5636810122820037	1.2620741835460547
1.0402045056755589	1.5663728441606366	1.2659212660203374
1.041774301001353	1.5690666995694742	1.2697747931330774
1.0433440963271465	1.5717625906806623	1.273634773404503
1.0449138916529406	1.5744605806664214	1.277501216248302
1.0464836869787344	1.5771605694990463	1.281374125376193
1.0480534823045284	1.5798626198509071	1.2852535121075817
1.0496232776303223	1.5825667404944486	1.2891393900821315
1.051193072956116	1.5852729403021906	1.293031756573821
1.0527628682819101	1.5879812280467274	1.2969306255109687
1.054332663607704	1.5906916127007287	1.300836005931128
1.0559024589334978	1.59340410303694	1.3047479067899748
1.0574722542592916	1.5961187082281807	1.3086663358073825
1.0590420495850856	1.5988354371473468	1.3125913020408062
1.0606118449108795	1.601554236767409	1.3165228172172077
1.0621816402366735	1.6042752398614126	1.320460885033432
1.0637514355624673	1.6069983941024801	1.3244055182715577
1.0653212308882614	1.6097237087638083	1.3283567240078278
1.0668910262140552	1.6124511931186698	1.3323145125668343
1.068460821539849	1.6151808566404133	1.336278892746478
1.0700306168656428	1.6179127085024627	1.3402498742906181
1.0716004121914366	1.6206467582783182	1.3442274673714507
1.0731702075172307	1.6233830154415552	1.3482116797399524
1.0747400028430245	1.6261214894658258	1.35220252182045
1.0763097981688186	1.6288621900248574	1.3562000057692054
1.0778795934946124	1.6316051267924543	1.3602041366850202
1.0794493888204064	1.6343503093424963	1.3642149270579425
1.0810191841462002	1.6370977475489392	1.368232385622967
1.082588979471994	1.6398474511858159	1.3722565230279327
1.0841587747977879	1.6425994300272346	1.3762873493679886
1.0857285701235817	1.645353694147381	1.380324874812255
1.0872983654493757	1.648110253420516	1.3843691102956834
1.0888681607751696	1.6508691178209782	1.3884200647046718
1.0904379561009636	1.653630297623182	1.3924777492647467
1.0920077514267574	1.6563938028016185	1.3965421766013493
1.0935775467525515	1.659159643630856	1.4006133528508193
1.095147342078345	1.6619278303855394	1.404691290788
1.0967171374041391	1.6646983732403897	1.4087760018968787
1.098286932729933	1.667471282770206	1.4128674958059786
1.099856728055727	1.6702465692498634	1.4169657841248395
1.1014265233815208	1.6730242433543145	1.4210708777351437
1.1029963187073146	1.6758043153585886	1.4251827877433845
1.1045661140331087	1.6785867961377925	1.4293015103978435
1.1061359093589025	1.68137169616711	1.4334270870193406
1.1077057046846965	1.6841590219218026	1.4375595152916398
1.1092755000104901	1.6869487929772082	1.4416988033863714
1.1108452953362842	1.6897410157087431	1.4458449646374367
1.112415090662078	1.6925357009919002	1.449998011287771
1.113984885987872	1.6953328600022504	1.4541579546593972
1.1155546813136659	1.6981325036154422	1.45832480695408
1.11712447663946	1.7009346431072017	1.4624985805234327
1.1186942719652537	1.7037392894533323	1.4666792863654943
1.1202640672910475	1.7065464540297157	1.4708669370862004
1.1218338626168414	1.709356148012311	1.475061545086858
1.1234036579426352	1.7121683829771548	1.4792631228405673
1.1249734532684292	1.7149831702003628	1.483471717257383
1.126543248594223	1.717800521158128	1.4876872733100772
1.128113043920017	1.7206204521267212	1.4919098367954702
1.129682839245811	1.7234429654824914	1.4961394205008238
1.131252634571605	1.7262680776018664	1.5003759986398495
1.1328224298973988	1.7290958002613512	1.5046196596369856
1.1343922252231928	1.7319261451375303	1.5088703800301086
1.1359620205489864	1.734759124407065	1.5131281724523569
1.1375318158747802	1.7375947498466964	1.5173930504204758
1.1391016112005743	1.7404330335332434	1.5216650277586465
1.1406714065263681	1.7432739877436034	1.5259441175316428
1.1422412018521622	1.7461176244547525	1.5302303360806768
1.143810997177956	1.7489639561437456	1.5345236922969276
1.14538079250375	1.7518129950877157	1.538824202498489
1.1469505878295438	1.754664753763875	1.5431318805212364
1.1485203831553377	1.757519244449515	1.5474467410957171
1.1500901784811315	1.7603764800220043	1.551768863041175
1.1516599738069255	1.7632364728587926	1.55609813258432
1.1532297691327194	1.766099235837407	1.5604346271390348
1.1547995644585132	1.768964781835454	1.5647783615839936
1.1563693597843072	1.7718331235306197	1.5691293502285188
1.157939155110101	1.7747042739006689	1.5734876081820661
1.159508950435895	1.7775782461234448	1.5778531501197166
1.1610787457616887	1.780455053276872	1.5822259938173875
1.1626485410874827	1.783334708438952	1.586606149262006
1.1642183364132765	1.786217224787767	1.5909936346814728
1.1657881317390706	1.7891026160014782	1.5953884649902186
1.1673579270648644	1.7919908954583266	1.5997906558963153
1.1689277223906585	1.794882076636632	1.6042002233097588
1.1704975177164523	1.7977761730147945	1.6086171830665656
1.172067313042246	1.8006731984712934	1.6130415506749796
1.1736371083680401	1.803573166584688	1.6174733425322878
1.1752069036938337	1.8064760913336166	1.621912574791822
1.1767766990196278	1.8093819866967982	1.6263592638388875
1.1783464943454216	1.8122908666530313	1.630813428552303
1.1799162896712156	1.8152027452811939	1.6352750805980045
1.1814860849970095	1.818117636860244	1.6397442627826033
1.1830558803228035	1.8210354273692204	1.644220900368059
1.1846256756485973	1.823956384087241	1.648705050598464
1.1861954709743914	1.8268803966935039	1.6531970987695954
1.187765266300185	1.8298074798672879	1.6576964607851354
1.1893350616259788	1.8327376482879516	1.66220341505183
1.1909048569517728	1.8356709166349339	1.6667179797773302
1.1924746522775667	1.8386072996877536	1.6712401723776396
1.1940444476033607	1.8415468125260106	1.6757700106261495
1.1956142429291545	1.8444894701293848	1.680307512778222
1.1971840382549486	1.8474355485776366	1.6848526970108446
1.1987538335807424	1.8503845513506063	1.689405583722873
1.2003236289065362	1.853336744728216	1.6939661870636078
1.20189342423233	1.8562921442904676	1.6985345277286172
1.203463219558124	1.8592507655174433	1.7031106245053993
1.205033014883918	1.8622126239893066	1.7076944967314878
1.206602810209712	1.8651777354863017	1.7122861629534918
1.2081726055355058	1.8681461158887533	1.716885389087356
1.2097424008612996	1.8711177809770672	1.7214924790946728
1.2113121961870936	1.8740927468317297	1.7261060285245524
1.2128819915128874	1.8770708556333089	1.7307290282119592
1.2144517868386813	1.8800524418624525	1.7353620413388744
1.216021582164475	1.8830374341998906	1.7400009297156724
1.2175913774902691	1.8860244329264337	1.7446477063633115
1.219161172816063	1.8890161238229735	1.7493024334198746
1.220730968141857	1.8920127052704825	1.753965133103299
1.2223007634676508	1.8950110613500157	1.7586358276832506
1.2238705587934449	1.8980130418427077	1.7633145372759176
1.2254403541192387	1.9010186739297754	1.7680012829315543
1.2270101494450323	1.904027553092517	1.7726960859664245
1.2285799447708263	1.9070399165123122	1.7773989677964424
1.2301497400966201	1.9100557814706214	1.78210994979055
1.2317195354224142	1.9130751655489875	1.7868290541308904
1.233289330748208	1.9160980863290338	1.7915563027449979
1.234859126074002	1.9191245613924666	1.796291717372585
1.2364289213997959	1.9221546086210728	1.8010353207833254
1.23799871672559	1.925188245896721	1.805787154692747
1.2395685120513835	1.9282254913013626	1.8105472140816559
1.2411383073771776	1.931266334217029	1.815315528292285
1.2427081027029714	1.934310855825835	1.8200921231581502
1.2442778980287652	1.9373590589099765	1.82487702165868
1.2458476933545592	1.9404109199517314	1.8296702473201567
1.247417488680353	1.9434664812334594	1.8344712282934732
1.2489872840061471	1.9465257616376028	1.8392811552000796
1.250557079331941	1.9495887800466853	1.844099479652299
1.252126874657735	1.952655555543313	1.848926226969023
1.2536966699835286	1.955726107210174	1.8537614212514253
1.2552664653093226	1.9588000769300384	1.8586050870266217
1.2568362606351164	1.961878230885759	1.8634572491108359
1.2584060559609105	1.9649602194602702	1.8683185335399177
1.2599758512867043	1.9680465322365892	1.873187775978724
1.2615456466124981	1.9711362696978154	1.8780655938669273
1.2631154419382922	1.9742298110271304	1.882951403469767
1.264685237264086	1.9773269414077983	1.8878464282058025
1.2662550325898798	1.9804284017231661	1.8927501030539362
1.2678248279156736	1.9835338170566623	1.8976624544401783
1.2693946232414677	1.9866432079917993	1.9025835082380007
1.2709644185672615	1.9897565953121708	1.9075132925885419
1.2725342138930555	1.9928739997014537	1.912451834153676
1.2741040092188494	1.9959954423434074	1.9173991596515165
1.2756738045446434	1.9991209444218745	1.9223552972484128
1.2772435998704372	2.0022505270207795	1.927320273504658
1.2788133951962308	2.005384211724131	1.9322941181453503
1.2803831905220249	2.0085220202160183	1.9372781867070796
1.2819529858478187	2.011664787880616	1.942269905536004
1.2835227811736127	2.0148109442021793	1.9472691404059135
1.2850925764994066	2.0179604062650482	1.9522787411551956
1.2866623718252006	2.0211149288536454	1.957297351348084
1.2882321671509944	2.0242736854524748	1.9623250020601013
1.2898019624767885	2.027436698646125	1.9673617228870495
1.2913717578025823	2.030603991319269	1.9724075430919383
1.292941553128376	2.03377558615666	1.9774624944390602
1.29451134845417	2.0369515063431356	1.9825266063396982
1.2960811437799638	2.040131775063617	1.9875999097989627
1.2976509391057578	2.043316415603108	1.9926824349899603
1.2992207344315516	2.0465054516466963	1.9977742144683395
1.3007905297573457	2.0496989067795535	2.002875278933553
1.3023603250831395	2.0528968050869323	2.007985660636647
1.3039301204089335	2.056099170454171	2.0131053905376937
1.3054999157347271	2.0593060272666905	2.0182345022534
1.3070697110605212	2.0625173999099946	2.0233730281354574
1.308639506386315	2.0657333130696713	2.0285210008295866
1.310209301712109	2.068953791331393	2.0336784548173523
1.3117790970379029	2.0721788598809137	2.0388454208628004
1.3133488923636967	2.0754085438040724	2.0440219338297005
1.3149186876894907	2.0786428684867913	2.049208027257364
1.3164884830152845	2.081881859315076	2.054403669758071
1.3180582783410784	2.0851255405750164	2.059609029090839
1.3196280736668722	2.0883739413527858	2.064824072674312
1.3211978689926662	2.0916270862346416	2.0700488373207144
1.32276766431846	2.0948850014069245	2.0752833577197016
1.324337459644254	2.098147713456059	2.0805276689086734
1.325907254970048	2.101415249068554	2.085781808597846
1.327477050295842	2.1046876352310027	2.0910458123836575
1.3290468456216358	2.107964898930081	2.096319716490948
1.3306166409474296	2.111247020652549	2.10160355931455
1.3321864362732234	2.1145341215852524	2.1068973775492297
1.3337562315990172	2.117826182815119	2.112201208339647
1.3353260269248113	2.1211232321291615	2.1175150909516844
1.336895822250605	2.1244252978144775	2.122839063365816
1.3384656175763991	2.1277324081582463	2.1281731657677128
1.340035412902193	2.1310445918477345	2.1335174339609284
1.341605208227987	2.1343618777702904	2.1388719091866513
1.3431750035537808	2.137684294813348	2.1442366300780837
1.3447447988795747	2.1410118724644254	2.1496116386967388
1.3463145942053685	2.1443446400111243	2.1549969744444772
1.3478843895311623	2.1476826272411302	2.16039267758021
1.3494541848569563	2.1510258642422158	2.165798790548964
1.3510239801827502	2.154374381002235	2.1712153536418626
1.3525937755085442	2.1577282081091274	2.17664241006134
1.354163570834338	2.161088484950918	2.182080001614614
1.355733366160132	2.164453041415714	2.1875281699694926
1.3573031614859257	2.1678230010917092	2.192986959581348
1.3588729568117197	2.171198395667181	2.198456412522476
1.3604427521375135	2.1745792565304916	2.20393657404411
1.3620125474633076	2.1779656157700877	2.2094274875900384
1.3635823427891014	2.181357505574501	2.2149291969624803
1.3651521381148952	2.1847549582323467	2.2204417484993164
1.3667219334406893	2.1881567566323263	2.22596518623676
1.368291728766483	2.191565414063225	2.231499557461752
1.3698615240922771	2.194979732813912	2.2370449066929594
1.3714313194180707	2.198399746273344	2.2426012846625243
1.3730011147438648	2.2018254882305586	2.2481687325358033
1.3745709100696586	2.2052569925746823	2.2537473041610565
1.3761407053954526	2.2086942936949234	2.2593370396625088
1.3777105007212465	2.212137426080576	2.264937990188607
1.3792802960470405	2.2155864245210197	2.2705502060987928
1.3808500913728343	2.2190413241057185	2.276173735233926
1.3824198866986281	2.222502160324221	2.281808628257929
1.383989682024422	2.2259689686661623	2.287454933875946
1.3855594773502158	2.2294417852212596	2.2931127042502015
1.3871292726760098	2.2329206461793185	2.2987819884903287
1.3886990680018036	2.2364055880302267	2.304462839504615
1.3902688633275977	2.23989664776396	2.3101553080882056
1.3918386586533915	2.243393862370577	2.3158594471762637
1.3934084539791856	2.246897269340221	2.321575308673006
1.3949782493049794	2.2504069065631227	2.327302947070802
1.3965480446307734	2.2539228120295967	2.333042414398555
1.398117839956567	2.2574450239300425	2.338793766822207
1.3996876352823608	2.260973580954946	2.344557057143091
1.4012574306081549	2.2645085222948764	2.3503323423259137
1.4028272259339487	2.26804988724049	2.35611967613959
1.4043970212597428	2.2715977152825286	2.3619218586991626
1.4059668165855366	2.275152036711817	2.367733502828794
1.4075366119113306	2.2787147086192676	2.373557377305921
1.4091064072371244	2.2822821983958774	2.379393526787513
1.4106762025629183	2.2858563138327286	2.3852420136208394
1.412245997888712	2.289437096220989	2.3911029003873434
1.4138157932145061	2.293024592251912	2.396973187546095
1.4153855885403		2.2966168807168357	2.402858983241604
1.4169553838660938	2.3002178812071845	2.408757351916525
1.4185251791918878	2.3038257168144685	2.4146683553477457
1.4200949745176816	2.3074404303302822	2.420592053823547
1.4216647698434757	2.3110620653463068	2.4265285105021244
1.4232345651692693	2.314690665454308	2.432477786586817
1.4248043604950633	2.3183262748461377	2.438439945695328
1.4263741558208571	2.321968937913734	2.4444150521858345
1.4279439511466512	2.325618699449119	2.4504031685045877
1.429513746472445	2.3292756048444017	2.4564043612855704
1.431083541798239	2.3329396994917766	2.4624186941411677
1.4326533371240329	2.3366110293835227	2.4684462333072306
1.4342231324498267	2.3402896408120073	2.4744870463110207
1.4357929277756207	2.343975580469681	2.4805411987057813
1.4373627231014143	2.347668895349081	2.4866087590308226
1.4389325184272084	2.3513696330428298	2.4926897946421995
1.4405023137530022	2.355077841343636	2.498784374427842
1.4420721090787962	2.358793568344295	2.5048925686123056
1.44364190440459	2.362516862737686	2.5110144459773824
1.445211699730384	2.3662477734167755	2.5171500771631212
1.446781495056178	2.369986349874616	2.523299534490249
1.448351290381972	2.3737326418043443	2.5294628878350864
1.4499210857077656	2.377486699399184	2.5356402111248153
1.4514908810335594	2.3812485731524453	2.5418315756766012
1.4530606763593534	2.3850183140575236	2.548037055724052
1.4546304716851473	2.388795973407899	2.5542567260143207
1.4562002670109413	2.392581602897141	2.5604906623016093
1.4577700623367351	2.396375254618901	2.5667389354904393
1.4593398576625292	2.400176981166919	2.5730016239328672
1.460909652988323	2.40398683533502	2.579278804839901
1.4624794483141168	2.407804870417115	2.5855705534786715
1.4640492436399106	2.4116311401072017	2.5918769486380873
1.4656190389657047	2.415465698399363	2.598198068655131
1.4671888342914985	2.419308599787769	2.6045339913248124
1.4687586296172923	2.423159899166674	2.6108847961849584
1.4703284249430864	2.42701965143042	2.6172505642434722
1.4718982202688802	2.4308879123734344	2.6236313739457517
1.4734680155946742	2.4347647378902306	2.6300273075474747
1.4750378109204678	2.4386501841754087	2.636438445947277
1.4766076062462619	2.4425443078236553	2.642864874785158
1.4781774015720557	2.4464471673297408	2.6493066697266086
1.4797471968978497	2.450358817188525	2.6557639172463756
1.4813169922236435	2.454279316394951	2.6622367013426382
1.4828867875494376	2.4582087228440495	2.668725104683596
1.4844565828752314	2.4621470950309385	2.6752292121453056
1.4860263782010255	2.4660944912508196	2.681749108504565
1.4875961735268193	2.4700509704989826	2.6882848791796086
1.4891659688526129	2.4740165919708024	2.694836610186619
1.490735764178407	2.477991414861741	2.701404385938674
1.4923055595042007	2.481975498967346	2.7079882933878774
1.4938753548299948	2.485968903983252	2.714588419208923
1.4954451501557886	2.4899716900051794	2.7212048506512727
1.4970149454815826	2.493983917228934	2.7278376734773517
1.4985847408073765	2.4980056461504105	2.734486975133472
1.5001545361331705	2.502036937065587	2.7411528433166383
1.5017243314589641	2.506077850770529	2.7478353651670955
1.5032941267847582	2.510128447861389	2.754534628777374
1.504863922110552	2.514188789034405	2.7612507203692878
1.5064337174363458	2.518258935085901	2.7679837274403547
1.5080035127621398	2.52233894661229	2.77473373749373
1.5095733080879337	2.526428884410067	2.781500837456295
1.5111431034137277	2.5305288089758173	2.788285114802281
1.5127128987395215	2.5346387806062105	2.7950866543190465
1.5142826940653156	2.5387588594980026	2.801905542636113
1.5158524893911092	2.542889105648037	2.808741865079383
1.5174222847169032	2.5470295784532437	2.815595706495304
1.518992080042697	2.5511803373106368	2.822467150879107
1.520561875368491	2.55534144091732	2.8293562812501882
1.522131670694285	2.55951294747048	2.8362631808334275
1.5237014660200787	2.5636949146673933	2.843187929024429
1.5252712613458728	2.5678873995054214	2.850130606359533
1.5268410566716666	2.5720904579820107	2.8570912913625715
1.5284108519974604	2.576304145294697	2.8640700607410383
1.5299806473232542	2.5805284975411005	2.8710669853876696
1.5315504426490483	2.5847636198189283	2.8780821453222423
1.533120237974842	2.589009513625974	2.8851156081051554
1.5346900333006361	2.5932662454601183	2.892167442477921
1.53625982862643	2.5975338636193275	2.8992377114314154
1.537829623952224	2.6018124259016546	2.906331918619686
1.5393994192780178	2.60610194220524	2.913433797891201
1.5409692146038114	2.6104024881283086	2.9205597259025025
1.5425390099296055	2.614714090569174	2.9277043088527375
1.5441088052553993	2.619036783926235	2.934867671314991
1.5456786005811933	2.623370598197978	2.9420496804003293
1.5472483959069872	2.6277155580829734	2.949250444028045
1.5488181912327812	2.6320716815798813	2.956469975515641
1.550387986558575	2.6364389782874467	2.963708274369442
1.551957781884369	2.6408174477045008	2.9709653234318547
1.5535275772101629	2.645207076129962	2.9782410836670117
1.5550973725359567	2.6496078328628356	2.985535485967923
1.5566671678617505	2.6540196655022124	2.992848427348809
1.5582369631875443	2.65844249304727	3.000179756056593
1.5598067585133384	2.6628761978972735	3.0075292599404984
1.5613765538391322	2.667320615051573	3.014896648432322
1.5629463491649263	2.6717754920096066	3.0222813925475775
1.56451614449072	2.676240580670898	3.0296832481779847
1.5660859398165141	2.6807155152350575	3.037101498757378
1.5676557351423077	2.685199883901782	3.044535443310057
1.5692255304681018	2.689693352770856	3.0519845098129568
