0.0001	0.0001400712421471164	1.1792932015147305e-8
0.0016721113585207378	0.0023421474111936726	3.2965559835366564e-6
0.0032442227170414754	0.004544225034087569	0.00001240937582169803
0.004816334075562214	0.00674630532146153	0.000027350195075617817
0.006388445434082951	0.008948389613438556	0.00004811903933785236
0.007960556792603688	0.011150479216742063	0.0000747159034029738
0.009532668151124427	0.013352575439096011	0.00010714079821808216
0.011104779509645165	0.015554679588125037	0.00014539362372174389
0.012676890868165902	0.017756792970354596	0.00018947434761284576
0.014249002226686638	0.019958916893311092	0.00023938306431155575
0.015821113585207377	0.022161052664522018	0.0002951194963830794
0.017393224943728115	0.024363201591516077	0.00035668388139804754
0.018965336302248854	0.026565364982823327	0.0004240762570397904
0.02053744766076959	0.028767544145975314	0.000497296037691855
0.02210955901929033	0.030969740389505205	0.0005763431447680384
0.023681670377811066	0.03317195501994793	0.0006612188208396497
0.025253781736331804	0.03537418934684029	0.0007519216277319175
0.02682589309485254	0.03757644467872113	0.0008484523606251921
0.028398004453373277	0.03977872232313145	0.0009508093145084577
0.02997011581189402	0.04198102359061452	0.0010589952377172008
0.03154222717041476	0.04418334978971608	0.001173007725251774
0.0331143385289355	0.0463857022299844	0.0012928473658322945
0.034686449887456235	0.048588082219970456	0.001418514266584902
0.03625856124597697	0.050790491071228044	0.001550008077765196
0.03783067260449771	0.05299293009231394	0.0016873289202650901
0.039402783963018446	0.05519540059378803	0.00183047761909779
0.04097489532153918	0.057397903886213394	0.0019794521906397917
0.04254700668005992	0.05960044128215651	0.0021342532669524935
0.044119118038580665	0.06180301409118737	0.002294881024459707
0.0456912293971014	0.06400562362487955	0.00246133516693803
0.047263340755622135	0.06620827119681044	0.0026336156579341084
0.04883545211414288	0.06841095811656134	0.0028117225638754602
0.05040756347266361	0.07061368569871758	0.002995655262734974
0.05197967483118435	0.07281645525686863	0.0031854140701073302
0.05355178618970508	0.0750192681016083	0.0033809991426866945
0.055123897548225824	0.07722212554953486	0.0035824096424274554
0.05669600890674656	0.07942502891225113	0.0037896455871568586
0.0582681202652673	0.08162797950636462	0.004002706815229515
0.05984023162378804	0.08383097864648772	0.004221593556706358
0.06141234298230878	0.08603402764723782	0.004446305370620917
0.06298445434082951	0.08823712782523734	0.004676843486353467
0.06455656569935025	0.09044028049611401	0.004913204997322791
0.066128677057871	0.09264348697650096	0.005155391410690576
0.06770078841639172	0.09484674858503678	0.00540340208523923
0.06927289977491247	0.09705006663836573	0.005657237212841616
0.07084501113343321	0.09925344245513786	0.0059168963266788025
0.07241712249195394	0.10145687735600913	0.006182379753900529
0.07398923385047468	0.10366037265164157	0.006453686691829186
0.07556134520899542	0.1058639296757034	0.006730817446841344
0.07713345656751615	0.1080675497438691	0.007013771881888599
0.07870556792603689	0.11027123417181968	0.007302548983691703
0.08027767928455763	0.11247498427524269	0.007597149207831846
0.08184979064307836	0.11467880139983241	0.007897572261312769
0.0834219020015991	0.11688268684129	0.00820381788900394
0.08499401336011984	0.11908664194532358	0.008515886030233732
0.08656612471864057	0.12129066802764842	0.008833776335927083
0.08813823607716133	0.12349476640398702	0.009157488710661637
0.08971034743568206	0.1256989384100693	0.009487022640199076
0.0912824587942028	0.12790318537163267	0.009822378194218384
0.09285457015272354	0.13010750861442222	0.01016355521236835
0.09442668151124427	0.13231190945419086	0.010510552841229127
0.09599879286976501	0.1345163892366994	0.010863371564790269
0.09757090422828575	0.13672094928771672	0.011222012990665031
0.09914301558680648	0.13892559092301984	0.011586472761627817
0.10071512694532722	0.1411303154883942	0.011956752509511615
0.10228723830384796	0.14333512430963363	0.01233285233380133
0.10385934966236869	0.1455400187225406	0.012714771528491342
0.10543146102088943	0.14774500004292632	0.013102510674997968
0.10700357237941016	0.14995006962661084	0.01349606830371827
0.1085756837379309	0.15215522878942314	0.013895444572570427
0.11014779509645165	0.15436047887720142	0.01430063963506613
0.11171990645497237	0.15656582121579318	0.014711652969957602
0.11329201781349311	0.1587712571610552	0.015128484431414391
0.11486412917201387	0.1609767880288539	0.015551133190292186
0.1164362405305346	0.16318241517506527	0.015979599480222706
0.11800835188905534	0.16538813992557516	0.016413884044405955
0.11958046324757608	0.16759396362627935	0.016853984248218302
0.12115257460609681	0.16979988761308362	0.017299900958806617
0.12272468596461755	0.1720059132419041	0.017751634052019575
0.12429679732313828	0.1742120418386671	0.018209183444867164
0.125868908681659	0.17641827475930943	0.018672548088259962
0.12744102004017974	0.17862461333977855	0.01914172801181686
0.1290131313987005	0.18083105893603266	0.019616723590812818
0.13058524275722122	0.18303761288404075	0.02009753316560889
0.13215735411574198	0.18524427652978284	0.02058415719372738
0.1337294654742627	0.18745105123925013	0.021076595430303047
0.13530157683278343	0.18965793834844502	0.02157484727754855
0.13687368819130416	0.19186493920338135	0.02207891237563907
0.13844579954982492	0.1940720551700845	0.022588790408557748
0.14001791090834564	0.19627928759459148	0.02310448145290228
0.1415900222668664	0.1984866378329511	0.02362598454311916
0.14316213362538713	0.2006941072312242	0.024153300017032423
0.14473424498390786	0.20290169715548348	0.024686429391168
0.14630635634242858	0.20510940896181404	0.025225367618848582
0.14787846770094934	0.20731724399631327	0.025770117130034305
0.14945057905947007	0.20952520363509092	0.02632067686788342
0.15102269041799082	0.2117332892342694	0.026877046944010198
0.15259480177651158	0.21394150214998395	0.027439226657833188
0.15416691313503228	0.2161498437483825	0.028007215847472084
0.15573902449355304	0.21835831539562606	0.028581014062318284
0.15731113585207376	0.22056691844788878	0.02916062088118677
0.15888324721059452	0.22277565428135807	0.02974603660869116
0.16045535856911525	0.2249845242622347	0.030337259856607297
0.16202746992763598	0.227193529756733	0.030934291538778528
0.1635995812861567	0.22940267214108093	0.031537129512609986
0.16517169264467746	0.2316119527715203	0.03214577467261118
0.1667438040031982	0.23382137303430678	0.032760226091657435
0.16831591536171894	0.23603093430571012	0.033380482918581506
0.16988802672023967	0.2382406379420143	0.03400654555802267
0.1714601380787604	0.24045048533951754	0.03463841334460932
0.17303224943728113	0.2426604778745326	0.03527608567223187
0.17460436079580188	0.2448706169133868	0.03591956278023389
0.17617647215432264	0.24708090384242212	0.036568843315493205
0.17774858351284337	0.2492913400579955	0.037223927299246756
0.1793206948713641	0.25150192691647877	0.03788481457600247
0.18089280622988482	0.25371266582425894	0.03855150495935474
0.18246491758840558	0.25592355815773826	0.03922399705495674
0.1840370289469263	0.2581346053033344	0.039902290475232714
0.18560914030544706	0.26034580865748036	0.04058638529523037
0.1871812516639678	0.262557169606625	0.04127628262832049
0.18875336302248852	0.264768689537233	0.04197197890276815
0.19032547438100925	0.26698036985578455	0.04267347511222253
0.19189758573953	0.26919221193877646	0.04338077059045395
0.19346969709805073	0.27140421720272123	0.044093865210237615
0.19504180845657149	0.2736163870241479	0.04481276134685342
0.1966139198150922	0.27582872281960197	0.04553745248744026
0.19818603117361294	0.2780412259856454	0.04626794243107191
0.19975814253213367	0.28025389791885685	0.04700422848431563
0.20133025389065443	0.282466740025832	0.04774631166456894
0.20290236524917518	0.2846797537131832	0.04849419070946077
0.2044744766076959	0.2868929403875402	0.049247865445511116
0.20604658796621664	0.2891063014655498	0.05000733543651272
0.20761869932473737	0.2913198383438761	0.050772601189006644
0.20919081068325812	0.29353355243920093	0.05154366008566317
0.21076292204177885	0.2957474451782236	0.05232051308173811
0.2123350334002996	0.297961517947661	0.05310315915980883
0.2139071447588203	0.3001757721942484	0.05389159409290171
0.21547925611734106	0.30239020932473853	0.054685829808230196
0.2170513674758618	0.3046048307459026	0.0554858529370468
0.21862347883438255	0.3068196379045301	0.05629166746832277
0.22019559019290327	0.30903463220742877	0.05710327277503815
0.22176770155142403	0.311249815091425	0.057920668208911015
0.22333981290994473	0.3134651879733638	0.05874385499492067
0.22491192426846549	0.3156807522901092	0.059572828354669115
0.2264840356269862	0.3178965094685438	0.06040759247366949
0.22805614698550697	0.32011246093556955	0.06124814465131124
0.22962825834402772	0.32232860813810743	0.06209448372805044
0.23120036970254843	0.324544952503098	0.06294660443060066
0.23277248106106918	0.326761495477501	0.06380451727415008
0.2343445924195899	0.3289782384882959	0.06466822192165186
0.23591670377811066	0.3311951829924819	0.06553770028500396
0.2374888151366314	0.333412330427078	0.06641297569680527
0.23906092649515215	0.3356296822391232	0.06729402939032832
0.24063303785367285	0.33784723986567666	0.06818086692532278
0.2422051492121936	0.3400650047738178	0.06907348814311431
0.24377726057071433	0.34228297840064636	0.06997189223110038
0.2453493719292351	0.3445011622032826	0.07087607811166752
0.24692148328775582	0.34671955764886736	0.07178604075413296
0.24849359464627654	0.34893816618456236	0.07270178984052486
0.2500657060047973	0.3511569892575502	0.07362331869012685
0.25163781736331803	0.35337602835503445	0.07455063335190176
0.2532099287218388	0.35559528492423986	0.07548372210698123
0.2547820400803595	0.35781476044241256	0.0764225905827218
0.25635415143888024	0.3600344563568199	0.07736723675646344
0.257926262797401	0.36225437415475104	0.07831765983911285
0.2594983741559217	0.36447451530351666	0.0792738621112606
0.26107048551444245	0.3666948812804492	0.0802358390073532
0.2626425968729632	0.36891547355290316	0.08120359161846599
0.26421470823148396	0.37113629360825506	0.08217711986546992
0.26578681959000466	0.37335734292390366	0.0831564235810283
0.2673589309485254	0.37557862297727	0.08414150277361779
0.2689310423070462	0.37780013526579764	0.0851323536702118
0.2705031536655669	0.38002188125695263	0.08612897902143891
0.2720752650240876	0.3822438624582239	0.0871313746531451
0.27364737638260833	0.384466080347123	0.08813954294144294
0.2752194877411291	0.38668853643118467	0.08915348234815602
0.27679159909964984	0.3889112321979667	0.0901731914246985
0.2783637104581706	0.39113416914505006	0.09119867055343032
0.2799358218166913	0.39335734877003914	0.09222992104212523
0.28150793317521206	0.3955807725905618	0.09326693908381958
0.2830800445337328	0.3978044420942696	0.0943097239526241
0.28465215589225357	0.4000283587988377	0.09535828104026399
0.28622426725077427	0.4022525242119652	0.09641260276785502
0.28779637860929497	0.40447693985137545	0.0974726921353421
0.2893684899678157	0.4067016072148156	0.09853854460465171
0.2909406013263365	0.40892652784005723	0.09961016257231481
0.2925127126848572	0.4111517032348963	0.10068754390827461
0.29408482404337793	0.4133771349171534	0.10177068922641923
0.2956569354018987	0.41560282442467356	0.10285959879483836
0.29722904676041945	0.4178287732853268	0.10395426970620172
0.29880115811894015	0.42005498300700794	0.10505470229274003
0.3003732694774609	0.4222814551376369	0.10616089413876631
0.30194538083598166	0.42450819121515876	0.10727284900675865
0.3035174921945024	0.4267351927675439	0.10839056636116481
0.30508960355302317	0.4289624613427881	0.10951403717861265
0.3066617149115438	0.43118999846891276	0.11064326986098488
0.30823382627006457	0.4334178057139649	0.11177826395289993
0.3098059376285853	0.43564588459601744	0.11291901160841242
0.3113780489871061	0.43787423669316905	0.11406551593626324
0.3129501603456268	0.4401028635335448	0.11521777716741471
0.31452227170414754	0.44233176668529567	0.11637579331590403
0.3160943830626683	0.44456094771659904	0.11753956545541724
0.31766649442118905	0.44679040816565885	0.11870909003045813
0.31923860577970975	0.44902014598070544	0.11988436912492664
0.3208107171382305	0.45125016991999606	0.12106539981821957
0.32238282849675126	0.4534804779818147	0.12225218256866578
0.32395493985527196	0.45571107173447223	0.12344471785982113
0.32552705121379266	0.45794195276630684	0.12464299995948992
0.3270991625723134	0.46017312264568366	0.12584703532933453
0.3286712739308342	0.46240458296099546	0.12705682251025407
0.33024338528935493	0.4646363352806622	0.12827235634840703
0.3318154966478757	0.46686838120313173	0.1294936375384566
0.3333876080063964	0.46910072230687944	0.1307206664734788
0.33495971936491714	0.4713333601904085	0.13195344251214278
0.3365318307234379	0.47356629645225035	0.13319196364950697
0.33810394208195865	0.4757995326809643	0.1344362307427844
0.33967605344047935	0.478033070475138	0.1356862426843796
0.34124816479900005	0.48026691144338746	0.13694199993063222
0.3428202761575208	0.48250105719435715	0.1382034985592153
0.34439238751604156	0.4847355093367202	0.13947073964380605
0.34596449887456227	0.4869702694691785	0.14074372392130016
0.347536610233083	0.48920533922046266	0.14202244815423493
0.3491087215916038	0.4914407202093326	0.1433069147346959
0.35068083295012453	0.493676414054577	0.14459712209980477
0.3522529443086453	0.4959124223850141	0.14589306381226683
0.353825055667166	0.4981487468094913	0.1471947465648299
0.35539716702568674	0.5003853889768857	0.1485021668631391
0.3569692783842075	0.5026223505261038	0.1498153244546792
0.3585413897427282	0.5048596330760821	0.1511342182030879
0.3601135011012489	0.5070972382757867	0.15245884787787448
0.36168561245976966	0.5093351677642141	0.15378921230253842
0.3632577238182904	0.5115734231903906	0.15512531121050716
0.36482983517681117	0.5138120062133729	0.15646714364517947
0.36640194653533187	0.516050918472248	0.15781470880799656
0.3679740578938526	0.5182901616361336	0.15916800637476422
0.3695461692523734	0.5205297373541778	0.1605270353411785
0.37111828061089414	0.5227696472855597	0.16189179751188348
0.37269039196941484	0.5250098931094892	0.1632622873888744
0.3742625033279356	0.5272504764952071	0.16463850661599924
0.3758346146864563	0.5294913991119854	0.16602045447415517
0.37740672604497705	0.5317326626291274	0.16740813025408652
0.3789788374034978	0.533974268735968	0.16880153331281228
0.3805509487620185	0.5362162191018731	0.1702006628769743
0.38212306012053926	0.5384585154362408	0.17160551832329263
0.38369517147906	0.5407011594085004	0.17301609883614266
0.38526728283758077	0.5429441527281137	0.1744324037520671
0.38683939419610147	0.5451874970845743	0.1758544324066277
0.3884115055546222	0.5474311941774075	0.1772821842068467
0.389983616913143	0.5496752457061715	0.17871566045086995
0.39155572827166374	0.5519196533904566	0.18015485591644037
0.3931278396301844	0.5541644189398854	0.18159977239948166
0.39469995098870514	0.5564095440641137	0.18305041726719426
0.3962720623472259	0.5586550304828295	0.1845067732630221
0.39784417370574665	0.5609008799257542	0.1859688478095309
0.39941628506426735	0.5631470941026416	0.18743664060393533
0.4009883964227881	0.5653936747632793	0.1889101504425998
0.40256050778130886	0.5676406236274875	0.19038937704756112
0.4041326191398296	0.5698879424351202	0.19187431945168218
0.4057047304983504	0.572135632926065	0.19336497685995735
0.4072768418568711	0.5743836968502429	0.19486135125989215
0.40884895321539183	0.5766321359576086	0.1963634370193655
0.41042106457391253	0.578880951988151	0.1978712357467504
0.4119931759324333	0.5811301467118926	0.19938474673898873
0.413565287290954	0.5833797218888902	0.2009039692925958
0.41513739864947474	0.5856296792692349	0.20242890253009851
0.4167095100079955	0.5878800206330523	0.20395954681385706
0.41828162136651625	0.5901307477505022	0.20549589983478542
0.41985373272503695	0.5923818623917791	0.20703796172813058
0.4214258440835577	0.5946333663471126	0.2085857313995104
0.42299795544207847	0.5968852613967665	0.21013920834575334
0.4245700668005992	0.5991375493210401	0.2116983942851726
0.4261421781591199	0.6013902319102676	0.21326328367867026
0.4277142895176406	0.6036433109748186	0.21483387823103245
0.4292864008761614	0.605896788305098	0.21641017741856372
0.43085851223468213	0.6081506657115459	0.2179921808197166
0.4324306235932029	0.6104049449946383	0.21957988649478014
0.4340027349517236	0.612659627974887	0.2211732946914759
0.43557484631024435	0.6149147164628395	0.2227724042677023
0.4371469576687651	0.617170212279079	0.22437721474852537
0.43871906902728586	0.6194261172542253	0.22598772552388674
0.44029118038580656	0.621682433208934	0.22760393560289155
0.4418632917443273	0.6239391619838973	0.22922584704741022
0.44343540310284807	0.6261963054198438	0.2308534548583028
0.44500751446136877	0.6284538653575386	0.23248675907246186
0.44657962581988947	0.6307118436377834	0.23412576008065944
0.4481517371784102	0.632970242111417	0.2357704570083145
0.449723848536931	0.6352290626393149	0.23742084900219326
0.45129595989545174	0.6374883070823898	0.2390769357471558
0.45286807125397244	0.6397479773015916	0.24073871696475968
0.4544401826124932	0.6420080751679073	0.242406190615084
0.45601229397101395	0.6442686025523615	0.2440793566487065
0.4575844053295347	0.6465295613260165	0.24575821424881492
0.45915651668805546	0.6487909533899717	0.24744276537351545
0.46072862804657616	0.6510527806153651	0.24913300448331938
0.46230073940509686	0.653315044893372	0.2508289339986139
0.4638728507636176	0.6555777481352059	0.25253055162886756
0.4654449621221384	0.6578408922221184	0.2542378575575802
0.4670170734806591	0.6601044790753995	0.25595085124745265
0.46858918483917983	0.6623685105963777	0.25766953153294875
0.4701612961977006	0.6646329887064195	0.2593938980413859
0.47173340755622134	0.6668979153169305	0.26112395073383016
0.47330551891474204	0.6691632923593552	0.26285968748750493
0.4748776302732628	0.6714291217651764	0.2646011107725522
0.47644974163178355	0.6736954054559162	0.26634821528786723
0.4780218529903043	0.6759621453831358	0.2681010023242632
0.47959396434882506	0.6782293434784358	0.26985947222631906
0.4811660757073457	0.6804970017034558	0.2716236229520262
0.48273818706586646	0.6827651219998753	0.2733934541858626
0.4843102984243872	0.6850337063394129	0.2751689656541277
0.485882409782908	0.6873027566738271	0.2769501618317195
0.4874545211414287	0.6895722749749165	0.2787370313766739
0.48902663249994943	0.6918422632245194	0.2805295787603252
0.4905987438584702	0.6941127233945139	0.28232780611611297
0.49217085521699094	0.6963836574668191	0.28413170754587064
0.49374296657551164	0.6986550674333933	0.28594128596188023
0.4953150779340324	0.7009269552762364	0.28775653906916704
0.4968871892925531	0.7031993230173879	0.2895774666295804
0.49845930065107386	0.7054721726489281	0.29140406849364425
0.5000314120095946	0.7077455061729788	0.2932363445013862
0.5016035233681153	0.710019325621702	0.2950743131680738
0.5031756347266361	0.7122936329973008	0.29691793332960154
0.5047477460851568	0.7145684303420193	0.2987672251862087
0.5063198574436776	0.7168437196781436	0.30062219105070376
0.5078919688021982	0.7191195030380005	0.30248282390618186
0.509464080160719	0.7213957824639582	0.30434912632873184
0.5110361915192397	0.723672560018427	0.3062210976641174
0.5126083028777605	0.7259498377338585	0.3080987380000364
0.5141804142362812	0.7282276176727465	0.3099820452103414
0.515752525594802	0.7305059019076262	0.3118710194815551
0.5173246369533228	0.7327847302910757	0.313765660869338
0.5188967483118434	0.7350640296557146	0.31566596733453556
0.5204688596703643	0.737343839524205	0.3175719412665323
0.5220409710288849	0.7396241620092516	0.3194835775851626
0.5236130823874056	0.7419049991836013	0.3214008783571842
0.5251851937459264	0.7441863531500441	0.32332384166105
0.5267573051044471	0.7464682260114125	0.32525246774082
0.5283294164629679	0.7487506198705818	0.3271867558287513
0.5299015278214886	0.7510335368504706	0.3291267063811659
0.5314736391800093	0.7533169790740403	0.33107231690118394
0.5330457505385301	0.755600948654296	0.33302358775595686
0.5346178618970509	0.7578854477342855	0.3349805192506763
0.5361899732555716	0.7601704784471007	0.33694311131135174
0.5377620846140924	0.7624560429358768	0.33891135971984454
0.539334195972613	0.7647421433537926	0.34088526660682256
0.5409063073311338	0.7670287818540711	0.3428648303867239
0.5424784186896545	0.7693159606099789	0.34485005076432534
0.5440505300481752	0.7716036817648266	0.34684092758521945
0.545622641406696	0.7738919475219693	0.34883746057792053
0.5471947527652167	0.7761807600348063	0.3508396482145839
0.5487668641237375	0.778470121506781	0.352847490170636
0.5503389754822582	0.7807600341313814	0.3548609894552231
0.5519110868407789	0.7830505000921405	0.35688013906087057
0.5534831981992997	0.7853415216126358	0.3589049413609067
0.5550553095578205	0.7876331008964895	0.36093539699273625
0.5566274209163412	0.7899252401573691	0.3629715036960935
0.5581995322748619	0.7922179416189867	0.3650132616898071
0.5597716436333826	0.7945112075151001	0.36706067097199774
0.5613437549919034	0.7968050400895124	0.3691137299920952
0.5629158663504241	0.7990994415760716	0.3711724387168019
0.5644879777089448	0.8013944142286717	0.37323679975095264
0.5660600890674656	0.8036899603012526	0.37530680635412944
0.5676322004259863	0.8059860820677992	0.37738246110909396
0.5692043117845071	0.808282781772343	0.37946376432307083
0.5707764231430278	0.8105800703189611	0.3815507137916985
0.5723485345015485	0.8128779329117768	0.3836433101100637
0.5739206458600693	0.8151763803249595	0.38574155337026156
0.57549275721859	0.8174754148227255	0.38784544158449963
0.5770648685771107	0.8197750387393369	0.38995497510146676
0.5786369799356315	0.8220752543591026	0.3920701566734759
0.5802090912941522	0.8243760640163783	0.3941909792203889
0.581781202652673	0.8266774700355662	0.3963174463129238
0.5833533140111937	0.8289794747311159	0.3984495560870435
0.5849254253697144	0.8312820804575234	0.40058731756422156
0.5864975367282352	0.8335852895493324	0.402730713595145
0.5880696480867559	0.8358891043611334	0.40487975091403655
0.5896417594452767	0.8381935272575645	0.4070344300219764
0.5912138708037974	0.8404985682533112	0.4091947508720699
0.592785982162318	0.8428042144631065	0.4113607124095937
0.5943580935208389	0.8451104758817314	0.41353231356706416
0.5959302048793595	0.8474173548840142	0.41570955718061287
0.5975023162378803	0.8497248538648315	0.4178924377216738
0.5990744275964011	0.8520329752391079	0.42008095643437493
0.6006465389549218	0.854341721391816	0.42227511975051873
0.6022186503134426	0.8566510947679766	0.42447491640021257
0.6037907616719633	0.858961097772659	0.4266803516657191
0.605362873030484	0.8612717328409811	0.4288914239604496
0.6069349843890048	0.8635830024181091	0.4311081356555609
0.6085070957475255	0.865894908939258	0.43333048263623686
0.6100792071060464	0.8682074548696915	0.4355584651210645
0.611651318464567	0.8705206426747225	0.43779208467206343
0.6132234298230876	0.8728344748097128	0.4400313390042733
0.6147955411816085	0.875148953770073	0.4422762289570155
0.6163676525401292	0.8774640820212632	0.4445267544785981
0.6179397638986499	0.8797798620687933	0.44678291426600797
0.6195118752571707	0.8820962964082221	0.44904470893033865
0.6210839866156914	0.884413386245158	0.4513121396134186
0.6226560979742122	0.8867311366952592	0.4535852016821538
0.6242282093327329	0.8890495489942337	0.455863897791124
0.6258003206912536	0.8913686256678396	0.458148226541697
0.6273724320497744	0.8936883692518847	0.46043818894475014
0.6289445434082951	0.8960087823022268	0.4627337829554061
0.6305166547668158	0.8983298681947747	0.46503500972255823
0.6320887661253366	0.9006516278554866	0.4673418683766318
0.6336608774838572	0.9029740646903718	0.4696543664860759
0.6352329888423781	0.9052971812554896	0.47197249223847143
0.6368051002008988	0.9076209801469508	0.4742962444069902
0.6383772115594195	0.9099454639809161	0.47662562925648116
0.6399493229179403	0.9122706353435976	0.47896064483887585
0.641521434276461	0.9145964968512581	0.48130129178535414
0.6430935456349818	0.9169230511402119	0.48364757086803034
0.6446656569935025	0.9192503008268241	0.48599947797477133
0.6462377683520232	0.9215782485675114	0.4883570147293371
0.6478098797105439	0.9239068969187414	0.49072018235413234
0.6493819910690647	0.9262362487070341	0.4930889792456259
0.6509541024275853	0.9285663065089605	0.49546340904791797
0.6525262137861062	0.9308970730011437	0.4978434632815792
0.6540983251446268	0.9332285508802581	0.5002291488825434
0.6556704365031477	0.9355607428230307	0.5026204617277885
0.6572425478616684	0.9378936515362404	0.5050174070827127
0.6588146592201891	0.9402272797367178	0.5074199821766356
0.6603867705787099	0.9425616301413466	0.5098281849037753
0.6619588819372306	0.9448967054770622	0.5122420146112532
0.6635309932957514	0.9472325084808529	0.514661471996619
0.665103104654272	0.9495690418997593	0.5170865585510788
0.6666752160127928	0.951906308490875	0.5195172722950928
0.6682473273713135	0.9542443110213462	0.5219536104634195
0.6698194387298343	0.956583052118372	0.5243955808937569
0.6713915500883549	0.9589225348592049	0.5268431794291024
0.6729636614468758	0.96126276188115	0.529296406761137
0.6745357728053964	0.963603736001566	0.5317552688973985
0.6761078841639173	0.965945460027865	0.5342197522854208
0.677679995522438	0.968287936777512	0.5366898629606376
0.6792521068809587	0.9706311690880263	0.5391656024733935
0.6808242182394795	0.9729751597969802	0.541646969090496
0.6823963295980001	0.9753199117220004	0.5441339644242177
0.683968440956521	0.977665427790767	0.5466265870198079
0.6855405523150416	0.9800117108410141	0.5491248368503747
0.6871126636735624	0.9823587637605301	0.5516287169237798
0.6886847750320831	0.9847065894171575	0.5541382244342384
0.6902568863906039	0.9870551907387929	0.5566533595702138
0.6918289977491245	0.9894045706133875	0.5591741231024115
0.6934011091076454	0.991754731968947	0.5617005152027926
0.694973220466166	0.9941056776735318	0.5642325369401111
0.6965453318246869	0.9964574107952565	0.5667701863519381
0.6981174431832076	0.9988099342222911	0.5693134636383143
0.6996895545417282	1.00116325091286	0.5718623705692908
0.7012616659002491	1.0035173638352435	0.5744169057622218
0.7028337772587697	1.0058722759777756	0.5769770716860086
0.7044058886172906	1.0082279903288467	0.5795428655941531
0.7059779999758112	1.010584509916902	0.5821142886887922
0.707550111334332	1.0129418376804427	0.5846913274412188
0.7091222226928527	1.0152999767180244	0.587274007894349
0.7106943340513735	1.0176589306882595	0.5898623220153438
0.7122664454098941	1.0200187013498156	0.5924562645699621
0.713838556768415	1.0223792923614161	0.5950558381708129
0.7154106681269357	1.0247407068818404	0.5976610418762763
0.7169827794854564	1.0271029479699239	0.6002718787103322
0.7185548908439772	1.0294660177845583	0.6028883444805971
0.7201270022024978	1.0318299210846915	0.6055104418637932
0.7216991135610187	1.0341946603293277	0.6081381716924174
0.7232712249195393	1.0365602384775274	0.610771533072114
0.7248433362780601	1.038926658688408	0.6134105287476513
0.7264154476365808	1.0412939242211432	0.6160551553206826
0.7279875589951016	1.0436620380349635	0.6187054154740274
0.7295596703536223	1.0460310034891565	0.6213613086368555
0.7311317817121431	1.0484008236430664	0.6240228361330159
0.7327038930706637	1.050771501656095	0.626690034684761
0.7342760044291845	1.0531430408877005	0.6293627949396612
0.7358481157877053	1.0555154444973989	0.6320412257313441
0.737420227146226	1.0578887155447636	0.6347252919643377
0.7389923385047468	1.0602628574894248	0.6374150330531728
0.7405644498632674	1.062637873491071	0.6401103722927806
0.7421365612217883	1.065013766809448	0.6428113145097271
0.7437086725803089	1.0673905407043596	0.6455179269581941
0.7452807839388297	1.0697681984356673	0.6482301777057815
0.7468528952973504	1.0721467433632899	0.6509480677068946
0.7484250066558712	1.0745261787472054	0.6536715954825802
0.749997118014392	1.0769065080474494	0.6564007620696349
0.7515692293729126	1.0792877112241155	0.6591355690412807
0.7531413407314334	1.081669837837356	0.6618760156592356
0.7547134520899541	1.0840528683473818	0.6646221050240161
0.7562855634484749	1.086436806014462	0.6673738350111669
0.7578576748069956	1.088821654298924	0.670131206647418
0.7594297861655164	1.0912074165611552	0.6728942216247653
0.761001897524037	1.0935940962616002	0.6756628810598313
0.7625740088825579	1.0959816967607638	0.6784371834237919
0.7641461202410785	1.0983702215192095	0.6812171302553401
0.7657182315995993	1.1007596739975598	0.6840027231703939
0.76729034295812	1.1031500577564959	0.6867939616310048
0.7688624543166407	1.1055413760567594	0.6895908490239515
0.7704345656751616	1.1079336324591509	0.6923933819667928
0.7720066770336822	1.1103268305245302	0.6952015638212703
0.773578788392203	1.1127209738138168	0.6980153942735248
0.7751508997507237	1.1151160656879904	0.7008348750069641
0.7767230111092445	1.11751210990809	0.7036600076360339
0.7782951224677651	1.1199091097352147	0.7064907902229899
0.779867233826286	1.1223070690305237	0.7093272256933573
0.7814393451848066	1.124705991255236	0.7121693138120654
0.7830114565433275	1.1271058799706308	0.7150170580197996
0.7845835679018481	1.1295067388380484	0.7178704551785711
0.7861556792603688	1.1319085714188881	0.7207295085692362
0.7877277906188896	1.1343113813746113	0.7235942182817071
0.7892999019774103	1.1367151724667384	0.7264645862327731
0.7908720133359312	1.1391199481568517	0.7293406137848802
0.7924441246944518	1.1415257124065934	0.7322222999843707
0.7940162360529726	1.143932468577667	0.7351096462766749
0.7955883474114933	1.1463402206318372	0.7380026546719272
0.7971604587700141	1.1487489722309292	0.7409013250407681
0.7987325701285347	1.1511587270368295	0.7438056650917005
0.8003046814870556	1.1535694889114863	0.7467156645160533
0.8018767928455762	1.1559812615169083	0.7496313291988772
0.803448904204097	1.1583940487151665	0.7525526613150294
0.8050210155626177	1.1608078542683928	0.7554796624036312
0.8065931269211384	1.1632226819387812	0.7584123343051323
0.8081652382796592	1.1656385356885868	0.7613506734813194
0.8097373496381799	1.1680554192801273	0.764294684387505
0.8113094609967008	1.1704733365757816	0.7672443676338163
0.8128815723552214	1.172892291437991	0.7701997268113019
0.8144536837137422	1.1753122877292583	0.7731607590721081
0.8160257950722629	1.1777333294121495	0.7761274682161262
0.8175979064307837	1.1801554204492923	0.779099854511884
0.8191700177893043	1.1825785646033762	0.7820779210269191
0.8207421291478251	1.1850027660371543	0.7850616670275956
0.8223142405063458	1.1874280286134415	0.7880510941094335
0.8238863518648666	1.1898543562951152	0.7910462046298028
0.8254584632233873	1.1922817531451162	0.7940469989731042
0.827030574581908	1.1947102230264477	0.7970534810593866
0.8286026859404289	1.1971397702021758	0.8000656482664247
0.8301747972989495	1.1995703986354296	0.8030835043472403
0.8317469086574704	1.2020021122894013	0.8061070501230289
0.833319020015991	1.2044349153273468	0.8091362879700431
0.8348911313745118	1.2068688118125845	0.8121712198110767
0.8364632427330325	1.209303805908497	0.8152118452439968
0.8380353540915532	1.2117399017785293	0.8182581660301892
0.8396074654500739	1.2141771034861906	0.821310204635628
0.8411795768085947	1.216615415295054	0.8243679240622009
0.8427516881671154	1.2190548412687556	0.8274313426562783
0.8443237995256362	1.2214953856709962	0.8305004646459044
0.8458959108841569	1.2239370526655398	0.8335753107514775
0.8474680222426776	1.2263798466162148	0.8366558419682575
0.8490401336011985	1.2288237716869133	0.8397420814979362
0.8506122449597191	1.2312688320415919	0.8428340118741863
0.8521843563182399	1.2337150322442718	0.8459316889295941
0.8537564676767606	1.2361623763590375	0.8490350460600942
0.8553285790352813	1.238610868850039	0.8521441331840977
0.8569006903938021	1.2410605138814905	0.8552589375693576
0.8584728017523228	1.2435113160176707	0.8583794594871599
0.8600449131108435	1.245963279622923	0.8615057015917799
0.8616170244693643	1.2484164089616556	0.8646376656698876
0.863189135827885	1.250870708498342	0.8677753538786378
0.8647612471864058	1.2533261826975202	0.8709187688396275
0.8663333585449265	1.2557828360237933	0.8740679124917038
0.8679054699034472	1.2582406728418298	0.8772227842974398
0.8694775812619681	1.2606996978163636	0.8803833886472133
0.8710496926204887	1.2631599153121933	0.8835497277694002
0.8726218039790093	1.2656213299941834	0.8867218018703688
0.8741939153375302	1.2680839462272635	0.8898996144996818
0.8757660266960509	1.2705477687764297	0.8930831672635071
0.8773381380545717	1.2730128021067428	0.8962724629169126
0.8789102494130924	1.2754790507833293	0.8994675035867943
0.8804823607716131	1.2779465195713828	0.902668290846481
0.8820544721301339	1.2804152130361615	0.905874827156481
0.8836265834886546	1.2828851359429903	0.9090871148262237
0.8851986948471754	1.28535629275726	0.9123051563921871
0.8867708062056961	1.2878286884444272	0.9155289557910851
0.8883429175642168	1.290302331370016	0.918758511920242
0.8899150289227375	1.2927772186996154	0.9219938285346092
0.8914871402812583	1.295253359098882	0.9252349085333756
0.893059251639779	1.2977307573335382	0.9284817548174071
0.8946313629982998	1.3002094180693733	0.9317343684921947
0.8962034743568205	1.3026893462722435	0.9349927529490585
0.8977755857153413	1.3051705467080714	0.9382569101917887
0.899347697073862	1.3076530243428466	0.9415268434374068
0.9009198084323827	1.310136784042626	0.9448025556034512
0.9024919197909035	1.312621830773533	0.9480840478388044
0.9040640311494242	1.3151081693017583	0.9513713236321875
0.9056361425079449	1.3175958047935603	0.954664402757024
0.9072082538664656	1.320084742115264	0.9579632533544687
0.9087803652249864	1.322574986233262	0.9612678986945269
0.9103524765835072	1.3250665423140149	0.9645783353876337
0.9119245879420279	1.32755941532405	0.9678945699839708
0.9134966993005486	1.3300536103299627	0.9712166086743254
0.9150688106590694	1.3325491323984158	0.9745444455196105
0.9166409220175901	1.3350459866961404	0.9778780889151454
0.9182130333761109	1.3375441783899351	0.9812175403033429
0.9197851447346316	1.3400437125466662	0.9845628040808106
0.9213572560931523	1.342544594433269	0.987913884256291
0.9229293674516731	1.3450468292167461	0.99127078044421
0.9245014788101937	1.3475504221641683	0.9946334966780118
0.9260735901687145	1.3500553785426752	0.9980020367594488
0.9276457015272352	1.3525617036194744	1.0013764045731428
0.929217812885756	1.3550694026618415	1.0047566015933855
0.9307899242442768	1.3575784809371216	1.0081426425898714
0.9323620356027975	1.3600889440127282	1.0115345098727848
0.9339341469613182	1.3626007970561425	1.014932217644958
0.935506258319839	1.3651140455349158	1.0183357702616342
0.9370783696783597	1.3676286949166674	1.0217451667460984
0.9386504810368805	1.370144750669086	1.025160413963076
0.9402225923954012	1.372662218159929	1.0285815137393157
0.9417947037539218	1.375181111557023	1.0320084601221626
0.9433668151124427	1.3777014193282635	1.035441276394858
0.9449389264709633	1.3802231554416158	1.0388799509083895
0.9465110378294841	1.3827463254651144	1.0423244987431286
0.9480831491880048	1.3852709351668628	1.045774916607247
0.9496552605465256	1.3877969899150342	1.0492312121395126
0.9512273719050464	1.3903244955778717	1.0526933823560753
0.9527994832635671	1.3928534443236875	1.0561614346092367
0.9543715946220878	1.395383868520864	1.0596353731249892
0.9559437059806086	1.397915760737853	1.0631152412923777
0.9575158173391293	1.4004491267431765	1.066600962514679
0.9590879286976501	1.402983972205426	1.0700925797117053
0.9606600400561708	1.405520302993264	1.073590098055665
0.9622321514146914	1.408058124875422	1.0770935239700357
0.9638042627732123	1.4105974439207023	1.0806028557543725
0.9653763741317329	1.4131382657979774	1.0841181008650216
0.9669484854902537	1.41568059667619	1.087639262068232
0.9685205968487745	1.4182244422243533	1.0911663443418134
0.9700927082072952	1.4207698086115512	1.0946993521253408
0.971664819565816	1.4233167018069377	1.0982382885766664
0.9732369309243367	1.4258651270797382	1.101783158358354
0.9748090422828574	1.4284150919992482	1.1053339664673787
0.9763811536413782	1.4309666020348337	1.1088907183840844
0.9779532649998989	1.4335196631559328	1.1124534148080631
0.9795253763584195	1.4360742815320533	1.1160220611498277
0.9810974877169404	1.438630463332775	1.1195966626658127
0.982669599075461	1.441188214927748	1.123177224727228
0.9842417104339819	1.443747583086694	1.1267637499192782
0.9858138217925025	1.446308493079406	1.1303562438556873
0.9873859331510233	1.4488709915757483	1.1339547117889608
0.988958044509544	1.4514350848456568	1.137559156888759
0.9905301558680648	1.454000779459138	1.14116958700393
0.9921022672265856	1.4565680815862712	1.14478600281014
0.9936743785851062	1.4591369976972062	1.1484084100498964
0.995246489943627	1.4617075343621655	1.15203681495282
0.9968186013021477	1.464279698051443	1.1556712211928954
0.9983907126606685	1.4668534951354038	1.1593113307171796
0.9999628240191891	1.4694289322844858	1.1629577635028716
1.0015349353777099	1.472006015869199	1.1666102090800732
1.0031070467362306	1.4745847528601244	1.1702686763242034
1.0046791580947514	1.4771651498279161	1.1739331735482124
1.0062512694532721	1.4797472133433003	1.17760369973246
1.007823380811793	1.4823309501770752	1.1812802631424297
1.0093954921703137	1.484916367100111	1.1849628697545023
1.0109676035288344	1.4875034707833519	1.1886515235307114
1.0125397148873552	1.490092268197813	1.1923462301283245
1.014111826245876	1.492682766014582	1.1960469963751938
1.0156839376043965	1.4952749712048206	1.19975382584134
1.0172560489629174	1.4978688907397621	1.2034667248872477
1.018828160321438	1.5004645314907128	1.2071857019308034
1.0204002716799587	1.5030616278290518	1.2109107569528577
1.0219723830384795	1.5056607366262318	1.2146418982154297
1.0235444943970002	1.5082615877537775	1.2183791369259382
1.025116605755521	1.5108641880832874	1.2221224682308598
1.0266887171140417	1.513468544986433	1.2258719030113734
1.0282608284725625	1.5160746654349588	1.2296274476775222
1.0298329398310833	1.518682800600683	1.233389108357435
1.031405051189604	1.5212924658554965	1.2371568899622651
1.0329771625481246	1.5239039164713641	1.2409308013685203
1.0345492739066455	1.5265171598203247	1.2447108449682638
1.0361213852651663	1.529132203174489	1.2484970273502778
1.0376934966236868	1.5317490541060432	1.252289355964998
1.0392656079822076	1.5343677197872463	1.2560878374715758
1.0408377193407286	1.536988207890431	1.2598924767467916
1.042409830699249	1.5396105257880044	1.2637032813242564
1.0439819420577698	1.5422346810524465	1.2675202570286477
1.0455540534162906	1.5448606813563128	1.2713434112748048
1.0471261647748111	1.5474885341722315	1.2751727493625418
1.048698276133332	1.5501182471729056	1.2790082809341439
1.0502703874918529	1.5527498280311118	1.2828500085931904
1.0518424988503736	1.5553832846197015	1.2866981214303908
1.0534146102088942	1.5580186246116006	1.2905522609541022
1.0549867215674151	1.5606558558798087	1.2944126186413085
1.0565588329259359	1.5632949861974001	1.298279200491441
1.0581309442844564	1.5659360235375241	1.3021520152334845
1.0597030556429772	1.5685789757734039	1.3060310690706307
1.0612751670014982	1.5712238508783376	1.3099163689984015
1.0628472783600187	1.5738706569256984	1.3138079253880284
1.0644193897185394	1.5765194019889337	1.3177057390843985
1.0659915010770602	1.5791700935415662	1.3216096718972634
1.0675636124355807	1.5818227409571932	1.3255200313885587
1.0691357237941017	1.5844773522094873	1.3294366740356516
1.0707078351526225	1.5871339346721955	1.3333596061404769
1.0722799465111432	1.5897924971191408	1.3372888358414443
1.0738520578696638	1.592453047724221	1.3412243709077611
1.0754241692281847	1.5951155950614087	1.3451662193230878
1.0769962805867055	1.5977800094047527	1.349114387861442
1.078568391945226	1.600446577928376	1.353068887392622
1.0801405033037468	1.6031151684064784	1.3570297205781539
1.0817126146622675	1.605785789413334	1.3609968990903714
1.0832847260207883	1.6084584495232934	1.3649704290400089
1.084856837379309	1.6111331573107819	1.3689503196607804
1.0864289487378298	1.6138099216503015	1.3729365786335999
1.0880010600963503	1.6164887511164288	1.3769292153407582
1.0895731714548713	1.6191696544838172	1.3809282363547308
1.091145282813392	1.621852640727196	1.3849336511538777
1.0927173941719128	1.6245377185213694	1.3889454676048623
1.0942895055304334	1.6272248969412189	1.3929636970935568
1.0958616168889543	1.629914184861701	1.396988344196283
1.097433728247475	1.6326055913578488	1.4010194180795625
1.0990058396059956	1.6352991254047717	1.4050569286373185
1.1005779509645164	1.6379947962776553	1.4091008845473874
1.1021500623230371	1.640692613051761	1.4131512946817133
1.103722173681558	1.6433925849024276	1.4172081689722158
1.1052942850400787	1.6460947211050694	1.421271514720016
1.1068663963985994	1.6487990311351775	1.4253413418160836
1.10843850775712	1.6515055241683199	1.4294176595751928
1.110010619115641	1.6542142097801402	1.4335004796940691
1.1115827304741617	1.6569250973463603	1.4375898067121136
1.1131548418326824	1.6596381963427773	1.4416856531131015
1.114726953191203	1.6623535165452663	1.4457880271865686
1.1162990645497237	1.6650710673297782	1.4498969389382992
1.1178711759082447	1.6677908586723411	1.4540123984393025
1.1194432872667652	1.670512900049061	1.4581344152195064
1.121015398625286	1.6732372014361199	1.462262999436821
1.1225875099838067	1.6759637725097771	1.4663981611709318
1.1241596213423275	1.6786926233463695	1.4705399091972724
1.1257317327008483	1.6814237639223104	1.4746882550720717
1.127303844059369	1.6841572041140913	1.4788432107427918
1.1288759554178895	1.6868929539982804	1.4830047818858358
1.1304480667764105	1.6896310237515237	1.4871729812518493
1.1320201781349313	1.6923714236505443	1.4913478284689523
1.133592289493452	1.6951141638721428	1.4955293193791643
1.1351644008519726	1.6978592546931977	1.499717469311199
1.1367365122104933	1.700606706390665	1.5039122898549364
1.1383086235690143	1.7033565294415778	1.5081137920058165
1.1398807349275348	1.7061087345230481	1.51232198629467
1.1414528462860556	1.7088633320122646	1.5165368839087763
1.1430249576445763	1.7116203325864947	1.5207584658286355
1.144597069003097	1.714379746923083	1.5249868364156236
1.1461691803616179	1.7171415854994523	1.5292219117918517
1.1477412917201386	1.7199058593931034	1.5334637395061579
1.1493134030786591	1.7226725776816154	1.5377123222288085
1.15088551443718	1.7254417562426454	1.5419676765766217
1.1524576257957009	1.7282134109539284	1.5462298137862625
1.1540297371542214	1.7309875378932782	1.5504985746498599
1.1556018485127422	1.7337641548385865	1.5547743059417527
1.157173959871263	1.7365432731678232	1.559056855819823
1.158746071229784	1.739324903959037	1.5633462361553492
1.1603181825883044	1.742109058490355	1.567642461937683
1.1618902939468252	1.7448957482399825	1.5719455395193662
1.163462405305346	1.7476849846862037	1.576255485443138
1.1650345166638667	1.750476779107381	1.5805723113182928
1.1666066280223875	1.7532711432819563	1.5848960298512655
1.1681787393809082	1.7560680840884493	1.589226653353147
1.1697508507394287	1.7588676218054589	1.593564195017818
1.1713229620979495	1.761669624111663	1.597908667319464
1.1728950734564705	1.7644743777858176	1.6022600838336627
1.174467184814991	1.767281759906759	1.6066184577655946
1.1760392961735118	1.7700917826534015	1.6109838015759288
1.1776114075320325	1.7729044579047384	1.6153549602787498
1.1791835188905535	1.7757197980398427	1.6197342692817231
1.180755630249074	1.7785378149378657	1.6241206633733627
1.1823277416075948	1.7813585196780388	1.6285139952716692
1.1838998529661156	1.7841819272396724	1.6329143842762721
1.185471964324636	1.7870072439021558	1.6373218045731928
1.187044075683157	1.789836082244958	1.6417363099934421
1.1886161870416778	1.7926676559476273	1.646157806846493
1.1901882984001984	1.7955019813897914	1.6505864765217662
1.191760409758719	1.798339071451158	1.6550239396147084
1.19333252111724	1.8011789385115131	1.6594668692579648
1.1949046324757606	1.8040215954507242	1.6639169373865899
1.1964767438342814	1.8068670564487366	1.6683741574331266
1.1980488551928021	1.8097165885855764	1.6728385471581675
1.199620966551323	1.812567655741349	1.6773101171777762
1.2011930779098436	1.8154216200962403	1.6817888849331744
1.2027651892683644	1.818278440630515	1.6862748655098978
1.2043373006268852	1.8211381302245184	1.6907680742144877
1.2059094119854057	1.8240007023586755	1.6952685258456057
1.2074815233439267	1.8268661706134919	1.6997762376514862
1.2090536347024474	1.829734548169552	1.7042912246296977
1.210625746060968	1.8326058496075215	1.7088136032924686
1.2121978574194887	1.8354800881081454	1.71334319709386
1.2137699687780097	1.8383572776522499	1.7178801142003581
1.2153420801365302	1.8412374323207399	1.7224243713186618
1.216914191495051	1.8441205658946025	1.726975986919957
1.2184863028535717	1.8470066927549036	1.7315348233593533
1.2200584142120927	1.84989578888279	1.736101336112374
1.2216305255706132	1.8527880250594893	1.7406751041000992
1.223202636929134	1.8556832253663087	1.745256295359285
1.2247747482876548	1.8585813833846372	1.7498449263727096
1.2263468596461753	1.861482692595943	1.7544410148220406
1.2279189710046963	1.8643870814817753	1.759044578047294
1.229491082363217	1.8672945651237651	1.763655633382271
1.2310631937217376	1.8702052740036226	1.7682741987924635
1.2326353050802583	1.8731189900031395	1.7729002920353638
1.2342074164387793	1.8760358456041881	1.7775339309341132
1.2357795277972998	1.8789558558887216	1.7821751338543224
1.2373516391558206	1.881879036338774	1.7868239212121637
1.2389237505143413	1.8848054019364606	1.7914803061371087
1.240495861872862	1.8877349684639773	1.7961443110604385
1.2420679732313828	1.890667751303601	1.8008159196732654
1.2436400845899036	1.8936037661376897	1.805495221137505
1.2452121959484244	1.8965430003486827	1.8101821987911446
1.246784307306945	1.8994855279191003	1.8148768714146277
1.2483564186654659	1.902431334931544	1.8195792586438733
1.2499285300239866	1.905380437568697	1.8242893800809457
1.2515006413825072	1.9083328520133225	1.8290072550999472
1.253072752741028	1.9112885945482665	1.8337329033766332
1.254644864099549	1.9142476814564553	1.838466345690075
1.2562169754580694	1.9172101293208976	1.8432076020631993
1.2577890868165902	1.9201759546246828	1.8479566928630566
1.259361198175111	1.9231451741509817	1.8527136405929043
1.2609333095336317	1.9261178046830474	1.8574784615052966
1.2625054208921525	1.9290938632042134	1.8622511788621445
1.2640775322506732	1.9320733666978962	1.8670318137410291
1.265649643609194	1.9350563323475929	1.871820386552508
1.2672217549677145	1.9380427773368827	1.8766169202143543
1.2687938663262355	1.941032719149427	1.8814214355907501
1.2703659776847562	1.9440261752689678	1.886233954539261
1.2719380890432768	1.94702316327933	1.8910544988570401
1.2735102004017975	1.95002370086442	1.8958830907473074
1.2750823117603183	1.9530278059082258	1.9007197518909513
1.276654423118839	1.956035496494818	1.9055645061077269
1.2782265344773598	1.9590467905083484	1.9104173753188225
1.2797986458358805	1.9620617063330517	1.9152783828187627
1.281370757194401	1.9650802623532437	1.9201475536488575
1.282942868552922	1.968102476753323	1.9250249056394708
1.2845149799114428	1.9711283684177705	1.9299104663929025
1.2860870912699636	1.9741579559311482	1.9348042584407688
1.287659202628484	1.9771912581781015	1.939706306094991
1.289231313987005	1.9802282940433573	1.9446166329815417
1.2908034253455258	1.9832690827117252	1.9495352630605405
1.2923755367040464	1.9863136433680972	1.9544622219369139
1.2939476480625671	1.9893619954974466	1.9593975335953433
1.2955197594210879	1.9924141583848312	1.9643412230270456
1.2970918707796086	1.9954701519153888	1.9692933153919878
1.2986639821381294	1.9985299956743419	1.974253835329849
1.3002360934966501	2.001593709646994	1.9792228095796438
1.3018082048551707	2.004661313918731	1.984200263089213
1.3033803162136917	2.0077328285750227	1.989186222168461
1.3049524275722124	2.010808273901421	1.994180712006181
1.3065245389307332	2.01388697138356	1.999182678658126
1.3080966502892537	2.016970330407157	2.0041943012215895
1.3096687616477745	2.0200576820580114	2.0092145304954148
1.3112408730062954	2.0231490471220064	2.0142433973215352
1.312812984364816	2.0262444467851064	2.019280977057858
1.3143850957233367	2.029343902133361	2.0243272040211933
1.3159572070818575	2.0324481909528997	2.0293821520681643
1.3175293184403782	2.035555831629938	2.034445848297824
1.319101429798899	2.0386668498507716	2.0395183227028704
1.3206735411574198	2.0417827435017815	2.0445996027990727
1.3222456525159403	2.04490280126943	2.0496897168810695
1.3238177638744613	2.0480300824402624	2.0547935232488013
1.325389875232982	2.051158423500909	2.059901222910945
1.3269619865915028	2.0542881807380806	2.065013358226986
1.3285340979500233	2.057425117638574	2.0701391034584558
1.330106209308544	2.0605663307892663	2.0752738304490137
1.331678320667065	2.06371184317712	2.0804175694758724
1.3332504320255856	2.0668616778891797	2.0855703528002456
1.3348225433841063	2.0700158582125736	2.0907322079375037
1.336394654742627	2.073174407634512	2.0959031674618815
1.3379667661011478	2.076337349742292	2.1010832629377463
1.3395388774596686	2.07950470832329	2.1062725254544628
1.3411109888181894	2.0826765079649676	2.1114709865792167
1.3426831001767099	2.08585277155487	2.1166786784602967
1.3442552115352306	2.089033523880626	2.121895634470006
1.3458273228937516	2.0922196664299473	2.127121836812315
1.3473994342522724	2.0954094816906297	2.1323574175202915
1.348971545610793	2.098603859950551	2.1376023598036227
1.3505436569693137	2.101802826397675	2.142865651642859
1.3521157683278346	2.105006406120047	2.148120466151278
1.3536878796863552	2.1082146245057976	2.153393697907353
1.355259991044876	2.1114275073431394	2.158676426873344
1.3568321024033967	2.1146450802203702	2.1639686892420227
1.3584042137619174	2.117866394325871	2.169270519052081
1.3599763251204382	2.121093412348106	2.174581950796566
1.361548436478959	2.1243251987756238	2.179903021730852
1.3631205478374795	2.1275617444970565	2.185233768576934
1.3646926591960002	2.13080314750112	2.190574224073971
1.3662647705545212	2.134049399176615	2.19592442559097
1.367836881913042	2.1373005267124245	2.201284411621182
1.3694089932715625	2.1405565573975176	2.2066542181196467
1.3709811046300833	2.1438175190209448	2.2120338822825216
1.3725532159886042	2.147083439171842	2.2174234432534448
1.3741253273471248	2.1503543460394288	2.222822937351188
1.3756974387056455	2.1536302676130097	2.2282324047196838
1.3772695500641663	2.1569112323819715	2.2336518831811936
1.3788416614226868	2.160197269035787	2.2390814113449897
1.3804137727812078	2.163488406464012	2.2445210296800497
1.3819858841397286	2.1667846737562857	2.249970776990066
1.383557995498249	2.1700861000023335	2.255430694440221
1.3851301068567698	2.1733927149919636	2.2609008213131427
1.3867022182152908	2.176704548315069	2.2663811996085945
1.3882743295738116	2.180021629961626	2.2718718689974757
1.3898464409323321	2.183343990121696	2.2773728728605405
1.3914185522908529	2.1866716592854245	2.2828842511857714
1.3929906636493739	2.190004668143042	2.2884060476733508
1.3945627750078944	2.1933430475848614	2.293946289238159
1.3961348863664151	2.196686828801282	2.299481063575912
1.397706997724936	2.200036042982787	2.305034371423969
1.3992791090834564	2.203390721919943	2.310598267840461
1.4008512204419774	2.2067508975034023	2.3161727977501996
1.4024233318004982	2.2101166017239007	2.3217580070372295
1.4039954431590187	2.2134878670722586	2.3273539389611884
1.4055675545175395	2.216864726039382	2.3329606405744485
1.4071396658760604	2.2202472116162597	2.338578155784693
1.4087117772345812	2.223635356793967	2.3442065318755305
1.4102838885931017	2.227029194963662	2.3498458141499774
1.4118559999516225	2.230428759916588	2.3554960505801374
1.4134281113101432	2.233834085344074	2.361159641481664
1.415000222668664	2.2372452055375307	2.3668319536668068
1.4165723340271847	2.2406636658884573	2.372515376560222
1.4181444453857055	2.244086494688435	2.3782099455764083
1.419716556744226	2.2475152323291305	2.3839157222531195
1.421288668102747	2.2509499141022955	2.3896302538491394
1.4228607794612678	2.254388940899766	2.3953585110120494
1.4244328908197883	2.257835561313463	2.4010981098079442
1.426005002178309	2.2612882230353915	2.406849102446974
1.42757711353683	2.2647470224576427	2.4126115383715496
1.4291492248953506	2.2682118766723915	2.4183854704011605
1.4307213362538713	2.2716828818718984	2.4241709489049534
1.432293447612392	2.275160075248508	2.4299680264141257
1.4338655589709128	2.2786434942946503	2.4357767568950877
1.4354376703294336	2.2821331766028408	2.441597191518488
1.4370097816879543	2.2856291601656773	2.4474293854932747
1.438581893046475	2.2891314832758467	2.4532733910589393
1.4401540044049956	2.292640184626117	2.459129265911183
1.4417261157635166	2.296155302909343	2.464997060692714
1.4432982271220374	2.299676877318465	2.470876831697287
1.444870338480558	2.3032049472465066	2.47676863502354
1.4464424498390787	2.3067395525865773	2.482672527807266
1.4480145611975994	2.3102807331318727	2.4885885653917015
1.4495866725561202	2.3138285292756713	2.494516805762215
1.451158783914641	2.317382981611338	2.500457305082552
1.4527308952731617	2.320944130932323	2.5064101220029342
1.4543030066316824	2.324512018532161	2.512375315504987
1.4558751179902032	2.328086685804472	2.5183529429367617
1.457447229348724	2.3316681745429615	2.5243430642964686
1.4590193407072447	2.335256526741419	2.530345739811642
1.4605914520657652	2.338851784693721	2.5363610296365287
1.4621635634242862	2.342453991893827	2.5423889919955744
1.463735674782807	2.346063189535784	2.5484296899069014
1.4653077861413275	2.3496794215137218	2.5544831831516053
1.4668798974998483	2.353302731421858	2.5605495344725178
1.468452008858369	2.356933162854493	2.5666288058310105
1.4700241202168898	2.3605707599060146	2.572721060358155
1.4715962315754105	2.364215559770894	2.5788263497371835
1.4731683429339313	2.3678676208436884	2.5849447576560745
1.474740454292452	2.371526981119042	2.5910763386474054
1.4763125656509728	2.375193685491681	2.5972211557851095
1.4778846770094936	2.378867779256419	2.603379273481991
1.4794567883680143	2.3825493081081555	2.6095507569657626
1.4810288997265348	2.386238317541873	2.6157356718672675
1.4826010110850556	2.389934853652642	2.621934082224781
1.4841731224435766	2.3936389626356176	2.628146054340646
1.485745233802097	2.397350690886038	2.634371654918059
1.4873173451606179	2.4010700849992306	2.6406109488106586
1.4888894565191386	2.4047971918706046	2.646864003005103
1.4904615678776594	2.4085320582956578	2.653130884616406
1.4920336792361801	2.4122747314699713	2.65941166038816
1.4936057905947009	2.4160252586892117	2.6657063982296743
1.4951779019532216	2.4197836873491325	2.6720151637186342
1.4967500133117424	2.423550065045571	2.6783380253812785
1.4983221246702632	2.427324439274451	2.6846750505039125
1.499894236028784	2.4311068580317823	2.6910263072051643
1.5014663473873044	2.4348973688136586	2.697391862059519
1.5030384587458252	2.4386960197162604	2.703771783049968
1.5046105701043462	2.4425028584358524	2.7101661380047593
1.5061826814628667	2.4463179328687867	2.7165749967962944
1.5077547928213875	2.4501412910114997	2.7229984227121196
1.5093269041799082	2.453972980560513	2.7294364839651486
1.510899015538429	2.457813049312435	2.735889248367978
1.5124711268969497	2.4616615447639583	2.7423567827314335
1.5140432382554705	2.465518514711862	2.748839153577606
1.5156153496139912	2.4693840062530104	2.75533642708277
1.5171874609725118	2.473258066584354	2.7618486696186935
1.5187595723310328	2.4771407428029275	2.7683759451501784
1.5203316836895535	2.481032081505852	2.7749183190179485
1.521903795048074	2.484932128990336	2.781475855332982
1.5234759064065948	2.4888409314536695	2.7880486179033834
1.5250480177651158	2.492758534393232	2.794636669430292
1.5266201291236363	2.496684983306487	2.80124007153368
1.528192240482157	2.500620322790983	2.807858886794739
1.5297643518406778	2.5045645973443555	2.814493173360942
1.5313364631991986	2.5085178505643246	2.8211429914638613
1.5329085745577193	2.5124801256486973	2.8278083991745704
1.53448068591624	2.516451465295364	2.8344894532451472
1.5360527972747609	2.5204319113023037	2.841186209862562
1.5376249086332814	2.524421583467579	2.8478987230122064
1.5391970199918024	2.528420365889338	2.8546270458030243
1.5407691313503231	2.5324283757658157	2.8613712298230256
1.5423412427088437	2.5364456516953324	2.868131325597765
1.5439133540673644	2.5404722315762944	2.874907380144034
1.5454854654258854	2.5445080694071924	2.8816994424870224
1.547057576784406	2.5485533654866033	2.8885075539122993
1.5486296881429267	2.5526080730131913	2.8953317590248946
1.5502017995014474	2.556672225585704	2.902172098599051
1.551773910859968	2.560745855602976	2.9090286119372837
1.553346022218489	2.5648289956639276	2.915901342013015
1.5549181335770097	2.568921673667564	2.9227903106575073
1.5564902449355302	2.5730239196129765	2.929695557236304
1.558062356294051	2.577135761099343	2.9366171112606136
1.559634467652572	2.5812572259259254	2.9435550034897875
1.5612065790110927	2.5853883358920733	2.950509253874429
1.5627786903696133	2.58952912019722	2.957479891160216
1.564350801728134	2.593679592940886	2.9644669301816866
1.565922913086655	2.597839780722677	2.9714703888976306
1.5674950244451755	2.602009697542284	2.9784902836570524
1.5690671358036963	2.6061893662994846	2.985526652011476
1.570639247162217	2.6103786475941417	2.9925792099935045