1.0000000000e-04 1.2520991444e-04 8.9498275738e-09
1.6721113585e-03 2.0936493393e-03 2.5023088069e-06
3.2442227170e-03 4.0620894986e-03 9.4195826125e-06
4.8163340756e-03 6.0305310828e-03 2.0760761358e-05
6.3884454341e-03 7.9989747827e-03 3.6525829145e-05
7.9605567926e-03 9.9674212887e-03 5.6714763408e-05
9.5326681511e-03 1.1935871291e-02 8.1327535597e-05
1.1104779510e-02 1.3904325481e-02 1.1036411088e-04
1.2676890868e-02 1.5872784550e-02 1.4382444777e-04
1.4249002227e-02 1.7841249186e-02 1.8170849902e-04
1.5821113585e-02 1.9809720082e-02 2.2401621080e-04
1.7393224944e-02 2.1778197929e-02 2.7074752303e-04
1.8965336302e-02 2.3746683416e-02 3.2190236947e-04
2.0537447661e-02 2.5715177235e-02 3.7748067756e-04
2.2109559019e-02 2.7683680077e-02 4.3748236838e-04
2.3681670378e-02 2.9652192633e-02 5.0190735668e-04
2.5253781736e-02 3.1620715594e-02 5.7075555146e-04
2.6825893095e-02 3.3589249650e-02 6.4402685454e-04
2.8398004453e-02 3.5557795494e-02 7.2172116223e-04
2.9970115812e-02 3.7526353817e-02 8.0383836428e-04
3.1542227170e-02 3.9494925309e-02 8.9037834417e-04
3.3114338529e-02 4.1463510664e-02 9.8134097916e-04
3.4686449887e-02 4.3432110571e-02 1.0767261402e-03
3.6258561246e-02 4.5400725723e-02 1.1765336919e-03
3.7830672604e-02 4.7369356812e-02 1.2807634929e-03
3.9402783963e-02 4.9338004529e-02 1.3894153952e-03
4.0974895322e-02 5.1306669567e-02 1.5024892447e-03
4.2547006680e-02 5.3275352618e-02 1.6199848812e-03
4.4119118039e-02 5.5244054375e-02 1.7419021378e-03
4.5691229397e-02 5.7212775529e-02 1.8682408419e-03
4.7263340756e-02 5.9181516773e-02 1.9990008142e-03
4.8835452114e-02 6.1150278800e-02 2.1341818693e-03
5.0407563473e-02 6.3119062304e-02 2.2737838156e-03
5.1979674831e-02 6.5087867976e-02 2.4178064550e-03
5.3551786190e-02 6.7056696511e-02 2.5662495836e-03
5.5123897548e-02 6.9025548601e-02 2.7191129908e-03
5.6696008907e-02 7.0994424941e-02 2.8763964600e-03
5.8268120265e-02 7.2963326223e-02 3.0380997682e-03
5.9840231624e-02 7.4932253143e-02 3.2042226862e-03
6.1412342982e-02 7.6901206394e-02 3.3747649788e-03
6.2984454341e-02 7.8870186670e-02 3.5497264039e-03
6.4556565699e-02 8.0839194666e-02 3.7291067141e-03
6.6128677058e-02 8.2808231076e-02 3.9129056549e-03
6.7700788416e-02 8.4777296597e-02 4.1011229661e-03
6.9272899775e-02 8.6746391922e-02 4.2937583809e-03
7.0845011133e-02 8.8715517747e-02 4.4908116266e-03
7.2417122492e-02 9.0684674767e-02 4.6922824239e-03
7.3989233850e-02 9.2653863679e-02 4.8981704876e-03
7.5561345209e-02 9.4623085179e-02 5.1084755262e-03
7.7133456568e-02 9.6592339963e-02 5.3231972417e-03
7.8705567926e-02 9.8561628727e-02 5.5423353304e-03
8.0277679285e-02 1.0053095217e-01 5.7658894818e-03
8.1849790643e-02 1.0250031098e-01 5.9938593796e-03
8.3421902002e-02 1.0446970587e-01 6.2262447010e-03
8.4994013360e-02 1.0643913753e-01 6.4630451171e-03
8.6566124719e-02 1.0840860665e-01 6.7042602931e-03
8.8138236077e-02 1.1037811394e-01 6.9498898871e-03
8.9710347436e-02 1.1234766009e-01 7.1999335522e-03
9.1282458794e-02 1.1431724580e-01 7.4543909344e-03
9.2854570153e-02 1.1628687178e-01 7.7132616737e-03
9.4426681511e-02 1.1825653871e-01 7.9765454040e-03
9.5998792870e-02 1.2022624731e-01 8.2442417530e-03
9.7570904228e-02 1.2219599826e-01 8.5163503422e-03
9.9143015587e-02 1.2416579228e-01 8.7928707868e-03
1.0071512695e-01 1.2613563005e-01 9.0738026961e-03
1.0228723830e-01 1.2810551229e-01 9.3591456727e-03
1.0385934966e-01 1.3007543969e-01 9.6488993135e-03
1.0543146102e-01 1.3204541296e-01 9.9430632091e-03
1.0700357238e-01 1.3401543279e-01 1.0241636944e-02
1.0857568374e-01 1.3598549988e-01 1.0544620095e-02
1.1014779510e-01 1.3795561495e-01 1.0852012236e-02
1.1171990645e-01 1.3992577870e-01 1.1163812933e-02
1.1329201781e-01 1.4189599182e-01 1.1480021744e-02
1.1486412917e-01 1.4386625502e-01 1.1800638223e-02
1.1643624053e-01 1.4583656900e-01 1.2125661918e-02
1.1800835189e-01 1.4780693448e-01 1.2455092370e-02
1.1958046325e-01 1.4977735214e-01 1.2788929113e-02
1.2115257461e-01 1.5174782271e-01 1.3127171678e-02
1.2272468596e-01 1.5371834688e-01 1.3469819586e-02
1.2429679732e-01 1.5568892536e-01 1.3816872354e-02
1.2586890868e-01 1.5765955886e-01 1.4168329493e-02
1.2744102004e-01 1.5963024808e-01 1.4524190507e-02
1.2901313140e-01 1.6160099373e-01 1.4884454894e-02
1.3058524276e-01 1.6357179652e-01 1.5249122146e-02
1.3215735412e-01 1.6554265715e-01 1.5618191750e-02
1.3372946547e-01 1.6751357634e-01 1.5991663185e-02
1.3530157683e-01 1.6948455480e-01 1.6369535924e-02
1.3687368819e-01 1.7145559322e-01 1.6751809436e-02
1.3844579955e-01 1.7342669233e-01 1.7138483182e-02
1.4001791091e-01 1.7539785283e-01 1.7529556618e-02
1.4159002227e-01 1.7736907543e-01 1.7925029191e-02
1.4316213363e-01 1.7934036085e-01 1.8324900347e-02
1.4473424498e-01 1.8131170979e-01 1.8729169522e-02
1.4630635634e-01 1.8328312298e-01 1.9137836147e-02
1.4787846770e-01 1.8525460111e-01 1.9550899646e-02
1.4945057906e-01 1.8722614490e-01 1.9968359439e-02
1.5102269042e-01 1.8919775508e-01 2.0390214939e-02
1.5259480178e-01 1.9116943234e-01 2.0816465553e-02
1.5416691314e-01 1.9314117741e-01 2.1247110680e-02
1.5573902449e-01 1.9511299100e-01 2.1682149716e-02
1.5731113585e-01 1.9708487382e-01 2.2121582049e-02
1.5888324721e-01 1.9905682660e-01 2.2565407061e-02
1.6045535857e-01 2.0102885005e-01 2.3013624130e-02
1.6202746993e-01 2.0300094488e-01 2.3466232625e-02
1.6359958129e-01 2.0497311181e-01 2.3923231910e-02
1.6517169264e-01 2.0694535157e-01 2.4384621345e-02
1.6674380400e-01 2.0891766487e-01 2.4850400281e-02
1.6831591536e-01 2.1089005242e-01 2.5320568065e-02
1.6988802672e-01 2.1286251496e-01 2.5795124037e-02
1.7146013808e-01 2.1483505319e-01 2.6274067530e-02
1.7303224944e-01 2.1680766785e-01 2.6757397875e-02
1.7460436080e-01 2.1878035964e-01 2.7245114391e-02
1.7617647215e-01 2.2075312930e-01 2.7737216397e-02
1.7774858351e-01 2.2272597755e-01 2.8233703202e-02
1.7932069487e-01 2.2469890511e-01 2.8734574110e-02
1.8089280623e-01 2.2667191270e-01 2.9239828419e-02
1.8246491759e-01 2.2864500105e-01 2.9749465423e-02
1.8403702895e-01 2.3061817088e-01 3.0263484406e-02
1.8560914031e-01 2.3259142292e-01 3.0781884650e-02
1.8718125166e-01 2.3456475790e-01 3.1304665429e-02
1.8875336302e-01 2.3653817654e-01 3.1831826011e-02
1.9032547438e-01 2.3851167956e-01 3.2363365659e-02
1.9189758574e-01 2.4048526771e-01 3.2899283630e-02
1.9346969710e-01 2.4245894170e-01 3.3439579173e-02
1.9504180846e-01 2.4443270227e-01 3.3984251534e-02
1.9661391982e-01 2.4640655014e-01 3.4533299951e-02
1.9818603117e-01 2.4838048605e-01 3.5086723657e-02
1.9975814253e-01 2.5035451073e-01 3.5644521880e-02
2.0133025389e-01 2.5232862491e-01 3.6206693839e-02
2.0290236525e-01 2.5430282932e-01 3.6773238750e-02
2.0447447661e-01 2.5627712470e-01 3.7344155823e-02
2.0604658797e-01 2.5825151178e-01 3.7919444260e-02
2.0761869932e-01 2.6022599129e-01 3.8499103259e-02
2.0919081068e-01 2.6220056398e-01 3.9083132012e-02
2.1076292204e-01 2.6417523057e-01 3.9671529704e-02
2.1233503340e-01 2.6614999180e-01 4.0264295514e-02
2.1390714476e-01 2.6812484842e-01 4.0861428618e-02
2.1547925612e-01 2.7009980116e-01 4.1462928182e-02
2.1705136748e-01 2.7207485075e-01 4.2068793370e-02
2.1862347883e-01 2.7404999795e-01 4.2679023336e-02
2.2019559019e-01 2.7602524348e-01 4.3293617233e-02
2.2176770155e-01 2.7800058809e-01 4.3912574205e-02
2.2333981291e-01 2.7997603253e-01 4.4535893390e-02
2.2491192427e-01 2.8195157753e-01 4.5163573922e-02
2.2648403563e-01 2.8392722384e-01 4.5795614928e-02
2.2805614699e-01 2.8590297221e-01 4.6432015529e-02
2.2962825834e-01 2.8787882337e-01 4.7072774841e-02
2.3120036970e-01 2.8985477807e-01 4.7717891974e-02
2.3277248106e-01 2.9183083707e-01 4.8367366032e-02
2.3434459242e-01 2.9380700111e-01 4.9021196113e-02
2.3591670378e-01 2.9578327093e-01 4.9679381310e-02
2.3748881514e-01 2.9775964728e-01 5.0341920710e-02
2.3906092650e-01 2.9973613093e-01 5.1008813394e-02
2.4063303785e-01 3.0171272261e-01 5.1680058436e-02
2.4220514921e-01 3.0368942307e-01 5.2355654907e-02
2.4377726057e-01 3.0566623308e-01 5.3035601870e-02
2.4534937193e-01 3.0764315338e-01 5.3719898384e-02
2.4692148329e-01 3.0962018472e-01 5.4408543500e-02
2.4849359465e-01 3.1159732787e-01 5.5101536266e-02
2.5006570600e-01 3.1357458357e-01 5.5798875722e-02
2.5163781736e-01 3.1555195259e-01 5.6500560904e-02
2.5320992872e-01 3.1752943568e-01 5.7206590840e-02
2.5478204008e-01 3.1950703360e-01 5.7916964556e-02
2.5635415144e-01 3.2148474711e-01 5.8631681070e-02
2.5792626280e-01 3.2346257697e-01 5.9350739393e-02
2.5949837416e-01 3.2544052394e-01 6.0074138533e-02
2.6107048551e-01 3.2741858878e-01 6.0801877490e-02
2.6264259687e-01 3.2939677225e-01 6.1533955262e-02
2.6421470823e-01 3.3137507512e-01 6.2270370837e-02
2.6578681959e-01 3.3335349815e-01 6.3011123200e-02
2.6735893095e-01 3.3533204212e-01 6.3756211329e-02
2.6893104231e-01 3.3731070777e-01 6.4505634198e-02
2.7050315367e-01 3.3928949589e-01 6.5259390775e-02
2.7207526502e-01 3.4126840724e-01 6.6017480021e-02
2.7364737638e-01 3.4324744259e-01 6.6779900892e-02
2.7521948774e-01 3.4522660270e-01 6.7546652339e-02
2.7679159910e-01 3.4720588836e-01 6.8317733308e-02
2.7836371046e-01 3.4918530033e-01 6.9093142738e-02
2.7993582182e-01 3.5116483938e-01 6.9872879563e-02
2.8150793318e-01 3.5314450630e-01 7.0656942712e-02
2.8308004453e-01 3.5512430185e-01 7.1445331108e-02
2.8465215589e-01 3.5710422681e-01 7.2238043667e-02
2.8622426725e-01 3.5908428196e-01 7.3035079303e-02
2.8779637861e-01 3.6106446807e-01 7.3836436922e-02
2.8936848997e-01 3.6304478593e-01 7.4642115423e-02
2.9094060133e-01 3.6502523631e-01 7.5452113704e-02
2.9251271268e-01 3.6700582000e-01 7.6266430654e-02
2.9408482404e-01 3.6898653777e-01 7.7085065158e-02
2.9565693540e-01 3.7096739042e-01 7.7908016094e-02
2.9722904676e-01 3.7294837872e-01 7.8735282336e-02
2.9880115812e-01 3.7492950347e-01 7.9566862752e-02
3.0037326948e-01 3.7691076544e-01 8.0402756205e-02
3.0194538084e-01 3.7889216542e-01 8.1242961552e-02
3.0351749219e-01 3.8087370421e-01 8.2087477645e-02
3.0508960355e-01 3.8285538258e-01 8.2936303331e-02
3.0666171491e-01 3.8483720135e-01 8.3789437450e-02
3.0823382627e-01 3.8681916128e-01 8.4646878839e-02
3.0980593763e-01 3.8880126318e-01 8.5508626326e-02
3.1137804899e-01 3.9078350784e-01 8.6374678739e-02
3.1295016035e-01 3.9276589606e-01 8.7245034895e-02
3.1452227170e-01 3.9474842863e-01 8.8119693609e-02
3.1609438306e-01 3.9673110635e-01 8.8998653690e-02
3.1766649442e-01 3.9871393002e-01 8.9881913941e-02
3.1923860578e-01 4.0069690043e-01 9.0769473161e-02
3.2081071714e-01 4.0268001839e-01 9.1661330142e-02
3.2238282850e-01 4.0466328470e-01 9.2557483673e-02
3.2395493986e-01 4.0664670016e-01 9.3457932534e-02
3.2552705121e-01 4.0863026558e-01 9.4362675504e-02
3.2709916257e-01 4.1061398176e-01 9.5271711354e-02
3.2867127393e-01 4.1259784951e-01 9.6185038851e-02
3.3024338529e-01 4.1458186964e-01 9.7102656755e-02
3.3181549665e-01 4.1656604294e-01 9.8024563822e-02
3.3338760801e-01 4.1855037025e-01 9.8950758804e-02
3.3495971936e-01 4.2053485236e-01 9.9881240446e-02
3.3653183072e-01 4.2251949008e-01 1.0081600749e-01
3.3810394208e-01 4.2450428424e-01 1.0175505867e-01
3.3967605344e-01 4.2648923565e-01 1.0269839271e-01
3.4124816480e-01 4.2847434512e-01 1.0364600834e-01
3.4282027616e-01 4.3045961347e-01 1.0459790428e-01
3.4439238752e-01 4.3244504152e-01 1.0555407925e-01
3.4596449887e-01 4.3443063008e-01 1.0651453194e-01
3.4753661023e-01 4.3641637999e-01 1.0747926108e-01
3.4910872159e-01 4.3840229206e-01 1.0844826535e-01
3.5068083295e-01 4.4038836712e-01 1.0942154345e-01
3.5225294431e-01 4.4237460599e-01 1.1039909407e-01
3.5382505567e-01 4.4436100949e-01 1.1138091590e-01
3.5539716703e-01 4.4634757846e-01 1.1236700760e-01
3.5696927838e-01 4.4833431373e-01 1.1335736786e-01
3.5854138974e-01 4.5032121612e-01 1.1435199534e-01
3.6011350110e-01 4.5230828647e-01 1.1535088870e-01
3.6168561246e-01 4.5429552560e-01 1.1635404662e-01
3.6325772382e-01 4.5628293436e-01 1.1736146773e-01
3.6482983518e-01 4.5827051357e-01 1.1837315068e-01
3.6640194654e-01 4.6025826409e-01 1.1938909413e-01
3.6797405789e-01 4.6224618673e-01 1.2040929670e-01
3.6954616925e-01 4.6423428235e-01 1.2143375704e-01
3.7111828061e-01 4.6622255178e-01 1.2246247376e-01
3.7269039197e-01 4.6821099587e-01 1.2349544550e-01
3.7426250333e-01 4.7019961547e-01 1.2453267087e-01
3.7583461469e-01 4.7218841140e-01 1.2557414849e-01
3.7740672604e-01 4.7417738453e-01 1.2661987695e-01
3.7897883740e-01 4.7616653571e-01 1.2766985488e-01
3.8055094876e-01 4.7815586577e-01 1.2872408086e-01
3.8212306012e-01 4.8014537557e-01 1.2978255350e-01
3.8369517148e-01 4.8213506596e-01 1.3084527137e-01
3.8526728284e-01 4.8412493781e-01 1.3191223307e-01
3.8683939420e-01 4.8611499195e-01 1.3298343716e-01
3.8841150555e-01 4.8810522926e-01 1.3405888224e-01
3.8998361691e-01 4.9009565058e-01 1.3513856686e-01
3.9155572827e-01 4.9208625678e-01 1.3622248960e-01
3.9312783963e-01 4.9407704871e-01 1.3731064901e-01
3.9469995099e-01 4.9606802725e-01 1.3840304364e-01
3.9627206235e-01 4.9805919325e-01 1.3949967206e-01
3.9784417371e-01 5.0005054759e-01 1.4060053280e-01
3.9941628506e-01 5.0204209112e-01 1.4170562440e-01
4.0098839642e-01 5.0403382472e-01 1.4281494540e-01
4.0256050778e-01 5.0602574925e-01 1.4392849434e-01
4.0413261914e-01 5.0801786559e-01 1.4504626973e-01
4.0570473050e-01 5.1001017462e-01 1.4616827011e-01
4.0727684186e-01 5.1200267720e-01 1.4729449399e-01
4.0884895322e-01 5.1399537421e-01 1.4842493987e-01
4.1042106457e-01 5.1598826653e-01 1.4955960628e-01
4.1199317593e-01 5.1798135505e-01 1.5069849172e-01
4.1356528729e-01 5.1997464064e-01 1.5184159467e-01
4.1513739865e-01 5.2196812418e-01 1.5298891364e-01
4.1670951001e-01 5.2396180656e-01 1.5414044712e-01
4.1828162137e-01 5.2595568867e-01 1.5529619359e-01
4.1985373273e-01 5.2794977139e-01 1.5645615153e-01
4.2142584408e-01 5.2994405561e-01 1.5762031942e-01
4.2299795544e-01 5.3193854222e-01 1.5878869573e-01
4.2457006680e-01 5.3393323212e-01 1.5996127893e-01
4.2614217816e-01 5.3592812620e-01 1.6113806748e-01
4.2771428952e-01 5.3792322536e-01 1.6231905983e-01
4.2928640088e-01 5.3991853049e-01 1.6350425444e-01
4.3085851223e-01 5.4191404249e-01 1.6469364976e-01
4.3243062359e-01 5.4390976226e-01 1.6588724424e-01
4.3400273495e-01 5.4590569072e-01 1.6708503630e-01
4.3557484631e-01 5.4790182875e-01 1.6828702440e-01
4.3714695767e-01 5.4989817727e-01 1.6949320695e-01
4.3871906903e-01 5.5189473719e-01 1.7070358240e-01
4.4029118039e-01 5.5389150941e-01 1.7191814915e-01
4.4186329174e-01 5.5588849484e-01 1.7313690563e-01
4.4343540310e-01 5.5788569440e-01 1.7435985024e-01
4.4500751446e-01 5.5988310901e-01 1.7558698141e-01
4.4657962582e-01 5.6188073958e-01 1.7681829754e-01
4.4815173718e-01 5.6387858703e-01 1.7805379701e-01
4.4972384854e-01 5.6587665227e-01 1.7929347824e-01
4.5129595990e-01 5.6787493624e-01 1.8053733961e-01
4.5286807125e-01 5.6987343985e-01 1.8178537952e-01
4.5444018261e-01 5.7187216404e-01 1.8303759634e-01
4.5601229397e-01 5.7387110972e-01 1.8429398845e-01
4.5758440533e-01 5.7587027783e-01 1.8555455423e-01
4.5915651669e-01 5.7786966929e-01 1.8681929205e-01
4.6072862805e-01 5.7986928505e-01 1.8808820027e-01
4.6230073941e-01 5.8186912604e-01 1.8936127727e-01
4.6387285076e-01 5.8386919319e-01 1.9063852139e-01
4.6544496212e-01 5.8586948744e-01 1.9191993099e-01
4.6701707348e-01 5.8787000973e-01 1.9320550442e-01
4.6858918484e-01 5.8987076101e-01 1.9449524003e-01
4.7016129620e-01 5.9187174222e-01 1.9578913616e-01
4.7173340756e-01 5.9387295430e-01 1.9708719114e-01
4.7330551891e-01 5.9587439821e-01 1.9838940331e-01
4.7487763027e-01 5.9787607489e-01 1.9969577100e-01
4.7644974163e-01 5.9987798530e-01 2.0100629254e-01
4.7802185299e-01 6.0188013039e-01 2.0232096624e-01
4.7959396435e-01 6.0388251111e-01 2.0363979043e-01
4.8116607571e-01 6.0588512843e-01 2.0496276341e-01
4.8273818707e-01 6.0788798331e-01 2.0628988349e-01
4.8431029842e-01 6.0989107670e-01 2.0762114899e-01
4.8588240978e-01 6.1189440957e-01 2.0895655821e-01
4.8745452114e-01 6.1389798289e-01 2.1029610943e-01
4.8902663250e-01 6.1590179763e-01 2.1163980096e-01
4.9059874386e-01 6.1790585474e-01 2.1298763108e-01
4.9217085522e-01 6.1991015522e-01 2.1433959808e-01
4.9374296658e-01 6.2191470003e-01 2.1569570025e-01
4.9531507793e-01 6.2391949015e-01 2.1705593585e-01
4.9688718929e-01 6.2592452655e-01 2.1842030317e-01
4.9845930065e-01 6.2792981022e-01 2.1978880048e-01
5.0003141201e-01 6.2993534214e-01 2.2116142604e-01
5.0160352337e-01 6.3194112329e-01 2.2253817812e-01
5.0317563473e-01 6.3394715467e-01 2.2391905497e-01
5.0474774609e-01 6.3595343725e-01 2.2530405485e-01
5.0631985744e-01 6.3795997204e-01 2.2669317601e-01
5.0789196880e-01 6.3996676002e-01 2.2808641671e-01
5.0946408016e-01 6.4197380220e-01 2.2948377518e-01
5.1103619152e-01 6.4398109956e-01 2.3088524966e-01
5.1260830288e-01 6.4598865310e-01 2.3229083840e-01
5.1418041424e-01 6.4799646384e-01 2.3370053963e-01
5.1575252559e-01 6.5000453277e-01 2.3511435157e-01
5.1732463695e-01 6.5201286090e-01 2.3653227246e-01
5.1889674831e-01 6.5402144925e-01 2.3795430051e-01
5.2046885967e-01 6.5603029881e-01 2.3938043395e-01
5.2204097103e-01 6.5803941060e-01 2.4081067099e-01
5.2361308239e-01 6.6004878565e-01 2.4224500984e-01
5.2518519375e-01 6.6205842496e-01 2.4368344871e-01
5.2675730510e-01 6.6406832955e-01 2.4512598581e-01
5.2832941646e-01 6.6607850046e-01 2.4657261934e-01
5.2990152782e-01 6.6808893870e-01 2.4802334749e-01
5.3147363918e-01 6.7009964530e-01 2.4947816847e-01
5.3304575054e-01 6.7211062129e-01 2.5093708045e-01
5.3461786190e-01 6.7412186770e-01 2.5240008164e-01
5.3618997326e-01 6.7613338556e-01 2.5386717022e-01
5.3776208461e-01 6.7814517592e-01 2.5533834436e-01
5.3933419597e-01 6.8015723980e-01 2.5681360224e-01
5.4090630733e-01 6.8216957826e-01 2.5829294205e-01
5.4247841869e-01 6.8418219234e-01 2.5977636194e-01
5.4405053005e-01 6.8619508307e-01 2.6126386010e-01
5.4562264141e-01 6.8820825151e-01 2.6275543467e-01
5.4719475277e-01 6.9022169871e-01 2.6425108384e-01
5.4876686412e-01 6.9223542573e-01 2.6575080574e-01
5.5033897548e-01 6.9424943361e-01 2.6725459855e-01
5.5191108684e-01 6.9626372342e-01 2.6876246040e-01
5.5348319820e-01 6.9827829622e-01 2.7027438946e-01
5.5505530956e-01 7.0029315307e-01 2.7179038385e-01
5.5662742092e-01 7.0230829503e-01 2.7331044174e-01
5.5819953227e-01 7.0432372318e-01 2.7483456125e-01
5.5977164363e-01 7.0633943858e-01 2.7636274053e-01
5.6134375499e-01 7.0835544231e-01 2.7789497771e-01
5.6291586635e-01 7.1037173544e-01 2.7943127091e-01
5.6448797771e-01 7.1238831906e-01 2.8097161826e-01
5.6606008907e-01 7.1440519423e-01 2.8251601790e-01
5.6763220043e-01 7.1642236206e-01 2.8406446793e-01
5.6920431178e-01 7.1843982361e-01 2.8561696648e-01
5.7077642314e-01 7.2045757999e-01 2.8717351167e-01
5.7234853450e-01 7.2247563227e-01 2.8873410160e-01
5.7392064586e-01 7.2449398157e-01 2.9029873439e-01
5.7549275722e-01 7.2651262896e-01 2.9186740814e-01
5.7706486858e-01 7.2853157556e-01 2.9344012096e-01
5.7863697994e-01 7.3055082246e-01 2.9501687094e-01
5.8020909129e-01 7.3257037077e-01 2.9659765619e-01
5.8178120265e-01 7.3459022160e-01 2.9818247480e-01
5.8335331401e-01 7.3661037605e-01 2.9977132487e-01
5.8492542537e-01 7.3863083523e-01 3.0136420448e-01
5.8649753673e-01 7.4065160028e-01 3.0296111172e-01
5.8806964809e-01 7.4267267229e-01 3.0456204468e-01
5.8964175945e-01 7.4469405240e-01 3.0616700144e-01
5.9121387080e-01 7.4671574172e-01 3.0777598007e-01
5.9278598216e-01 7.4873774139e-01 3.0938897866e-01
5.9435809352e-01 7.5076005253e-01 3.1100599527e-01
5.9593020488e-01 7.5278267627e-01 3.1262702798e-01
5.9750231624e-01 7.5480561375e-01 3.1425207487e-01
5.9907442760e-01 7.5682886612e-01 3.1588113398e-01
6.0064653895e-01 7.5885243450e-01 3.1751420340e-01
6.0221865031e-01 7.6087632004e-01 3.1915128117e-01
6.0379076167e-01 7.6290052389e-01 3.2079236537e-01
6.0536287303e-01 7.6492504720e-01 3.2243745403e-01
6.0693498439e-01 7.6694989111e-01 3.2408654523e-01
6.0850709575e-01 7.6897505680e-01 3.2573963701e-01
6.1007920711e-01 7.7100054541e-01 3.2739672741e-01
6.1165131846e-01 7.7302635810e-01 3.2905781449e-01
6.1322342982e-01 7.7505249604e-01 3.3072289630e-01
6.1479554118e-01 7.7707896040e-01 3.3239197086e-01
6.1636765254e-01 7.7910575234e-01 3.3406503623e-01
6.1793976390e-01 7.8113287304e-01 3.3574209044e-01
6.1951187526e-01 7.8316032368e-01 3.3742313153e-01
6.2108398662e-01 7.8518810543e-01 3.3910815752e-01
6.2265609797e-01 7.8721621948e-01 3.4079716646e-01
6.2422820933e-01 7.8924466701e-01 3.4249015636e-01
6.2580032069e-01 7.9127344921e-01 3.4418712526e-01
6.2737243205e-01 7.9330256727e-01 3.4588807118e-01
6.2894454341e-01 7.9533202239e-01 3.4759299214e-01
6.3051665477e-01 7.9736181576e-01 3.4930188617e-01
6.3208876613e-01 7.9939194859e-01 3.5101475127e-01
6.3366087748e-01 8.0142242208e-01 3.5273158548e-01
6.3523298884e-01 8.0345323743e-01 3.5445238680e-01
6.3680510020e-01 8.0548439586e-01 3.5617715324e-01
6.3837721156e-01 8.0751589857e-01 3.5790588281e-01
6.3994932292e-01 8.0954774680e-01 3.5963857353e-01
6.4152143428e-01 8.1157994175e-01 3.6137522340e-01
6.4309354563e-01 8.1361248465e-01 3.6311583043e-01
6.4466565699e-01 8.1564537673e-01 3.6486039261e-01
6.4623776835e-01 8.1767861922e-01 3.6660890795e-01
6.4780987971e-01 8.1971221334e-01 3.6836137445e-01
6.4938199107e-01 8.2174616034e-01 3.7011779010e-01
6.5095410243e-01 8.2378046146e-01 3.7187815291e-01
6.5252621379e-01 8.2581511793e-01 3.7364246086e-01
6.5409832514e-01 8.2785013102e-01 3.7541071195e-01
6.5567043650e-01 8.2988550195e-01 3.7718290417e-01
6.5724254786e-01 8.3192123199e-01 3.7895903551e-01
6.5881465922e-01 8.3395732240e-01 3.8073910395e-01
6.6038677058e-01 8.3599377444e-01 3.8252310748e-01
6.6195888194e-01 8.3803058936e-01 3.8431104409e-01
6.6353099330e-01 8.4006776844e-01 3.8610291175e-01
6.6510310465e-01 8.4210531294e-01 3.8789870846e-01
6.6667521601e-01 8.4414322414e-01 3.8969843219e-01
6.6824732737e-01 8.4618150332e-01 3.9150208091e-01
6.6981943873e-01 8.4822015176e-01 3.9330965261e-01
6.7139155009e-01 8.5025917074e-01 3.9512114526e-01
6.7296366145e-01 8.5229856155e-01 3.9693655683e-01
6.7453577281e-01 8.5433832548e-01 3.9875588530e-01
6.7610788416e-01 8.5637846383e-01 4.0057912864e-01
6.7767999552e-01 8.5841897789e-01 4.0240628482e-01
6.7925210688e-01 8.6045986898e-01 4.0423735181e-01
6.8082421824e-01 8.6250113838e-01 4.0607232757e-01
6.8239632960e-01 8.6454278742e-01 4.0791121008e-01
6.8396844096e-01 8.6658481741e-01 4.0975399730e-01
6.8554055232e-01 8.6862722966e-01 4.1160068719e-01
6.8711266367e-01 8.7067002550e-01 4.1345127771e-01
6.8868477503e-01 8.7271320625e-01 4.1530576684e-01
6.9025688639e-01 8.7475677323e-01 4.1716415252e-01
6.9182899775e-01 8.7680072779e-01 4.1902643272e-01
6.9340110911e-01 8.7884507125e-01 4.2089260540e-01
6.9497322047e-01 8.8088980495e-01 4.2276266852e-01
6.9654533182e-01 8.8293493025e-01 4.2463662003e-01
6.9811744318e-01 8.8498044848e-01 4.2651445789e-01
6.9968955454e-01 8.8702636099e-01 4.2839618005e-01
7.0126166590e-01 8.8907266915e-01 4.3028178448e-01
7.0283377726e-01 8.9111937430e-01 4.3217126912e-01
7.0440588862e-01 8.9316647782e-01 4.3406463192e-01
7.0597799998e-01 8.9521398107e-01 4.3596187084e-01
7.0755011133e-01 8.9726188542e-01 4.3786298384e-01
7.0912222269e-01 8.9931019225e-01 4.3976796885e-01
7.1069433405e-01 9.0135890293e-01 4.4167682383e-01
7.1226644541e-01 9.0340801884e-01 4.4358954674e-01
7.1383855677e-01 9.0545754138e-01 4.4550613551e-01
7.1541066813e-01 9.0750747192e-01 4.4742658810e-01
7.1698277949e-01 9.0955781188e-01 4.4935090246e-01
7.1855489084e-01 9.1160856264e-01 4.5127907652e-01
7.2012700220e-01 9.1365972562e-01 4.5321110825e-01
7.2169911356e-01 9.1571130220e-01 4.5514699558e-01
7.2327122492e-01 9.1776329382e-01 4.5708673646e-01
7.2484333628e-01 9.1981570187e-01 4.5903032884e-01
7.2641544764e-01 9.2186852779e-01 4.6097777066e-01
7.2798755900e-01 9.2392177300e-01 4.6292905986e-01
7.2955967035e-01 9.2597543891e-01 4.6488419440e-01
7.3113178171e-01 9.2802952698e-01 4.6684317221e-01
7.3270389307e-01 9.3008403862e-01 4.6880599124e-01
7.3427600443e-01 9.3213897528e-01 4.7077264944e-01
7.3584811579e-01 9.3419433841e-01 4.7274314474e-01
7.3742022715e-01 9.3625012946e-01 4.7471747509e-01
7.3899233850e-01 9.3830634988e-01 4.7669563843e-01
7.4056444986e-01 9.4036300112e-01 4.7867763271e-01
7.4213656122e-01 9.4242008466e-01 4.8066345587e-01
7.4370867258e-01 9.4447760194e-01 4.8265310585e-01
7.4528078394e-01 9.4653555446e-01 4.8464658060e-01
7.4685289530e-01 9.4859394368e-01 4.8664387806e-01
7.4842500666e-01 9.5065277108e-01 4.8864499618e-01
7.4999711801e-01 9.5271203815e-01 4.9064993289e-01
7.5156922937e-01 9.5477174638e-01 4.9265868615e-01
7.5314134073e-01 9.5683189725e-01 4.9467125389e-01
7.5471345209e-01 9.5889249227e-01 4.9668763406e-01
7.5628556345e-01 9.6095353295e-01 4.9870782460e-01
7.5785767481e-01 9.6301502078e-01 5.0073182347e-01
7.5942978617e-01 9.6507695727e-01 5.0275962860e-01
7.6100189752e-01 9.6713934396e-01 5.0479123794e-01
7.6257400888e-01 9.6920218235e-01 5.0682664944e-01
7.6414612024e-01 9.7126547397e-01 5.0886586104e-01
7.6571823160e-01 9.7332922036e-01 5.1090887069e-01
7.6729034296e-01 9.7539342304e-01 5.1295567634e-01
7.6886245432e-01 9.7745808357e-01 5.1500627593e-01
7.7043456568e-01 9.7952320347e-01 5.1706066742e-01
7.7200667703e-01 9.8158878431e-01 5.1911884876e-01
7.7357878839e-01 9.8365482764e-01 5.2118081789e-01
7.7515089975e-01 9.8572133501e-01 5.2324657276e-01
7.7672301111e-01 9.8778830799e-01 5.2531611133e-01
7.7829512247e-01 9.8985574815e-01 5.2738943155e-01
7.7986723383e-01 9.9192365706e-01 5.2946653137e-01
7.8143934518e-01 9.9399203631e-01 5.3154740875e-01
7.8301145654e-01 9.9606088747e-01 5.3363206164e-01
7.8458356790e-01 9.9813021213e-01 5.3572048799e-01
7.8615567926e-01 1.0002000119e+00 5.3781268577e-01
7.8772779062e-01 1.0022702884e+00 5.3990865293e-01
7.8929990198e-01 1.0043410431e+00 5.4200838743e-01
7.9087201334e-01 1.0064122778e+00 5.4411188723e-01
7.9244412469e-01 1.0084839940e+00 5.4621915028e-01
7.9401623605e-01 1.0105561933e+00 5.4833017457e-01
7.9558834741e-01 1.0126288774e+00 5.5044495803e-01
7.9716045877e-01 1.0147020479e+00 5.5256349865e-01
7.9873257013e-01 1.0167757064e+00 5.5468579439e-01
8.0030468149e-01 1.0188498546e+00 5.5681184321e-01
8.0187679285e-01 1.0209244942e+00 5.5894164308e-01
8.0344890420e-01 1.0229996266e+00 5.6107519198e-01
8.0502101556e-01 1.0250752538e+00 5.6321248786e-01
8.0659312692e-01 1.0271513771e+00 5.6535352872e-01
8.0816523828e-01 1.0292279985e+00 5.6749831252e-01
8.0973734964e-01 1.0313051194e+00 5.6964683723e-01
8.1130946100e-01 1.0333827417e+00 5.7179910084e-01
8.1288157236e-01 1.0354608670e+00 5.7395510132e-01
8.1445368371e-01 1.0375394969e+00 5.7611483665e-01
8.1602579507e-01 1.0396186332e+00 5.7827830483e-01
8.1759790643e-01 1.0416982775e+00 5.8044550382e-01
8.1917001779e-01 1.0437784316e+00 5.8261643162e-01
8.2074212915e-01 1.0458590972e+00 5.8479108622e-01
8.2231424051e-01 1.0479402760e+00 5.8696946560e-01
8.2388635186e-01 1.0500219697e+00 5.8915156776e-01
8.2545846322e-01 1.0521041800e+00 5.9133739069e-01
8.2703057458e-01 1.0541869087e+00 5.9352693238e-01
8.2860268594e-01 1.0562701576e+00 5.9572019084e-01
8.3017479730e-01 1.0583539283e+00 5.9791716407e-01
8.3174690866e-01 1.0604382226e+00 6.0011785006e-01
8.3331902002e-01 1.0625230422e+00 6.0232224682e-01
8.3489113137e-01 1.0646083890e+00 6.0453035236e-01
8.3646324273e-01 1.0666942647e+00 6.0674216468e-01
8.3803535409e-01 1.0687806711e+00 6.0895768180e-01
8.3960746545e-01 1.0708676099e+00 6.1117690174e-01
8.4117957681e-01 1.0729550829e+00 6.1339982249e-01
8.4275168817e-01 1.0750430919e+00 6.1562644209e-01
8.4432379953e-01 1.0771316388e+00 6.1785675856e-01
8.4589591088e-01 1.0792207253e+00 6.2009076991e-01
8.4746802224e-01 1.0813103533e+00 6.2232847418e-01
8.4904013360e-01 1.0834005244e+00 6.2456986939e-01
8.5061224496e-01 1.0854912407e+00 6.2681495358e-01
8.5218435632e-01 1.0875825039e+00 6.2906372477e-01
8.5375646768e-01 1.0896743157e+00 6.3131618101e-01
8.5532857904e-01 1.0917666782e+00 6.3357232033e-01
8.5690069039e-01 1.0938595931e+00 6.3583214078e-01
8.5847280175e-01 1.0959530622e+00 6.3809564040e-01
8.6004491311e-01 1.0980470875e+00 6.4036281723e-01
8.6161702447e-01 1.1001416708e+00 6.4263366934e-01
8.6318913583e-01 1.1022368139e+00 6.4490819478e-01
8.6476124719e-01 1.1043325188e+00 6.4718639159e-01
8.6633335854e-01 1.1064287873e+00 6.4946825785e-01
8.6790546990e-01 1.1085256214e+00 6.5175379162e-01
8.6947758126e-01 1.1106230228e+00 6.5404299096e-01
8.7104969262e-01 1.1127209936e+00 6.5633585394e-01
8.7262180398e-01 1.1148195356e+00 6.5863237864e-01
8.7419391534e-01 1.1169186508e+00 6.6093256313e-01
8.7576602670e-01 1.1190183410e+00 6.6323640550e-01
8.7733813805e-01 1.1211186083e+00 6.6554390382e-01
8.7891024941e-01 1.1232194545e+00 6.6785505619e-01
8.8048236077e-01 1.1253208815e+00 6.7016986070e-01
8.8205447213e-01 1.1274228914e+00 6.7248831544e-01
8.8362658349e-01 1.1295254861e+00 6.7481041851e-01
8.8519869485e-01 1.1316286676e+00 6.7713616801e-01
8.8677080621e-01 1.1337324378e+00 6.7946556204e-01
8.8834291756e-01 1.1358367987e+00 6.8179859872e-01
8.8991502892e-01 1.1379417522e+00 6.8413527617e-01
8.9148714028e-01 1.1400473005e+00 6.8647559249e-01
8.9305925164e-01 1.1421534455e+00 6.8881954581e-01
8.9463136300e-01 1.1442601891e+00 6.9116713425e-01
8.9620347436e-01 1.1463675334e+00 6.9351835594e-01
8.9777558572e-01 1.1484754805e+00 6.9587320903e-01
8.9934769707e-01 1.1505840323e+00 6.9823169164e-01
9.0091980843e-01 1.1526931909e+00 7.0059380192e-01
9.0249191979e-01 1.1548029583e+00 7.0295953801e-01
9.0406403115e-01 1.1569133366e+00 7.0532889806e-01
9.0563614251e-01 1.1590243279e+00 7.0770188024e-01
9.0720825387e-01 1.1611359341e+00 7.1007848270e-01
9.0878036522e-01 1.1632481574e+00 7.1245870360e-01
9.1035247658e-01 1.1653609998e+00 7.1484254111e-01
9.1192458794e-01 1.1674744634e+00 7.1722999341e-01
9.1349669930e-01 1.1695885504e+00 7.1962105867e-01
9.1506881066e-01 1.1717032628e+00 7.2201573509e-01
9.1664092202e-01 1.1738186027e+00 7.2441402083e-01
9.1821303338e-01 1.1759345723e+00 7.2681591411e-01
9.1978514473e-01 1.1780511737e+00 7.2922141310e-01
9.2135725609e-01 1.1801684089e+00 7.3163051603e-01
9.2292936745e-01 1.1822862802e+00 7.3404322109e-01
9.2450147881e-01 1.1844047897e+00 7.3645952650e-01
9.2607359017e-01 1.1865239395e+00 7.3887943047e-01
9.2764570153e-01 1.1886437319e+00 7.4130293123e-01
9.2921781289e-01 1.1907641689e+00 7.4373002701e-01
9.3078992424e-01 1.1928852527e+00 7.4616071603e-01
9.3236203560e-01 1.1950069856e+00 7.4859499655e-01
9.3393414696e-01 1.1971293697e+00 7.5103286679e-01
9.3550625832e-01 1.1992524073e+00 7.5347432502e-01
9.3707836968e-01 1.2013761005e+00 7.5591936948e-01
9.3865048104e-01 1.2035004516e+00 7.5836799845e-01
9.4022259240e-01 1.2056254628e+00 7.6082021018e-01
9.4179470375e-01 1.2077511362e+00 7.6327600294e-01
9.4336681511e-01 1.2098774743e+00 7.6573537502e-01
9.4493892647e-01 1.2120044792e+00 7.6819832470e-01
9.4651103783e-01 1.2141321531e+00 7.7066485027e-01
9.4808314919e-01 1.2162604984e+00 7.7313495002e-01
9.4965526055e-01 1.2183895174e+00 7.7560862226e-01
9.5122737191e-01 1.2205192122e+00 7.7808586530e-01
9.5279948326e-01 1.2226495852e+00 7.8056667744e-01
9.5437159462e-01 1.2247806388e+00 7.8305105701e-01
9.5594370598e-01 1.2269123751e+00 7.8553900234e-01
9.5751581734e-01 1.2290447966e+00 7.8803051175e-01
9.5908792870e-01 1.2311779056e+00 7.9052558360e-01
9.6066004006e-01 1.2333117043e+00 7.9302421622e-01
9.6223215141e-01 1.2354461952e+00 7.9552640796e-01
9.6380426277e-01 1.2375813806e+00 7.9803215719e-01
9.6537637413e-01 1.2397172628e+00 8.0054146227e-01
9.6694848549e-01 1.2418538443e+00 8.0305432158e-01
9.6852059685e-01 1.2439911274e+00 8.0557073349e-01
9.7009270821e-01 1.2461291145e+00 8.0809069639e-01
9.7166481957e-01 1.2482678080e+00 8.1061420867e-01
9.7323693092e-01 1.2504072103e+00 8.1314126873e-01
9.7480904228e-01 1.2525473238e+00 8.1567187498e-01
9.7638115364e-01 1.2546881510e+00 8.1820602584e-01
9.7795326500e-01 1.2568296943e+00 8.2074371973e-01
9.7952537636e-01 1.2589719561e+00 8.2328495506e-01
9.8109748772e-01 1.2611149389e+00 8.2582973029e-01
9.8266959908e-01 1.2632586452e+00 8.2837804386e-01
9.8424171043e-01 1.2654030774e+00 8.3092989421e-01
9.8581382179e-01 1.2675482379e+00 8.3348527980e-01
9.8738593315e-01 1.2696941294e+00 8.3604419910e-01
9.8895804451e-01 1.2718407543e+00 8.3860665059e-01
9.9053015587e-01 1.2739881151e+00 8.4117263275e-01
9.9210226723e-01 1.2761362144e+00 8.4374214406e-01
9.9367437859e-01 1.2782850546e+00 8.4631518303e-01
9.9524648994e-01 1.2804346383e+00 8.4889174815e-01
9.9681860130e-01 1.2825849681e+00 8.5147183795e-01
9.9839071266e-01 1.2847360465e+00 8.5405545094e-01
9.9996282402e-01 1.2868878761e+00 8.5664258566e-01
1.0015349354e+00 1.2890404594e+00 8.5923324064e-01
1.0031070467e+00 1.2911937991e+00 8.6182741443e-01
1.0046791581e+00 1.2933478978e+00 8.6442510559e-01
1.0062512695e+00 1.2955027581e+00 8.6702631267e-01
1.0078233808e+00 1.2976583825e+00 8.6963103425e-01
1.0093954922e+00 1.2998147738e+00 8.7223926892e-01
1.0109676035e+00 1.3019719345e+00 8.7485101525e-01
1.0125397149e+00 1.3041298674e+00 8.7746627185e-01
1.0141118262e+00 1.3062885750e+00 8.8008503733e-01
1.0156839376e+00 1.3084480601e+00 8.8270731031e-01
1.0172560490e+00 1.3106083253e+00 8.8533308940e-01
1.0188281603e+00 1.3127693734e+00 8.8796237324e-01
1.0204002717e+00 1.3149312070e+00 8.9059516048e-01
1.0219723830e+00 1.3170938289e+00 8.9323144976e-01
1.0235444944e+00 1.3192572417e+00 8.9587123976e-01
1.0251166058e+00 1.3214214483e+00 8.9851452914e-01
1.0266887171e+00 1.3235864513e+00 9.0116131658e-01
1.0282608285e+00 1.3257522536e+00 9.0381160078e-01
1.0298329398e+00 1.3279188578e+00 9.0646538043e-01
1.0314050512e+00 1.3300862669e+00 9.0912265425e-01
1.0329771625e+00 1.3322544835e+00 9.1178342095e-01
1.0345492739e+00 1.3344235105e+00 9.1444767926e-01
1.0361213853e+00 1.3365933507e+00 9.1711542794e-01
1.0376934966e+00 1.3387640068e+00 9.1978666571e-01
1.0392656080e+00 1.3409354819e+00 9.2246139136e-01
1.0408377193e+00 1.3431077787e+00 9.2513960363e-01
1.0424098307e+00 1.3452809000e+00 9.2782130133e-01
1.0439819421e+00 1.3474548488e+00 9.3050648323e-01
1.0455540534e+00 1.3496296278e+00 9.3319514815e-01
1.0471261648e+00 1.3518052402e+00 9.3588729489e-01
1.0486982761e+00 1.3539816886e+00 9.3858292227e-01
1.0502703875e+00 1.3561589761e+00 9.4128202914e-01
1.0518424989e+00 1.3583371056e+00 9.4398461433e-01
1.0534146102e+00 1.3605160800e+00 9.4669067670e-01
1.0549867216e+00 1.3626959022e+00 9.4940021512e-01
1.0565588329e+00 1.3648765754e+00 9.5211322846e-01
1.0581309443e+00 1.3670581023e+00 9.5482971563e-01
1.0597030556e+00 1.3692404861e+00 9.5754967550e-01
1.0612751670e+00 1.3714237297e+00 9.6027310701e-01
1.0628472784e+00 1.3736078361e+00 9.6300000907e-01
1.0644193897e+00 1.3757928084e+00 9.6573038061e-01
1.0659915011e+00 1.3779786496e+00 9.6846422059e-01
1.0675636124e+00 1.3801653628e+00 9.7120152796e-01
1.0691357238e+00 1.3823529510e+00 9.7394230169e-01
1.0707078352e+00 1.3845414174e+00 9.7668654077e-01
1.0722799465e+00 1.3867307649e+00 9.7943424419e-01
1.0738520579e+00 1.3889209968e+00 9.8218541096e-01
1.0754241692e+00 1.3911121161e+00 9.8494004009e-01
1.0769962806e+00 1.3933041259e+00 9.8769813062e-01
1.0785683919e+00 1.3954970295e+00 9.9045968159e-01
1.0801405033e+00 1.3976908299e+00 9.9322469206e-01
1.0817126147e+00 1.3998855304e+00 9.9599316110e-01
1.0832847260e+00 1.4020811341e+00 9.9876508778e-01
1.0848568374e+00 1.4042776443e+00 1.0015404712e+00
1.0864289487e+00 1.4064750640e+00 1.0043193105e+00
1.0880010601e+00 1.4086733966e+00 1.0071016047e+00
1.0895731715e+00 1.4108726454e+00 1.0098873531e+00
1.0911452828e+00 1.4130728134e+00 1.0126765547e+00
1.0927173942e+00 1.4152739041e+00 1.0154692087e+00
1.0942895055e+00 1.4174759207e+00 1.0182653143e+00
1.0958616169e+00 1.4196788665e+00 1.0210648707e+00
1.0974337282e+00 1.4218827448e+00 1.0238678771e+00
1.0990058396e+00 1.4240875589e+00 1.0266743327e+00
1.1005779510e+00 1.4262933121e+00 1.0294842366e+00
1.1021500623e+00 1.4285000079e+00 1.0322975883e+00
1.1037221737e+00 1.4307076495e+00 1.0351143868e+00
1.1052942850e+00 1.4329162404e+00 1.0379346316e+00
1.1068663964e+00 1.4351257840e+00 1.0407583218e+00
1.1084385078e+00 1.4373362836e+00 1.0435854568e+00
1.1100106191e+00 1.4395477427e+00 1.0464160359e+00
1.1115827305e+00 1.4417601647e+00 1.0492500584e+00
1.1131548418e+00 1.4439735531e+00 1.0520875237e+00
1.1147269532e+00 1.4461879113e+00 1.0549284311e+00
1.1162990645e+00 1.4484032429e+00 1.0577727800e+00
1.1178711759e+00 1.4506195513e+00 1.0606205698e+00
1.1194432873e+00 1.4528368400e+00 1.0634717999e+00
1.1210153986e+00 1.4550551125e+00 1.0663264696e+00
1.1225875100e+00 1.4572743725e+00 1.0691845786e+00
1.1241596213e+00 1.4594946235e+00 1.0720461261e+00
1.1257317327e+00 1.4617158690e+00 1.0749111117e+00
1.1273038441e+00 1.4639381126e+00 1.0777795348e+00
1.1288759554e+00 1.4661613580e+00 1.0806513950e+00
1.1304480668e+00 1.4683856087e+00 1.0835266917e+00
1.1320201781e+00 1.4706108685e+00 1.0864054245e+00
1.1335922895e+00 1.4728371409e+00 1.0892875930e+00
1.1351644009e+00 1.4750644296e+00 1.0921731966e+00
1.1367365122e+00 1.4772927384e+00 1.0950622350e+00
1.1383086236e+00 1.4795220708e+00 1.0979547078e+00
1.1398807349e+00 1.4817524307e+00 1.1008506145e+00
1.1414528463e+00 1.4839838218e+00 1.1037499549e+00
1.1430249576e+00 1.4862162478e+00 1.1066527285e+00
1.1445970690e+00 1.4884497125e+00 1.1095589351e+00
1.1461691804e+00 1.4906842197e+00 1.1124685742e+00
1.1477412917e+00 1.4929197732e+00 1.1153816456e+00
1.1493134031e+00 1.4951563768e+00 1.1182981491e+00
1.1508855144e+00 1.4973940343e+00 1.1212180843e+00
1.1524576258e+00 1.4996327496e+00 1.1241414510e+00
1.1540297372e+00 1.5018725266e+00 1.1270682490e+00
1.1556018485e+00 1.5041133691e+00 1.1299984780e+00
1.1571739599e+00 1.5063552811e+00 1.1329321379e+00
1.1587460712e+00 1.5085982665e+00 1.1358692285e+00
1.1603181826e+00 1.5108423292e+00 1.1388097496e+00
1.1618902939e+00 1.5130874733e+00 1.1417537011e+00
1.1634624053e+00 1.5153337026e+00 1.1447010829e+00
1.1650345167e+00 1.5175810211e+00 1.1476518948e+00
1.1666066280e+00 1.5198294329e+00 1.1506061368e+00
1.1681787394e+00 1.5220789421e+00 1.1535638089e+00
1.1697508507e+00 1.5243295526e+00 1.1565249109e+00
1.1713229621e+00 1.5265812685e+00 1.1594894428e+00
1.1728950735e+00 1.5288340940e+00 1.1624574047e+00
1.1744671848e+00 1.5310880331e+00 1.1654287966e+00
1.1760392962e+00 1.5333430899e+00 1.1684036184e+00
1.1776114075e+00 1.5355992686e+00 1.1713818703e+00
1.1791835189e+00 1.5378565734e+00 1.1743635524e+00
1.1807556302e+00 1.5401150084e+00 1.1773486646e+00
1.1823277416e+00 1.5423745779e+00 1.1803372072e+00
1.1838998530e+00 1.5446352860e+00 1.1833291802e+00
1.1854719643e+00 1.5468971371e+00 1.1863245839e+00
1.1870440757e+00 1.5491601353e+00 1.1893234183e+00
1.1886161870e+00 1.5514242849e+00 1.1923256838e+00
1.1901882984e+00 1.5536895903e+00 1.1953313805e+00
1.1917604098e+00 1.5559560558e+00 1.1983405086e+00
1.1933325211e+00 1.5582236857e+00 1.2013530685e+00
1.1949046325e+00 1.5604924843e+00 1.2043690603e+00
1.1964767438e+00 1.5627624561e+00 1.2073884845e+00
1.1980488552e+00 1.5650336054e+00 1.2104113413e+00
1.1996209666e+00 1.5673059367e+00 1.2134376311e+00
1.2011930779e+00 1.5695794544e+00 1.2164673542e+00
1.2027651893e+00 1.5718541630e+00 1.2195005111e+00
1.2043373006e+00 1.5741300669e+00 1.2225371022e+00
1.2059094120e+00 1.5764071708e+00 1.2255771278e+00
1.2074815233e+00 1.5786854790e+00 1.2286205886e+00
1.2090536347e+00 1.5809649961e+00 1.2316674849e+00
1.2106257461e+00 1.5832457268e+00 1.2347178173e+00
1.2121978574e+00 1.5855276756e+00 1.2377715862e+00
1.2137699688e+00 1.5878108471e+00 1.2408287923e+00
1.2153420801e+00 1.5900952459e+00 1.2438894362e+00
1.2169141915e+00 1.5923808768e+00 1.2469535184e+00
1.2184863029e+00 1.5946677443e+00 1.2500210395e+00
1.2200584142e+00 1.5969558533e+00 1.2530920003e+00
1.2216305256e+00 1.5992452083e+00 1.2561664013e+00
1.2232026369e+00 1.6015358143e+00 1.2592442434e+00
1.2247747483e+00 1.6038276758e+00 1.2623255272e+00
1.2263468596e+00 1.6061207978e+00 1.2654102534e+00
1.2279189710e+00 1.6084151851e+00 1.2684984229e+00
1.2294910824e+00 1.6107108424e+00 1.2715900364e+00
1.2310631937e+00 1.6130077746e+00 1.2746850948e+00
1.2326353051e+00 1.6153059868e+00 1.2777835989e+00
1.2342074164e+00 1.6176054836e+00 1.2808855496e+00
1.2357795278e+00 1.6199062701e+00 1.2839909479e+00
1.2373516392e+00 1.6222083513e+00 1.2870997946e+00
1.2389237505e+00 1.6245117321e+00 1.2902120906e+00
1.2404958619e+00 1.6268164175e+00 1.2933278371e+00
1.2420679732e+00 1.6291224126e+00 1.2964470349e+00
1.2436400846e+00 1.6314297223e+00 1.2995696852e+00
1.2452121959e+00 1.6337383519e+00 1.3026957889e+00
1.2467843073e+00 1.6360483064e+00 1.3058253473e+00
1.2483564187e+00 1.6383595908e+00 1.3089583613e+00
1.2499285300e+00 1.6406722105e+00 1.3120948322e+00
1.2515006414e+00 1.6429861706e+00 1.3152347611e+00
1.2530727527e+00 1.6453014762e+00 1.3183781493e+00
1.2546448641e+00 1.6476181326e+00 1.3215249979e+00
1.2562169755e+00 1.6499361450e+00 1.3246753082e+00
1.2577890868e+00 1.6522555188e+00 1.3278290815e+00
1.2593611982e+00 1.6545762593e+00 1.3309863192e+00
1.2609333095e+00 1.6568983717e+00 1.3341470226e+00
1.2625054209e+00 1.6592218615e+00 1.3373111930e+00
1.2640775323e+00 1.6615467341e+00 1.3404788318e+00
1.2656496436e+00 1.6638729948e+00 1.3436499406e+00
1.2672217550e+00 1.6662006491e+00 1.3468245207e+00
1.2687938663e+00 1.6685297025e+00 1.3500025737e+00
1.2703659777e+00 1.6708601604e+00 1.3531841011e+00
1.2719380890e+00 1.6731920285e+00 1.3563691044e+00
1.2735102004e+00 1.6755253122e+00 1.3595575853e+00
1.2750823118e+00 1.6778600172e+00 1.3627495453e+00
1.2766544231e+00 1.6801961490e+00 1.3659449862e+00
1.2782265345e+00 1.6825337133e+00 1.3691439095e+00
1.2797986458e+00 1.6848727157e+00 1.3723463170e+00
1.2813707572e+00 1.6872131620e+00 1.3755522105e+00
1.2829428686e+00 1.6895550579e+00 1.3787615918e+00
1.2845149799e+00 1.6918984091e+00 1.3819744625e+00
1.2860870913e+00 1.6942432214e+00 1.3851908247e+00
1.2876592026e+00 1.6965895007e+00 1.3884106801e+00
1.2892313140e+00 1.6989372527e+00 1.3916340308e+00
1.2908034253e+00 1.7012864834e+00 1.3948608785e+00
1.2923755367e+00 1.7036371986e+00 1.3980912253e+00
1.2939476481e+00 1.7059894043e+00 1.4013250733e+00
1.2955197594e+00 1.7083431064e+00 1.4045624244e+00
1.2970918708e+00 1.7106983110e+00 1.4078032808e+00
1.2986639821e+00 1.7130550240e+00 1.4110476445e+00
1.3002360935e+00 1.7154132516e+00 1.4142955178e+00
1.3018082049e+00 1.7177729997e+00 1.4175469027e+00
1.3033803162e+00 1.7201342746e+00 1.4208018016e+00
1.3049524276e+00 1.7224970824e+00 1.4240602166e+00
1.3065245389e+00 1.7248614293e+00 1.4273221501e+00
1.3080966503e+00 1.7272273214e+00 1.4305876044e+00
1.3096687616e+00 1.7295947650e+00 1.4338565819e+00
1.3112408730e+00 1.7319637665e+00 1.4371290849e+00
1.3128129844e+00 1.7343343321e+00 1.4404051160e+00
1.3143850957e+00 1.7367064682e+00 1.4436846775e+00
1.3159572071e+00 1.7390801811e+00 1.4469677720e+00
1.3175293184e+00 1.7414554772e+00 1.4502544021e+00
1.3191014298e+00 1.7438323631e+00 1.4535445703e+00
1.3206735412e+00 1.7462108452e+00 1.4568382793e+00
1.3222456525e+00 1.7485909300e+00 1.4601355317e+00
1.3238177639e+00 1.7509726240e+00 1.4634363302e+00
1.3253898752e+00 1.7533559339e+00 1.4667406777e+00
1.3269619866e+00 1.7557408662e+00 1.4700485768e+00
1.3285340980e+00 1.7581274277e+00 1.4733600304e+00
1.3301062093e+00 1.7605156250e+00 1.4766750414e+00
1.3316783207e+00 1.7629054648e+00 1.4799936127e+00
1.3332504320e+00 1.7652969539e+00 1.4833157472e+00
1.3348225434e+00 1.7676900991e+00 1.4866414478e+00
1.3363946547e+00 1.7700849073e+00 1.4899707178e+00
1.3379667661e+00 1.7724813852e+00 1.4933035600e+00
1.3395388775e+00 1.7748795399e+00 1.4966399776e+00
1.3411109888e+00 1.7772793782e+00 1.4999799738e+00
1.3426831002e+00 1.7796809072e+00 1.5033235518e+00
1.3442552115e+00 1.7820841338e+00 1.5066707148e+00
1.3458273229e+00 1.7844890652e+00 1.5100214661e+00
1.3473994343e+00 1.7868957084e+00 1.5133758090e+00
1.3489715456e+00 1.7893040705e+00 1.5167337468e+00
1.3505436570e+00 1.7917141588e+00 1.5200952831e+00
1.3521157683e+00 1.7941259805e+00 1.5234604213e+00
1.3536878797e+00 1.7965395427e+00 1.5268291648e+00
1.3552599910e+00 1.7989548528e+00 1.5302015172e+00
1.3568321024e+00 1.8013719182e+00 1.5335774821e+00
1.3584042138e+00 1.8037907461e+00 1.5369570632e+00
1.3599763251e+00 1.8062113441e+00 1.5403402641e+00
1.3615484365e+00 1.8086337195e+00 1.5437270885e+00
1.3631205478e+00 1.8110578800e+00 1.5471175403e+00
1.3646926592e+00 1.8134838329e+00 1.5505116233e+00
1.3662647706e+00 1.8159115859e+00 1.5539093413e+00
1.3678368819e+00 1.8183411466e+00 1.5573106983e+00
1.3694089933e+00 1.8207725227e+00 1.5607156982e+00
1.3709811046e+00 1.8232057218e+00 1.5641243451e+00
1.3725532160e+00 1.8256407518e+00 1.5675366430e+00
1.3741253273e+00 1.8280776204e+00 1.5709525960e+00
1.3756974387e+00 1.8305163354e+00 1.5743722084e+00
1.3772695501e+00 1.8329569048e+00 1.5777954842e+00
1.3788416614e+00 1.8353993364e+00 1.5812224279e+00
1.3804137728e+00 1.8378436383e+00 1.5846530436e+00
1.3819858841e+00 1.8402898184e+00 1.5880873358e+00
1.3835579955e+00 1.8427378847e+00 1.5915253089e+00
1.3851301069e+00 1.8451878455e+00 1.5949669674e+00
1.3867022182e+00 1.8476397088e+00 1.5984123157e+00
1.3882743296e+00 1.8500934829e+00 1.6018613585e+00
1.3898464409e+00 1.8525491760e+00 1.6053141004e+00
1.3914185523e+00 1.8550067963e+00 1.6087705461e+00
1.3929906636e+00 1.8574663523e+00 1.6122307003e+00
1.3945627750e+00 1.8599278522e+00 1.6156945678e+00
1.3961348864e+00 1.8623913046e+00 1.6191621534e+00
1.3977069977e+00 1.8648567179e+00 1.6226334622e+00
1.3992791091e+00 1.8673241006e+00 1.6261084989e+00
1.4008512204e+00 1.8697934613e+00 1.6295872686e+00
1.4024233318e+00 1.8722648087e+00 1.6330697764e+00
1.4039954432e+00 1.8747381513e+00 1.6365560275e+00
1.4055675545e+00 1.8772134981e+00 1.6400460269e+00
1.4071396659e+00 1.8796908576e+00 1.6435397800e+00
1.4087117772e+00 1.8821702388e+00 1.6470372921e+00
1.4102838886e+00 1.8846516506e+00 1.6505385684e+00
1.4118560000e+00 1.8871351017e+00 1.6540436144e+00
1.4134281113e+00 1.8896206014e+00 1.6575524357e+00
1.4150002227e+00 1.8921081585e+00 1.6610650377e+00
1.4165723340e+00 1.8945977821e+00 1.6645814260e+00
1.4181444454e+00 1.8970894815e+00 1.6681016062e+00
1.4197165567e+00 1.8995832658e+00 1.6716255842e+00
1.4212886681e+00 1.9020791442e+00 1.6751533657e+00
1.4228607795e+00 1.9045771261e+00 1.6786849565e+00
1.4244328908e+00 1.9070772208e+00 1.6822203625e+00
1.4260050022e+00 1.9095794377e+00 1.6857595897e+00
1.4275771135e+00 1.9120837863e+00 1.6893026442e+00
1.4291492249e+00 1.9145902761e+00 1.6928495319e+00
1.4307213363e+00 1.9170989167e+00 1.6964002592e+00
1.4322934476e+00 1.9196097177e+00 1.6999548322e+00
1.4338655590e+00 1.9221226889e+00 1.7035132572e+00
1.4354376703e+00 1.9246378400e+00 1.7070755405e+00
1.4370097817e+00 1.9271551807e+00 1.7106416887e+00
1.4385818930e+00 1.9296747211e+00 1.7142117081e+00
1.4401540044e+00 1.9321964709e+00 1.7177856054e+00
1.4417261158e+00 1.9347204402e+00 1.7213633872e+00
1.4432982271e+00 1.9372466391e+00 1.7249450601e+00
1.4448703385e+00 1.9397750776e+00 1.7285306309e+00
1.4464424498e+00 1.9423057659e+00 1.7321201066e+00
1.4480145612e+00 1.9448387142e+00 1.7357134939e+00
1.4495866726e+00 1.9473739329e+00 1.7393107999e+00
1.4511587839e+00 1.9499114323e+00 1.7429120315e+00
1.4527308953e+00 1.9524512228e+00 1.7465171961e+00
1.4543030066e+00 1.9549933150e+00 1.7501263006e+00
1.4558751180e+00 1.9575377192e+00 1.7537393524e+00
1.4574472293e+00 1.9600844463e+00 1.7573563589e+00
1.4590193407e+00 1.9626335068e+00 1.7609773274e+00
1.4605914521e+00 1.9651849114e+00 1.7646022655e+00
1.4621635634e+00 1.9677386711e+00 1.7682311807e+00
1.4637356748e+00 1.9702947966e+00 1.7718640806e+00
1.4653077861e+00 1.9728532990e+00 1.7755009730e+00
1.4668798975e+00 1.9754141891e+00 1.7791418657e+00
1.4684520089e+00 1.9779774782e+00 1.7827867665e+00
1.4700241202e+00 1.9805431773e+00 1.7864356834e+00
1.4715962316e+00 1.9831112976e+00 1.7900886245e+00
1.4731683429e+00 1.9856818505e+00 1.7937455978e+00
1.4747404543e+00 1.9882548473e+00 1.7974066115e+00
1.4763125657e+00 1.9908302995e+00 1.8010716740e+00
1.4778846770e+00 1.9934082185e+00 1.8047407936e+00
1.4794567884e+00 1.9959886158e+00 1.8084139786e+00
1.4810288997e+00 1.9985715032e+00 1.8120912378e+00
1.4826010111e+00 2.0011568924e+00 1.8157725795e+00
1.4841731224e+00 2.0037447952e+00 1.8194580126e+00
1.4857452338e+00 2.0063352233e+00 1.8231475459e+00
1.4873173452e+00 2.0089281888e+00 1.8268411881e+00
1.4888894565e+00 2.0115237037e+00 1.8305389482e+00
1.4904615679e+00 2.0141217800e+00 1.8342408353e+00
1.4920336792e+00 2.0167224300e+00 1.8379468586e+00
1.4936057906e+00 2.0193256659e+00 1.8416570271e+00
1.4951779020e+00 2.0219315000e+00 1.8453713502e+00
1.4967500133e+00 2.0245399447e+00 1.8490898374e+00
1.4983221247e+00 2.0271510125e+00 1.8528124980e+00
1.4998942360e+00 2.0297647160e+00 1.8565393418e+00
1.5014663474e+00 2.0323810677e+00 1.8602703783e+00
1.5030384587e+00 2.0350000806e+00 1.8640056173e+00
1.5046105701e+00 2.0376217672e+00 1.8677450686e+00
1.5061826815e+00 2.0402461406e+00 1.8714887423e+00
1.5077547928e+00 2.0428732137e+00 1.8752366483e+00
1.5093269042e+00 2.0455029996e+00 1.8789887969e+00
1.5108990155e+00 2.0481355114e+00 1.8827451982e+00
1.5124711269e+00 2.0507707623e+00 1.8865058626e+00
1.5140432383e+00 2.0534087658e+00 1.8902708006e+00
1.5156153496e+00 2.0560495350e+00 1.8940400226e+00
1.5171874610e+00 2.0586930837e+00 1.8978135393e+00
1.5187595723e+00 2.0613394253e+00 1.9015913615e+00
1.5203316837e+00 2.0639885735e+00 1.9053735000e+00
1.5219037950e+00 2.0666405421e+00 1.9091599657e+00
1.5234759064e+00 2.0692953449e+00 1.9129507698e+00
1.5250480178e+00 2.0719529959e+00 1.9167459232e+00
1.5266201291e+00 2.0746135091e+00 1.9205454374e+00
1.5281922405e+00 2.0772768987e+00 1.9243493237e+00
1.5297643518e+00 2.0799431788e+00 1.9281575935e+00
1.5313364632e+00 2.0826123638e+00 1.9319702585e+00
1.5329085746e+00 2.0852844681e+00 1.9357873303e+00
1.5344806859e+00 2.0879595061e+00 1.9396088208e+00
1.5360527973e+00 2.0906374927e+00 1.9434347418e+00
1.5376249086e+00 2.0933184423e+00 1.9472651053e+00
1.5391970200e+00 2.0960023699e+00 1.9510999236e+00
1.5407691314e+00 2.0986892903e+00 1.9549392089e+00
1.5423412427e+00 2.1013792186e+00 1.9587829735e+00
1.5439133541e+00 2.1040721698e+00 1.9626312300e+00
1.5454854654e+00 2.1067681592e+00 1.9664839909e+00
1.5470575768e+00 2.1094672020e+00 1.9703412690e+00
1.5486296881e+00 2.1121693138e+00 1.9742030770e+00
1.5502017995e+00 2.1148745100e+00 1.9780694281e+00
1.5517739109e+00 2.1175828062e+00 1.9819403352e+00
1.5533460222e+00 2.1202942183e+00 1.9858158115e+00
1.5549181336e+00 2.1230087620e+00 1.9896958704e+00
1.5564902449e+00 2.1257264533e+00 1.9935805254e+00
1.5580623563e+00 2.1284473083e+00 1.9974697899e+00
1.5596344677e+00 2.1311713432e+00 2.0013636778e+00
1.5612065790e+00 2.1338985742e+00 2.0052622029e+00
1.5627786904e+00 2.1366290177e+00 2.0091653790e+00
1.5643508017e+00 2.1393626903e+00 2.0130732204e+00
1.5659229131e+00 2.1420996086e+00 2.0169857412e+00
1.5674950244e+00 2.1448397893e+00 2.0209029559e+00
1.5690671358e+00 2.1475832494e+00 2.0248248788e+00
1.5706392472e+00 2.1506046478e+00 2.0291441454e+00
