0.001			0.0012443781501959418	9.017090288829631e-7
0.002569795325793896	0.0031977975857332298	5.9547108930527155e-6
0.004139590651587791	0.005151218091336434	0.000015451639251621918
0.005709385977381688	0.007104640335048876	0.000029392582962844192
0.007279181303175583	0.009058064975914193	0.000047777498527652326
0.008848976628969479	0.01101149267297645	0.00007060636247126812
0.010418771954763376	0.012964924085680264	0.00009787912190463483
0.01198856728055727	0.014918359873770918	0.00012959568876509374
0.013558362606351165	0.01687180069509448	0.00016575609559546392
0.015128157932145062	0.01882524720949793	0.00020636029586325227
0.016697953257938956	0.02077870007582926	0.00025140821394349427
0.018267748583732854	0.02273215995493762	0.0003008996673379228
0.01983754390952675	0.024685627504673405	0.0003548348061425258
0.021407339235320646	0.02663910338588839	0.0004132128992773108
0.022977134561114543	0.028592588256435868	0.00047603539216715864
0.024546929886908438	0.03054608277717072	0.0005433007223279575
0.026116725212702332	0.03249958760694958	0.0006150085693241066
0.02768652053849623	0.03445310340663092	0.0006911607409980079
0.029256315864290124	0.036406630835075206	0.0007717552179531494
0.030826111190084018	0.038360170551144976	0.0008567931684458293
0.03239590651587791	0.040313723217704975	0.0009462733962513076
0.03396570184167181	0.042267289491622284	0.0010401962883802615
0.03553549716746571	0.04422087003576641	0.0011385615308954398
0.037105292493259605	0.04617446550800947	0.0012413691730440745
0.0386750878190535	0.04812807657122622	0.0013486190782441244
0.04024488314484739	0.05008170388329421	0.0014603110736304045
0.04181467847064129	0.05203534810709395	0.001576444893303656
0.04338447379643518	0.053989009901508955	0.001697020246237208
0.044954269122229086	0.0559426899294259	0.0018220373357224228
0.04652406444802298	0.057896388849734755	0.0019514967769534055
0.048093859773816874	0.059850107324328855	0.002085396364602089
0.049663655099610765	0.061803846015105066	0.002223736899973039
0.05123345042540466	0.06375760558296387	0.0023665182497773574
0.05280324575119856	0.06571138668980951	0.0025137401411311905
0.05437304107699246	0.06766518999755007	0.0026654023991104355
0.055942836402786356	0.06961901616709765	0.0028215047626760207
0.057512631728580246	0.07157286586036843	0.002982047107317288
0.059082427054374144	0.07352673974028283	0.0031470290411935
0.060652222380168035	0.07548063846976559	0.003316450301834881
0.06222201770596193	0.07743456271074593	0.0034903113217252574
0.06379181303175582	0.0793885131261576	0.00366861095600042
0.06536160835754973	0.0813424903789391	0.0038513491668468063
0.06693140368334362	0.08329649513103374	0.00403852572238111
0.06850119900913752	0.0852505280483897	0.004230140421840015
0.07007099433493141	0.08720458979196026	0.004426193108107669
0.07164078966072532	0.08915868102670386	0.004626683307138927
0.07321058498651921	0.09111280241658422	0.0048316122114947365
0.0747803803123131	0.09306695462557046	0.005040976685781525
0.076350175638107	0.09502113831863726	0.005254778002844191
0.0779199709639009	0.09697535415976485	0.005473015549143569
0.07948976628969479	0.09892960281393934	0.005695689222564506
0.08105956161548868	0.1008838849461526	0.005922798466638981
0.08262935694128258	0.10283820122140255	0.006154343230931682
0.08419915226707647	0.10479255230469324	0.006390323414793228
0.08576894759287036	0.10674693886803494	0.006630737953458338
0.08733874291866427	0.10870136157344422	0.006875587174093299
0.08890853824445817	0.11065582108294418	0.007124870168225361
0.09047833357025206	0.11261031805856449	0.007378587305973508
0.09204812889604595	0.1145648531823415	0.007636737334589541
0.09361792422183986	0.11651942711631838	0.007899320177361432
0.09518771954763375	0.11847404052254529	0.008166335647701724
0.09675751487342764	0.12042869408307938	0.008437783250717366
0.09832731019922153	0.12238338843998502	0.00871366271710551
0.09989710552501543	0.12433812428533385	0.008993973403527021
0.10146690085080932	0.12629290228120493	0.009278715250319997
0.10303669617660322	0.12824772308968488	0.009567887805964289
0.10460649150239712	0.1302025873828679	0.00986149020277207
0.10617628682819102	0.13215749583285602	0.010159522652865438
0.10774608215398492	0.1341124491117591	0.010461984100985578
0.1093158774797788	0.13606744789169503	0.010768874171542523
0.11088567280557271	0.13802249283478982	0.01108019289143755
0.1124554681313666	0.1399775846131777	0.011395939522818185
0.11402526345716049	0.14193272390900125	0.01171611553211272
0.1155950587829544	0.14388791137441156	0.012040716882341969
0.11716485410874829	0.1458431477015683	0.012369744594760514
0.11873464943454218	0.1477984335526398	0.012703198645562677
0.12030444476033607	0.14975376959980324	0.013041077995507076
0.12187424008612997	0.15170915651524478	0.013383382421618434
0.12344403541192386	0.15366459498115956	0.013730112267700167
0.12501383073771777	0.15562008565975202	0.014081265419145032
0.12658362606351165	0.15757562923323576	0.014436842289285554
0.12815342138930555	0.15953122636383388	0.014796842310603985
0.12972321671509945	0.16148687774377898	0.015161264973105515
0.13129301204089333	0.16344258404531334	0.015530109808567928
0.13286280736668724	0.16539834593068894	0.01590337590539451
0.13443260269248114	0.16735416409216775	0.016281062998194245
0.13600239801827504	0.1693100392020216	0.016663170539662375
0.13757219334406895	0.17126597192253254	0.01704969905070654
0.13914198866986283	0.17322196294599282	0.01744064564534662
0.14071178399565673	0.1751780129547051	0.01783601120289894
0.14228157932145064	0.17713412261098244	0.01823579491648738
0.1438513746472445	0.17909029260714845	0.01863999672459679
0.14542116997303842	0.1810465236155376	0.0190486150999204
0.14699096529883232	0.18300281630849505	0.019461649968729372
0.1485607606246262	0.18495917138837692	0.01987910053329963
0.1501305559504201	0.18691558950755047	0.020300967178815632
0.151700351276214	0.18887207136839398	0.020727247776629584
0.15327014660200788	0.19082861765329714	0.021157942323800315
0.1548399419278018	0.19278522902466108	0.021593050732050964
0.15640973725359567	0.19474190618489834	0.02203257156556184
0.15797953257938957	0.19669864979643314	0.022476504601805624
0.15954932790518347	0.19865546056170155	0.02292484910071367
0.16111912323097735	0.20061233915315138	0.023377604362986328
0.16268891855677126	0.20256928626324255	0.023834770211062836
0.16425871388256516	0.204526302574447	0.024296345241863235
0.16582850920835904	0.20648338876924902	0.024762329660319323
0.16739830453415294	0.20844054553014507	0.025232722004296375
0.16896809985994685	0.2103977735496442	0.025707524325112828
0.17053789518574072	0.21235507351026803	0.02618673099450634
0.17210769051153466	0.21431244610455083	0.02667034435883876
0.17367748583732853	0.2162698920250397	0.027158362884852332
0.17524728116312244	0.2182274119442947	0.027650786190501712
0.17681707648891634	0.2201850065648889	0.02814761349586466
0.17838687181471022	0.2221426765694085	0.02864884422787907
0.17995666714050412	0.2241004226504531	0.02915447747179778
0.18152646246629803	0.22605824549063558	0.029664512536618306
0.1830962577920919	0.22801614580258234	0.030178948835399042
0.1846660531178858	0.2299741242589335	0.03069778612533226
0.1862358484436797	0.23193218155234283	0.031221022663922758
0.1878056437694736	0.23389031838547802	0.031748658041744204
0.1893754390952675	0.2358485354510207	0.032280692696332186
0.1909452344210614	0.23780683343166661	0.03281712436261645
0.19251502974685528	0.23976521304012574	0.03335795209526981
0.19408482507264918	0.24172367495912236	0.033903176243966195
0.19565462039844306	0.24368221988139518	0.034452794920006795
0.19722441572423696	0.24564084850969753	0.035006808064244416
0.19879421105003087	0.24759956154679735	0.03556521482579269
0.20036400637582474	0.24955835968547738	0.03612801434118112
0.20193380170161865	0.25151724361853534	0.0366952058221351
0.20350359702741255	0.2534762140587839	0.037266788462146684
0.20507339235320643	0.2554352716890509	0.03784276104339541
0.20664318767900033	0.25739441722217943	0.038423123314049894
0.20821298300479424	0.259353651351028	0.03900787439683343
0.20978277833058814	0.26131297477847054	0.0395970135670441
0.21135257365638205	0.2632723882173966	0.04019053941087033
0.21292236898217592	0.2652318923607116	0.040788451352902516
0.21449216430796983	0.26719148791133646	0.04139074832390121
0.21606195963376373	0.2691511755822084	0.041997429829600495
0.2176317549595576	0.27111095607628055	0.04260849633238468
0.21920155028535152	0.2730708300865222	0.04322394442375973
0.22077134561114542	0.2750307983359191	0.04384377416515792
0.2223411409369393	0.2769908615174732	0.04446798447333012
0.2239109362627332	0.27895102035420316	0.04509657482014735
0.2254807315885271	0.2809112755391442	0.045729547118030574
0.22705052691432098	0.28287162779534825	0.04636689525727961
0.2286203222401149	0.2848320778258843	0.04700862030860299
0.2301901175659088	0.28679262633383823	0.04765472279674751
0.23175991289170267	0.28875327405231294	0.048305199790084116
0.23332970821749657	0.2907140216644287	0.04896005140180193
0.23489950354329045	0.29267486991332303	0.0496192770317112
0.23646929886908435	0.294635819492151	0.05028287472643465
0.23803909419487826	0.29659687112408517	0.05095084449331807
0.23960888952067214	0.29855802552231586	0.05162318495563732
0.24117868484646604	0.3005192834000511	0.05229989614175203
0.24274848017225995	0.3024806454705168	0.05298097515638453
0.24431827549805382	0.30444211246695707	0.053666422230387374
0.24588807082384773	0.30640368509263416	0.054356236374141886
0.24745786614964166	0.3083653640808283	0.055050416184632606
0.24902766147543554	0.31032715013483864	0.0557489615603932
0.2505974568012294	0.3122890439779822	0.056451870541151326
0.2521672521270233	0.31425104634359496	0.05715914234000832
0.2537370474528172	0.31621315795503163	0.05787077630108639
0.2553068427786111	0.31817537951566566	0.058586771881649326
0.256876638104405	0.32013771176888944	0.05930712675589361
0.2584464334301989	0.32210015542811454	0.060031840229122696
0.2600162287559928	0.3240627112267716	0.060760912116137024
0.26158602408178666	0.3260253798883106	0.061494341234995135
0.2631558194075806	0.32798816213620097	0.06223212664696368
0.26472561473337447	0.3299510587039315	0.06297426673247382
0.2662954100591684	0.33191407031501086	0.06372075898520656
0.2678652053849623	0.3338771977029673	0.06447160439921952
0.26943500071075616	0.3358404416013491	0.06522679754099589
0.2710047960365501	0.33780380274372435	0.06598634561147342
0.27257459136234397	0.33976728185368127	0.06675024274051768
0.2741443866881379	0.34173087967482835	0.06751848889340542
0.2757141820139318	0.3436945969307945	0.06829108799614571
0.27728397733972565	0.3456584343552288	0.06906802155036705
0.27885377266551953	0.3476223927018011	0.06984931187146863
0.28042356799131346	0.3495864726942019	0.07063494041679381
0.28199336331710734	0.35155067507614246	0.07142491240156335
0.28356315864290127	0.3535150005713548	0.07221922610441273
0.2851329539686951	0.35547944994359215	0.07301788024263163
0.286702749294489	0.3574440239166289	0.07382087385323498
0.2882725446202829	0.3594087232442604	0.07462820097358164
0.28984233994607683	0.36137354866030347	0.07543987081499959
0.2914121352718707	0.3633385009085966	0.0762558759656349
0.29298193059766464	0.3653035807329996	0.07707622217081508
0.29455172592345846	0.3672687888873942	0.07790089698105804
0.2961215212492524	0.36923412610568374	0.0787299052263253
0.29769131657504627	0.37119959315179346	0.07956324396852806
0.2992611119008402	0.3731651907596707	0.0804009133795926
0.3008309072266341	0.37513091968328516	0.08124291149894415
0.302400702552428	0.37709678067662855	0.08208923970001018
0.3039704978782219	0.3790627744937149	0.08293989290640799
0.30554029320401577	0.3810289018785809	0.08379487208609634
0.3071100885298097	0.38299515408528584	0.08465417527820383
0.3086798838556036	0.3849615507679116	0.08551780252293581
0.3102496791813975	0.38692808329056294	0.08638575094377382
0.31181947450719133	0.3888947523973676	0.08725802184159859
0.31338926983298526	0.3908615588524763	0.08813461087072039
0.31495906515877914	0.392828503420063	0.08901551858891865
0.31652886048457307	0.39479558685432486	0.08990074432768572
0.31809865581036695	0.39676280991948254	0.09079028522511146
0.3196684511361609	0.39873017336978	0.09168413986203203
0.3212382464619547	0.4006976779694851	0.09258230880603407
0.32280804178774863	0.40266532449288917	0.09348478892897269
0.3243778371135425	0.40463311370430755	0.09439158126461913
0.32594763243933644	0.4066010463580794	0.09530268296877455
0.3275174277651303	0.4085691232285681	0.09621809298490595
0.3290872230909242	0.4105373450801611	0.09713780938699343
0.3306570184167181	0.41250571268727015	0.09806183238549661
0.332226813742512	0.4144742268243314	0.09899015981341518
0.3337966090683059	0.41644288825580555	0.09992279286717663
0.3353664043940998	0.41841169775617787	0.10085972692984639
0.3369361997198937	0.4203806561099585	0.10180095985449157
0.33850599504568757	0.4223497640716823	0.10274649495580937
0.34007579037148145	0.424319022435909	0.10369632527502755
0.3416455856972754	0.4262884319772238	0.10465045223525439
0.3432153810230693	0.4282579934602366	0.10560887455404085
0.3447851763488632	0.43022770767958285	0.10657159099863028
0.34635497167465706	0.43219757541992354	0.10753860103325551
0.34792476700045094	0.4341675974559448	0.10850990154223043
0.3494945623262449	0.43613777456235875	0.10948549208353903
0.35106435765203875	0.43810810754390317	0.11046536909137675
0.3526341529778327	0.44007859716534153	0.11144953587659151
0.35420394830362656	0.4420492442314634	0.112437991376252
0.35577374362942044	0.4440200495270844	0.11343072543359388
0.3573435389552143	0.44599101383704653	0.11442774620570591
0.35891333428100824	0.4479621379462177	0.11542904790921897
0.3604831296068021	0.44993342265949254	0.1164346342790517
0.36205292493259605	0.45190486876179214	0.11744449593262676
0.3636227202583899	0.45387647705806416	0.11845863525828991
0.3651925155841838	0.455848248333283	0.11947705091446281
0.3667623109099777	0.45782018338245006	0.12049974220202869
0.3683321062357716	0.45979228302059355	0.12152670800384521
0.3699019015615655	0.4617645480327688	0.1225579439918984
0.3714716968873594	0.4637369792140584	0.12359345063838889
0.37304149221315325	0.465709577389572	0.12463322767962466
0.3746112875389472	0.46768234334444714	0.12567727142416416
0.37618108286474106	0.46965527789384837	0.1267255814718891
0.377750878190535	0.4716283818429681	0.1277781563363701
0.3793206735163289	0.4736016559870266	0.12883499571551876
0.3808904688421228	0.4755751011512718	0.12989609604629862
0.3824602641679167	0.4775487181309795	0.13096145716716762
0.38403005949371055	0.4795225077514539	0.13203107718893614
0.3855998548195045	0.4814964708280271	0.13310495249265666
0.38716965014529836	0.4834706081560597	0.13418309001732892
0.3887394454710923	0.4854449205609404	0.1352654785813921
0.3903092407968861	0.4874194088680868	0.13635212042763395
0.39187903612268005	0.4893940738829449	0.13744301468188036
0.3934488314484739	0.4913689164409894	0.13853815856838803
0.39501862677426786	0.49334393734772397	0.13963755104195524
0.39658842210006173	0.49531913743868106	0.14074119120166312
0.39815821742585567	0.49729451751942233	0.14184907072992234
0.3997280127516495	0.4992700784355386	0.14296120215811828
0.4012978080774434	0.5012458210126499	0.14407757438766802
0.4028676034032373	0.5032217460664057	0.14519818797606857
0.40443739872903123	0.5051978544324848	0.14632304193172177
0.4060071940548251	0.507174146946596	0.1474521349788184
0.407576989380619	0.5091506244344773	0.1485854616357987
0.40914678470641286	0.5111272877418972	0.14972302535843018
0.4107165800322068	0.5131041376946532	0.1508648258438057
0.41228637535800067	0.5150811751285737	0.15201085404651543
0.4138561706837946	0.5170584008895168	0.15316111315385705
0.4154259660095885	0.5190358158033712	0.15431560135325292
0.41699576133538235	0.5210134207360555	0.15547431681958554
0.4185655566611763	0.5229912165135191	0.15663725780327284
0.42013535198697016	0.5249692039917417	0.1578044224240721
0.4217051473127641	0.5269473839967344	0.1589758103275465
0.42327494263855797	0.5289257574045381	0.16015141900639782
0.42484473796435185	0.5309043250412254	0.16133124725776168
0.4264145332901457	0.5328830845928997	0.16251529328077963
0.42798432861593966	0.5348620432056952	0.163703554824717
0.42955412394173353	0.5368411986157778	0.16489603150067683
0.43112391926752747	0.5388205516693444	0.16609272135409325
0.43269371459332134	0.5408001032426237	0.16729362263196482
0.4342635099191152	0.5427798541718755	0.16849873598325146
0.4358333052449091	0.5447598053433916	0.16970805514328882
0.43740310057070303	0.5467399575934956	0.17092158012428335
0.4389728958964969	0.5487203117985429	0.17213931065415478
0.44054269122229084	0.5507008688249205	0.17336124449783682
0.4421124865480847	0.5526816295390483	0.174587379880194
0.4436822818738786	0.5546625948073778	0.17581771528383308
0.44525207719967247	0.5566437655063929	0.17705224905473493
0.4468218725254664	0.5586251424926101	0.17829097940375274
0.4483916678512603	0.5606067408325783	0.17953390408248965
0.4499614631770542	0.562588533172879	0.18078102303637844
0.45153125850284803	0.5645705344501265	0.1820323334715381
0.45310105382864196	0.566552745520968	0.18328783394474543
0.4546708491544359	0.5685351672820835	0.1845475227081024
0.4562406444802298	0.5705178006001862	0.18581140052684436
0.4578104398060237	0.5725006463820225	0.18707946115406723
0.4593802351318176	0.5744837054943717	0.18835170413544386
0.46095003045761146	0.5764669788240472	0.18962812938541349
0.46251982578340534	0.5784504672778952	0.19090873476188178
0.46408962110919927	0.5804341717227957	0.1921935258144987
0.46565941643499315	0.5824180930756625	0.19348248583359073
0.4672292117607871	0.5844022322134432	0.1947756204760641
0.4687990070865809	0.5863865900431193	0.1960729281138561
0.47036880241237483	0.5883711674517063	0.19737440732090192
0.4719385977381687	0.5903559653562536	0.19868005518408668
0.47350839306396264	0.5923409846438452	0.19998987192820195
0.4750781883897565	0.5943262262115993	0.2013038545480074
0.47664798371555045	0.5963116909866684	0.20262200181277332
0.47821777904134427	0.5982973798662395	0.2039443141313689
0.4797875743671382	0.6002832937575348	0.20527078476313146
0.4813573696929321	0.6022694335678106	0.20660141478697056
0.482927165018726	0.6042558002143583	0.20793620224069076
0.4844969603445199	0.6062423946145044	0.20927514518400714
0.48606675567031377	0.6082292176856102	0.2106182421847166
0.48763655099610764	0.6102162703350725	0.21196549058223527
0.4892063463219016	0.6122035534903232	0.21331689007366092
0.49077614164769545	0.6141910680788296	0.21467243797960622
0.4923459369734894	0.6161788092180944	0.21603213289533899
0.4939157322992833	0.618166789395656	0.21739597283810905
0.49548552762507714	0.6201550037890886	0.21876395598521062
0.49705532295087107	0.6221434533060021	0.22013608057904027
0.49862511827666495	0.6241321389040422	0.2215123472641247
0.5001949136024588	0.6261210615008908	0.2228927452170963
0.5017647089282528	0.6281102220342657	0.22427728331089722
0.5033345042540466	0.6300996214519213	0.22566595564444597
0.5049042995798405	0.632089260681648	0.2270587603941488
0.5064740949056344	0.6340791406712726	0.22845569507073585
0.5080438902314284	0.6360692623586587	0.22985675924990895
0.5096136855572222	0.6380596267017065	0.2312619503837722
0.5111834808830161	0.6400502346383524	0.2326712668683144
0.51275327620881	0.6420410871165705	0.23408470645620993
0.514323071534604	0.6440321851043713	0.23550226753261197
0.5158928668603978	0.6460235295398026	0.23692394827096444
0.5174626621861916	0.648015121380949	0.2383497467399484
0.5190324575119856	0.6500069615959327	0.23977966362152767
0.5206022528377795	0.6519990511429135	0.24121369215207658
0.5221720481635733	0.6539913909800877	0.24265183311505065
0.5237418434893673	0.6559839820656903	0.2440940843180687
0.5253116388151612	0.6579768253779933	0.24554044403378775
0.5268814341409551	0.6599699218853066	0.24699091039266838
0.5284512294667489	0.6619632725559782	0.24844548171782277
0.5300210247925429	0.6639568783583937	0.24990415575471647
0.5315908201183368	0.6659507402709771	0.2513669308793522
0.5331606154441307	0.6679448592821905	0.252833805361302
0.5347304107699246	0.6699392363505342	0.2543047761450824
0.5363002060957184	0.6719338726545468	0.25577985610176907
0.5378700014215123	0.673928768812806	0.2572590166587855
0.5394397967473062	0.6759239260039271	0.25874227117763265
0.5410095920731002	0.6779193451965649	0.2602296132768098
0.542579387398894	0.6799150273994128	0.2617210429582598
0.5441491827246879	0.6819109735912029	0.26321655872310745
0.5457189780504819	0.6839071847807064	0.26471615827198497
0.5472887733762758	0.6859036619467338	0.2662198400641743
0.5488585687020696	0.6879004061181345	0.26772760186913724
0.5504283640278635	0.6898974182637974	0.2692394420417747
0.5519981593536574	0.6918946994126507	0.2707553585798859
0.5535679546794513	0.6938922505736622	0.27227534929158936
0.5551377500052451	0.6958900727358392	0.2737994126449626
0.556707545331039	0.697888166928229	0.2753275463108429
0.558277340656833	0.6998865333699184	0.27685974881231384
0.5598471359826269	0.7018851746400339	0.2783960202906371
0.5614169313084207	0.7038840909877426	0.2799363541183381
0.5629867266342147	0.7058832834222516	0.28148075049852767
0.5645565219600086	0.7078827529728077	0.2830292078771189
0.5661263172858025	0.7098825006786985	0.2845817241003235
0.5676961126115965	0.711882527549252	0.28613829706545035
0.5692659079373902	0.7138828346238364	0.2876989250720399
0.5708357032631841	0.7158834206818606	0.28926360612545365
0.572405498588978	0.7178842912527748	0.290832342950907
0.573975293914772	0.7198854451560691	0.2924051240292481
0.5755450892405658	0.7218868833912752	0.2939819521394256
0.5771148845663597	0.7238886070079653	0.29556282515821725
0.5786846798921537	0.7258906170757532	0.29714774389762777
0.5802544752179476	0.7278929146242937	0.2987367013126494
0.5818242705437414	0.7298955007232828	0.30032969791807207
0.5833940658695353	0.7318983764024583	0.30192673166753076
0.5849638611953293	0.7339015427315988	0.30352780057866674
0.5865336565211231	0.7359050007705251	0.30513290265152526
0.5881034518469169	0.7379087515790997	0.30674203132208827
0.5896732471727109	0.7399127962172268	0.3083551936711795
0.5912430424985048	0.7419171357448524	0.30997238321868653
0.5928128378242987	0.7439217712519645	0.31159359787331603
0.5943826331500925	0.7459267037885934	0.31321883572419157
0.5959524284758865	0.7479319344348112	0.3148480947029188
0.5975222238016804	0.749937464270733	0.31648137520232184
0.5990920191274743	0.7519432953965159	0.3181186704605819
0.6006618144532682	0.7539494268623592	0.31975998073075274
0.6022316097790621	0.7559558607585052	0.32140530430747793
0.603801405104856	0.7579625981752388	0.3230546386617891
0.6053712004306498	0.7599696402128879	0.3247079820824458
0.6069409957564438	0.7619769883818227	0.32636533246596333
0.6085107910822376	0.763984642922457	0.32802668778192356
0.6100805864080315	0.7659926053552474	0.32969204600077384
0.6116503817338255	0.7680008768006937	0.33136140527496344
0.6132201770596194	0.7700094583393391	0.3330347631966537
0.6147899723854132	0.77201835109177	0.3347121178646412
0.6163597677112072	0.7740275561686164	0.3363934696840161
0.6179295630370011	0.7760370746705518	0.3380788117845429
0.619499358362795	0.7780469077282934	0.33976814484882273
0.6210691536885888	0.7800570564526023	0.3414614661344173
0.6226389490143827	0.7820675219542832	0.34315877466338424
0.6242087443401766	0.7840783053741851	0.34486006711278916
0.6257785396659705	0.7860894078232007	0.3465653417965875
0.6273483349917643	0.788100830442267	0.3482745967381455
0.6289181303175583	0.7901125743623654	0.34998783019217383
0.6304879256433522	0.7921246296245212	0.3517050395724169
0.6320577209691461	0.7941370194698048	0.3534262231107135
0.63362751629494	0.7961497340093305	0.355151378901598
0.6351973116207339	0.7981627744242578	0.35688050681406874
0.6367671069465278	0.8001761418357904	0.3586135993583873
0.6383369022723218	0.8021898373951771	0.3603506586201586
0.6399066975981155	0.8042038622637118	0.36209168153494936
0.6414764929239094	0.8062182176027329	0.3638366663176228
0.6430462882497033	0.8082329045636244	0.3655856103918193
0.6446160835754973	0.8102479243078153	0.3673385121723625
0.6461858789012912	0.81226327799678	0.369095369105224
0.647755674227085	0.8142789668120382	0.3708561795013254
0.649325469552879	0.8162949919151549	0.3726209408554612
0.6508952648786729	0.8183113544777411	0.3743896514704662
0.6524650602044668	0.8203280556914532	0.3761623112526991
0.6540348555302606	0.8223450967179934	0.377938913692265
0.6556046508560546	0.8243624787591101	0.3797194594271661
0.6571744461818484	0.8263802029965971	0.3815039453634897
0.6587442415076423	0.8283982706222947	0.3832923697473201
0.6603140368334361	0.830416682818089	0.3850847304159829
0.6618838321592301	0.8324354407959127	0.3868810256049261
0.663453627485024	0.8344545457377448	0.38868125279508703
0.6650234228108179	0.8364739988656105	0.39048541025868233
0.6665932181366118	0.8384938013815815	0.3922934957117682
0.6681630134624057	0.8405139544877763	0.3941055068102142
0.6697328087881996	0.8425344594063604	0.3959214418040045
0.6713026041139936	0.8445553173495455	0.39774130061790003
0.6728723994397874	0.8465765295295905	0.3995650767605582
0.6744421947655812	0.8485980971788014	0.40139277018275216
0.6760119900913751	0.8506200215195311	0.40322437863802657
0.6775817854171691	0.8526423037841797	0.40505989878640497
0.6791515807429629	0.8546649452151949	0.4068993315391486
0.6807213760687568	0.8566879470250711	0.4087426754264325
0.6822911713945508	0.8587113104763507	0.41058992349483003
0.6838609667203447	0.8607350367916236	0.41244107466278973
0.6854307620461386	0.8627591272435271	0.4142961298955598
0.6870005573719324	0.8647835830647466	0.41615508624905895
0.6885703526977264	0.8668084055080147	0.4180179422889322
0.6901401480235203	0.8688335958361127	0.41988469355093755
0.6917099433493141	0.8708591553018693	0.42175533542953103
0.693279738675108	0.8728850851881618	0.4236298704036843
0.6948495340009019	0.8749113867479151	0.42550829510811666
0.6964193293266958	0.8769380612541028	0.42739060729129547
0.6979891246524897	0.8789651099797469	0.42927680467435275
0.6995589199782836	0.8809925342079177	0.431166885369157
0.7011287153040775	0.8830203352217341	0.43306084740040746
0.7026985106298714	0.8850485143043636	0.43495868762110407
0.7042683059556654	0.8870770727390226	0.4368604045696008
0.7058381012814592	0.8891060118289762	0.4387659983776293
0.7074078966072531	0.8911353328775384	0.44067546211967235
0.7089776919330469	0.8931650371580725	0.4425887960580049
0.7105474872588409	0.8951951260039903	0.44450599780604405
0.7121172825846347	0.8972256006987533	0.4464270656024141
0.7136870779104286	0.8992564625758723	0.4483519970998936
0.7152568732362226	0.9012877129389072	0.45028079012504
0.7168266685620165	0.9033193531114675	0.45221344728895607
0.7183964638878104	0.9053513844072122	0.454149956882404
0.7199662592136042	0.90738380815985	0.4560903223278877
0.7215360545393982	0.9094166257031392	0.45803453967052477
0.7231058498651921	0.9114498383608882	0.4599826102783887
0.724675645190986	0.9134834474869552	0.46193452712619815
0.7262454405167797	0.9155174544152481	0.4638902902688236
0.7278152358425737	0.9175518604897253	0.4658498976762354
0.7293850311683676	0.919586667064395	0.4678133470860989
0.7309548264941615	0.9216218754833161	0.4697806363938568
0.7325246218199554	0.9236574871205975	0.4717517634385843
0.7340944171457493	0.9256935033303987	0.473726725927742
0.7356642124715432	0.9277299254769297	0.47570552182376574
0.7372340077973372	0.9297667549344512	0.4776881487129384
0.738803803123131	0.9318039930672743	0.479674605553499
0.7403735984489249	0.9338416412697613	0.4816648884256859
0.7419433937747189	0.9358797009063254	0.4836589984218705
0.7435131891005128	0.9379181733414302	0.4856569284951794
0.7450829844263065	0.939957060029591	0.48765867890387316
0.7466527797521004	0.9419963623353739	0.4896642474425472
0.7482225750778944	0.9440360816433964	0.49167363195428143
0.7497923704036883	0.9460762307783269	0.49368683018372417
0.7513621657294821	0.9481167769348862	0.4957038400603988
0.752931961055276	0.9501577557178453	0.49772465930021703
0.75450175638107	0.9521991571520277	0.4997492858947482
0.7560715517068639	0.9542409826623085	0.5017777176758037
0.7576413470326578	0.9562832336636142	0.5038099521301163
0.7592111423584517	0.9583259115809232	0.5058459885749578
0.7607809376842456	0.9603690178592661	0.5078858258529818
0.7623507330100394	0.9624125539237253	0.5099294546479143
0.7639205283358333	0.9644565212194353	0.5119768789863339
0.7654903236616272	0.9665009212015827	0.5140280955773541
0.7670601189874211	0.9685457553054069	0.5160831017050651
0.768629914313215	0.9705910249961989	0.5181418957809968
0.770199709639009	0.9726367317193029	0.5202044769363847
0.7717695049648028	0.9746828769601148	0.5222708404666798
0.7733393002905967	0.976729462174084	0.5243409844808771
0.7749090956163907	0.9787764888267118	0.5264149062403446
0.7764788909421846	0.980823958403553	0.5284926060533319
0.7780486862679784	0.9828718723902146	0.5305740802638816
0.7796184815937722	0.984920232262357	0.5326593306647505
0.7811882769195662	0.9869690395156937	0.5347483476903817
0.7827580722453601	0.989018295645991	0.5368411328662681
0.7843278675711539	0.9910680021590684	0.5389376837025781
0.7858976628969478	0.9931181605507992	0.5410381099342425
0.7874674582227418	0.9951687723271094	0.5431421875564709
0.7890372535485357	0.9972198390139791	0.5452500269035269
0.7906070488743295	0.9992713621274415	0.5473616211507772
0.7921768442001235	1.0013233431835835	0.5494769738902343
0.7937466395259174	1.003375783708546	0.5515960785460425
0.7953164348517113	1.0054286852485232	0.5537189314932527
0.7968862301775052	1.0074820493397636	0.5558455329991799
0.798456025503299	1.0095360555785697	0.5579757578128488
0.8000258208290929	1.0115903509312976	0.5601098486046286
0.8015956161548868	1.013645113474358	0.5622476814416957
0.8031654114806808	1.0157003447742157	0.5643892541382703
0.8047352068064746	1.0177560463973894	0.5665345653751063
0.8063050021322685	1.0198122200104527	0.5686836113646232
0.8078747974580625	1.0218688669800335	0.5708363905302655
0.8094445927838564	1.0239259889728143	0.5729929011349991
0.8110143881096502	1.025983431555532	0.5751531432001209
0.8125841834354441	1.0280415069949782	0.5773171098330504
0.814153978761238	1.0301000622579997	0.5794848011747884
0.8157237740870319	1.0321590989114977	0.581656215103881
0.8172935694128257	1.0342186185224287	0.583831349471685
0.8188633647386196	1.036278622757804	0.5860102022438405
0.8204331600644136	1.03833911638469	0.5881927710374689
0.8220029553902075	1.0404000946702088	0.5903790545198935
0.8235727507160013	1.0424615623815368	0.5925690491021371
0.8251425460417953	1.044523521185907	0.5947627517406113
0.8267123413675892	1.0465859727506068	0.5969601635281166
0.8282821366933831	1.0486489186429795	0.5991612806176266
0.829851932019177	1.050712360530424	0.6013661025217538
0.8314217273449708	1.0527763000803954	0.6035746238305743
0.8329915226707647	1.0548407388604033	0.6057868442916168
0.8345613179965586	1.0569056787380144	0.608002761453844
0.8361311133223526	1.0589711210808508	0.6102223734318495
0.8377009086481464	1.0610370678565904	0.6124456783119583
0.8392707039739403	1.0631035205329675	0.6146726747129597
0.8408404992997343	1.0651704809777724	0.616903357781774
0.8424102946255282	1.067237950658852	0.619137727100796
0.843980089951322	1.069305931444109	0.621375780201724
0.8455498852771159	1.071374425001503	0.6236175155302399
0.8471196806029099	1.0734434328990492	0.625862930278836
0.8486894759287037	1.0755129571048208	0.628112024437339
0.8502592712544975	1.077582999086946	0.630364792439516
0.8518290665802914	1.0796535606136113	0.6326212339608792
0.8533988619060854	1.081724643553059	0.634881349244773
0.8549686572318793	1.0837962495735882	0.6371451313350203
0.8565384525576731	1.0858683803435554	0.6394125801774538
0.8581082478834671	1.087941037731374	0.6416836957040888
0.859678043209261	1.0900142233055146	0.6439584729810055
0.8612478385350549	1.0920879389345048	0.6462369105539825
0.8628176338608488	1.0941621864869298	0.6485190047860176
0.8643874291866427	1.0962369675314314	0.6508047575442644
0.8659572245124365	1.0983122839367094	0.6530941645003269
0.8675270198382304	1.1003881375715212	0.6553872241316289
0.8690968151640243	1.1024645300046816	0.6576839351897811
0.8706666104898182	1.1045414632050627	0.6599842931299609
0.8722364058156121	1.106618938941595	0.6622882967339133
0.8738062011414061	1.1086969590832663	0.6645959447314302
0.8753759964672		1.1107755251991223	0.6669072344236537
0.8769457917929938	1.112854639358267	0.6692221641541777
0.8785155871187877	1.1149343033298624	0.6715406888565795
0.8800853824445817	1.1170145187831277	0.6738628914230606
0.8816551777703756	1.1190952877873417	0.6761887277863567
0.8832249730961694	1.1211766120118405	0.6785181960004683
0.8847947684219633	1.1232584931260188	0.6808512933865415
0.8863645637477572	1.1253409334993298	0.6831880179539217
0.8879343590735511	1.127423934701285	0.68552836808985
0.8895041543993449	1.129507498701455	0.687872342825871
0.8910739497251389	1.1315916271694677	0.6902199373205091
0.8926437450509328	1.1336763196750115	0.6925711512334534
0.8942135403767267	1.1357615829878323	0.6949260177572166
0.8957833357025206	1.137847416377735	0.6972844642367397
0.8973531310283145	1.1399338221145845	0.6996465236563423
0.8989229263541084	1.1420208018683033	0.7020122335110732
0.9004927216799024	1.1441083577088735	0.7043815129370621
0.9020625170056961	1.146196491306337	0.7067543660185233
0.90363231233149	1.148285204830794	0.709130857656716
0.9052021076572839	1.1503744448524047	0.7115109519768823
0.9067719029830779	1.152464323441388	0.7138946473071404
0.9083416983088718	1.1545547875680227	0.7162819431521079
0.9099114936346656	1.1566458393026473	0.7186728348760717
0.9114812889604595	1.1587374806156596	0.7210673209490833
0.9130510842862535	1.160829713477517	0.723465400055661
0.9146208796120474	1.162922539858737	0.7258670699724141
0.9161906749378412	1.1650159616298965	0.7282723287339328
0.9177604702636352	1.1671099809616328	0.7306811746508575
0.919330265589429	1.1692045996246423	0.7330936068991782
0.9209000609152229	1.1712998637896823	0.7355096205155418
0.9224698562410167	1.1733956878275702	0.7379292153959447
0.9240396515668107	1.175492117309183	0.7403523891341036
0.9256094468926046	1.1775891544054584	0.7427791398699122
0.9271792422183985	1.179686800987394	0.7452094659229096
0.9287490375441924	1.1817850591260481	0.747643366374771
0.9303188328699863	1.18388393099254	0.7500808366490073
0.9318886281957802	1.1859834185580485	0.752521876275818
0.9334584235215742	1.1880835237938132	0.7549664830333724
0.935028218847368	1.1901842489711354	0.7574146551148734
0.9365980141731618	1.1922855959613756	0.7598663906339005
0.9381678094989557	1.194387566935957	0.7623216878331835
0.9397376048247497	1.1964901640663614	0.7647805459431886
0.9413074001505435	1.1985933893241338	0.7672429601795976
0.9428771954763374	1.2006972448808788	0.7697089302163352
0.9444469908021313	1.2028017328082625	0.7721784542586791
0.9460167861279253	1.2049068552780127	0.7746515299403873
0.9475865814537192	1.2070126143619173	0.777128155700984
0.949156376779513	1.2091190122318267	0.7796083296380435
0.950726172105307	1.211226051159652	0.7820920518497705
0.9522959674311009	1.213333733017366	0.7845793165479471
0.9538657627568947	1.2154420601770024	0.7870701235887478
0.9554355580826885	1.2175510348106577	0.7895644711968739
0.9570053534084825	1.2196606589904893	0.7920623575420481
0.9585751487342764	1.221770934888716	0.7945637808333137
0.9601449440600703	1.2238818648776193	0.7970687407668038
0.9617147393858642	1.2259934509295418	0.7995772322741008
0.9632845347116581	1.2281056954168887	0.8020892550357267
0.964854330037452	1.2302186005121263	0.8046048073855516
0.966424125363246	1.2323321683877837	0.8071238873091465
0.9679939206890398	1.234446401416452	0.809646493093454
0.9695637160148337	1.2365613016707846	0.812172501233316
0.9711335113406275	1.2386768714234968	0.8147021541041426
0.9727033066664215	1.2407931130473666	0.8172353256015824
0.9742731019922153	1.242910028815234	0.8197720157127202
0.9758428973180092	1.2450276209000017	0.822312222584301
0.9774126926438031	1.2471458915746356	0.8248559444594527
0.9789824879695971	1.2492648432121631	0.8274031794715557
0.9805522832953909	1.2513844780856749	0.8299539259407962
0.9821220786211848	1.2535047984683243	0.8325081880046173
0.9836918739469788	1.2556258068333275	0.8350659519892278
0.9852616692727727	1.2577475052539633	0.8376272221323912
0.9868314645985666	1.2598698963035737	0.840191996630082
0.9884012599243603	1.2619929821555638	0.8427602737069414
0.9899710552501543	1.2641167675834015	0.8453320517431271
0.9915408505759482	1.266241250360618	0.8479073289317026
0.9931106459017421	1.2683664350608077	0.850486105088532
0.994680441227536	1.270492324057628	0.8530683753889565
0.9962502365533299	1.2726187674248004	0.8556541397837313
0.9978200318791238	1.2747460713361087	0.8582433964047398
0.9993898272049178	1.2768740867654012	0.8608362901536551
1.0009596225307116	1.2790028160865887	0.8634325279095771
1.0025294178565054	1.2811322617736465	0.8660322544535995
1.0040992131822992	1.2832624262006134	0.868635465198267
1.005669008508093	1.2853933119415912	0.8712421598590333
1.007238803833887	1.2875249212707465	0.8738523367736177
1.008808599159681	1.289657256762309	0.8764659943434994
1.0103783944854747	1.2917903208905728	0.8790831309488538
1.0119481898112688	1.2939241161298953	0.881703744922506
1.0135179851370626	1.296058644954699	0.8843278361386087
1.0150877804628566	1.2981939098394695	0.8869553994726741
1.0166575757886505	1.3003300831587568	0.8895864356237108
1.0182273711144443	1.3024668295871757	0.8922209429555019
1.0197971664402383	1.3046043196994048	0.8948589195954609
1.0213669617660321	1.3067425560701869	0.8975003639554974
1.0229367570918262	1.3088815412743298	0.9001452745243564
1.0245065524176198	1.3110212777867052	0.9027936510779192
1.0260763477434138	1.3131617683822494	0.9054454892532008
1.0276461430692079	1.315303015435964	0.9081007886529369
1.0292159383950017	1.3174450216229139	0.9107595482801345
1.0307857337207955	1.3195877895182302	0.9134217662106452
1.0323555290465893	1.3217313217971083	0.9160874411178934
1.0339253243723832	1.323875621134808	0.9187565711002567
1.0354951196981772	1.326020689906654	0.9214291551199311
1.037064915023971	1.328166531088037	0.9241051931127945
1.038634710349765	1.3303131470544114	0.9267846803741019
1.0402045056755589	1.3324605406812975	0.9294676168418795
1.041774301001353	1.3346087145442806	0.9321540014460343
1.0433440963271465	1.3367576713190112	0.9348438522763118
1.0449138916529406	1.338907413681205	0.9375371282233574
1.0464836869787344	1.3410579444066428	0.9402338480052721
1.0480534823045284	1.3432092662711717	0.9429340102210256
1.0496232776303223	1.345361381850703	0.9456376122960348
1.051193072956116	1.3475142940212146	0.9483446540927503
1.0527628682819101	1.349668005458749	0.95105513344964
1.054332663607704	1.3518225189394155	0.9537690699683556
1.0559024589334978	1.3539778372393878	0.9564864209961473
1.0574722542592916	1.3561339631349063	0.9592072058258057
1.0590420495850856	1.3582908995022769	0.9619314222369604
1.0606118449108795	1.360448649017871	0.9646590528117334
1.0621816402366735	1.3626072145581267	0.9673901304865924
1.0637514355624673	1.3647665989995474	0.9701246543925102
1.0653212308882614	1.3669268051187031	0.9728625698900922
1.0668910262140552	1.3690878358922294	0.9756039306334413
1.068460821539849	1.3712496939968282	0.9783487141197296
1.0700306168656428	1.3734123824092674	0.9810969207284161
1.0716004121914366	1.3755759041063822	0.9838485486373175
1.0731702075172307	1.3777402617650725	0.9866035974422208
1.0747400028430245	1.3799054585623058	0.9893621713701678
1.0763097981688186	1.3820714972751162	0.9921240596970682
1.0778795934946124	1.3842383807806031	0.9948892539800059
1.0794493888204064	1.3864061996559334	0.9976579662999157
1.0810191841462002	1.3885747836783404	1.0004300993343944
1.082588979471994	1.390744130225124	1.0032056455752365
1.0841587747977879	1.3929144228736507	1.005984603145156
1.0857285701235817	1.3950855753013545	1.0087669716963688
1.0872983654493757	1.397257590385735	1.011552750559465
1.0888681607751696	1.3994304713043595	1.0143419371039886
1.0904379561009636	1.4016042210348625	1.0171345311960136
1.0920077514267574	1.4037788426549445	1.0199305309591102
1.0935775467525515	1.4059543391423746	1.0227299279713675
1.095147342078345	1.408130713674987	1.025532737949233
1.0967171374041391	1.4103079692306848	1.028338949403699
1.098286932729933	1.4124861089874376	1.0311485626810541
1.099856728055727	1.4146651361232823	1.033961576764966
1.1014265233815208	1.416845053516323	1.036777990458168
1.1029963187073146	1.419025864544732	1.0395978026715704
1.1045661140331087	1.4212075722867477	1.0424210128644518
1.1061359093589025	1.423390179920677	1.0452476198434826
1.1077057046846965	1.425573690624894	1.0480776216843721
1.1092755000104901	1.4277581049778405	1.0509110183247208
1.1108452953362842	1.429943431258026	1.0537478081526002
1.112415090662078	1.4321296702440274	1.0565879902662954
1.113984885987872	1.4343168250144893	1.05943156498456
1.1155546813136659	1.4365048990481253	1.0622785296855013
1.11712447663946	1.438693895423715	1.0651288919178536
1.1186942719652537	1.4408838175201073	1.0679826365407503
1.1202640672910475	1.4430746685162186	1.0708397690986662
1.1218338626168414	1.4452664557910333	1.073700287376652
1.1234036579426352	1.447459174723604	1.0765641922635438
1.1249734532684292	1.4496528326930513	1.0794314820688553
1.126543248594223	1.451847432778564	1.0823021565763626
1.128113043920017	1.4540429785593993	1.0851762149458493
1.129682839245811	1.4562394733148822	1.0880536557758684
1.131252634571605	1.4584369205244068	1.0909344793681692
1.1328224298973988	1.4606353234674347	1.0938186835745902
1.1343922252231928	1.462834685623497	1.0967062681822055
1.1359620205489864	1.4650350036721922	1.0995972323719605
1.1375318158747802	1.4672362944931878	1.1024915758941158
1.1391016112005743	1.46943855486622	1.1053892973515818
1.1406714065263681	1.4716417882710935	1.10829039631398
1.1422412018521622	1.4738459981876817	1.1111948723335145
1.143810997177956	1.4760511880959266	1.1141027242482158
1.14538079250375	1.4782573615758394	1.1170139523425806
1.1469505878295438	1.4804645222074997	1.1199285551566658
1.1485203831553377	1.4826726734710562	1.1228465314804716
1.1500901784811315	1.4848818189467263	1.1257678742075277
1.1516599738069255	1.4870919621147967	1.1286925973465183
1.1532297691327194	1.4893031068556228	1.1316207099094713
1.1547995644585132	1.4915152565496292	1.1345521769559233
1.1563693597843072	1.4937284148773102	1.137487015583037
1.157939155110101	1.495942585519228	1.1404252262781531
1.159508950435895	1.4981577721560158	1.1433668057367687
1.1610787457616887	1.5003739784683736	1.1463117547387658
1.1626485410874827	1.5025912080370734	1.1492600730815536
1.1642183364132765	1.5048094647429548	1.1522117599453268
1.1657881317390706	1.5070287583669275	1.155166819368643
1.1673579270648644	1.50924908048997	1.1581252424618533
1.1689277223906585	1.5114704407931316	1.1610870329075773
1.1704975177164523	1.51369284315753	1.1640521904675616
1.172067313042246	1.5159162914643527	1.1670207146376421
1.1736371083680401	1.518140789494857	1.1699926042879754
1.1752069036938337	1.52036634103037	1.1729678607262157
1.1767766990196278	1.5225929498522885	1.1759464825661365
1.1783464943454216	1.524820620042079	1.178928469735509
1.1799162896712156	1.5270493552812778	1.181913829688015
1.1814860849970095	1.5292791595514912	1.1849025492192606
1.1830558803228035	1.531510036734395	1.1878946308738811
1.1846256756485973	1.5337419908117358	1.19089007688229
1.1861954709743914	1.5359750257653293	1.1938888868353146
1.187765266300185	1.538209144977062	1.1968910597258118
1.1893350616259788	1.54044435362889	1.1998965970578466
1.1909048569517728	1.54268065800284	1.2029054977336455
1.1924746522775667	1.5449180564810086	1.2059177618053842
1.1940444476033607	1.5471565559455622	1.2089333746214517
1.1956142429291545	1.5493961602787385	1.2119523643045305
1.1971840382549486	1.5516368736628445	1.214974724978365
1.1987538335807424	1.5538786962802584	1.218000440667755
1.2003236289065362	1.556121639913428	1.2210295184256685
1.20189342423233	1.5583657048448725	1.2240619594939193
1.203463219558124	1.560610895357181	1.2270977635717923
1.205033014883918	1.5628572156330127	1.2301369281301586
1.206602810209712	1.5651046698550986	1.2331794579770914
1.2081726055355058	1.5673532621062392	1.2362253527908342
1.2097424008612996	1.5696029968693064	1.2392746084566926
1.2113121961870936	1.5718538782272424	1.2423272263388911
1.2128819915128874	1.5741059104630604	1.2453832250712642
1.2144517868386813	1.576359096459844	1.2484425715350775
1.216021582164475	1.578613676800748	1.2515052816657266
1.2175913774902691	1.5808689542689982	1.2545713547956718
1.219161172816063	1.583125633247891	1.2576407929054783
1.220730968141857	1.5853834848207937	1.260713595104486
1.2223007634676508	1.587642513371145	1.2637897342426538
1.2238705587934449	1.5899027233824543	1.2668678018129644
1.2254403541192387	1.5921641191383022	1.2699506873639708
1.2270101494450323	1.5944267186223404	1.2730369275455862
1.2285799447708263	1.5966905007182919	1.2761265338921988
1.2301497400966201	1.5989554531099508	1.2792195950747611
1.2317195354224142	1.6012216368811822	1.2823173900359495
1.233289330748208	1.603487781215923	1.2854171132731542
1.234859126074002	1.605756376398181	1.2885202068216595
1.2364289213997959	1.6080261841120356	1.2916266654607402
1.23799871672559	1.6102972137416378	1.294736491498156
1.2395685120513835	1.6125694698712092	1.2978496869311604
1.2411383073771776	1.6148442752850436	1.3009662513503226
1.2427081027029714	1.6171190139675065	1.304086184730508
1.2442778980287652	1.6193949924030342	1.307209489027839
1.2458476933545592	1.6216722172761355	1.310336164096337
1.247417488680353	1.62395069247139	1.3134662099828065
1.2489872840061471	1.6262304224734494	1.316599628602971
1.250557079331941	1.628511412267037	1.3197364197186647
1.252126874657735	1.6307936666369482	1.3228765838231757
1.2536966699835286	1.6330771903680499	1.3260201227978994
1.2552664653093226	1.6353619883452801	1.329167036662013
1.2568362606351164	1.6376480654536503	1.3323173252842313
1.2584060559609105	1.6399354331782425	1.3354709912675757
1.2599758512867043	1.6422240833042112	1.3386280336829626
1.2615456466124981	1.6445140272167829	1.341788455199718
1.2631154419382922	1.6468052700012556	1.3449522578459687
1.264685237264086	1.6490978166430001	1.3481194375965315
1.2662550325898798	1.651391672227459	1.351289998701795
1.2678248279156736	1.653686841740147	1.354463933815983
1.2693946232414677	1.6559833232666505	1.357642279467707
1.2709644185672615	1.6582811358926286	1.3608219684539018
1.2725342138930555	1.660580277603813	1.3640060619554841
1.2741040092188494	1.6628807536860064	1.3671935501136534
1.2756738045446434	1.6651825763250854	1.370384417348631
1.2772435998704372	1.6674857367069975	1.3735786720930439
1.2788133951962308	1.6697902470177635	1.3767763166692248
1.2803831905220249	1.6720961125434761	1.3799773516795317
1.2819529858478187	1.6744033385703008	1.3831817776058637
1.2835227811736127	1.676711930384475	1.386389597077108
1.2850925764994066	1.6790218931723093	1.3896008100091097
1.2866623718252006	1.6813332325201866	1.3928154191244522
1.2882321671509944	1.6836459536145623	1.3960334243283883
1.2898019624767885	1.685960061941964	1.3992548283050752
1.2913717578025823	1.6882755628889925	1.402479631654497
1.292941553128376	1.6905924620423214	1.4057078352567693
1.29451134845417	1.6929107646886963	1.4089394442308194
1.2960811437799638	1.6952304764149362	1.4121744539572199
1.2976509391057578	1.6975516029079323	1.4154128697221235
1.2992207344315516	1.6998741495546494	1.4186546915245482
1.3007905297573457	1.7021981219421245	1.4218999225188895
1.3023603250831395	1.7045235258574671	1.4251485633081227
1.3039301204089335	1.706850366887861	1.4284006151290998
1.3054999157347271	1.709178650520561	1.4316560809151346
1.3070697110605212	1.7115083827428967	1.434914960858627
1.308639506386315	1.7138395691422699	1.4381772582640182
1.310209301712109	1.7161722154061547	1.4414429731762395
1.3117790970379029	1.7185063275220995	1.4447121092774282
1.3133488923636967	1.7208419111777253	1.4479846665031493
1.3149186876894907	1.723178972260726	1.4512606483392263
1.3164884830152845	1.7255175166588688	1.4545400559977792
1.3180582783410784	1.727857550359994	1.4578228904934591
1.3196280736668722	1.7301990791520154	1.4611091552870745
1.3211978689926662	1.73254210902292	1.4643988509892891
1.32276766431846	1.7348866461607677	1.4676919811664952
1.324337459644254	1.7372326963536915	1.4709885461591248
1.325907254970048	1.7395802657898989	1.474289550250406
1.327477050295842	1.7419293606576691	1.4775930137500108
1.3290468456216358	1.7442799868453565	1.4808998970563652
1.3306166409474296	1.7466321506413869	1.4842092083672875
1.3321864362732234	1.7489858583342615	1.487522984321937
1.3337562315990172	1.751341081512554	1.4908402080111507
1.3353260269248113	1.7536987516649112	1.4941608836008502
1.336895822250605	1.756057134980054	1.4974850116560827
1.3384656175763991	1.7584162514467772	1.5008125960338194
1.340035412902193	1.7607777718539483	1.5041436376446031
1.341605208227987	1.763140873790509	1.5074781405543773
1.3431750035537808	1.7655055638454744	1.5108161057171619
1.3447447988795747	1.7678718482079334	1.5141575371654994
1.3463145942053685	1.7702397334670485	1.5175024355543671
1.3478843895311623	1.7726092262120563	1.5208508055996828
1.3494541848569563	1.7749803328322664	1.524202648061979
1.3510239801827502	1.7773530599170624	1.5275579668507935
1.3525937755085442	1.7797274142559023	1.5309167638315742
1.354163570834338	1.7821034022383173	1.5342790418067775
1.355733366160132	1.7844810307539123	1.5376448045334938
1.3573031614859257	1.7868603063923671	1.5410140571035937
1.3588729568117197	1.7892412360434342	1.5443867963944444
1.3604427521375135	1.7916238262969406	1.5477630277670857
1.3620125474633076	1.7940080840427872	1.5511427552940684
1.3635823427891014	1.796394016070949	1.5545259805012568
1.3651521381148952	1.7987816294714747	1.5579127079219446
1.3667219334406893	1.8011709309344872	1.5613029392245459
1.368291728766483	1.8035619275501833	1.5646966782754128
1.3698615240922771	1.8059546262088344	1.5680939284767295
1.3714313194180707	1.808349034000785	1.5714946943872807
1.3730011147438648	1.8107451580164549	1.5748993203410684
1.3745709100696586	1.813143005346337	1.5783071267997006
1.3761407053954526	1.8155428384809993	1.5817184578957484
1.3777105007212465	1.8179441628110833	1.5851333151885394
1.3792802960470405	1.8203472272273045	1.5885516971620428
1.3808500913728343	1.8227520436204538	1.591973251600938
1.3824198866986281	1.8251586195813951	1.5953987041971027
1.383989682024422	1.8275666809010676	1.5988276981317415
1.3855594773502158	1.8299767931704838	1.602260235486446
1.3871292726760098	1.8323886867807313	1.6056963204020174
1.3886990680018036	1.8348023692229718	1.6091359575833357
1.3902688633275977	1.8372178479884413	1.6125791490487815
1.3918386586533915	1.8396351305684504	1.6160258996867283
1.3934084539791856	1.842054224454384	1.619476212268881
1.3949782493049794	1.8444751373377013	1.6229300908095108
1.3965480446307734	1.846897876809936	1.6263875402860342
1.398117839956567	1.8493224504626964	1.6298485627166521
1.3996876352823608	1.8517488660876653	1.63331316306843
1.4012574306081549	1.8541771313766		1.6367813459443605
1.4028272259339487	1.856607254021332	1.6402531136244831
1.4043970212597428	1.8590392420137685	1.6437284717873741
1.4059668165855366	1.8614731030458895	1.6472074232228802
1.4075366119113306	1.863908845209751	1.650689972514174
1.4091064072371244	1.866346476197483	1.6541761246008588
1.4106762025629183	1.8687860041012907	1.6576658821465273
1.412245997888712	1.8712274369134532	1.6611592503950179
1.4138157932145061	1.8736707827263248	1.66465623408318
1.4153855885403		1.876116049532334	1.668156836273622
1.4169553838660938	1.8785632456239847	1.6716610620088177
1.4185251791918878	1.881012378993855	1.67516891632728
1.4200949745176816	1.8834634578345981	1.6786804024081514
1.4216647698434757	1.885916490538942	1.6821955278039953
1.4232345651692693	1.888371485399689	1.6857142927628908
1.4248043604950633	1.8908284506097164	1.6892367031922053
1.4263741558208571	1.8932873945619766	1.6927627641847414
1.4279439511466512	1.8957483256494967	1.6962924813292093
1.429513746472445	1.8982112523653787	1.699825870186473
1.431083541798239	1.9006761832027992	1.703362911536599
1.4326533371240329	1.90314312655501	1.7069036222600504
1.4342231324498267	1.905612100715338	1.7104480083282385
1.4357929277756207	1.908083095277184	1.7139960727093249
1.4373627231014143	1.910556128134025	1.7175478213168125
1.4389325184272084	1.9130312080794127	1.7211032628980707
1.4405023137530022	1.9155083427069726	1.7246623945912836
1.4420721090787962	1.917987542810407	1.72822522533641
1.44364190440459	1.9204688162834918	1.7317917600693662
1.445211699730384	1.9229521718200786	1.735362005078018
1.446781495056178	1.9254376184140938	1.7389359633992396
1.448351290381972	1.927925164759539	1.7425136412789268
1.4499210857077656	1.9304148199504907	1.7460950442606828
1.4514908810335594	1.9329065925811002	1.7496801767808645
1.4530606763593534	1.935400492145595	1.7532690445119699
1.4546304716851473	1.9378965275382765	1.7568616528540664
1.4562002670109413	1.9403947077535215	1.7604580076223157
1.4577700623367351	1.9428950418857824	1.7640581129014354
1.4593398576625292	1.9453975391295866	1.7676619748600717
1.460909652988323	1.9479022085795363	1.771269598802499
1.4624794483141168	1.9504090593303092	1.7748809909388692
1.4640492436399106	1.952918100876658	1.7784961551371412
1.4656190389657047	1.9554293423134108	1.7821150978637816
1.4671888342914985	1.957942792835471	1.7857378246490574
1.4687586296172923	1.9604584619378165	1.7893643408255722
1.4703284249430864	1.9629763589155014	1.7929946529291578
1.4718982202688802	1.9654964930636547	1.7966287650943689
1.4734680155946742	1.9680188738774806	1.8002666832305454
1.4750378109204678	1.9705435107522584	1.8039084136411656
1.4766076062462619	1.973070413183343	1.8075539621020706
1.4781774015720557	1.9755995905661643	1.8112033333176754
1.4797471968978497	1.978131052396228	1.8148565332640259
1.4813169922236435	1.9806648082691147	1.8185135678893263
1.4828867875494376	1.9832008677804804	1.8221744432125841
1.4844565828752314	1.9857392403260565	1.8258391643141016
1.4860263782010255	1.98827993570165	1.8295077380818734
1.4875961735268193	1.9908229635031427	1.8331801686608853
1.4891659688526129	1.9933683332264922	1.8368564774079585
1.490735764178407	1.9959160655677313	1.8405366415094848
1.4923055595042007	1.9984661434229685	1.844220671694413
1.4938753548299948	2.0010185969883874	1.847908591721666
1.4954451501557886	2.003573432060247	1.8516003950101882
1.4970149454815826	2.0061306578348814	1.8552960934967633
1.4985847408073765	2.008690282008702	1.8589956905321827
1.5001545361331705	2.0112523184781925	1.8626991914973408
1.5017243314589641	2.0138167719399145	1.8664066010117693
1.5032941267847582	2.0163836587905046	1.8701179296540291
1.504863922110552	2.018952985726674	1.873833179466027
1.5064337174363458	2.021524762845211	1.8775523580273916
1.5080035127621398	2.024099000242977	1.8812754712302306
1.5095733080879337	2.026675708116911	1.8850025251285556
1.5111431034137277	2.0292548966640265	1.8887335263885974
1.5127128987395215	2.031836576281413	1.892468481159723
1.5142826940653156	2.0344207575662345	1.8962073992583102
1.5158524893911092	2.0370074511157323	1.8999502824633416
1.5174222847169032	2.0395966677272215	1.9036971394342466
1.518992080042697	2.042188418398094	1.9074479779108566
1.520561875368491	2.0447827145258155	1.9112028056877748
1.522131670694285	2.04737956750793	1.9149616311550897
1.5237014660200787	2.049978989342055	1.9187244622346455
1.5252712613458728	2.052580996525883	1.9224913116726738
1.5268410566716666	2.055186020157184	1.9262621331072434
1.5284108519974604	2.0577927936338027	1.930037086182892
1.5299806473232542	2.0604026193536598	1.9338160409256984
1.5315504426490483	2.0630150816147497	1.937599054769585
1.533120237974842	2.065630196415145	1.9413861430205808
1.5346900333006361	2.068247980852992	1.9451773217048032
1.53625982862643	2.070868453926514	1.9489726091146975
1.537829623952224	2.0734916360340088	1.952772026560885
1.5393994192780178	2.0761175549738504	1.9565756018007305
1.5409692146038114	2.0787462243444885	1.9603833595898459
1.5425390099296055	2.081377699644447	1.9641953454125534
1.5441088052553993	2.0840119687723275	1.9680115877123696
1.5456786005811933	2.0866490961268056	1.971832068271977
1.5472483959069872	2.089289110906634	1.975656908705319
1.5488181912327812	2.09193219971064	1.9794863469315385
1.550387986558575	2.094578201537726	1.9833201402441467
1.551957781884369	2.0972273306868714	1.9871585865635417
1.5535275772101629	2.0998796550571304	1.9910017763231946
1.5550973725359567	2.1025352902476335	1.994849868423245
1.5566671678617505	2.105194304657586	1.998702951487692
1.5582369631875443	2.1078570049862684	2.0025614612510476
1.5598067585133384	2.110523655133039	2.0064257706909614
1.5613765538391322	2.11319432039733	2.0102959655561867
1.5629463491649263	2.115869403178649	2.0141726192751213
1.56451614449072	2.118549264676581	2.0180562458704454
1.5660859398165141	2.121234332890784	2.0219474566819478
1.5676557351423077	2.1239249473209956	2.025846733661059
1.5692255304681018	2.126621493867024	2.0297546250939305
