0.001			0.0014007791947428215	1.1790479334485766e-6
0.002569795325793896	0.0035997166904816994	7.786166620968387e-6
0.004139590651587791	0.0057986562953378715	0.00002020416673200723
0.005709385977381688	0.007997599332677435	0.000038432986927980306
0.007279181303175583	0.010196547104266837	0.00006247266857033342
0.008848976628969479	0.01239550091137301	0.00009232309249712114
0.010418771954763376	0.014594462056763511	0.00012798429070013767
0.01198856728055727	0.01679343184120664	0.0001694563511722566
0.013558362606351165	0.01899241156747158	0.00021673918892206755
0.015128157932145062	0.021191402537328558	0.00026983254685880684
0.016697953257938956	0.023390406052548912	0.00032873668333147814
0.018267748583732854	0.025589423415905307	0.00039345164392425155
0.01983754390952675	0.027788455930171797	0.00046397682726325703
0.021407339235320646	0.029987504896124006	0.0005403127134303905
0.022977134561114543	0.032186571617539225	0.0006224590823484959
0.024546929886908438	0.034385657398196594	0.0007104157049284784
0.026116725212702332	0.036584763538877185	0.000804183325225798
0.02768652053849623	0.03878389134436415	0.0009037606830653229
0.029256315864290124	0.04098304211744287	0.001009148410280644
0.030826111190084018	0.04318221716190109	0.0011203461330392519
0.03239590651587791	0.045381417781529015	0.0012373540539471887
0.03396570184167181	0.047580645280119495	0.0013601718250885364
0.03553549716746571	0.049779900961468115	0.0014887997707160702
0.037105292493259605	0.05197918613137336	0.0016232372779173823
0.0386750878190535	0.05417850209363671	0.001763484666571854
0.04024488314484739	0.05637785015306283	0.0019095427001581883
0.04181467847064129	0.05857723161645966	0.0020614092114059975
0.04338447379643518	0.06077664778763854	0.0022190852149377737
0.044954269122229086	0.06297609997341438	0.0023825705263322648
0.04652406444802298	0.06517558948060578	0.0025518650452295024
0.048093859773816874	0.06737511761403515	0.0027269685970975374
0.049663655099610765	0.06957468568252888	0.002907881327584993
0.05123345042540466	0.07177429499291736	0.0030946027217204053
0.05280324575119856	0.07397394685303532	0.003287133131781175
0.05437304107699246	0.07617364256972176	0.003485472226218365
0.055942836402786356	0.07837338345282018	0.0036896193903286295
0.057512631728580246	0.08057317081017872	0.0038995749708478924
0.059082427054374144	0.08277300595165026	0.004115338755472213
0.060652222380168035	0.08497289018709253	0.0043369104007808
0.06222201770596193	0.08717282482636837	0.0045642915321729505
0.06379181303175582	0.08937281118034567	0.004797478935184709
0.06536160835754973	0.09157285055989765	0.005036474006328596
0.06693140368334362	0.09377294427590299	0.005281276278159567
0.06850119900913752	0.09597309364224582	0.0055318859922518174
0.07007099433493141	0.09817329996981604	0.005788302570514634
0.07164078966072532	0.10037356457150935	0.006050526070427373
0.07321058498651921	0.10257388875922735	0.006318556476812373
0.0747803803123131	0.10477427385987781	0.0065923933294218355
0.076350175638107	0.10697472116937462	0.006872036506052724
0.0779199709639009	0.10917523201363812	0.007157486291136633
0.07948976628969479	0.11137580769859502	0.007448741463328963
0.08105956161548868	0.11357644956017876	0.0077458023554434745
0.08262935694128258	0.11577715889432945	0.008048668858119404
0.08419915226707647	0.1179779370269941	0.008357340796887203
0.08576894759287036	0.12017878528412675	0.008671817623110046
0.08733874291866427	0.12237970497168858	0.008992099619220947
0.08890853824445817	0.12458069741564806	0.009318186521924596
0.09047833357025206	0.12678176394198104	0.009650077539047125
0.09204812889604595	0.12898290585667097	0.009987773060850583
0.09361792422183986	0.13118412449570888	0.010331272390731077
0.09518771954763375	0.13338542117509378	0.010680575559968247
0.09675751487342764	0.13558679721083242	0.011035682369619179
0.09832731019922153	0.1377882539389398	0.011396594325155817
0.09989710552501543	0.139989792685439	0.011763307576544587
0.10146690085080932	0.14219141475636163	0.01213582388219325
0.10303669617660322	0.1443931214977475	0.012514142308674137
0.10460649150239712	0.14659491421564527	0.012898263193244764
0.10617628682819102	0.14879679426611225	0.013288186726196019
0.10774608215398492	0.15099876294521458	0.013683911390446083
0.1093158774797788	0.15320082160902748	0.0140854375387862
0.11088567280557271	0.1554029715736353	0.014492765028695577
0.1124554681313666	0.1576052141751316	0.01490589361382047
0.11402526345716049	0.15980755072961944	0.015324823113361792
0.1155950587829544	0.16200998259321134	0.015749552626214865
0.11716485410874829	0.1642125110820295	0.016180082287617695
0.11873464943454218	0.16641513754220597	0.016616412831473706
0.12030444476033607	0.1686178632898827	0.017058541980456355
0.12187424008612997	0.1708206896812117	0.017506470415877076
0.12344403541192386	0.1730236180523552	0.017960198075354768
0.12501383073771777	0.17522664971948573	0.01841972405506585
0.12658362606351165	0.17742978604878631	0.018885048465779743
0.12815342138930555	0.17963302835645062	0.01935617115062614
0.12972321671509945	0.18183637799868294	0.01983309150181957
0.13129301204089333	0.1840398363016985	0.020315808943794658
0.13286280736668724	0.18624340462172348	0.02080432388455375
0.13443260269248114	0.18844708430499527	0.021298635165850052
0.13600239801827504	0.1906508766877624	0.02179874290579287
0.13757219334406895	0.19285478310628487	0.0223046467343073
0.13914198866986283	0.19505880492683417	0.022816346449960372
0.14071178399565673	0.19726294348569345	0.023333841357801213
0.14228157932145064	0.1994672001391577	0.023857131807903435
0.1438513746472445	0.20167157622353374	0.024386216656375182
0.14542116997303842	0.2038760730951405	0.02492109833095229
0.14699096529883232	0.20608069212030908	0.025461771984971626
0.1485607606246262	0.2082854346353829	0.026008238894065585
0.1501305559504201	0.21049030199671784	0.026560498907907737
0.151700351276214	0.2126952955606823	0.02711855228860137
0.15327014660200788	0.2149004166936575	0.02768239796203438
0.1548399419278018	0.2171056667420374	0.028252035696098576
0.15640973725359567	0.21931104706222898	0.02882746522079275
0.15797953257938957	0.22151655903065232	0.029408686356569347
0.15954932790518347	0.2237222039837408	0.029995698606730823
0.16111912323097735	0.225927983307941	0.030588501349623896
0.16268891855677126	0.2281338983597132	0.031187095288952995
0.16425871388256516	0.23033995049553124	0.031791478694373106
0.16582850920835904	0.2325461410818827	0.03240165099465037
0.16739830453415294	0.23475247150526907	0.03301761289330083
0.16896809985994685	0.23695894311220586	0.03363936302365691
0.17053789518574072	0.23916555727922278	0.03426690144100146
0.17210769051153466	0.24137231538286383	0.03490022768833974
0.17367748583732853	0.24357921879968736	0.0355393416647394
0.17524728116312244	0.2457862688862664	0.036184242518627924
0.17681707648891634	0.24799346702918854	0.03683492978688117
0.17838687181471022	0.2502008146050563	0.03749140339673952
0.17995666714050412	0.252408313000487	0.038153663177055416
0.18152646246629803	0.2546159635721133	0.038821708047566336
0.1830962577920919	0.2568237677265827	0.03949553761519011
0.1846660531178858	0.2590317268305585	0.04017515172542297
0.1862358484436797	0.26123984226071906	0.04086054968824854
0.1878056437694736	0.2634481154237585	0.04155173301679899
0.1893754390952675	0.26565654769638675	0.04224869752755859
0.1909452344210614	0.26786514045532966	0.04295144522382726
0.19251502974685528	0.2700738951073288	0.04365997471094982
0.19408482507264918	0.27228281302914215	0.044374289197314516
0.19565462039844306	0.2744918956275438	0.04509438179062708
0.19722441572423696	0.27670114428932424	0.04582025641153611
0.19879421105003087	0.27891056041129064	0.046551910235025404
0.20036400637582474	0.28112014538026664	0.047289344145528045
0.20193380170161865	0.2833299006130927	0.048032557775834386
0.20350359702741255	0.28553982749662626	0.04878154984071859
0.20507339235320643	0.2877499274377418	0.049536320615350085
0.20664318767900033	0.28996020184333093	0.05029686938088647
0.20821298300479424	0.2921706521103026	0.05106319649861219
0.20978277833058814	0.29438127965558314	0.05183529985379898
0.21135257365638205	0.2965920858761166	0.052613179750233836
0.21292236898217592	0.29880307218886454	0.053396835894298895
0.21449216430796983	0.30101424000080657	0.05418626745819455
0.21606195963376373	0.30322559073893995	0.05498147387698124
0.2176317549595576	0.3054371258002803	0.055782455030836564
0.21920155028535152	0.3076488466118614	0.05658921078458904
0.22077134561114542	0.3098607545807354	0.0574017394713878
0.2223411409369393	0.3120728511439729	0.05822004133436969
0.2239109362627332	0.3142851377186629	0.05904411545513002
0.2254807315885271	0.31649761572191354	0.05987396172396853
0.22705052691432098	0.3187102865908516	0.06070958143965344
0.2286203222401149	0.3209231517326229	0.06155096939006576
0.2301901175659088	0.3231362125943924	0.06239812398831
0.23175991289170267	0.32534947060334435	0.06325105318182166
0.23332970821749657	0.3275629271866823	0.06410975119575854
0.23489950354329045	0.3297765837916294	0.06497422418252913
0.23646929886908435	0.3319904418354285	0.06584445365423343
0.23803909419487826	0.33420450277534214	0.06672045706101462
0.23960888952067214	0.3364187680486528	0.06760223342120668
0.24117868484646604	0.33863323908266296	0.06848977065916963
0.24274848017225995	0.34084791733469544	0.06938307379533326
0.24431827549805382	0.3430628042520932	0.07028214303232595
0.24588807082384773	0.3452779012722196	0.0711869769461441
0.24745786614964166	0.34749320985245874	0.07209757015778362
0.24902766147543554	0.34970873145021525	0.07301393242858495
0.2505974568012294	0.35192446751291456	0.07393606278062613
0.2521672521270233	0.35414041949800334	0.07486395124734048
0.2537370474528172	0.35635658885294896	0.07579760260694278
0.2553068427786111	0.35857297706524016	0.07673701502201401
0.256876638104405	0.3607895855623871	0.07768218841308118
0.2584464334301989	0.3630064158419213	0.0786331233056128
0.2600162287559928	0.3652234693413958	0.07958981529266641
0.26158602408178666	0.3674407475483857	0.08055226927779623
0.2631558194075806	0.36965825193048746	0.0815204807034653
0.26472561473337447	0.37187598395531996	0.08249445032432208
0.2662954100591684	0.37409394510052396	0.08347417874424669
0.2678652053849623	0.3763121368437624	0.08445966502335775
0.26943500071075616	0.3785305606727209	0.0854509055634923
0.2710047960365501	0.3807492180451073	0.08644790312659192
0.27257459136234397	0.3829681104686521	0.0874506550646938
0.2741443866881379	0.38518723941110866	0.08845916107574618
0.2757141820139318	0.3874066063802531	0.08947342100000404
0.27728397733972565	0.3896262128538847	0.0904934347926227
0.27885377266551953	0.3918460603198258	0.09151920192500983
0.28042356799131346	0.3940661502859219	0.0925507210330286
0.28199336331710734	0.3962864842400421	0.09358799108033782
0.28356315864290127	0.3985070636900789	0.09463101231421324
0.2851329539686951	0.40072789013394855	0.09567978810539052
0.286702749294489	0.4029489650695909	0.09673431058482643
0.2882725446202829	0.4051702900149699	0.09779458264266884
0.28984233994607683	0.40739186646807346	0.09886060206341375
0.2914121352718707	0.40961369594691366	0.09993236875694668
0.29298193059766464	0.4118357799695269	0.10100988263800628
0.29455172592345846	0.41405812004397397	0.10209314326431834
0.2961215212492524	0.4162807176983402	0.1031821505769961
0.29769131657504627	0.4185035744407356	0.10427690237428232
0.2992611119008402	0.42072669180929506	0.10537739889103977
0.3008309072266341	0.4229500713221784	0.10648363982457712
0.302400702552428	0.42517371450757024	0.1075956216934407
0.3039704978782219	0.4273976229036808	0.10871334868255891
0.30554029320401577	0.42962179802874534	0.10983681819446763
0.3071100885298097	0.4318462414410246	0.1109660282771086
0.3086798838556036	0.4340709546588051	0.1121009832453913
0.3102496791813975	0.4362959392403986	0.11324167476018987
0.31181947450719133	0.4385211967241432	0.1143881059284968
0.31338926983298526	0.44074672864840264	0.11554027707418434
0.31495906515877914	0.4429725365815668	0.1166981871353694
0.31652886048457307	0.44519862205205185	0.11786183299209618
0.31809865581036695	0.4474249829983002	0.11903121702243627
0.3196684511361609	0.4496516281887808	0.12020633617495104
0.3212382464619547	0.45187855560198903	0.12138719098234013
0.32280804178774863	0.4541057667964472	0.12257378111026715
0.3243778371135425	0.45633326335070434	0.12376610610931346
0.32594763243933644	0.4585610468233364	0.12496416382448026
0.3275174277651303	0.4607891187829466	0.12616795208254872
0.3290872230909242	0.4630174808081652	0.12737747535610874
0.3306570184167181	0.4652461344776498	0.12859273326894335
0.332226813742512	0.46747508137008564	0.12981371939725456
0.3337966090683059	0.4697043230641856	0.13104043527931605
0.3353664043940998	0.47193386114868985	0.13227288167761958
0.3369361997198937	0.4741636972123669	0.1335110566073083
0.33850599504568757	0.47639383285401304	0.1347549593684921
0.34007579037148145	0.47862426965245275	0.1360045908196302
0.3416455856972754	0.48085500921653856	0.13725994998649782
0.3432153810230693	0.48308605313515146	0.13852103348542386
0.3447851763488632	0.485317403027201	0.1397878438250017
0.34635497167465706	0.4875490604916253	0.14106037771679342
0.34792476700045094	0.489781027137391	0.14233863615827402
0.3494945623262449	0.49201330457349396	0.14362261791465714
0.35106435765203875	0.4942458944189588	0.14491232726243441
0.3526341529778327	0.4964787982928392	0.1462077519788814
0.35420394830362656	0.4987120178142183	0.14750890027138303
0.35577374362942044	0.5009455546022085	0.1488157695015856
0.3573435389552143	0.5031794102959514	0.15012835780663553
0.35891333428100824	0.5054135865246188	0.15144666639404344
0.3604831296068021	0.5076480849274116	0.15277069349765854
0.36205292493259605	0.5098829071235611	0.15410043872765772
0.3636227202583899	0.5121180547623283	0.15543590119872802
0.3651925155841838	0.5143535294930044	0.1567770800113776
0.3667623109099777	0.5165893329549107	0.1581239749535369
0.3683321062357716	0.518825466807399	0.15947658503892378
0.3699019015615655	0.5210619326898516	0.16083490943062587
0.3714716968873594	0.5232987322716813	0.16219895017652158
0.37304149221315325	0.5255358672123317	0.16356870157683692
0.3746112875389472	0.5277733391712773	0.16494416537380852
0.37618108286474106	0.5300111498080236	0.16632534084489325
0.377750878190535	0.532249300812107	0.16771222723106047
0.3793206735163289	0.5344877938330953	0.16910482393160053
0.3808904688421228	0.5367266305705879	0.1705031301452649
0.3824602641679167	0.5389658126942151	0.17190714527352022
0.38403005949371055	0.5412053418836392	0.17331686852314301
0.3855998548195045	0.5434452198285542	0.17473229938603227
0.38716965014529836	0.5456854482286859	0.1761534368243432
0.3887394454710923	0.5479260287737922	0.17758028332380796
0.3903092407968861	0.5501669631636628	0.17901283211026245
0.39187903612268005	0.5524082530881198	0.18045108563134507
0.3934488314484739	0.5546499002670178	0.18189504289850772
0.39501862677426786	0.5568919064002438	0.18334471126631
0.39658842210006173	0.559134273207717	0.18480007415396987
0.39815821742585567	0.5613770023993899	0.18626113906004502
0.3997280127516495	0.5636200956952474	0.18772790485855392
0.4012978080774434	0.5658635548153078	0.18920037113936974
0.4028676034032373	0.568107381489622	0.19067853691052136
0.40443739872903123	0.5703515774582746	0.19216240183463248
0.4060071940548251	0.572596144441383	0.19365196490197187
0.407576989380619	0.5748410841890983	0.19514722776962024
0.40914678470641286	0.5770863984416055	0.19664818519297392
0.4107165800322068	0.5793320889291228	0.19815483871721504
0.41228637535800067	0.5815781574219024	0.19966718761007754
0.4138561706837946	0.5838246056702308	0.20118523186600082
0.4154259660095885	0.5860714354144279	0.20270896941169161
0.41699576133538235	0.5883186484348482	0.20423840014643252
0.4185655566611763	0.5905662464918805	0.20577352343637365
0.42013535198697016	0.5928142313459481	0.20731433855891412
0.4217051473127641	0.5950626047875087	0.20886084480471415
0.42327494263855797	0.5973113685770547	0.21041304142850378
0.42484473796435185	0.5995605245051132	0.21197093016914587
0.4264145332901457	0.6018100743522466	0.21353450548576774
0.42798432861593966	0.604060019909052	0.21510376912728735
0.42955412394173353	0.6063103629661616	0.21667872119845874
0.43112391926752747	0.6085611053242433	0.21825935922514644
0.43269371459332134	0.6108122487940002	0.21984568344680963
0.4342635099191152	0.6130637951661706	0.2214376932505993
0.4358333052449091	0.615315746251529	0.22303538760484246
0.43740310057070303	0.6175681038708853	0.22463876600775426
0.4389728958964969	0.6198208698450856	0.22624782794929682
0.44054269122229084	0.6220740459950116	0.22786257232815682
0.4421124865480847	0.6243276341415815	0.22948300191203988
0.4436822818738786	0.6265816361157496	0.23110910962008527
0.44525207719967247	0.6288360537585066	0.2327408976363503
0.4468218725254664	0.6310908889108798	0.23437836564714062
0.4483916678512603	0.633346143403933	0.2360215125573357
0.4499614631770542	0.6356018191087667	0.23767033811626515
0.45153125850284803	0.6378579178565184	0.2393248420951509
0.45310105382864196	0.6401144415083624	0.2409850223523421
0.4546708491544359	0.6423713919355104	0.24265087874909322
0.4562406444802298	0.6446287710092111	0.24432241097095783
0.4578104398060237	0.6468865805807505	0.24599962046921953
0.4593802351318176	0.6491448225314522	0.2476825018621581
0.46095003045761146	0.6514034987526772	0.24937105751607097
0.46251982578340534	0.6536626111158246	0.2510652852682158
0.46408962110919927	0.6559221615123308	0.2527651852002821
0.46565941643499315	0.6581821518436706	0.2544707565478369
0.4672292117607871	0.6604425840013564	0.2561819987122605
0.4687990070865809	0.6627034598869392	0.257898911009569
0.47036880241237483	0.6649647814120081	0.25962149338025137
0.4719385977381687	0.6672265504881907	0.2613497439726827
0.47350839306396264	0.669488769037153	0.26308366247469195
0.4750781883897565	0.6717514389705999	0.26482325065333184
0.47664798371555045	0.6740145622202747	0.26656850316685776
0.47821777904134427	0.67627814070796	0.26831942259135755
0.4797875743671382	0.6785421763954772	0.27007600643280777
0.4813573696929321	0.6808066711946867	0.2718382549567924
0.482927165018726	0.6830716270774886	0.27360616765574447
0.4844969603445199	0.6853370459758218	0.27537974344865657
0.48606675567031377	0.6876029298516653	0.2771589876636288
0.48763655099610764	0.689869280667037	0.27894388813117255
0.4892063463219016	0.6921361003839951	0.28073445008169734
0.49077614164769545	0.6944033909846377	0.28253067489864453
0.4923459369734894	0.6966711544311022	0.28433255827686216
0.4939157322992833	0.6989393927155666	0.28614010006700286
0.49548552762507714	0.701208107820249	0.2879533006990444
0.49705532295087107	0.7034773017374077	0.2897721593514162
0.49862511827666495	0.7057469764593419	0.29159667597478006
0.5001949136024588	0.7080171339883906	0.2934268487722453
0.5017647089282528	0.7102877763369341	0.2952626776283867
0.5033345042540466	0.712558905517393	0.297104161899853
0.5049042995798405	0.714830523552229	0.298951324017109
0.5064740949056344	0.7171026324439452	0.3008041197464447
0.5080438902314284	0.7193752342450852	0.3026625668228486
0.5096136855572222	0.7216483309682341	0.30452666673513656
0.5111834808830161	0.7239219246660187	0.3063964196719416
0.51275327620881	0.7261960173811067	0.30827182347697074
0.514323071534604	0.7284706111662077	0.3101528782697723
0.5158928668603978	0.7307457080640732	0.31203958348331023
0.5174626621861916	0.7330213101474963	0.3139319391513935
0.5190324575119856	0.7352974194793119	0.31582994320170416
0.5206022528377795	0.7375740782623974	0.31773359815244806
0.5221720481635733	0.7398512086796721	0.3196428986600848
0.5237418434893673	0.7421288525740977	0.32155784732205844
0.5253116388151612	0.7444070120486781	0.32347844179452373
0.5268814341409551	0.7466856891964602	0.3254046823727882
0.5284512294667489	0.7489648861105328	0.3273365691180839
0.5300210247925429	0.7512446048940282	0.3292741002446178
0.5315908201183368	0.7535248476701214	0.3312172754551831
0.5331606154441307	0.7558056165420299	0.33316609434692446
0.5347304107699246	0.7580869136530152	0.335120557327741
0.5363002060957184	0.7603687411163811	0.3370806642806315
0.5378700014215123	0.7626511010754754	0.3390464108036143
0.5394397967473062	0.7649339956636889	0.3410177996168374
0.5410095920731002	0.7672174270444565	0.3429948282571571
0.542579387398894	0.7695013973512561	0.34497749738960715
0.5441491827246879	0.7717859087576101	0.34696580670988053
0.5457189780504819	0.7740709634270841	0.3489597545986511
0.5472887733762758	0.7763565635232884	0.35095934079384267
0.5488585687020696	0.7786427112298773	0.35296456522885283
0.5504283640278635	0.7809294087305487	0.35497543022831973
0.5519981593536574	0.7832166582190458	0.3569919287724275
0.5535679546794513	0.7855044618891558	0.359014063863108
0.5551377500052451	0.7877928219347103	0.36104183549089586
0.556707545331039	0.7900817405795861	0.3630752414896616
0.558277340656833	0.7923712200277047	0.36511428242490956
0.5598471359826269	0.7946612625030323	0.3671589583148868
0.5614169313084207	0.7969518702395801	0.3692092672161649
0.5629867266342147	0.7992430454714049	0.37126520902063276
0.5645565219600086	0.8015347904326084	0.37332678687469767
0.5661263172858025	0.8038271073673381	0.3753939937426201
0.5676961126115965	0.8061199985397864	0.3774668322709861
0.5692659079373902	0.8084134662041919	0.3795453026670635
0.5708357032631841	0.8107075126348384	0.3816294030390735
0.572405498588978	0.8130021401060562	0.3837191335844671
0.573975293914772	0.8152973508822209	0.38581449454577227
0.5755450892405658	0.8175931472677546	0.3879154839698626
0.5771148845663597	0.8198895315471253	0.39002210215719335
0.5786846798921537	0.8221865060248476	0.39213435167890853
0.5802544752179476	0.8244840730054822	0.3942522258917529
0.5818242705437414	0.8267822348136367	0.39637572820249917
0.5833940658695353	0.8290809937539646	0.39850485664780516
0.5849638611953293	0.831380352171167	0.4006396115587379
0.5865336565211231	0.8336803123899915	0.40277999312988516
0.5881034518469169	0.8359808767552325	0.4049259995458495
0.5896732471727109	0.8382820476117316	0.4070776312883636
0.5912430424985048	0.8405838273243778	0.409234888254125
0.5928128378242987	0.842886218258107	0.41139776946842604
0.5943826331500925	0.8451892227679028	0.4135662738287214
0.5959524284758865	0.8474928432487961	0.41574040418785957
0.5975222238016804	0.849797082075866	0.417920154997809
0.5990920191274743	0.8521019416442384	0.42010552752632485
0.6006618144532682	0.8544074243590878	0.4222965279565322
0.6022316097790621	0.8567135326156364	0.4244931456429028
0.603801405104856	0.8590202688391545	0.4266953854009446
0.6053712004306498	0.8613276354449607	0.4289032456972528
0.6069409957564438	0.8636356348584215	0.4311167288973116
0.6085107910822376	0.8659442695349524	0.43333583075946946
0.6100805864080315	0.8682535418900169	0.43556055210176914
0.6116503817338255	0.8705634638791274	0.43779089368570767
0.6132201770596194	0.8728740190578449	0.44002685396186214
0.6147899723854132	0.8751852193217794	0.4422684330468986
0.6163597677112072	0.8774970671265897	0.44451563169966085
0.6179295630370011	0.8798095649679836	0.4467684477164783
0.619499358362795	0.8821227153317184	0.4490268827037601
0.6210691536885888	0.8844365207136005	0.45129093696124933
0.6226389490143827	0.8867509836094853	0.4535606060563659
0.6242087443401766	0.8890661065552784	0.4558358930899489
0.6257785396659705	0.8913818920569346	0.45811681130481036
0.6273483349917643	0.8936983426504583	0.460403331157662
0.6289181303175583	0.8960154608819041	0.46269546776311643
0.6304879256433522	0.8983332492773763	0.46499321962081075
0.6320577209691461	0.9006517104030293	0.4672965874464649
0.63362751629494	0.9029708468250675	0.4696055710281122
0.6351973116207339	0.9052906611097458	0.47192017292824456
0.6367671069465278	0.9076111558233693	0.47424038465981994
0.6383369022723218	0.9099323428422936	0.4765662125994604
0.6399066975981155	0.912254206352925	0.4788976552064756
0.6414764929239094	0.9145767581017201	0.4812347124398867
0.6430462882497033	0.9169000006851872	0.4835773856316621
0.6446160835754973	0.9192239367298842	0.48592567006492676
0.6461858789012912	0.9215485688724211	0.48827956964216856
0.647755674227085	0.9238738997394584	0.4906390804703554
0.649325469552879	0.9261999319777081	0.4930042063530648
0.6508952648786729	0.9285266682539337	0.49537494838275953
0.6524650602044668	0.9308541112149495	0.4977512998299358
0.6540348555302606	0.9331822635476222	0.5001332647975425
0.6556046508560546	0.9355111279288693	0.5025208415518877
0.6571744461818484	0.9378407070556606	0.5049140310202546
0.6587442415076423	0.9401710036150176	0.5073128371385881
0.6603140368334361	0.9425020203140139	0.5097172537715006
0.6618838321592301	0.9448337598897749	0.5121272809493574
0.663453627485024	0.9471662250394782	0.5145429195398472
0.6650234228108179	0.9494994185203542	0.5169641708325944
0.6665932181366118	0.951833343069685	0.5193910333743788
0.6681630134624057	0.9541680014448058	0.5218235084363009
0.6697328087881996	0.9565033963931038	0.5242615946320801
0.6713026041139936	0.9588395307120193	0.5267052925380641
0.6728723994397874	0.9611764071590455	0.529154603083993
0.6744421947655812	0.9635140285417282	0.5316095267224666
0.6760119900913751	0.9658523976476663	0.5340700603604008
0.6775817854171691	0.9681915172945121	0.5365362048682399
0.6791515807429629	0.9705313902999707	0.5390079617038849
0.6807213760687568	0.9728720194918009	0.541485329458795
0.6822911713945508	0.9752134077178147	0.54396830880484
0.6838609667203447	0.9775555577858778	0.5464569005818766
0.6854307620461386	0.9798984726039095	0.5489511024599403
0.6870005573719324	0.9822421550298828	0.5514509169774867
0.6885703526977264	0.9845866079318244	0.553956344612441
0.6901401480235203	0.9869318341878155	0.5564673833646027
0.6917099433493141	0.9892778367159907	0.558984033642918
0.693279738675108	0.9916246184045393	0.5615062960250014
0.6948495340009019	0.9939721821817045	0.564034171706028
0.6964193293266958	0.996320530975784	0.5665676587042705
0.6979891246524897	0.9986696677251301	0.5691067572411076
0.6995589199782836	1.0010195953681496	0.5716514683950255
0.7011287153040775	1.0033703168733035	0.5742017927551214
0.7026985106298714	1.0057218351991084	0.5767577307462122
0.7042683059556654	1.0080741533441355	0.5793192805240028
0.7058381012814592	1.0104272742970106	0.5818864430022384
0.7074078966072531	1.0127812010064152	0.5844592192611453
0.7089776919330469	1.0151359365610853	0.5870376085242756
0.7105474872588409	1.0174914839198128	0.5896216132609623
0.7121172825846347	1.0198478461414444	0.5922112299739297
0.7136870779104286	1.0222050261848834	0.5948064609011137
0.7152568732362226	1.024563027309087	0.5974073066176965
0.7168266685620165	1.0269218523730697	0.6000137677967199
0.7183964638878104	1.0292815046359007	0.602625843064014
0.7199662592136042	1.031641986956706	0.6052435328905503
0.7215360545393982	1.0340033025946669	0.6078668387752643
0.7231058498651921	1.0363654547090209	0.6104957598791382
0.724675645190986	1.0387284462590618	0.6131302987843115
0.7262454405167797	1.0410922804041405	0.6157704523457609
0.7278152358425737	1.0434569604036625	0.6184162226225479
0.7293850311683676	1.0458224892170913	0.621067610567815
0.7309548264941615	1.0481888702039468	0.6237246068616972
0.7325246218199554	1.050556106423805	0.6263872674312299
0.7340944171457493	1.052924201236299	0.6290555088352182
0.7356642124715432	1.055293157601119	0.6317293323451764
0.7372340077973372	1.0576629788780123	0.6344088108431967
0.738803803123131	1.0600336682267826	0.6370939455512736
0.7403735984489249	1.0624052289072916	0.639784665730323
0.7419433937747189	1.064777664179458	0.6424809718957938
0.7435131891005128	1.0671509772032575	0.6451829311438612
0.7450829844263065	1.069525171438724	0.6478905121195848
0.7466527797521004	1.071900250045948	0.6506037166320702
0.7482225750778944	1.0742762162850794	0.6533225412766434
0.7497923704036883	1.0766530739163243	0.6560469896038928
0.7513621657294821	1.0790308254999468	0.6587770608394082
0.752931961055276	1.08140947469627	0.661512756665148
0.75450175638107	1.0837890248656743	0.6642540780178108
0.7560715517068639	1.0861694794685985	0.6670010236013147
0.7576413470326578	1.0885508416655396	0.6697535942491166
0.7592111423584517	1.0909331150170531	0.6725117920405711
0.7607809376842456	1.093316302783753	0.675275617863734
0.7623507330100394	1.0957004085263116	0.6780450703972719
0.7639205283358333	1.0980854355054603	0.6808201507793661
0.7654903236616272	1.100471387281989	0.6836008601644411
0.7670601189874211	1.102858267216746	0.6863871996749427
0.768629914313215	1.1052460788706395	0.6891791707813014
0.770199709639009	1.1076348256046367	0.6919767694592713
0.7717695049648028	1.1100245108797628	0.6947800021604867
0.7733393002905967	1.1124151383571035	0.6975888680843657
0.7749090956163907	1.114806711297803	0.7004033669292147
0.7764788909421846	1.1171992335630658	0.7032235021105452
0.7780486862679784	1.1195926968141552	0.7060492685255663
0.7796184815937722	1.1219871278123943	0.708880673091343
0.7811882769195662	1.124382518519166	0.7117177138553132
0.7827580722453601	1.1267788726959131	0.7145603942394001
0.7843278675711539	1.1291761938041385	0.7174087110467207
0.7858976628969478	1.1315744855054044	0.7202626672234337
0.7874674582227418	1.1339737513613337	0.7231222642216636
0.7890372535485357	1.1363739950336096	0.7259875016663762
0.7906070488743295	1.1387752207839752	0.7288583835158745
0.7921768442001235	1.1411774310742346	0.73173490638429
0.7937466395259174	1.1435806302662512	0.7346170739561869
0.7953164348517113	1.1459848219219504	0.737504886051286
0.7968862301775052	1.148390009803317	0.7403983448847421
0.798456025503299	1.1507961975723981	0.7432974558941058
0.8000258208290929	1.1532033889913		0.7462022099848199
0.8015956161548868	1.1556115879221907	0.7491126128216525
0.8031654114806808	1.1580207980272996	0.7520286665125586
0.8047352068064746	1.1604310230689168	0.7549503726618768
0.8063050021322685	1.1628422668093936	0.757877729926691
0.8078747974580625	1.1652545332111433	0.7608107414545004
0.8094445927838564	1.167667826036639	0.7637494071731705
0.8110143881096502	1.1700821489484177	0.7666937297048829
0.8125841834354441	1.1724975008090757	0.7696437105445126
0.814153978761238	1.1749138957812726	0.7725993489326676
0.8157237740870319	1.1773313326277288	0.7755606465915446
0.8172935694128257	1.1797498152112273	0.7785276058134204
0.8188633647386196	1.1821693474946129	0.781500226623936
0.8204331600644136	1.1845899333407917	0.7844785133441887
0.8220029553902075	1.1870115767127332	0.7874624629627297
0.8235727507160013	1.1894342816734684	0.7904520794310943
0.8251425460417953	1.1918580520860904	0.7934473630531329
0.8267123413675892	1.1942828919137556	0.7964483172261971
0.8282821366933831	1.1967088053196824	0.7994549407187745
0.829851932019177	1.1991357962671518	0.8024672358115188
0.8314217273449708	1.2015638687195072	0.805485204715509
0.8329915226707647	1.2039930268401555	0.8085088479871942
0.8345613179965586	1.2064232746925663	0.8115381696048628
0.8361311133223526	1.2088546162402716	0.8145731668684222
0.8377009086481464	1.2112870558468671	0.8176138442741608
0.8392707039739403	1.2137205974760117	0.8206602219412278
0.8408404992997343	1.216155245291427	0.8237122629488371
0.8424102946255282	1.218591003456898	0.8267699881407053
0.843980089951322	1.2210278761362738	0.8298333985611547
0.8455498852771159	1.2234658674934664	0.8329024965107247
0.8471196806029099	1.2259049818924515	0.8359773037177259
0.8486894759287037	1.2283452234972687	0.8390577813410719
0.8502592712544975	1.230786596472021	0.8421439520214168
0.8518290665802914	1.233229105180876	0.8452358163721237
0.8533988619060854	1.235672753788064	0.8483333773671926
0.8549686572318793	1.238117546757881	0.8514366199364257
0.8565384525576731	1.2405634883546857	0.8545455785131671
0.8581082478834671	1.2430105828429017	0.8576602381996431
0.859678043209261	1.2454588345870168	0.8607806009085163
0.8612478385350549	1.2479082480515833	0.8639066692686658
0.8628176338608488	1.2503588276012176	0.8670384450837386
0.8643874291866427	1.2528105777006011	0.870175929626531
0.8659572245124365	1.25526350261448	0.8733191268838509
0.8675270198382304	1.2577176069076645	0.876468034900015
0.8690968151640243	1.2601728950450304	0.8796226589715994
0.8706666104898182	1.262629371491518	0.8827830000644232
0.8722364058156121	1.2650870407121328	0.885949059884789
0.8738062011414061	1.2675459073719453	0.8891208415065774
0.8753759964672		1.2700059758360909	0.8922983455619463
0.8769457917929938	1.2724672508697712	0.8954815759798621
0.8785155871187877	1.274929736838252	0.8986705341212927
0.8800853824445817	1.277393438506865	0.9018652222056559
0.8816551777703756	1.2798583604410076	0.905065641680059
0.8832249730961694	1.2823245073061431	0.9082717961397028
0.8847947684219633	1.2847918836677998	0.9114836867419231
0.8863645637477572	1.287260494391572	0.9147013185225048
0.8879343590735511	1.2897303440431198	0.9179246901976517
0.8895041543993449	1.2922014373881696	0.9211538046374735
0.8910739497251389	1.2946737790925138	0.9243886712865774
0.8926437450509328	1.2971473740220105	0.9276292804626339
0.8942135403767267	1.2996222269425843	0.9308756419079508
0.8957833357025206	1.302098342720226	0.9341277554318844
0.8973531310283145	1.3045757260209927	0.9373856252691259
0.8989229263541084	1.3070543818110085	0.9406492535997156
0.9004927216799024	1.309534314956463	0.943918643608695
0.9020625170056961	1.3120155303236136	0.947193797053353
0.90363231233149	1.3144980327787832	0.9504747159886497
0.9052021076572839	1.3169818272883624	0.9537614041529842
0.9067719029830779	1.319466918918809	0.9570538812290867
0.9083416983088718	1.3219533125366463	0.9603521174055866
0.9099114936346656	1.3244410131084658	0.9636561290506263
0.9114812889604595	1.3269300257009256	0.966965919827821
0.9130510842862535	1.3294203554807518	0.9702814987982549
0.9146208796120474	1.3319120073147368	0.9736028578085755
0.9161906749378412	1.3344049863697405	0.97693000522791
0.9177604702636352	1.336899297712691	0.9802629446499406
0.919330265589429	1.3393949466105832	0.9836016776449272
0.9209000609152229	1.34189193813048	0.9869462083428754
0.9224698562410167	1.3443902775395113	0.9902965411583854
0.9240396515668107	1.3468899699048764	0.9936526755513959
0.9256094468926046	1.3493910204938404	0.9970146155844912
0.9271792422183985	1.351893434573738	1.0003823650667145
0.9287490375441924	1.3543972175119707	1.0037559278278252
0.9303188328699863	1.356902374476009	1.007135299739253
0.9318886281957802	1.3594089108333909	1.0105204971941857
0.9334584235215742	1.3619168317517232	1.013911516024978
0.935028218847368	1.3644261429986808	1.01730836277164
0.9365980141731618	1.3669368497420071	1.0207110367416923
0.9381678094989557	1.369448957449514	1.0241195418607167
0.9397376048247497	1.3719624714890815	1.0275338834333583
0.9413074001505435	1.374477400728659	1.0309540631451908
0.9428771954763374	1.3769937440362643	1.0343800918674264
0.9444469908021313	1.379511510179984	1.0378119599035995
0.9460167861279253	1.3820307048279734	1.0412496772464814
0.9475865814537192	1.3845513333484571	1.0446932482493232
0.949156376779513	1.387073401509729	1.0481426775596097
0.950726172105307	1.3895969148801512	1.0515979652214529
0.9522959674311009	1.3921218756281561	1.0550591162390957
0.9538657627568947	1.3946482963222444	1.0585261346963284
0.9554355580826885	1.3971761793309871	1.0619990251928961
0.9570053534084825	1.3997055303230237	1.0654777901428647
0.9585751487342764	1.4022363549670642	1.0689624338358963
0.9601449440600703	1.404768659131887	1.0724529612969245
0.9617147393858642	1.4073024485863417	1.0759493745586064
0.9632845347116581	1.4098377292993463	1.0794516815198816
0.964854330037452	1.4123745069398892	1.0829598802027267
0.966424125363246	1.4149127874770286	1.0864739773991077
0.9679939206890398	1.4174525768798931	1.0899939781653774
0.9695637160148337	1.4199938811176804	1.0935198848960526
0.9711335113406275	1.4225367060596594	1.0970517032628837
0.9727033066664215	1.4250810576751685	1.1005894363118125
0.9742731019922153	1.4276269422336167	1.104133088501712
0.9758428973180092	1.4301743655044832	1.1076826650728722
0.9774126926438031	1.4327233337573178	1.1112381714073565
0.9789824879695971	1.4352738531617406	1.1147996077058813
0.9805522832953909	1.4378259296874427	1.1183669812910655
0.9821220786211848	1.4403795696041855	1.1219402952320814
0.9836918739469788	1.4429347789818006	1.125519555637685
0.9852616692727727	1.4454915643901918	1.1291047654492898
0.9868314645985666	1.4480499317993325	1.1326959301653379
0.9884012599243603	1.450609887679268	1.1362930548983774
0.9899710552501543	1.4531714383001137	1.139896145169409
0.9915408505759482	1.455734589932057	1.1435052018390075
0.9931106459017421	1.458299349045356	1.147120232594661
0.994680441227536	1.46086572211034	1.1507412410004791
0.9962502365533299	1.46343371549741	1.1543682324538616
0.9978200318791238	1.466003335677038	1.158001212631914
0.9993898272049178	1.4685745893197675	1.1616401849973113
1.0009596225307116	1.4711474826962139	1.1652851588026139
1.0025294178565054	1.4737220226770642	1.168936132747191
1.0040992131822992	1.4762982156330766	1.1725931162981962
1.005669008508093	1.4788760683350812	1.1762561105826859
1.007238803833887	1.4814555874539805	1.1799251239239805
1.008808599159681	1.4840367797607483	1.1836001602244481
1.0103783944854747	1.4866196518264307	1.1872812177401049
1.0119481898112688	1.4892042105221457	1.1909683176911063
1.0135179851370626	1.4917904627190837	1.1946614559903879
1.0150877804628566	1.4943784150885064	1.198360639433656
1.0166575757886505	1.4969680747017493	1.2020658740813968
1.0182273711144443	1.4995594483302184	1.2057771636124859
1.0197971664402383	1.502152543045394	1.209494517235652
1.0213669617660321	1.5047473642188274	1.2132179363359739
1.0229367570918262	1.507343921922143	1.2169474320463547
1.0245065524176198	1.5099422216270382	1.2206830016356343
1.0260763477434138	1.5125422705052822	1.224424656097202
1.0276461430692079	1.5151440756287178	1.2281724001218763
1.0292159383950017	1.5177476441692601	1.2319262399496596
1.0307857337207955	1.5203529832988973	1.2356861827171077
1.0323555290465893	1.5229601110896909	1.239452232385751
1.0339253243723832	1.5255690133137747	1.2432243987028282
1.0354951196981772	1.528179701043356	1.2470026825156573
1.037064915023971	1.5307921953507155	1.2507870935755678
1.038634710349765	1.5334064968082066	1.2545776361059175
1.0402045056755589	1.5360226127882566	1.2583743173581852
1.041774301001353	1.5386405508633656	1.2621771444676155
1.0433440963271465	1.5412603183061078	1.2659861225312523
1.0449138916529406	1.5438819228891303	1.26980125827013
1.0464836869787344	1.5465053719851543	1.2736225584743557
1.0480534823045284	1.5491306732669736	1.2774500328184875
1.0496232776303223	1.5517578345074574	1.2812836817711795
1.051193072956116	1.5543868631795477	1.285123514884407
1.0527628682819101	1.55701776715626	1.2889695396531922
1.054332663607704	1.5596505542106842	1.2928217615710385
1.0559024589334978	1.5622852320159843	1.296680188204783
1.0574722542592916	1.5649218085453982	1.3005448263434973
1.0590420495850856	1.5675602916722378	1.3044156838325904
1.0606118449108795	1.5702006891698894	1.3082927662268127
1.0621816402366735	1.5728430093118133	1.3121760814332952
1.0637514355624673	1.5754872597715444	1.3160656389020582
1.0653212308882614	1.5781334488226917	1.3199614514229365
1.0668910262140552	1.5807815845389386	1.3238635082284802
1.068460821539849	1.5834316829940434	1.3277718268019143
1.0700306168656428	1.5860837364618388	1.3316864145508482
1.0716004121914366	1.5887377611162317	1.3356072798011616
1.0731702075172307	1.5913937652312045	1.3395344283278994
1.0747400028430245	1.594051757080814	1.3434678691229012
1.0763097981688186	1.5967117450391914	1.3474076093636416
1.0778795934946124	1.5993737375805435	1.351353657592292
1.0794493888204064	1.6020377430791515	1.355305947889589
1.0810191841462002	1.6047037699093722	1.359264708686339
1.082588979471994	1.607371826845637	1.3632297256790615
1.0841587747977879	1.6100419223624525	1.367201144832671
1.0857285701235817	1.6127140650344007	1.3711788497176325
1.0872983654493757	1.6153882636361387	1.375162909051619
1.0888681607751696	1.6180645268423992	1.3791533321891987
1.0904379561009636	1.6207428633279903	1.3831501270794635
1.0920077514267574	1.623423282067795	1.3871532239303752
1.0935775467525515	1.626105791836772	1.3911627868921284
1.095147342078345	1.6287903924099565	1.395178749042118
1.0967171374041391	1.6314771109624584	1.399200622257609
1.098286932729933	1.6341659474694634	1.403229396416678
1.099856728055727	1.6368569110062332	1.4072645942576893
1.1014265233815208	1.6395500106481053	1.4113062235903713
1.1029963187073146	1.6422452554704934	1.4153547840689753
1.1045661140331087	1.6449426606488864	1.4194093113809705
1.1061359093589025	1.6476418874588497	1.4234698630944216
1.1077057046846965	1.6503436186760245	1.4275373017419952
1.1092755000104901	1.653047532176129	1.4316112275554431
1.1108452953362842	1.6557536374349566	1.4356916417039312
1.112415090662078	1.6584619438283772	1.4397785493814994
1.113984885987872	1.6611724601323372	1.4438719626359333
1.1155546813136659	1.6638851975228595	1.447971891032267
1.11712447663946	1.666600164776043	1.4520783531947858
1.1186942719652537	1.6693173716680634	1.4561918357185732
1.1202640672910475	1.6720368278751727	1.4603108003634946
1.1218338626168414	1.6747585430737		1.4644368855397822
1.1234036579426352	1.6774825271400506	1.4685695347856025
1.1249734532684292	1.6802087900507066	1.4727093926865114
1.126543248594223	1.682937341782227	1.4768552120760459
1.128113043920017	1.6856681922112482	1.4810076237556828
1.129682839245811	1.688401352314482	1.4851666413493883
1.131252634571605	1.6911368305687187	1.4893322721092657
1.1328224298973988	1.6938746378508251	1.493504411305664
1.1343922252231928	1.6966147846377444	1.4976834085086346
1.1359620205489864	1.699357717306498	1.501868887652124
1.1375318158747802	1.7021025801341836	1.5060610770976381
1.1391016112005743	1.704849815097977	1.5102599317971688
1.1406714065263681	1.7075993417751305	1.514465458032271
1.1422412018521622	1.7103513414429745	1.5186776616520676
1.143810997177956	1.7131057404789158	1.5228967393468098
1.14538079250375	1.7158625478604401	1.5271223881258542
1.1469505878295438	1.718621771565109	1.531354805824907
1.1485203831553377	1.7213834161705632	1.5355939201370845
1.1500901784811315	1.72414770965452	1.5398397275665363
1.1516599738069255	1.7269142889947744	1.544092340338653
1.1532297691327194	1.7296833402691998	1.5483517903583828
1.1547995644585132	1.7324548698557476	1.552617962427604
1.1563693597843072	1.7352288727324456	1.5568909274204525
1.157939155110101	1.7380053862774012	1.561170697974768
1.159508950435895	1.7407844111687982	1.5654572863937681
1.1610787457616887	1.7435659587849		1.5697507070210956
1.1626485410874827	1.746350077904047	1.5740509672459584
1.1642183364132765	1.7491367105046582	1.5783580821957548
1.1657881317390706	1.7519259000652305	1.582672064194471
1.1673579270648644	1.754717658164339	1.5869929254465314
1.1689277223906585	1.7575119963806372	1.5913206793617647
1.1704975177164523	1.760308926492857	1.595655338324077
1.172067313042246	1.763108346179809	1.599996915059135
1.1736371083680401	1.7659104894203816	1.6043454230268408
1.1752069036938337	1.7687152599935416	1.6087008757199703
1.1767766990196278	1.7715226698783357	1.6130632851372224
1.1783464943454216	1.7743328684538875	1.6174326674540649
1.1799162896712156	1.7771455988994003	1.6218090315508695
1.1814860849970095	1.7799610050941557	1.6261923935921383
1.1830558803228035	1.782779099117514	1.6305827730131703
1.1846256756485973	1.7855998933489148	1.6349801651503921
1.1861954709743914	1.788423400267876	1.6393846029080703
1.187765266300185	1.7912496323539948	1.6437960935526363
1.1893350616259788	1.7940786020869468	1.648214651345796
1.1909048569517728	1.7969103319464874	1.6526402497325408
1.1924746522775667	1.7997448140124501	1.6570729894637264
1.1940444476033607	1.8025820718647487	1.6615128396271064
1.1956142429291545	1.8054221182833754	1.6659598145394534
1.1971840382549486	1.808264752748401	1.670413931632874
1.1987538335807424	1.8111104106399774	1.674875200823302
1.2003236289065362	1.8139588963383337	1.679343639523049
1.20189342423233	1.81681022292378	1.6838192627160886
1.203463219558124	1.8196644037767045	1.6883020859392108
1.205033014883918	1.822521452177576	1.69279212437287
1.206602810209712	1.8253815844069423	1.6972893935081652
1.2081726055355058	1.8282444178454305	1.701793908811465
1.2097424008612996	1.8311101592737475	1.7063056863388109
1.2113121961870936	1.8339788224726798	1.7108247417169342
1.2128819915128874	1.8368504212230943	1.7153510912336078
1.2144517868386813	1.839724969305936	1.7198847506010202
1.216021582164475	1.8426024806022314	1.724425736687162
1.2175913774902691	1.8454829692930863	1.7289740676897192
1.219161172816063	1.8483661177596855	1.733529755835184
1.220730968141857	1.8512529351832947	1.7380928199130543
1.2223007634676508	1.8541424409452596	1.7426632768617465
1.2238705587934449	1.8570349809270055	1.7472411428499541
1.2254403541192387	1.8599305698100375	1.7518264366882932
1.2270101494450323	1.8628292220759417	1.75641917451443
1.2285799447708263	1.8657309523063832	1.7610188136648104
1.2301497400966201	1.8686357753831089	1.7656264796828658
1.2317195354224142	1.8715437059879443	1.7702416425346224
1.233289330748208	1.874454759302796	1.7748643199735041
1.234859126074002	1.877368950109651	1.779494532029461
1.2364289213997959	1.8802862936905764	1.7841322928857095
1.23799871672559	1.88320642022772	1.7887776205691868
1.2395685120513835	1.8861301064033096	1.793430537648304
1.2411383073771776	1.8890569927996537	1.7980910608254637
1.2427081027029714	1.891987091999142	1.8027592087450908
1.2442778980287652	1.894920421184244	1.8074349993383454
1.2458476933545592	1.8978569925375104	1.812118453650787
1.247417488680353	1.9007968288415718	1.8168095954524877
1.2489872840061471	1.90373994687914	1.8215084327247228
1.250557079331941	1.9066863540330083	1.8262149909502858
1.252126874657735	1.9096360707860496	1.8309292894058493
1.2536966699835286	1.9125891134212183	1.8356513485474004
1.2552664653093226	1.9155454980215494	1.8403811877477179
1.2568362606351164	1.9185052414701593	1.8451188268879672
1.2584060559609105	1.9214683601502451	1.8498642907500173
1.2599758512867043	1.9244348707450851	1.8546175929163327
1.2615456466124981	1.927404790038038	1.8593787572437535
1.2631154419382922	1.9303781354125444	1.8641478045973994
1.264685237264086	1.9333549228521258	1.8689247559713793
1.2662550325898798	1.936335170140385	1.873709632730936
1.2678248279156736	1.9393188943610054	1.8785024553232639
1.2693946232414677	1.9423061129977526	1.8833032469637225
1.2709644185672615	1.9452968433344728	1.888112028714739
1.2725342138930555	1.948291103155094	1.8929288223801504
1.2741040092188494	1.9512889100436253	1.8977536500558503
1.2756738045446434	1.9542902818841577	1.9025865342796373
1.2772435998704372	1.9572952365608627	1.9074274964130487
1.2788133951962308	1.9603037922579942	1.912276561089062
1.2803831905220249	1.9633159670598874	1.9171337502287653
1.2819529858478187	1.9663317793509592	1.9219990890460934
1.2835227811736127	1.9693512475157076	1.9268725965691693
1.2850925764994066	1.972374390138713	1.9317542974128856
1.2866623718252006	1.9754012260046372	1.936644216926507
1.2882321671509944	1.9784317736982233	1.941542378221261
1.2898019624767885	1.9814660524042969	1.9464488051966526
1.2913717578025823	1.9845040811077648	1.9513635224520696
1.292941553128376	1.9875458788936164	1.9562865533219995
1.29451134845417	1.990591465346922	1.9612179240771785
1.2960811437799638	1.9936408597528348	1.9661576590149954
1.2976509391057578	1.996694081896589	1.971105783963335
1.2992207344315516	1.999751151263502	1.9760623225064011
1.3007905297573457	2.0028120880389717	1.9810273001844327
1.3023603250831395	2.00587691200848	1.9860007442762087
1.3039301204089335	2.0089456434575887	1.9909826800223505
1.3054999157347271	2.012018302571944	1.9959731359291137
1.3070697110605212	2.015094909937272	2.0009721326879535
1.308639506386315	2.018175486039383	2.005979705832031
1.310209301712109	2.0212600517641683	2.010995871743525
1.3117790970379029	2.0243486280976026	2.0160206615775085
1.3133488923636967	2.0274412444257415	2.0210541039752368
1.3149186876894907	2.030537904534724	2.026096225799985
1.3164884830152845	2.0336386385107708	2.031147179586203
1.3180582783410784	2.036743467940186	2.0362067436631635
1.3196280736668722	2.039852414309355	2.0412750718294075
1.3211978689926662	2.042965499504747	2.0463521919194005
1.32276766431846	2.046082745512912	2.0514381322929207
1.324337459644254	2.0492041742204847	2.056532921735127
1.325907254970048	2.05232980811418	2.061636590253711
1.327477050295842	2.0554596693807974	2.066749166979323
1.3290468456216358	2.058593780807218	2.0718706807362635
1.3306166409474296	2.061732164980406	2.0770011628558795
1.3321864362732234	2.064874844887408	2.0821406453482103
1.3337562315990172	2.0680218435153543	2.087289153180113
1.3353260269248113	2.0711731735514562	2.092446720774818
1.336895822250605	2.07432887948301	2.0976133784645694
1.3384656175763991	2.0774889846973923	2.102789156729413
1.340035412902193	2.0806534923820657	2.1079740885182017
1.341605208227987	2.0838224367245726	2.1131682048914393
1.3431750035537808	2.0869958418125405	2.118371537252607
1.3447447988795747	2.0901750431336787	2.123584119145277
1.3463145942053685	2.0933574594757802	2.128805982776136
1.3478843895311623	2.0965444100267208	2.1340371598592633
1.3494541848569563	2.0997359197744587	2.1392776855770923
1.3510239801827502	2.102932013707037	2.144527591319159
1.3525937755085442	2.1061327170125796	2.1497869128016336
1.354163570834338	2.1093380548792955	2.1550556829367604
1.355733366160132	2.112548053095475	2.1603339356171634
1.3573031614859257	2.1157627373494945	2.165621706671033
1.3588729568117197	2.1189806629298094	2.1709190301902352
1.3604427521375135	2.122204777724963	2.1762259409371603
1.3620125474633076	2.1254336566235783	2.181542478089555
1.3635823427891014	2.1286688562143636	2.186868671218234
1.3651521381148952	2.1319058128861097	2.1922045606887064
1.3667219334406893	2.1351491439276913	2.1975501814669864
1.368291728766483	2.138397346328066	2.2029055700960463
1.3698615240922771	2.1416504472762754	2.208270764968737
1.3714313194180707	2.1449084744614435	2.213645802027065
1.3730011147438648	2.1481714556727796	2.219030720524726
1.3745709100696586	2.1514394186995744	2.2244255567973545
1.3761407053954526	2.1547123917312034	2.2298303507155097
1.3777105007212465	2.157990403157126	2.235245114668748
1.3792802960470405	2.1612734815668846	2.2406719921304212
1.3808500913728343	2.164561655850105	2.246106925631167
1.3824198866986281	2.1678549478964966	2.251551972942858
1.383989682024422	2.171154738495853	2.257007175277935
1.3855594773502158	2.1744583975380514	2.2624725718585106
1.3871292726760098	2.1777672702130526	2.2679481933906533
1.3886990680018036	2.1810799865109014	2.2734318648632885
1.3902688633275977	2.1843994483217255	2.278928069665002
1.3918386586533915	2.1877241186357375	2.2844346168946554
1.3934084539791856	2.191054129743233	2.289951566301821
1.3949782493049794	2.194389499534592	2.295478951807784
1.3965480446307734	2.197730265500278	2.3010168342740425
1.398117839956567	2.2010764590308387	2.3065652437039765
1.3996876352823608	2.2044281116169056	2.312124227485299
1.4012574306081549	2.2077852552491937	2.3176938283100337
1.4028272259339487	2.2111479217185024	2.323274092050624
1.4043970212597428	2.214516143515716	2.328865061863821
1.4059668165855366	2.2178899531318		2.3344667843177116
1.4075366119113306	2.2212693833578077	2.340089847125316
1.4091064072371244	2.2246544671848736	2.3457026826773224
1.4106762025629183	2.2280520204042173	2.3513369899932566
1.412245997888712	2.231441729507142	2.3569821854816144
1.4138157932145061	2.234843975285036	2.362638358902448
1.4153855885403		2.2382520095293703	2.368305560609538
1.4169553838660938	2.2416658665317017	2.373983844333478
1.4185251791918878	2.24508558098367	2.379673256129318
1.4200949745176816	2.248511188077		2.385373354332601
1.4216647698434757	2.2519427589035		2.3910851628436203
1.4232345651692693	2.2553802560550626	2.396808246643896
1.4248043604950633	2.2588237522236656	2.4025426545526414
1.4263741558208571	2.2622732825013694	2.4082884385223347
1.4279439511466512	2.2657285038803208	2.4140456477534977
1.429513746472445	2.269190208552749	2.4198143350728105
1.431083541798239	2.2726580572109683	2.4255945508188765
1.4326533371240329	2.276132149747377	2.4313863473322956
1.4342231324498267	2.27961239895446	2.4371897783970216
1.4357929277756207	2.283098904224783	2.443004895497665
1.4373627231014143	2.286591703450999	2.448831753125753
1.4389325184272084	2.290090834925843	2.4546704068105494
1.4405023137530022	2.293596337042137	2.4605209083648365
1.4420721090787962	2.2971082486927856	2.4663833107657704
1.44364190440459	2.300626608870778	2.4722576705839523
1.445211699730384	2.30415145686919	2.4781440441065588
1.446781495056178	2.3076828323811793	2.4840424877514957
1.448351290381972	2.3112207753999896	2.489953056841479
1.4499210857077656	2.314765326118948	2.495875809774972
1.4514908810335594	2.3183165249314674	2.501810802181056
1.4530606763593534	2.321874412831045	2.507758092703395
1.4546304716851473	2.3254390308112622	2.5137177403283806
1.4562002670109413	2.3290104201657846	2.5196898022911594
1.4577700623367351	2.3325886226883643	2.5256743382800395
1.4593398576625292	2.3361736803728363	2.531671408661222
1.460909652988323	2.3397656353131198	2.537681071948113
1.4624794483141168	2.3433645302032207	2.5437033892979084
1.4640492436399106	2.3469704077372286	2.5497384220349315
1.4656190389657047	2.350583311109317	2.5557862302462167
1.4671888342914985	2.3542032836137454	2.561846876149502
1.4687586296172923	2.357830369044857	2.5679204215622886
1.4703284249430864	2.361464611097081	2.574006930305126
1.4718982202688802	2.3651060542649303	2.580106463176551
1.4734680155946742	2.368754742743003	2.5862190846407214
1.4750378109204678	2.3724107215259815	2.5923448586763165
1.4766076062462619	2.376074035408634	2.598483847922815
1.4781774015720557	2.3797447296858123	2.604636117895679
1.4797471968978497	2.383422849952454	2.610801732898666
1.4813169922236435	2.3871084419035813	2.6169807588423795
1.4828867875494376	2.390801551534301	2.6231732598234796
1.4844565828752314	2.394502224939805	2.6293793023216674
1.4860263782010255	2.3982105087153696	2.6355989523412213
1.4875961735268193	2.401926449456357	2.641832276958491
1.4891659688526129	2.4056500939582137	2.648079341391981
1.490735764178407	2.4093814894164707	2.654340213327983
1.4923055595042007	2.4131206848267444	2.6606149596587696
1.4938753548299948	2.4168677237847365	2.6669036488688187
1.4954451501557886	2.4206226558862327	2.6732063469925924
1.4970149454815826	2.4243855287271048	2.6795231220746674
1.4985847408073765	2.4281563904033083	2.6858540427784097
1.5001545361331705	2.4319352887108847	2.6921991773687544
1.5017243314589641	2.43572227174596	2.698558592867631
1.5032941267847582	2.4395173879047456	2.704932367036973
1.504863922110552	2.4433206853835374	2.7113205506627986
1.5064337174363458	2.4471322125787163	2.7177232230730324
1.5080035127621398	2.450952017886749	2.7241404487957994
1.5095733080879337	2.454780149804187	2.7305722973366198
1.5111431034137277	2.4586166569276653	2.7370196037024437
1.5127128987395215	2.462461587653906	2.7434799326298203
1.5142826940653156	2.4663149906797153	2.74995605977688
1.5158524893911092	2.470176914301985	2.756447083488318
1.5174222847169032	2.4740474072176912	2.7629530732706824
1.518992080042697	2.4779265178238954	2.769474094299788
1.520561875368491	2.481814294617745	2.7760111754688985
1.522131670694285	2.485710830996471	2.782562469227571
1.5237014660200787	2.48961607055739	2.789128998346581
1.5252712613458728	2.493530129497905	2.7957108303752447
1.5268410566716666	2.497453043815503	2.8023072761575256
1.5284108519974604	2.5013848782077552	2.808919915222353
1.5299806473232542	2.50532566937232	2.815548058317046
1.5315504426490483	2.509275466106939	2.822191774267967
1.533120237974842	2.5132343172094407	2.828851130514892
1.5346900333006361	2.5172022660777373	2.8355261955564295
1.53625982862643	2.5211793747098272	2.842217038800223
1.537829623952224	2.525165687403793	2.8489238030473407
1.5393994192780178	2.529161255857803	2.8556463029342716
1.5409692146038114	2.5331661329701114	2.862384916103545
1.5425390099296055	2.537180373339056	2.869139522986433
1.5441088052553993	2.54120403416306	2.8759111929153973
1.5456786005811933	2.545237175740634	2.882697368010831
1.5472483959069872	2.54927986277037	2.8895009682341626
1.5488181912327812	2.5533321292509488	2.896321451994791
1.550387986558575	2.557394161181135	2.903157922978146
1.551957781884369	2.5614659381597775	2.910010987423795
1.5535275772101629	2.5655475972858115	2.9168808871769043
1.5550973725359567	2.569639257258257	2.9237678058740433
1.5566671678617505	2.5737410604762196	2.9306719676705604
1.5582369631875443	2.577853180638889	2.9375936481107208
1.5598067585133384	2.5819758324455413	2.9445331928036573
1.5613765538391322	2.5861092828955377	2.951491034449496
1.5629463491649263	2.5902539653883236	2.9584679153169144
1.56451614449072	2.594410104223431	2.9654627931983404
1.5660859398165141	2.598578250400476	2.972479455755219
1.5676557351423077	2.6027589341191604	2.979517469645344
1.5692255304681018	2.6069525860792706	2.9865769745694237
