0.0001	0.00012443435327225092	9.020150760234456e-9
0.0016721113585207378	0.0020806810873483356	2.5212340657207152e-6
0.0032442227170414754	0.004036928564723536	9.49075283483071e-6
0.004816334075562214	0.0059931773876741	0.000020917629115838407
0.006388445434082951	0.007949428238526518	0.000036801790532341894
0.007960556792603688	0.009905681779107646	0.00005714313338750985
0.009532668151124427	0.01186193867124483	0.00008194178288380983
0.011104779509645165	0.013818199576766017	0.0001111976829976616
0.012676890868165902	0.015774465158599878	0.00014491068421110308
0.014249002226686638	0.017730736078375928	0.0001830808270254456
0.015821113585207377	0.019687012996724648	0.0002257080608196348
0.017393224943728115	0.02164329657827759	0.00027279218435717785
0.018965336302248854	0.023599587482667522	0.00032433323136491513
0.02053744766076959	0.025555886374528523	0.00038033145948191603
0.02210955901929033	0.027512193913496116	0.0004407861041658724
0.023681670377811066	0.02946851076420738	0.0005056974103175733
0.025253781736331804	0.03142483758830108	0.0005750653573724339
0.02682589309485254	0.03338117504841777	0.0006488898507858173
0.028398004453373277	0.03533752380619993	0.0007271705908462688
0.02997011581189402	0.03729388452529207	0.0008099081889913253
0.03154222717041476	0.03925025786734087	0.0008971013899943747
0.0331143385289355	0.041206644496995265	0.0009887505825195541
0.034686449887456235	0.043163045075906604	0.0010848556977357895
0.03625856124597697	0.04511946026672873	0.00118541658541621
0.03783067260449771	0.04707589073311814	0.001290433116902696
0.039402783963018446	0.049032337137734076	0.0013999048630213944
0.04097489532153918	0.050988800145238655	0.0015138321553490978
0.04254700668005992	0.05294528041829698	0.0016322144431506636
0.044119118038580665	0.054901778620577255	0.001755051650660301
0.0456912293971014	0.056858295415750944	0.0018823445955946595
0.047263340755622135	0.058814831467492834	0.002014091273145329
0.04883545211414288	0.06077138744048119	0.0021502922569060926
0.05040756347266361	0.06272796399739788	0.0022909473952605623
0.05197967483118435	0.06468456180392844	0.00243605661682679
0.05355178618970508	0.06664118152476228	0.0025856195531535724
0.055123897548225824	0.06859782382259272	0.002739635963222186
0.05669600890674656	0.07055448936411715	0.002898105933165902
0.0582681202652673	0.07251117881403715	0.0030610287426125235
0.05984023162378804	0.07446789283605863	0.0032284044894983666
0.06141234298230878	0.07642463209689189	0.0034002331738154684
0.06298445434082951	0.07838139726225177	0.003576514251277588
0.06455656569935025	0.08033818899585778	0.0037572471770583845
0.066128677057871	0.08229500796543422	0.003942431873725127
0.06770078841639172	0.08425185483671026	0.004132068131596106
0.06927289977491247	0.08620873027542013	0.004326155887862209
0.07084501113343321	0.08816563494830318	0.004524694526219402
0.07241712249195394	0.09012256952110398	0.00472768538502305
0.07398923385047468	0.09207953466257253	0.004935125332053959
0.07556134520899542	0.09403653103846431	0.0051470152516627345
0.07713345656751615	0.09599355931654041	0.00536335522667165
0.07870556792603689	0.09795062016456763	0.005584144590052156
0.08027767928455763	0.09990771425031864	0.0058093832072678335
0.08184979064307836	0.1018648422375721	0.0060390705946684695
0.0834219020015991	0.10382200480811274	0.0062732066248254665
0.08499401336011984	0.1057792026147315	0.00651179099377215
0.08656612471864057	0.10773643632922564	0.006754822951190077
0.08813823607716133	0.1096937066333989	0.007002302669364694
0.08971034743568206	0.11165101417906155	0.007254229862993443
0.0912824587942028	0.11360835964803057	0.007510603245019532
0.09285457015272354	0.1155657437021297	0.007771423080435682
0.09442668151124427	0.11752316702318966	0.008036688889463775
0.09599879286976501	0.11948063026304818	0.008306400467667546
0.09757090422828575	0.12143813411355017	0.008580557405353245
0.09914301558680648	0.1233956792265478	0.008859158782594773
0.10071512694532722	0.12535326629390064	0.009142204895656985
0.10228723830384796	0.1273108959674758	0.009429695212091378
0.10385934966236869	0.12926856892914795	0.009721628861405785
0.10543146102088943	0.13122628585079965	0.010018005673729855
0.10700357237941016	0.13318404740432122	0.010318825487203248
0.1085756837379309	0.135141854261611	0.010624087407161129
0.11014779509645165	0.13709970709457547	0.010933791178409901
0.11171990645497237	0.13905760658512928	0.01124793647417759
0.11329201781349311	0.14101555339519553	0.011566524836345923
0.11486412917201387	0.14297354820670563	0.011889551732080074
0.1164362405305346	0.1449315916815998	0.01221701841579197
0.11800835188905534	0.1468896845218267	0.012548925141546402
0.11958046324757608	0.14884782737934404	0.01288527057003652
0.12115257460609681	0.15080602093611836	0.013226054520107071
0.12272468596461755	0.15276426586412523	0.013571277454018277
0.12429679732313828	0.15472256285534952	0.013920937280542616
0.125868908681659	0.15668091257178526	0.014275034074649265
0.12744102004017974	0.158639315695436	0.014633567590337545
0.1290131313987005	0.16059777289831473	0.014996537141773337
0.13058524275722122	0.16255628486244422	0.01536394235243395
0.13215735411574198	0.16451485227985688	0.015735782780222213
0.1337294654742627	0.16647347580259508	0.01611205746888853
0.13530157683278343	0.16843215613271117	0.01649276578068195
0.13687368819130416	0.1703908939422677	0.016877908830440252
0.13844579954982492	0.17234968990333735	0.017267483523451987
0.14001791090834564	0.17430854470800322	0.01766149045564281
0.1415900222668664	0.17626745902835889	0.018059929167142302
0.14316213362538713	0.17822643355650852	0.018462799261499054
0.14473424498390786	0.18018546896456708	0.01887009958275044
0.14630635634242858	0.18214456593466022	0.019281829985237038
0.14787846770094934	0.1841037251589246	0.019697989545910625
0.14945057905947007	0.18606294730950806	0.020118578436467974
0.15102269041799082	0.18802223306856952	0.02054359511486985
0.15259480177651158	0.1899815831382792	0.020973039172750448
0.15416691313503228	0.1919409981908188	0.02140691006205697
0.15573902449355304	0.19390047890838152	0.021845207741632663
0.15731113585207376	0.1958600259731723	0.022287930564258027
0.15888324721059452	0.19781964008740777	0.02273507851329826
0.16045535856911525	0.1997793219233165	0.023186650691841993
0.16202746992763598	0.20173907217313902	0.023642646806981776
0.1635995812861567	0.20369889152912812	0.024103065755555
0.16517169264467746	0.20565878067354876	0.024567907355211156
0.1667438040031982	0.20761874028867822	0.02503717050153134
0.16831591536171894	0.20957877107680636	0.02551085733780585
0.16988802672023967	0.21153887371023558	0.025988961822870763
0.1714601380787604	0.21349904890128107	0.02647148660968357
0.17303224943728113	0.21545929733227082	0.026958429951988033
0.17460436079580188	0.21741961967554574	0.027449791336184946
0.17617647215432264	0.21938001665345988	0.027945570531109826
0.17774858351284337	0.2213404889383805	0.028445766496702562
0.1793206948713641	0.22330103722268801	0.0289503786041363
0.18089280622988482	0.22526166221877653	0.02945940602397184
0.18246491758840558	0.22722236459905343	0.029972848004404626
0.1840370289469263	0.22918314506593995	0.03049070424391563
0.18560914030544706	0.23114400431187104	0.031012973599657177
0.1871812516639678	0.2331049430392955	0.031539655375989246
0.18875336302248852	0.23506596194067625	0.0320707496989323
0.19032547438100925	0.23702706170849025	0.032606253909198454
0.19189758573953	0.23898824304522875	0.033146168669668644
0.19346969709805073	0.2409495066533974	0.03369049289007948
0.19504180845657149	0.2429108532255163	0.034239225311091415
0.1966139198150922	0.24487228346412013	0.03479236545479595
0.19818603117361294	0.24683379806175829	0.035349912779012976
0.19975814253213367	0.2487953977309951	0.03591186606632988
0.20133025389065443	0.25075708315440975	0.03647822478799608
0.20290236524917518	0.2527188550545965	0.03704898860211181
0.2044744766076959	0.2546807141241648	0.0376241557755903
0.20604658796621664	0.2566426610657396	0.03820372591589084
0.20761869932473737	0.2586046965819609	0.03878769806663361
0.20919081068325812	0.26056682138548454	0.03937607208039018
0.21076292204177885	0.2625290361789818	0.039968846344719686
0.2123350334002996	0.26449134165514004	0.04056601997702282
0.2139071447588203	0.2664537385366621	0.04116759211942066
0.21547925611734106	0.26841622751626726	0.041773562317688015
0.2170513674758618	0.2703788093166905	0.04238393104951459
0.21862347883438255	0.27234148464068336	0.042998694446447855
0.22019559019290327	0.2743042541910136	0.04361785286485629
0.22176770155142403	0.2762671186804655	0.04424140587244684
0.22333981290994473	0.27823007883183987	0.044869352108592664
0.22491192426846549	0.28019313533795426	0.04550169115181953
0.2264840356269862	0.282156288921643	0.046138424751718594
0.22805614698550697	0.2841195402957575	0.04677954601260901
0.22962825834402772	0.28608289017316596	0.04742505822708975
0.23120036970254843	0.28804633925675416	0.04807495817135569
0.23277248106106918	0.29000988827942464	0.048729246441204216
0.2343445924195899	0.29197353794409786	0.049387921892933805
0.23591670377811066	0.2939372889737114	0.05005098307792186
0.2374888151366314	0.2959011420912208	0.05071842977893253
0.23906092649515215	0.2978650979895991	0.05139026028642829
0.24063303785367285	0.29982915742183724	0.052066474268895484
0.2422051492121936	0.3017933210809443	0.052747071461287355
0.24377726057071433	0.30375758969994743	0.05343204896433331
0.2453493719292351	0.30572196399189183	0.054121406989672875
0.24692148328775582	0.30768644468984124	0.054815144274040516
0.24849359464627654	0.3096510325068776	0.055513260305590735
0.2500657060047973	0.31161572817610167	0.05621575336720192
0.25163781736331803	0.3135805324106328	0.056922622931687095
0.2532099287218388	0.315545445943609	0.05763386786464221
0.2547820400803595	0.31751046948818745	0.058349487405928685
0.25635415143888024	0.31947560379754414	0.05906948025390029
0.257926262797401	0.3214408495648743	0.05979384529137807
0.2594983741559217	0.32340620755339233	0.060522581746118846
0.26107048551444245	0.3253716784663322	0.06125568847721121
0.2626425968729632	0.3273372630369472	0.06199316438517127
0.26421470823148396	0.32930296201851017	0.06273501043971376
0.26578681959000466	0.33126877611431393	0.06348122137570289
0.2673589309485254	0.33323470606767086	0.06423179785467796
0.2689310423070462	0.33520075262191346	0.06498673562172387
0.2705031536655669	0.3371669165003942	0.0657460422191878
0.2720752650240876	0.33913319844648576	0.06650971090765041
0.27364737638260833	0.3410995991835811	0.06727774216002358
0.2752194877411291	0.34306611946509374	0.06805013326835825
0.27679159909964984	0.34503276001445754	0.06882689055173592
0.2783637104581706	0.3469995215851271	0.0696079940937213
0.2799358218166913	0.3489664049005776	0.07039346718816546
0.28150793317521206	0.3509334107243054	0.07118329071894304
0.2830800445337328	0.35290053976982755	0.07197746974059754
0.28465215589225357	0.3548677928006825	0.07277600228552755
0.28622426725077427	0.3568351705504296	0.07357888791528407
0.28779637860929497	0.3588026737726497	0.07438612029490943
0.2893684899678157	0.3607703032009451	0.07519770852229736
0.2909406013263365	0.3627380595989397	0.07601364557840272
0.2925127126848572	0.3647059436902788	0.07683393648539841
0.29408482404337793	0.36667395624862986	0.07765857024506037
0.2956569354018987	0.36864209800768205	0.0784875497849571
0.29722904676041945	0.3706103697211466	0.07932087398885249
0.29880115811894015	0.37257877213275675	0.08015854196106095
0.3003732694774609	0.37454730601626823	0.08100055347568513
0.30194538083598166	0.3765159721054589	0.0818469049171779
0.3035174921945024	0.37848477116412926	0.08269759638623025
0.30508960355302317	0.3804537039461022	0.08355262733621062
0.3066617149115438	0.3824227712052235	0.08441199561575863
0.30823382627006457	0.3843919736953617	0.08527570099905549
0.3098059376285853	0.38636131219040826	0.08614374096160717
0.3113780489871061	0.3883307874342777	0.08701611661378145
0.3129501603456268	0.3903004001909076	0.08789282369024494
0.31452227170414754	0.392270151234259	0.08877386284088414
0.3160943830626683	0.39424004130831614	0.08965923319770286
0.31766649442118905	0.3962100711870869	0.09054893110040217
0.31923860577970975	0.39818023093460264	0.09144295773979956
0.3208107171382305	0.4001505426049185	0.09234131110161045
0.32238282849675126	0.40212099637211357	0.09324398877038542
0.32395493985527196	0.4040915930002908	0.09415099214690006
0.32552705121379266	0.4060623332735771	0.0950623179503603
0.3270991625723134	0.4080332179561237	0.09597796465237589
0.3286712739308342	0.4100042478121061	0.09689793241037424
0.33024338528935493	0.41197542362572415	0.09782221919422951
0.3318154966478757	0.41394674616120236	0.0987508230254046
0.3333876080063964	0.4159182162027897	0.09968374701961169
0.33495971936491714	0.41788983451475986	0.1006209828951012
0.3365318307234379	0.41986160189141164	0.10156253428611027
0.33810394208195865	0.4218335190870687	0.10250839945089361
0.33967605344047935	0.42380558690607945	0.10345857275201342
0.34124816479900005	0.42577780610281807	0.10441305607419048
0.3428202761575208	0.42775017748168365	0.10537184805035738
0.34439238751604156	0.42972270182710076	0.10633494723086667
0.34596449887456227	0.4316953799035197	0.10730235308487306
0.347536610233083	0.4336682125054161	0.10827406262442649
0.3491087215916038	0.43564120042729165	0.1092500754043611
0.35068083295012453	0.43761434444367375	0.11023038779500435
0.3522529443086453	0.4395876453491158	0.11121500586586333
0.353825055667166	0.4415611039381973	0.11220391717061773
0.35539716702568674	0.44353472100552405	0.1131971294292253
0.3569692783842075	0.44550849732572795	0.11419463824524052
0.3585413897427282	0.44748243371346763	0.1151964411590715
0.3601135011012489	0.449456530953428	0.11620254192291114
0.36168561245976966	0.45143078984032087	0.11721293103678287
0.3632577238182904	0.45340521116888444	0.11822761097611754
0.36482983517681117	0.45537979575388426	0.1192465803328192
0.36640194653533187	0.4573545443801125	0.12026983843891165
0.3679740578938526	0.4593294578623886	0.12129738421281333
0.3695461692523734	0.46130453699555934	0.12232921327866488
0.37111828061089414	0.4632797825744984	0.12336532613592888
0.37269039196941484	0.4652551954241074	0.12440572218898165
0.3742625033279356	0.46723077633931526	0.1254503981690101
0.3758346146864563	0.4692065261250785	0.12649935399155743
0.37740672604497705	0.4711824455963815	0.12755258754378132
0.3789788374034978	0.47315853556823656	0.12861009834421824
0.3805509487620185	0.4751347968456839	0.1296718805903458
0.38212306012053926	0.47711123024379193	0.13073794222253576
0.38369517147906	0.47908783658765713	0.13180827307665596
0.38526728283758077	0.48106461667240447	0.13288287221439957
0.38683939419610147	0.4830415713331873	0.13396174625934001
0.3884115055546222	0.4850187013751875	0.13504488509624268
0.389983616913143	0.4869960076336155	0.13613228999167834
0.39155572827166374	0.4889734909237108	0.13722396025471845
0.3931278396301844	0.4909511520707414	0.1383198931584352
0.39469995098870514	0.4929289918900046	0.13942008758034374
0.3962720623472259	0.4949070112168267	0.14052454248073776
0.39784417370574665	0.4968852108765632	0.14163325717813308
0.39941628506426735	0.4988635916945988	0.14274622976230764
0.4009883964227881	0.5008421545063478	0.14386345615024543
0.40256050778130886	0.5028209001372541	0.14498493688876804
0.4041326191398296	0.5047998294227911	0.14611067107544265
0.4057047304983504	0.5067789431984621	0.14724065540417008
0.4072768418568711	0.5087582423097999	0.14837489156845496
0.40884895321539183	0.5107377275823677	0.14951336419289935
0.41042106457391253	0.5127173998517588	0.15065609680208444
0.4119931759324333	0.5146972599635964	0.1518030704232654
0.413565287290954	0.5166773087735341	0.1529542875251755
0.41513739864947474	0.5186575471072562	0.15410974625820967
0.4167095100079955	0.5206379758104772	0.15526944537957987
0.41828162136651625	0.5226185957389424	0.1564333824623897
0.41985373272503695	0.5245994077384278	0.1576015570699343
0.4214258440835577	0.5265804126547402	0.15877396740014307
0.42299795544207847	0.5285616113337175	0.1599506115922206
0.4245700668005992	0.5305430046512285	0.16113148808191272
0.4261421781591199	0.5325245934331734	0.16231659508732796
0.4277142895176406	0.5345063785554836	0.163505930652176
0.4292864008761614	0.5364883608641219	0.1646994944099646
0.43085851223468213	0.5384705412250825	0.16589728402348308
0.4324306235932029	0.5404529204943914	0.16709929793400125
0.4340027349517236	0.5424354995381061	0.16830553682155364
0.43557484631024435	0.5444182792223163	0.16951599434997827
0.4371469576687651	0.5464012649531435	0.17073067045706458
0.43871906902728586	0.548384448536741	0.1719495650347615
0.44029118038580656	0.5503678353592945	0.17317267573599368
0.4418632917443273	0.5523514262970218	0.17440000087894603
0.44343540310284807	0.5543352222161736	0.1756315388028268
0.44500751446136877	0.5563192239930322	0.17686728789070952
0.44657962581988947	0.5583034324939133	0.17810724565590072
0.4481517371784102	0.5602878486051651	0.17935141201067772
0.449723848536931	0.5622724732031681	0.1805997845005608
0.45129595989545174	0.5642573110243364	0.18185236149142803
0.45286807125397244	0.5662423552651169	0.18310914141727921
0.4544401826124932	0.5682276058819893	0.18437012228982838
0.45601229397101395	0.5702130732414672	0.1856353049648341
0.4575844053295347	0.5721987535100969	0.18690468221941248
0.45915651668805546	0.5741846475644586	0.18817825648401065
0.46072862804657616	0.5761707563211657	0.18945602482297694
0.46230073940509686	0.5781570806468657	0.19073798583450693
0.4638728507636176	0.5801436214482395	0.19202414558994424
0.4654449621221384	0.5821303796220021	0.1933144867604843
0.4670170734806591	0.5841173560649024	0.19460901552010787
0.46858918483917983	0.5861045516737233	0.19590772989387045
0.4701612961977006	0.5880919673552824	0.19721062848349433
0.47173340755622134	0.5900796040064307	0.19851770843853656
0.47330551891474204	0.5920674625440546	0.19982896992272536
0.4748776302732628	0.5940555438550745	0.20114440997939292
0.47644974163178355	0.5960438488764453	0.20246402736410388
0.4780218529903043	0.5980323784951572	0.20378782246888238
0.47959396434882506	0.6000211336282347	0.20511578858203194
0.4811660757073457	0.6020101151927374	0.20644792665448253
0.48273818706586646	0.6039993227957603	0.20778423483605948
0.4843102984243872	0.6059887599644328	0.2091247111101816
0.485882409782908	0.6079784263259205	0.21046935335763914
0.4874545211414287	0.6099683227974236	0.2118181610726176
0.48902663249994943	0.6119584502961785	0.21317113181006556
0.4905987438584702	0.6139488097594563	0.21452826346644702
0.49217085521699094	0.6159394021045647	0.21588955475390204
0.49374296657551164	0.6179302282688465	0.21725500367050637
0.4953150779340324	0.6199212891896807	0.21862460841998738
0.4968871892925531	0.6219125857844823	0.21999836712546184
0.49845930065107386	0.6239041190007025	0.2213762780938566
0.5000314120095946	0.6258958897758288	0.22275834185050583
0.5016035233681153	0.6278878990473844	0.22414455180503767
0.5031756347266361	0.6298801477529297	0.22553490856329575
0.5047477460851568	0.6318726368500612	0.22692940949984575
0.5063198574436776	0.6338653672664122	0.228328054327928
0.5078919688021982	0.6358583399496526	0.2297308348001111
0.509464080160719	0.6378515558674892	0.23113776031954633
0.5110361915192397	0.639845015967666	0.2325488234591688
0.5126083028777605	0.6418387211879636	0.23396402246497458
0.5141804142362812	0.6438326724962001	0.23538335535946459
0.515752525594802	0.6458268708602309	0.23680682040603002
0.5173246369533228	0.6478213172179487	0.23823441569877718
0.5188967483118434	0.6498160125472832	0.23966613963663655
0.5204688596703643	0.6518109578062024	0.2411019922399841
0.5220409710288849	0.6538061539627116	0.24254196719740911
0.5236130823874056	0.655801601984854	0.243986064885324
0.5251851937459264	0.6577973028507107	0.24543429605046446
0.5267573051044471	0.6597932575184006	0.24688663402304448
0.5283294164629679	0.6617894669760809	0.2483430891214172
0.5299015278214886	0.6637859321919469	0.24980365952319344
0.5314736391800093	0.6657826541542323	0.25126834361123984
0.5330457505385301	0.6677796338412091	0.25273713828132977
0.5346178618970509	0.669776872241188	0.2542100435149639
0.5361899732555716	0.6717743703225179	0.25568705630626204
0.5377620846140924	0.6737721290935869	0.25716817499143435
0.539334195972613	0.6757701506428214	0.25865340014929816
0.5409063073311338	0.6777684337586874	0.26014272480864464
0.5424784186896545	0.6797669805396893	0.26163614978920247
0.5440505300481752	0.6817657908943712	0.26313367278116007
0.545622641406696	0.6837648679813155	0.2646352922322951
0.5471947527652167	0.685764211729145	0.26614100613545444
0.5487668641237375	0.6877638231365215	0.2676508122813816
0.5503389754822582	0.6897637032221459	0.2691647090709125
0.5519110868407789	0.6917638529747594	0.27068269071790063
0.5534831981992997	0.6937642734331427	0.2722047584339997
0.5550553095578205	0.6957649655761162	0.2737309151997256
0.5566274209163412	0.6977659304525404	0.27526115446374055
0.5581995322748619	0.6997671692913158	0.27679547480374317
0.5597716436333826	0.7017686826613829	0.2783338763678771
0.5613437549919034	0.7037704718117229	0.27987635230206
0.5629158663504241	0.7057725377613568	0.28142290340210774
0.5644879777089448	0.7077748815493464	0.28297352753252786
0.5660600890674656	0.7097775042047939	0.2845282226788563
0.5676322004259863	0.7117804067568424	0.28608698675295513
0.5692043117845071	0.7137835902446752	0.2876498180736609
0.5707764231430278	0.7157870556675169	0.2892167145887482
0.5723485345015485	0.7177908041246331	0.2907876790281971
0.5739206458600693	0.7197948366353303	0.29236269986795044
0.57549275721859	0.7217991542489561	0.2939417799789053
0.5770648685771107	0.7238037580048996	0.29552491704056627
0.5786369799356315	0.7258086489525908	0.29711211197867465
0.5802090912941522	0.7278138281515015	0.2987033577595486
0.581781202652673	0.7298192966511453	0.3002986547154767
0.5833533140111937	0.7318250555110769	0.30189800102815045
0.5849254253697144	0.7338311057908932	0.30350139454124725
0.5864975367282352	0.7358374485502325	0.30510883328785715
0.5880696480867559	0.7378440848587755	0.30672031532626126
0.5896417594452767	0.7398510157862449	0.3083358385246165
0.5912138708037974	0.7418582424024053	0.3099554009850799
0.592785982162318	0.7438657657670639	0.3115790006494353
0.5943580935208389	0.7458735874700697	0.31320663550228606
0.5959302048793595	0.7478817075913149	0.31483830348742575
0.5975023162378803	0.7498901277207336	0.3164740049886936
0.5990744275964011	0.7518988489283032	0.3181137334823129
0.6006465389549218	0.753907872294043	0.3197574887995327
0.6022186503134426	0.7559171989180159	0.321405269194564
0.6037907616719633	0.7579268298903276	0.3230570725986673
0.605362873030484	0.7599367663111264	0.32471289697936073
0.6069349843890048	0.7619470092606042	0.3263727403040302
0.6085070957475255	0.7639575598589962	0.3280366004767054
0.6100792071060464	0.7659684191965807	0.3297044757673523
0.611651318464567	0.7679795883836793	0.3313763635907543
0.6132234298230876	0.7699910685206577	0.33305226217457123
0.6147955411816085	0.7720028607379245	0.3347321694219074
0.6163676525401292	0.7740149661259326	0.3364160859173119
0.6179397638986499	0.7760273858251786	0.3381040043900408
0.6195118752571707	0.7780401209362031	0.3397959253752615
0.6210839866156914	0.7800531636795903	0.3414918477396635
0.6226560979742122	0.7820665329259692	0.343191767587288
0.6242282093327329	0.7840802209660124	0.3448956836730633
0.6258003206912536	0.7860942289404371	0.3466035942458025
0.6273724320497744	0.788108557970005	0.34831549677511975
0.6289445434082951	0.7901232092055223	0.35003138933262495
0.6305166547668158	0.7921381837778396	0.35175127012297
0.6320887661253366	0.7941534921278525	0.3534751366487097
0.6336608774838572	0.796169116886501	0.35520298937937367
0.6352329888423781	0.7981850684147704	0.3569348217367211
0.6368051002008988	0.8002013478836909	0.3586706334900696
0.6383772115594195	0.8022179564343377	0.3604104229898977
0.6399493229179403	0.8042348952178313	0.362154187832223
0.641521434276461	0.8062521654153372	0.3639019262343442
0.6430935456349818	0.808269768178067	0.36565363565184456
0.6446656569935025	0.8102877046772765	0.36740931452049086
0.6462377683520232	0.8123059760842687	0.3691689602444391
0.6478098797105439	0.814324583560391	0.370932571172462
0.6493819910690647	0.8163435282970369	0.3727001447119184
0.6509541024275853	0.8183628114756462	0.37447167928303615
0.6525262137861062	0.8203824342677041	0.3762471746371744
0.6540983251446268	0.8224023978547421	0.37802662512163737
0.6556704365031477	0.8244227034483379	0.379810029022269
0.6572425478616684	0.8264433522201153	0.38159738546950805
0.6588146592201891	0.8284643453717446	0.3833886921165803
0.6603867705787099	0.8304856841049424	0.3851839465385186
0.6619588819372306	0.8325073696214718	0.3869831471635452
0.6635309932957514	0.8345294031131425	0.3887862913956276
0.665103104654272	0.8365517858118112	0.3905933775166184
0.6666752160127928	0.8385745189193813	0.39240441110445606
0.6682473273713135	0.8405976036378027	0.3942193740740853
0.6698194387298343	0.8426210412090728	0.3960382749342679
0.6713915500883549	0.844644832835236	0.39786110664382446
0.6729636614468758	0.8466689797283835	0.3996878691044028
0.6745357728053964	0.8486934831606543	0.40151856069735714
0.6761078841639173	0.8507183443342345	0.4033531790477549
0.677679995522438	0.8527435644913579	0.4051917208559297
0.6792521068809587	0.8547691448643056	0.407034186279408
0.6808242182394795	0.856795086705406	0.4088805736561869
0.6823963295980001	0.8588213912470364	0.4107308775700795
0.683968440956521	0.8608480611916207	0.41258509731931986
0.6855405523150416	0.8628750949116315	0.41444322951103657
0.6871126636735624	0.864902495099589	0.4163052751518203
0.6886847750320831	0.866930263008062	0.41817123265658596
0.6902568863906039	0.868958399899667	0.42004109668787953
0.6918289977491245	0.8709869070470689	0.42191486292735764
0.6934011091076454	0.8730157857129816	0.42379253389038574
0.694973220466166	0.8750450371801665	0.4256741058683324
0.6965453318246869	0.8770746627214342	0.42755957658028876
0.6981174431832076	0.879104663889644	0.42944894443304443
0.6996895545417282	0.8811350414277039	0.4313422063230875
0.7012616659002491	0.8831657968785704	0.43323936052721085
0.7028337772587697	0.8851969315552496	0.43514040491591127
0.7044058886172906	0.8872284467407958	0.4370453372646898
0.7059779999758112	0.8892603436883133	0.4389541576382092
0.707550111334332	0.8912926237909552	0.44086685949678994
0.7091222226928527	0.8933252883219237	0.4427834428342152
0.7106943340513735	0.8953583385744708	0.4447039054849805
0.7122664454098941	0.8973917758818978	0.4466282452846329
0.713838556768415	0.8994256015375556	0.44855646007685973
0.7154106681269357	0.9014598168848449	0.45048854772908486
0.7169827794854564	0.9034944232272161	0.4524245114649982
0.7185548908439772	0.9055294219181691	0.4543643380139306
0.7201270022024978	0.9075648142712545	0.45630803099352796
0.7216991135610187	0.9096006002500724	0.45825558813820255
0.7232712249195393	0.911636783948273	0.46020700956345995
0.7248433362780601	0.913673365329557	0.46216228839832124
0.7264154476365808	0.9157103457576752	0.4641214248166
0.7279875589951016	0.9177477265664288	0.46608441657300737
0.7295596703536223	0.9197855091296697	0.4680512616143169
0.7311317817121431	0.9218236948013003	0.47002195769946176
0.7327038930706637	0.9238622849352733	0.4719965027508994
0.7342760044291845	0.9259012809155928	0.47397489561661443
0.7358481157877053	0.9279406840963131	0.47595713115372934
0.737420227146226	0.9299804958715401	0.47794320959166864
0.7389923385047468	0.9320207176154299	0.47993312797168197
0.7405644498632674	0.9340613507121905	0.4819268868514973
0.7421365612217883	0.9361023965460807	0.4839244791117636
0.7437086725803089	0.9381438565114106	0.48592590502088373
0.7452807839388297	0.9401857320125419	0.4879311621812097
0.7468528952973504	0.9422280244438873	0.48994024863980035
0.7484250066558712	0.9442707367999116	0.4919531621017993
0.749997118014392	0.9463138673251308	0.49396990039569166
0.7515692293729126	0.948357419004113	0.49599046145740994
0.7531413407314334	0.9504013932614778	0.4980148428672785
0.7547134520899541	0.9524457915118969	0.5000430434717221
0.7562855634484749	0.9544906151900938	0.5020750592957506
0.7578576748069956	0.9565358657308445	0.5041108894498602
0.7594297861655164	0.9585815445589767	0.5061505337054678
0.761001897524037	0.9606276531093705	0.508193983211511
0.7625740088825579	0.9626741928369584	0.5102412422729756
0.7641461202410785	0.9647211651867251	0.5122923058339859
0.7657182315995993	0.9667685716137084	0.5143471720900057
0.76729034295812	0.9688164135629981	0.516405839404183
0.7688624543166407	0.9708646925097367	0.518468305103649
0.7704345656751616	0.9729134099091199	0.5205345696718742
0.7720066770336822	0.9749625672463961	0.5226046261115553
0.773578788392203	0.9770121659768662	0.5246784746408674
0.7751508997507237	0.9790622075958849	0.5267561129610341
0.7767230111092445	0.9811126935688593	0.5288375385193482
0.7782951224677651	0.9831636254112501	0.5309227500908675
0.779867233826286	0.9852150045885713	0.5330118661608451
0.7814393451848066	0.9872668326163901	0.5351046432972768
0.7830114565433275	0.9893191110003272	0.5372011994361693
0.7845835679018481	0.9913718412260569	0.5393015330174656
0.7861556792603688	0.9934250248193071	0.54140564047207
0.7877277906188896	0.9954786633058592	0.5435135178992445
0.7892999019774103	0.9975327581815491	0.545625170331627
0.7908720133359312	0.9995873110022656	0.5477405917763611
0.7924441246944518	1.001642477673952	0.5498597756926601
0.7940162360529726	1.0036979522826062	0.551982595174464
0.7955883474114933	1.005753889444279	0.5541093028532599
0.7971604587700141	1.007810290685076	0.5562397632799242
0.7987325701285347	1.0098671576011575	0.5583739938187159
0.8003046814870556	1.011924491648738	0.5605119727681322
0.8018767928455762	1.0139822945140857	0.5626537052761466
0.803448904204097	1.0160405676635245	0.5647991875623459
0.8050210155626177	1.0180991472634322	0.5669484182469398
0.8065931269211384	1.0201583643802417	0.5691013952196312
0.8081652382796592	1.02221805648044	0.5712581162201543
0.8097373496381799	1.0242782252305702	0.5734185791398262
0.8113094609967008	1.0263388411972292	0.5755827841254391
0.8128815723552214	1.0283999676470696	0.5777507242756629
0.8144536837137422	1.0304615756467992	0.5799223998494138
0.8160257950722629	1.0325236665631803	0.5820978085892946
0.8175979064307837	1.0345862420630312	0.5842769491074037
0.8191700177893043	1.0366493038132254	0.5864598159623942
0.8207421291478251	1.038712853480692	0.5886464114054804
0.8223142405063458	1.040776892632415	0.5908367313256584
0.8238863518648666	1.042841422835435	0.5930307736425922
0.8254584632233873	1.0449064458568476	0.5952285347737376
0.827030574581908	1.0469719631638044	0.5974300151989337
0.8286026859404289	1.0490379766235125	0.5996352133727502
0.8301747972989495	1.051104519503236	0.6018441234989798
0.8317469086574704	1.0531715301702937	0.6040567455586724
0.833319020015991	1.0552390418920616	0.6062730773003405
0.8348911313745118	1.0573070563359712	0.6084931161086766
0.8364632427330325	1.0593755750695109	0.6107168598849814
0.8380353540915532	1.0614445998602247	0.6129443068132917
0.8396074654500739	1.0635141322757133	0.615175455973879
0.8411795768085947	1.0655841741836345	0.6174103025150036
0.8427516881671154	1.067654727251702	0.6196488456371424
0.8443237995256362	1.0697257930476864	0.6218910831064957
0.8458959108841569	1.071797373439415	0.6241370130195282
0.8474680222426776	1.0738694699947724	0.626386632990492
0.8490401336011985	1.0759420845816992	0.6286399425913055
0.8506122449597191	1.0780152187681937	0.630896936542988
0.8521843563182399	1.0800888744223112	0.6331576143998031
0.8537564676767606	1.0821630531121638	0.6354219742340491
0.8553285790352813	1.0842377568059212	0.6376900133612047
0.8569006903938021	1.0863129870718105	0.6399617296589963
0.8584728017523228	1.0883887457781156	0.6422371229367574
0.8600449131108435	1.0904650345931783	0.6445161877614677
0.8616170244693643	1.0925418552853983	0.6467989237895038
0.863189135827885	1.0946192097232321	0.6490853285724083
0.8647612471864058	1.0966970995751941	0.6513754004874859
0.8663333585449265	1.0987755266098573	0.6536691368746703
0.8679054699034472	1.1008544927958517	0.6559665361043514
0.8694775812619681	1.1029339998018652	0.65826759712547
0.8710496926204887	1.1050140493966443	0.6605723153301276
0.8726218039790093	1.1070946434489932	0.6628806897240889
0.8741939153375302	1.1091757837277745	0.6651927185070229
0.8757660266960509	1.1112574721019086	0.667508399771499
0.8773381380545717	1.1133397103403748	0.6698277305437533
0.8789102494130924	1.1154225003122105	0.6721507110259773
0.8804823607716131	1.1175058438865115	0.6744773356930919
0.8820544721301339	1.119589742932432	0.6768076044045127
0.8836265834886546	1.1216741992191857	0.6791415146523908
0.8851986948471754	1.1237592145160438	0.6814790647317399
0.8867708062056961	1.1258447908923372	0.6838202522643169
0.8883429175642168	1.1279309301174554	0.6861651127982967
0.8899150289227375	1.1300176341608463	0.6885135335711261
0.8914871402812583	1.1321049046920175	0.6908656214894816
0.893059251639779	1.1341927438805357	0.6932213389931665
0.8946313629982998	1.1362811533960264	0.6955806835803395
0.8962034743568205	1.138370135208174	0.6979436535609865
0.8977755857153413	1.1404596912867235	0.7003102466062421
0.899347697073862	1.1425498234014777	0.7026805002280483
0.9009198084323827	1.1446405337222996	0.7050542964275499
0.9024919197909035	1.146731823919112	0.7074317512984183
0.9040640311494242	1.1488236961618974	0.7098128169157867
0.9056361425079449	1.1509161522206965	0.7121974954440925
0.9072082538664656	1.1530091940656122	0.7145857849891856
0.9087803652249864	1.155102823766805	0.7169776851257703
0.9103524765835072	1.1571970430944967	0.7193731906359226
0.9119245879420279	1.1592918542189683	0.7217722560014042
0.9134966993005486	1.1613872591105612	0.7241749690105048
0.9150688106590694	1.163483259639677	0.7265813316944192
0.9166409220175901	1.165579857776777	0.7289912452232868
0.9182130333761109	1.1676770555923837	0.7314047554119615
0.9197851447346316	1.1697748551570788	0.7338218621431244
0.9213572560931523	1.1718732583415055	0.736242560433836
0.9229293674516731	1.173972267316367	0.7386668496371765
0.9245014788101937	1.1760718840524265	0.7410947277249481
0.9260735901687145	1.1781721104205087	0.7435261930923707
0.9276457015272352	1.180272948791499	0.7459612432955053
0.929217812885756	1.1823744009363428	0.7483998805716494
0.9307899242442768	1.1844764690260472	0.7508420952425001
0.9323620356027975	1.1865791550316795	0.7532878891948976
0.9339341469613182	1.1886824612243687	0.7557372600702728
0.935506258319839	1.1907863894753041	0.7581902061887296
0.9370783696783597	1.1928909419557372	0.7606467258580094
0.9386504810368805	1.1949960663369796	0.7631068168279733
0.9402225923954012	1.1971019313904046	0.7655704786764813
0.9417947037539218	1.199208369287447	0.7680377065762773
0.9433668151124427	1.201315439799603	0.7705085002021453
0.9449389264709633	1.2034231478984303	0.7729828573864671
0.9465110378294841	1.2055314900555476	0.7754607763878504
0.9480831491880048	1.207640471342636	0.7779422552791326
0.9496552605465256	1.2097500938314385	0.7804272938668191
0.9512273719050464	1.2118603596937587	0.7829158868274549
0.9527994832635671	1.213971271101463	0.7854080338958863
0.9543715946220878	1.2160828301264794	0.7879037333456218
0.9559437059806086	1.2181950390407978	0.7904029832747619
0.9575158173391293	1.2203079001164707	0.7929057818237202
0.9590879286976501	1.2224214153256119	0.7954121269814546
0.9606600400561708	1.224535587140398	0.7979220183792324
0.9622321514146914	1.2266504175330672	0.8004354513143043
0.9638042627732123	1.2287659088759213	0.802952425273708
0.9653763741317329	1.230882063441323	0.8054729386061157
0.9669484854902537	1.2329988833016983	0.8079969894860712
0.9685205968487745	1.2351163707295356	0.8105245758302697
0.9700927082072952	1.237234528097386	0.813055695900803
0.971664819565816	1.2393533575778628	0.8155903466467794
0.9732369309243367	1.2414728614436432	0.8181285287702194
0.9748090422828574	1.2435930419674652	0.8206702392809317
0.9763811536413782	1.245713901522132	0.8232154762266573
0.9779532649998989	1.2478354423805076	0.8257642379029497
0.9795253763584195	1.2499576668155208	0.8283165227749792
0.9810974877169404	1.2520805771001622	0.8308723344393476
0.982669599075461	1.2542041756074864	0.8334316596008683
0.9842417104339819	1.2563284646106108	0.8359944974241476
0.9858138217925025	1.2584534465827155	0.8385608559660861
0.9873859331510233	1.2605791236970452	0.8411307285898496
0.988958044509544	1.262705498526907	0.8437041134733554
0.9905301558680648	1.2648325732456722	0.8462810090590902
0.9921022672265856	1.266960350326775	0.8488614149610708
0.9936743785851062	1.2690888287437136	0.8514453265092694
0.995246489943627	1.2712180176700496	0.8540327433786334
0.9968186013021477	1.2733479160794083	0.8566236640381603
0.9983907126606685	1.2754785264454795	0.8592180865620502
0.9999628240191891	1.2776098511420162	0.8618160095158174
1.0015349353777099	1.2797418927428352	0.8644174309388705
1.0031070467362306	1.281874653421818	0.8670223508676153
1.0046791580947514	1.2840081358529094	0.869630764402835
1.0062512694532721	1.2861423371101186	0.8722426715555789
1.007823380811793	1.2882772701675194	0.8748580705693809
1.0093954921703137	1.2904129323992495	0.8774769599057771
1.0109676035288344	1.2925493261795105	0.8800993377594397
1.0125397148873552	1.2946864540825693	0.8827252023799754
1.014111826245876	1.2968243184827566	0.8853545540036705
1.0156839376043965	1.2989629220544676	0.8879873878459432
1.0172560489629174	1.3011022672721628	0.8906237037695457
1.018828160321438	1.303242356610366	0.8932635001464281
1.0204002716799587	1.305383192643667	0.8959067754125328
1.0219723830384795	1.3075247779467196	0.8985535279109078
1.0235444943970002	1.3096671150942432	0.9012037561914767
1.025116605755521	1.3118102066610209	0.9038574598628226
1.0266887171140417	1.3139540553219018	0.9065146348835138
1.0282608284725625	1.3160986634517997	0.9091752807362001
1.0298329398310833	1.3182440338256929	0.9118393962062412
1.031405051189604	1.3203901690186257	0.9145069794985685
1.0329771625481246	1.3225370717057074	0.9171780290521734
1.0345492739066455	1.3246847444621122	0.9198525430849501
1.0361213852651663	1.3268331899630799	0.9225305224636432
1.0376934966236868	1.3289824108839154	0.9252119623434245
1.0392656079822076	1.3311324098999897	0.9278968622517993
1.0408377193407286	1.3332831895867383	0.9305852212696154
1.042409830699249	1.3354347528196635	0.933277037647075
1.0439819420577698	1.337587102074332	0.935972329933573
1.0455540534162906	1.3397402403263767	0.9386710569520773
1.0471261647748111	1.3418941700514966	0.9413732372970038
1.048698276133332	1.3440488941254565	0.9440788687467829
1.0502703874918529	1.3462044153240862	0.9467879504644799
1.0518424988503736	1.3483607362232821	0.9495004805734333
1.0534146102088942	1.3505178597990066	0.9522164582093676
1.0549867215674151	1.3526757887272882	0.9549359015626482
1.0565588329259359	1.3548345258842212	0.9576587696693732
1.0581309442844564	1.3569940739459663	0.960385081130024
1.0597030556429772	1.3591544357887502	0.9631148163948208
1.0612751670014982	1.3613156141888658	0.9658480094143468
1.0628472783600187	1.3634776120226733	0.9685846603238543
1.0644193897185394	1.3656404322665978	0.9713247306847222
1.0659915010770602	1.367804077497132	0.9740682191790336
1.0675636124355807	1.369968550790835	0.9768151634391935
1.0691357237941017	1.3721338550243316	0.9795655390986415
1.0707078351526225	1.3742999930743143	0.9823193477929416
1.0722799465111432	1.3764669677175418	0.985076692453863
1.0738520578696638	1.3786347820308398	0.9878373636785251
1.0754241692281847	1.3808034388911004	0.9906013616834968
1.0769962805867055	1.3829730296752825	0.9933688874483236
1.078568391945226	1.3851433821604127	0.9961398388151445
1.0801405033037468	1.3873145861235838	0.9989142152548167
1.0817126146622675	1.389486550841956	1.001692016994835
1.0832847260207883	1.3916594647927565	1.0044732398125393
1.084856837379309	1.39383323915328	1.007257883969656
1.0864289487378298	1.3960078769008875	1.0100459500841728
1.0880010600963503	1.3981833880130081	1.0128374336238763
1.0895731714548713	1.4003597616671377	1.0156323353991303
1.091145282813392	1.4025370078408406	1.0184306532121639
1.0927173941719128	1.4047151297117466	1.021232386823013
1.0942895055304334	1.4068941301575553	1.0240375358310936
1.0958616168889543	1.4090740123560317	1.0268460970561821
1.097433728247475	1.41125477938501	1.0296580706959069
1.0990058396059956	1.413436434522391	1.0324734558414301
1.1005779509645164	1.415618981646144	1.0352922505142998
1.1021500623230371	1.4178024221343055	1.0381144546296246
1.103722173681558	1.41998675996498	1.040940066687712
1.1052942850400787	1.42217199841634	1.043769085419703
1.1068663963985994	1.4243581406666252	1.0466015104441027
1.10843850775712	1.4265451897941448	1.0494373345741612
1.110010619115641	1.4287331491772743	1.0522765680912431
1.1115827304741617	1.4309220219944587	1.055119204543065
1.1131548418326824	1.43311181142421	1.0579652432969542
1.114726953191203	1.4353025207451091	1.0608146827182812
1.1162990645497237	1.437494153235805	1.0636675220335015
1.1178711759082447	1.439686712175015	1.066523760742651
1.1194432872667652	1.4418802008415241	1.0693833995920232
1.121015398625286	1.4440746225141874	1.072246433741631
1.1225875099838067	1.4462699805719264	1.075112864831592
1.1241596213423275	1.4484662783937323	1.0779826911375647
1.1257317327008483	1.450663519258665	1.0808559120541432
1.127303844059369	1.4528617064458518	1.083732527297492
1.1288759554178895	1.4550608435344903	1.0866125347430347
1.1304480667764105	1.4572609338038456	1.0894959347600859
1.1320201781349313	1.4594619806332523	1.092382727431603
1.133592289493452	1.461663987602113	1.095272909561941
1.1351644008519726	1.4638669579898995	1.098166481515418
1.1367365122104933	1.4660708952761534	1.1010634433082838
1.1383086235690143	1.4682758029404843	1.1039637924691783
1.1398807349275348	1.4704816844625705	1.106867529519316
1.1414528462860556	1.4726885434221606	1.109774654021129
1.1430249576445763	1.4748963831990713	1.112685164408186
1.144597069003097	1.477105207473189	1.115599060939586
1.1461691803616179	1.4793150197244689	1.1185163418343693
1.1477412917201386	1.4815258234329356	1.1214370069069617
1.1493134030786591	1.4837376220786833	1.1243610554059529
1.15088551443718	1.4859504196418756	1.1272884870493725
1.1524576257957009	1.4881642195027451	1.1302193013904567
1.1540297371542214	1.490379025241594	1.1331535138333542
1.1556018485127422	1.492594840538794	1.136091091183969
1.157173959871263	1.4948116691747868	1.1390320516324393
1.158746071229784	1.4970295145300831	1.1419763895887636
1.1603181825883044	1.4992483805852637	1.144924096800794
1.1618902939468252	1.501468270920979	1.147875193496019
1.163462405305346	1.5036891892179485	1.1508296682764014
1.1650345166638667	1.5059111392569628	1.1537875218536502
1.1666066280223875	1.508134124918881	1.1567487595841255
1.1681787393809082	1.5103581520846334	1.1597133681895342
1.1697508507394287	1.5125832200352192	1.1626813529739752
1.1713229620979495	1.5148093347517084	1.1656527151560871
1.1728950734564705	1.51703650021524	1.1686274533989973
1.174467184814991	1.519264720207024	1.171605567311983
1.1760392961735118	1.5214939986083404	1.174587056823227
1.1776114075320325	1.523724339200539	1.1775719204481931
1.1791835188905535	1.5259557254650404	1.1805601596941602
1.180755630249074	1.5281882020833348	1.1835517734135097
1.1823277416075948	1.530421752736983	1.1865467637013976
1.1838998529661156	1.5326563813076168	1.18954512484287
1.185471964324636	1.534892091776937	1.192546860453916
1.187044075683157	1.5371288881267164	1.1955519697677666
1.1886161870416778	1.5393667743387973	1.1985604522071454
1.1901882984001984	1.5416057543950927	1.2015723078819307
1.191760409758719	1.5438458323775868	1.2045875354891817
1.19333252111724	1.5460870123683332	1.2076061369528397
1.1949046324757606	1.5483292983494574	1.2106281111758628
1.1964767438342814	1.5505726945031553	1.2136534579714489
1.1980488551928021	1.552817204811693	1.2166821764624092
1.199620966551323	1.5550628335574084	1.2197142683627655
1.2011930779098436	1.5573095848227094	1.2227497327059882
1.2027651892683644	1.559557462790075	1.225788569178059
1.2043373006268852	1.5618064715420552	1.2288307776449554
1.2059094119854057	1.5640566153612716	1.231876359233147
1.2074815233439267	1.5663078985304155	1.2349253155490976
1.2090536347024474	1.5685603252322504	1.2379776414707766
1.210625746060968	1.5708138997496108	1.241033340862915
1.2121978574194887	1.5730686262654017	1.2440924126938524
1.2137699687780097	1.5753245092626003	1.2471551547090725
1.2153420801365302	1.5775815529242536	1.2502206747108977
1.216914191495051	1.5798397616334812	1.2532898659111067
1.2184863028535717	1.5820991396734736	1.2563624303224923
1.2200584142120927	1.5843596916274925	1.2594383676961
1.2216305255706132	1.5866214216788712	1.262517679548174
1.223202636929134	1.5888843344110144	1.2656003654560455
1.2247747482876548	1.5911484342073985	1.2686864258924944
1.2263468596461753	1.593413725551571	1.271775860074846
1.2279189710046963	1.5956802129271508	1.2748686700817444
1.229491082363217	1.5979479007178297	1.2779648553831677
1.2310631937217376	1.6002167937073697	1.2810644158195097
1.2326353050802583	1.602486896279605	1.2841673529171314
1.2342074164387793	1.604758226518442	1.2872736690345408
1.2357795277972998	1.6070307620078579	1.2903833588738662
1.2373516391558206	1.609304520931903	1.293496426976398
1.2389237505143413	1.6115795078746982	1.2966128729444397
1.240495861872862	1.613855727520437	1.2997326966111744
1.2420679732313828	1.6161331845533846	1.3028558999709272
1.2436400845899036	1.6184118706578785	1.3059824828879805
1.2452121959484244	1.6206918165183277	1.3091124452164726
1.246784307306945	1.6229730139192138	1.3122457889649441
1.2483564186654659	1.6252554675450896	1.315382513980248
1.2499285300239866	1.6275391823805814	1.3185226202300935
1.2515006413825072	1.629824163210386	1.3216641996268608
1.253072752741028	1.632110414719274	1.3248110479541373
1.254644864099549	1.6343979418920875	1.3279612791814246
1.2562169754580694	1.6366867496137405	1.3311168819045724
1.2577890868165902	1.6389768427692202	1.3342739098294054
1.259361198175111	1.6412666330435852	1.3374343234855994
1.2609333095336317	1.643559292421967	1.3405981249893388
1.2625054208921525	1.64585325178957	1.3437653173750073
1.2640775322506732	1.6481501694316703	1.3469358955327022
1.265649643609194	1.6504467642336165	1.3501098645745477
1.2672217549677145	1.6527446743808303	1.353287223597349
1.2687938663262355	1.6550439051588055	1.356467988022336
1.2703659776847562	1.6573444721531088	1.359652132877703
1.2719380890432768	1.6596463591493795	1.3628396579986632
1.2735102004017975	1.661949571233329	1.366030591634735
1.2750823117603183	1.6642541351907425	1.3692249214153789
1.276654423118839	1.6665600453074771	1.3724226475569776
1.2782265344773598	1.6688673069694633	1.3756237726911857
1.2797986458358805	1.6711759253627034	1.3788282966526286
1.281370757194401	1.6734859058732738	1.3820362219857356
1.282942868552922	1.675797253587323	1.3852475494288168
1.2845149799114428	1.6781099739910725	1.3884622804716682
1.2860870912699636	1.6804240724708175	1.3916804154017988
1.287659202628484	1.6827395543129247	1.3949019552601902
1.289231313987005	1.6850564250038353	1.3981269029707337
1.2908034253455258	1.6873746900300632	1.401355259075405
1.2923755367040464	1.6896943558781945	1.4045870241188811
1.2939476480625671	1.6920154258348896	1.407822201375619
1.2955197594210879	1.6943379064868813	1.4110607930756014
1.2970918707796086	1.6966618035209762	1.414303356927764
1.2986639821381294	1.6989871224240536	1.4175487879081259
1.3002360934966501	1.701313868783066	1.420797629910738
1.3018082048551707	1.7036420481850394	1.4240498910289014
1.3033803162136917	1.7059716664170737	1.4273049702543532
1.3049524275722124	1.7083027174663414	1.430564068792592
1.3065245389307332	1.710635703620088	1.433826590565291
1.3080966502892537	1.712969683465634	1.4370925384669677
1.3096687616477745	1.7153051175903717	1.4403619130293044
1.3112408730062954	1.7176420191817676	1.4436347171019464
1.312812984364816	1.7199803866273617	1.4469109516340863
1.3143850957233367	1.7223197477147678	1.4501906192707585
1.3159572070818575	1.7246610832316724	1.4534737208342907
1.3175293184403782	1.7270039097658367	1.4567602595264053
1.319101429798899	1.7293482333050947	1.4600502364805505
1.3206735411574198	1.7316940597373545	1.4633436533600548
1.3222456525159403	1.7340413951505977	1.4666405130585238
1.3238177638744613	1.73639024553288	1.4699408163935839
1.325389875232982	1.7387406169723298	1.4732445669144925
1.3269619865915028	1.7410925155571508	1.4765517652882163
1.3285340979500233	1.7434459474756194	1.4798624151163198
1.330106209308544	1.7458009188160863	1.4831765194007045
1.331678320667065	1.748157454366976	1.4864940772440507
1.3332504320255856	1.7505155231167864	1.4898150915069923
1.3348225433841063	1.7528751495540902	1.4931395661645066
1.336394654742627	1.7552363232675339	1.4964675020865659
1.3379667661011478	1.7575990854458372	1.4997989029293644
1.3395388774596686	1.7599634247777944	1.5031337697568703
1.3411109888181894	1.7623293475522743	1.5064721063185456
1.3426831001767099	1.7646968602582185	1.5098139135559088
1.3442552115352306	1.767065969284644	1.5131591956553427
1.3458273228937516	1.769436681220641	1.5165079536374648
1.3473994342522724	1.7718090024553748	1.5198601912700687
1.348971545610793	1.7741829396780833	1.523215910125345
1.3505436569693137	1.7765584993780805	1.5265751133083025
1.3521157683278346	1.7789356881447536	1.5299378040689184
1.3536878796863552	1.7813145126675634	1.533303984154156
1.355259991044876	1.7836949796360468	1.5366736572197548
1.3568321024033967	1.7860770958398133	1.5400468282624138
1.3584042137619174	1.7884608679685476	1.5434234959974689
1.3599763251204382	1.7908463027120087	1.5468036627601824
1.361548436478959	1.7932334070600298	1.5501873343675414
1.3631205478374795	1.7956221878025185	1.553574512134267
1.3646926591960002	1.7980126517294566	1.556965200375042
1.3662647705545212	1.800404805930901	1.5603594007246504
1.367836881913042	1.8027986580969828	1.5637571170202005
1.3694089932715625	1.8051942137179076	1.5671583531156248
1.3709811046300833	1.8075914803839552	1.5705631129908135
1.3725532159886042	1.8099904653854801	1.5739713968467282
1.3741253273471248	1.812391175812912	1.5773832083591899
1.3756974387056455	1.8147936187567548	1.5807985523831387
1.3772695500641663	1.8171978013075862	1.5842174306863541
1.3788416614226868	1.81960373085606	1.58763984731937
1.3804137727812078	1.8220114144929038	1.5910658069193282
1.3819858841397286	1.82442085960892	1.5944953111280233
1.383557995498249	1.8268320733949859	1.5979283647553701
1.3851301068567698	1.8292450634420534	1.6013649698928194
1.3867022182152908	1.8316598366411492	1.6048051306995001
1.3882743295738116	1.8340764010833746	1.6082488503527508
1.3898464409323321	1.8364947639599065	1.6116963185608213
1.3914185522908529	1.8389149316619957	1.6151471721216895
1.3929906636493739	1.841337053280968	1.618601595875664
1.3945627750078944	1.8437608587082246	1.6220595934099795
1.3961348863664151	1.8461864929352412	1.6255209726631208
1.397706997724936	1.8486139634535683	1.628986128323329
1.3992791090834564	1.851043130154832	1.6324548680871223
1.4008512204419774	1.8534742954307324	1.635927198406746
1.4024233318004982	1.8559073191730453	1.639403121289362
1.4039954431590187	1.8583422102736213	1.6428826423652827
1.4055675545175395	1.8607789766243858	1.646365764468706
1.4071396658760604	1.8632176260173399	1.6498524919838315
1.4087117772345812	1.8656581664445586	1.6533428300775186
1.4102838885931017	1.8681006057981935	1.6568367813185636
1.4118559999516225	1.8705449521704696	1.6603343506084205
1.4134281113101432	1.8729912135536886	1.6638355430508873
1.415000222668664	1.8754393980402264	1.6673403612626545
1.4165723340271847	1.8778895137225344	1.6708488105077048
1.4181444453857055	1.880341568693139	1.6743608958619098
1.419716556744226	1.8827955713446418	1.6778766201533442
1.421288668102747	1.8852515296697197	1.6813959909420721
1.4228607794612678	1.8877094520611248	1.6849190088233295
1.4244328908197883	1.8901693467116847	1.6884456790248128
1.426005002178309	1.8926312221143018	1.6919760068131324
1.42757711353683	1.895095086561954	1.6955099978565658
1.4291492248953506	1.8975609484476947	1.699047655095196
1.4307213362538713	1.9000288162646526	1.7025889838051111
1.432293447612392	1.902498698406031	1.7061339889591793
1.4338655589709128	1.9049706035651095	1.709682675777304
1.4354376703294336	1.907444540135243	1.7132350478952396
1.4370097816879543	1.9099205167098605	1.7167911104646527
1.438581893046475	1.9123985420824685	1.7203508742437286
1.4401540044049956	1.9148786246466474	1.7239143327539663
1.4417261157635166	1.9173607732960534	1.7274814965856646
1.4432982271220374	1.9198449967244182	1.7310523715587687
1.444870338480558	1.9223313037255487	1.7346269608087475
1.4464424498390787	1.9248197029933283	1.7382052703019708
1.4480145611975994	1.9273102033217142	1.7417873050202894
1.4495866725561202	1.9298028137047407	1.7453730710344493
1.451158783914641	1.9322975428365168	1.7489625715543775
1.4527308952731617	1.9347943998112274	1.7525558126112504
1.4543030066316824	1.9372933935231322	1.7561527994003763
1.4558751179902032	1.9397945328665678	1.7597535376395217
1.457447229348724	1.9422978268359454	1.7633580310844599
1.4590193407072447	1.9448032846257517	1.7669662858421602
1.4605914520657652	1.9473109150305496	1.7705783066814342
1.4621635634242862	1.9498207272449772	1.774194100125733
1.463735674782807	1.9523327302637488	1.7778136697316096
1.4653077861413275	1.9548469332816536	1.781437021353974
1.4668798974998483	1.9573633453935568	1.7850641602743968
1.468452008858369	1.9598819757943995	1.7886950918797002
1.4700241202168898	1.962402833579198	1.7923298222617228
1.4715962315754105	1.964925927843045	1.7959683548116467
1.4731683429339313	1.9674512678811087	1.799610695936562
1.474740454292452	1.9699788627886319	1.80325685058733
1.4763125656509728	1.9725087218609347	1.8069068251235878
1.4778846770094936	1.9750408542934126	1.810560622851395
1.4794567883680143	1.977575269181536	1.8142182501951134
1.4810288997265348	1.9801119758208519	1.8178797119216275
1.4826010110850556	1.9826509834069828	1.8215450133876356
1.4841731224435766	1.985192301035627	1.8252141607494428
1.485745233802097	1.9877359381025586	1.8288871572628291
1.4873173451606179	1.9902819035036277	1.8325640088066966
1.4888894565191386	1.9928302066347603	1.8362447205413297
1.4904615678776594	1.9953808565919575	1.8399292973931118
1.4920336792361801	1.997933862471297	1.8436177444879713
1.4936057905947009	2.000489233368932	1.8473100671558067
1.4951779019532216	2.003046978281092	1.8510062690351583
1.4967500133117424	2.005607106404082	1.8547063553950323
1.4983221246702632	2.008169626634283	1.8584103309708548
1.499894236028784	2.010734548068151	1.8621182029243488
1.5014663473873044	2.0133018794022193	1.8658299707020434
1.5030384587458252	2.0158716297330974	1.8695456420729377
1.5046105701043462	2.0184438077574685	1.8732652196560289
1.5061826814628667	2.021018422172094	1.8769887087967516
1.5077547928213875	2.0235954817738095	1.880716113214196
1.5093269041799082	2.0261749951595283	1.884447436873004
1.510899015538429	2.028756970926238	1.8881826838915978
1.5124711268969497	2.0313414173710034	1.8919218577623391
1.5140432382554705	2.033928343090964	1.895664962823007
1.5156153496139912	2.036517756083337	1.8994120008698023
1.5171874609725118	2.039109664845414	1.9031629762166136
1.5187595723310328	2.0417040772745634	1.90691789139825
1.5203316836895535	2.044301001368229	1.9106767495303667
1.521903795048074	2.0469004449239314	1.9144395534172203
1.5234759064065948	2.0495024157392665	1.9182063050980445
1.5250480177651158	2.0521069214119065	1.9219770071021323
1.5266201291236363	2.0547139692395997	1.925751661352101
1.528192240482157	2.0573235667201706	1.9295302705337174
1.5297643518406778	2.0599357209515183	1.9333128344816783
1.5313364631991986	2.062550438831621	1.937099355052398
1.5329085745577193	2.065167727258529	1.9408898334760614
1.53448068591624	2.0677875929303724	1.9446842704711553
1.5360527972747609	2.0704100421453546	1.9484826663445405
1.5376249086332814	2.0730350959017563	1.952285039033918
1.5391970199918024	2.0756627309979336	1.9560913527730959
1.5407691313503231	2.0782929680323203	1.9599016248553458
1.5423412427088437	2.0809258125034233	1.9637158544495645
1.5439133540673644	2.083561270009829	1.967534040269139
1.5454854654258854	2.0861993456501966	1.9713561807108162
1.547057576784406	2.088840044423265	1.9751822741139398
1.5486296881429267	2.0914833710278447	1.9790123176465544
1.5502017995014474	2.094129330262826	1.9828463095462727
1.551773910859968	2.0967779261271744	1.986684246935225
1.553346022218489	2.0994291626199306	1.9905261249005106
1.5549181335770097	2.102083044440212	1.9943719414257983
1.5564902449355302	2.1047395733872114	1.9982216903945424
1.558062356294051	2.107398753460199	2.002075367739992
1.559634467652572	2.11006058755852	2.0059329685826697
1.5612065790110927	2.112725080381596	2.0097944886074304
1.5627786903696133	2.1153922303289248	2.0136599194278304
1.564350801728134	2.1180620587000805	2.017529253263723
1.565922913086655	2.1207345334947125	2.021402479278721
1.5674950244451755	2.1234096701125473	2.0252796069209835
1.5690671358036963	2.1260874675533867	2.029162548927532
1.570639247162217	2.128767918917109	2.03304549093408
