0.0001	0.00012505656162161325	8.966722206838272e-9
0.0016721113585207378	0.00209108510832858	2.506628575577963e-6
0.0032442227170414754	0.0040571143834605096	9.435901820966318e-6
0.004816334075562214	0.006023145071987351	0.000020796631875019324
0.006388445434082951	0.007989177858770801	0.00003658893901081948
0.007960556792603688	0.009955213428775164	0.00005681275551678696
0.009532668151124427	0.011921252465868181	0.0000814680527596603
0.011104779509645165	0.013887295657121898	0.00011055479596113966
0.012676890868165902	0.015853343685813502	0.00014407294409012116
0.014249002226686638	0.017819397238426175	0.00018202244853800605
0.015821113585207377	0.019785456999449936	0.0002244032547195798
0.017393224943728115	0.021751523653382506	0.0002712153038655077
0.018965336302248854	0.023717597885730128	0.0003224585275075104
0.02053744766076959	0.025683680383008445	0.00037813285464934456
0.02210955901929033	0.02764977182774333	0.0004382382029614993
0.023681670377811066	0.029615872908471737	0.0005027744889766072
0.025253781736331804	0.03158198430774256	0.0005717416203505521
0.02682589309485254	0.033548106713117476	0.0006451394972834251
0.028398004453373277	0.035514240809171774	0.0007229680163968822
0.02997011581189402	0.03748038728249523	0.0008052270675880108
0.03154222717041476	0.03944654681769296	0.0008919165314409507
0.0331143385289355	0.04141272010138624	0.0009830362855685008
0.034686449887456235	0.04337890781921336	0.0010785862001391595
0.03625856124597697	0.0453451106568305	0.0011785661380390908
0.03783067260449771	0.04731132930091255	0.0012829759581345739
0.039402783963018446	0.04927756443815397	0.0013918155096447797
0.04097489532153918	0.051243816755269636	0.0015050846387210087
0.04254700668005992	0.053210086936995686	0.0016227831847698813
0.044119118038580665	0.05517637567109037	0.0017449109780352133
0.0456912293971014	0.05714268364533491	0.0018714678450201558
0.047263340755622135	0.05910901154453432	0.0020024536059787736
0.04883545211414288	0.0610753600575183	0.0021378680752406603
0.05040756347266361	0.06304172987114201	0.002277711056647899
0.05197967483118435	0.06500812167228702	0.0024219823533860713
0.05355178618970508	0.06697453614886205	0.0025706817593345336
0.055123897548225824	0.06894097398880392	0.002723809062461715
0.05669600890674656	0.07090743588007829	0.002881364044704246
0.0582681202652673	0.07287392250968064	0.0030433464800696947
0.05984023162378804	0.074840434566637	0.003209756141602508
0.06141234298230878	0.07680697274000482	0.0033805927886524827
0.06298445434082951	0.0787735377178739	0.0035558561793375067
0.06455656569935025	0.08074013018836718	0.003735546062904018
0.066128677057871	0.08270675084164149	0.00391966218489733
0.06770078841639172	0.08467340036688863	0.004108204283477702
0.06927289977491247	0.08664007945233598	0.004301172088340248
0.07084501113343321	0.08860678878924752	0.004498565326369068
0.07241712249195394	0.09057352906692458	0.004700383714568008
0.07398923385047468	0.09254030097470672	0.004906626968717982
0.07556134520899542	0.09450710520297256	0.005117294792161581
0.07713345656751615	0.09647394244414072	0.005332386886061739
0.07870556792603689	0.09844081338667048	0.005551902944821509
0.08027767928455763	0.10040771872406282	0.005775842657136433
0.08184979064307836	0.10237465914486116	0.006004205701577658
0.0834219020015991	0.10434163534365223	0.006236991754256652
0.08499401336011984	0.10630864801006698	0.006474200485142913
0.08656612471864057	0.10827569783678129	0.006715831556613882
0.08813823607716133	0.11024278551651695	0.006961884623797498
0.08971034743568206	0.11220991174604245	0.007212359336912596
0.0912824587942028	0.11417707720917382	0.007467255341184771
0.09285457015272354	0.11614428260277553	0.0077265722729192585
0.09442668151124427	0.11811152862376124	0.007990309763831657
0.09599879286976501	0.12007881595909477	0.008258467439343324
0.09757090422828575	0.12204614531579086	0.00853104491731086
0.09914301558680648	0.12401351738091605	0.008808041811059496
0.10071512694532722	0.1259809328415895	0.009089457726129084
0.10228723830384796	0.1279483924049839	0.00937529226456583
0.10385934966236869	0.1299158967583262	0.00966554501833192
0.10543146102088943	0.1318834465988987	0.009960215575840332
0.10700357237941016	0.13385104262403952	0.010259303519563504
0.1085756837379309	0.1358186855311438	0.010562808423111475
0.11014779509645165	0.13778637602766436	0.010870729855727285
0.11171990645497237	0.1397541147811126	0.011183067380754192
0.11329201781349311	0.14172190251905933	0.011499820554718555
0.11486412917201387	0.1436897399291357	0.011820988928146016
0.1164362405305346	0.1456576276990339	0.012146572045696724
0.11800835188905534	0.14762556654650805	0.012476569445378227
0.11958046324757608	0.1495935571493752	0.01281098065828698
0.12115257460609681	0.15156160022551596	0.013149805209780215
0.12272468596461755	0.1535296964628755	0.013493042618519442
0.12429679732313828	0.15549784656946436	0.013840692400832345
0.125868908681659	0.15746605123335913	0.01419275406045466
0.12744102004017974	0.15943431117270368	0.014549227100393771
0.1290131313987005	0.1614026270757096	0.014910111015093415
0.13058524275722122	0.1633709996506573	0.015275405291688426
0.13215735411574198	0.1653394295958967	0.01564510941459412
0.1337294654742627	0.16730791761984828	0.016019222858407928
0.13530157683278343	0.16927646442100372	0.016397745092800446
0.13687368819130416	0.1712450706979268	0.016780675583201378
0.13844579954982492	0.17321373715925437	0.01716801378701496
0.14001791090834564	0.175182464513697	0.017559759154957208
0.1415900222668664	0.17715125347004002	0.017955911133001223
0.14316213362538713	0.1791201047171442	0.018356469161978504
0.14473424498390786	0.18108901896394675	0.018761432671750723
0.14630635634242858	0.183057996929462	0.01917080109193845
0.14787846770094934	0.18502703931278247	0.0195845738424434
0.14945057905947007	0.18699614682307938	0.02000275033792535
0.15102269041799082	0.18896532015960393	0.02042532998829388
0.15259480177651158	0.19093456004168777	0.020852312194679364
0.15416691313503228	0.19290386716874394	0.0212836963546801
0.15573902449355304	0.19487324226026798	0.02171948185704772
0.15731113585207376	0.19684268601583832	0.022159668087790685
0.15888324721059452	0.1988121991451176	0.022604254423678753
0.16045535856911525	0.2007817823678531	0.023053240237193382
0.16202746992763598	0.20275143639387788	0.02350662489484684
0.1635995812861567	0.20472116192311146	0.02396440775675723
0.16517169264467746	0.20669095968556084	0.024426588175112944
0.1667438040031982	0.20866083038132102	0.02489316549844485
0.16831591536171894	0.2106307747205763	0.02536413906901648
0.16988802672023967	0.21260079343360072	0.025839508222187807
0.1714601380787604	0.2145708872207591	0.026319272286126596
0.17303224943728113	0.2165410567925079	0.026803430586676603
0.17460436079580188	0.218511302879396	0.02729198243970302
0.17617647215432264	0.22048162619206554	0.027784927157346786
0.17774858351284337	0.2224520274512528	0.028282264043154676
0.1793206948713641	0.22442250735778912	0.02878399239933185
0.18089280622988482	0.2263930666426015	0.029290111517168795
0.18246491758840558	0.22836370602671383	0.02980062068563441
0.1840370289469263	0.23033442622124728	0.03031551918253613
0.18560914030544706	0.23230522795742153	0.030834806287626228
0.1871812516639678	0.23427611193655543	0.03135848126685382
0.18875336302248852	0.23624707889006788	0.03188654338427627
0.19032547438100925	0.23821812954947869	0.03241899189774744
0.19189758573953	0.24018926461640933	0.03295582605834593
0.19346969709805073	0.24216048483258398	0.033497045110719006
0.19504180845657149	0.24413179089983017	0.034042648294478846
0.1966139198150922	0.24610318357007976	0.03459263484421287
0.19818603117361294	0.24807466354536964	0.03514700398423795
0.19975814253213367	0.2500462315578428	0.0357057549393087
0.20133025389065443	0.25201788833974886	0.03626888692240816
0.20290236524917518	0.2539896346034453	0.03683639914513473
0.2044744766076959	0.25596147109139794	0.037408290809293025
0.20604658796621664	0.2579333985261821	0.0379845611131982
0.20761869932473737	0.259905417630483	0.03856520924785262
0.20919081068325812	0.26187752913709733	0.03915023440012915
0.21076292204177885	0.2638497337889333	0.03973963574908099
0.2123350334002996	0.2658220322990119	0.04033341246857341
0.2139071447588203	0.26779442540046783	0.04093156372640838
0.21547925611734106	0.2697669138365501	0.04153408868647463
0.2170513674758618	0.27173949833062305	0.04214098650242573
0.21862347883438255	0.27371217962616695	0.04275225632698937
0.22019559019290327	0.2756849584467792	0.04336789730171366
0.22176770155142403	0.2776578355261749	0.043987908567536385
0.22333981290994473	0.27963081160818776	0.04461228925708573
0.22491192426846549	0.28160388742677106	0.04524103849582455
0.2264840356269862	0.2835770637259983	0.04587415540558865
0.22805614698550697	0.2855503412300641	0.046511639100547675
0.22962825834402772	0.28752372069328525	0.047153488692929436
0.23120036970254843	0.28949720284010133	0.047799703282871454
0.23277248106106918	0.29147078841507557	0.04845028196926704
0.2343445924195899	0.2934444781628957	0.04910522384456148
0.23591670377811066	0.2954182728283749	0.04976452799336592
0.2374888151366314	0.2973921731564525	0.050428193495527865
0.23906092649515215	0.2993661798721951	0.0510962194288316
0.24063303785367285	0.30134029374079685	0.051768604858626104
0.2422051492121936	0.303314515497581	0.052445348847893015
0.24377726057071433	0.30528884588800015	0.0531264504554607
0.2453493719292351	0.3072632856676375	0.053811908731170796
0.24692148328775582	0.30923783557220746	0.05450172272287509
0.24849359464627654	0.3112124963575565	0.05519589146511669
0.2500657060047973	0.3131872687696642	0.055894413996555085
0.25163781736331803	0.3151621535546437	0.05659728934387441
0.2532099287218388	0.31713715147874316	0.05730451652914848
0.2547820400803595	0.3191122632783459	0.05801609456968346
0.25635415143888024	0.32108748970997175	0.05873202247779633
0.257926262797401	0.32306283153027765	0.0594522992567309
0.2594983741559217	0.3250382894960585	0.0601769239069107
0.26107048551444245	0.3270138643542482	0.06090589542323377
0.2626425968729632	0.3289895568719202	0.061639212792973457
0.26421470823148396	0.3309653677962886	0.06237687499786506
0.26578681959000466	0.3329412978947089	0.06311888101564339
0.2673589309485254	0.33491734791467875	0.06386522981866884
0.2689310423070462	0.3368935186238388	0.06461592037171958
0.2705031536655669	0.33886981078997386	0.06537095163414347
0.2720752650240876	0.34084622515101315	0.06613032256220414
0.27364737638260833	0.34282276249503174	0.06689403210243026
0.2752194877411291	0.3447994235802512	0.06766207919817932
0.27679159909964984	0.34677620915503987	0.06843446278848715
0.2783637104581706	0.3487531200079148	0.0692111818018603
0.2799358218166913	0.3507301568875417	0.069992235167756
0.28150793317521206	0.3527073205727361	0.07077762180635908
0.2830800445337328	0.3546846118224642	0.07156734062964101
0.28465215589225357	0.3566620314058436	0.07236139055155492
0.28622426725077427	0.35863958011214436	0.07315977047479917
0.28779637860929497	0.3606172586907895	0.07396247929498706
0.2893684899678157	0.36259506792135615	0.07476951590746249
0.2909406013263365	0.3645730085835764	0.07558087919938247
0.2925127126848572	0.36655108143733767	0.0763965680522831
0.29408482404337793	0.36852928727268425	0.07721658134177564
0.2956569354018987	0.3705076268598176	0.07804091794015885
0.29722904676041945	0.37248610097909735	0.07886957671002005
0.29880115811894015	0.3744647104110423	0.07970255651180073
0.3003732694774609	0.37644345592633094	0.08053985620217222
0.30194538083598166	0.37842233830580263	0.08138147462699169
0.3035174921945024	0.38040135834045824	0.08222741063116533
0.30508960355302317	0.382380516811461	0.08307766305193219
0.3066617149115438	0.38435981449013734	0.08393223072194159
0.30823382627006457	0.3863392521779778	0.08479111246691248
0.3098059376285853	0.3883188306566378	0.08565430711113234
0.3113780489871061	0.39029855070793856	0.08652181346962187
0.3129501603456268	0.39227841311386785	0.08739363035223038
0.31452227170414754	0.39425841868658085	0.08826975656324841
0.3160943830626683	0.39623856818840086	0.08915019090461221
0.31766649442118905	0.39821886243182064	0.09003493217010121
0.31923860577970975	0.4001993021995024	0.09092397914780385
0.3208107171382305	0.40217988829427953	0.09181733062394529
0.32238282849675126	0.4041606214991569	0.09271498537435915
0.32395493985527196	0.40614150260731163	0.0936169421752421
0.32552705121379266	0.40812253243209445	0.09452319979143584
0.3270991625723134	0.41010371176703003	0.09543375698713538
0.3286712739308342	0.41208504140581786	0.09634861251807897
0.33024338528935493	0.4140665221523335	0.0972677651371524
0.3318154966478757	0.4160481548106291	0.09819121358983343
0.3333876080063964	0.41802994017493406	0.09911895661775598
0.33495971936491714	0.4200118790596563	0.10005099295701489
0.3365318307234379	0.4219939722693827	0.10098732133913012
0.33810394208195865	0.4239762206088802	0.1019279404899511
0.33967605344047935	0.4259586248730967	0.10287284912738137
0.34124816479900005	0.4279411858971615	0.10382204596936404
0.3428202761575208	0.42992390446638656	0.10477552972356068
0.34439238751604156	0.4319067814062671	0.10573329909417115
0.34596449887456227	0.4338898175324824	0.10669535278127988
0.347536610233083	0.43587301365089687	0.10766168948006961
0.3491087215916038	0.43785637057756066	0.10863230788087268
0.35068083295012453	0.4398398891287107	0.10960720666306054
0.3522529443086453	0.4418235701207712	0.11058638450270523
0.353825055667166	0.44380741438035487	0.11156984008296403
0.35539716702568674	0.4457914227242636	0.11255757207289128
0.3569692783842075	0.4477755959694891	0.11354957912159032
0.3585413897427282	0.4497599349532141	0.11454585990321517
0.3601135011012489	0.45174444048281287	0.11554641305815103
0.36168561245976966	0.45372911339585226	0.11655123724899437
0.3632577238182904	0.45571395451009256	0.11756033110114489
0.36482983517681117	0.4576989646534878	0.11857369326875439
0.36640194653533187	0.4596841446641875	0.11959132236451399
0.3679740578938526	0.4616694953705368	0.12061321703744471
0.3695461692523734	0.4636550176010775	0.1216393759043427
0.37111828061089414	0.46564071219454894	0.12266979758023396
0.37269039196941484	0.4676265799898887	0.12370448066562423
0.3742625033279356	0.46961262180623375	0.12474342379214962
0.3758346146864563	0.4715988385029208	0.1257866255540608
0.37740672604497705	0.47358523089948745	0.12683408453674172
0.3789788374034978	0.4755717998456731	0.12788579934212535
0.3805509487620185	0.4775585461914196	0.1289417685582638
0.38212306012053926	0.479545470766872	0.13000199077469107
0.38369517147906	0.48153257442237957	0.13106646455314847
0.38526728283758077	0.4835198580084966	0.13213518848729483
0.38683939419610147	0.48550732236598326	0.1332081611253005
0.3884115055546222	0.4874949683458062	0.13428538104357
0.389983616913143	0.48948279679913975	0.13536684678914454
0.39155572827166374	0.4914708085873663	0.1364525569334793
0.3931278396301844	0.4934590045420777	0.13754251001292625
0.39469995098870514	0.4954473855450755	0.13863670456892005
0.3962720623472259	0.4974359524283722	0.13973513914442312
0.39784417370574665	0.49942470606419187	0.14083781227124312
0.39941628506426735	0.5014136473149711	0.14194472249121126
0.4009883964227881	0.5034027770233597	0.14305586831149006
0.40256050778130886	0.5053920960722216	0.1441712482667714
0.4041326191398296	0.5073816053146358	0.14529086085974105
0.4057047304983504	0.509371305623897	0.14641470461015108
0.4072768418568711	0.5113611978635164	0.14754277801852303
0.40884895321539183	0.513351282897223	0.14867507958017112
0.41042106457391253	0.5153415615989635	0.14981160780605612
0.4119931759324333	0.5173320348329041	0.15095236117935992
0.413565287290954	0.5193227034934309	0.15209733818875956
0.41513739864947474	0.5213135684351506	0.15324653731058172
0.4167095100079955	0.5233046305428918	0.15439995703009546
0.41828162136651625	0.5252958907017049	0.15555759581675666
0.41985373272503695	0.527287349776864	0.15671945214115968
0.4214258440835577	0.5292790086538672	0.15788552446087198
0.42299795544207847	0.5312708682284374	0.15905581124076076
0.4245700668005992	0.5332629293665232	0.1602303109336913
0.4261421781591199	0.5352551929642999	0.16140902198905316
0.4277142895176406	0.53724765990817	0.16259194285536777
0.4292864008761614	0.5392403310947641	0.16377907196985342
0.43085851223468213	0.5412332074009422	0.16497040776544925
0.4324306235932029	0.5432262897337936	0.16616594868263582
0.4340027349517236	0.5452195789806388	0.16736569314224245
0.43557484631024435	0.5472130760290294	0.16856963956930976
0.4371469576687651	0.5492067817967494	0.16977778638143018
0.43871906902728586	0.5512006971718162	0.1709901319980891
0.44029118038580656	0.5531948230624808	0.17220667481037527
0.4418632917443273	0.5551891603572293	0.1734274132480273
0.44343540310284807	0.5571837099747832	0.1746523456954977
0.44500751446136877	0.5591784728241004	0.1758814705472364
0.44657962581988947	0.5611734498043763	0.1771147862044786
0.4481517371784102	0.5631686418250443	0.17835229105742034
0.449723848536931	0.5651640497957765	0.17959398347300556
0.45129595989545174	0.5671596746464849	0.18083986184622852
0.45286807125397244	0.569155517287322	0.18208992454103715
0.4544401826124932	0.5711515786186819	0.18334416993693461
0.45601229397101395	0.5731478595812005	0.184602596383638
0.4575844053295347	0.5751443610757571	0.18586520226783737
0.45915651668805546	0.5771410840434744	0.18713198591393845
0.46072862804657616	0.5791380294057202	0.18840294570571586
0.46230073940509686	0.5811351980741075	0.18967807997104907
0.4638728507636176	0.5831325910004957	0.19095738706947799
0.4654449621221384	0.5851302090969915	0.19224086532870252
0.4670170734806591	0.587128053295949	0.19352851309173574
0.46858918483917983	0.5891261245399717	0.19482032868093238
0.4701612961977006	0.5911244237619123	0.19611631044536587
0.47173340755622134	0.5931229518948741	0.19741645668587166
0.47330551891474204	0.5951217098922114	0.19872076573628644
0.4748776302732628	0.5971206986775307	0.20002923590104066
0.47644974163178355	0.5991199192046912	0.2013418655036922
0.4780218529903043	0.6011193724178061	0.20265865284223017
0.47959396434882506	0.6031190592712428	0.20397959621526718
0.4811660757073457	0.605118980699624	0.20530469393917677
0.48273818706586646	0.6071191376578288	0.20663394428988452
0.4843102984243872	0.6091195311009928	0.20796734557647437
0.485882409782908	0.61112016199451	0.20930489607085456
0.4874545211414287	0.6131210312840323	0.21064659407198486
0.48902663249994943	0.6151221399354715	0.2119924378354577
0.4905987438584702	0.6171234889049995	0.21334242566395983
0.49217085521699094	0.6191250791590488	0.21469655580322822
0.49374296657551164	0.6211269116543144	0.21605482653211694
0.4953150779340324	0.6231289873777536	0.21741723611870417
0.4968871892925531	0.6251313072765873	0.2187837828207182
0.49845930065107386	0.6271338723383003	0.22015446489269472
0.5000314120095946	0.6291366835306433	0.22152928057722743
0.5016035233681153	0.6311397418316321	0.22290822813764863
0.5031756347266361	0.6331430482095499	0.22429130579948642
0.5047477460851568	0.6351466036629467	0.2256785118233398
0.5063198574436776	0.6371504091506416	0.2270698444349028
0.5078919688021982	0.6391544656817225	0.22846530186514882
0.509464080160719	0.6411587742255473	0.22986488234831284
0.5110361915192397	0.6431633357717448	0.23126858410467807
0.5126083028777605	0.6451681513102153	0.2326764053598961
0.5141804142362812	0.6471732218511316	0.23408834433422993
0.515752525594802	0.6491785483649395	0.23550439923998512
0.5173246369533228	0.6511841318623595	0.236924568281411
0.5188967483118434	0.6531899733443859	0.23834884967844083
0.5204688596703643	0.6551960738122897	0.23977724162094238
0.5220409710288849	0.6572024342576179	0.2412097423176708
0.5236130823874056	0.6592090557021948	0.242646349962568
0.5251851937459264	0.6612159391381227	0.24408706274115513
0.5267573051044471	0.663223085587783	0.24553187885742622
0.5283294164629679	0.6652304960638369	0.24698079647877552
0.5299015278214886	0.6672381715892257	0.2484338138057892
0.5314736391800093	0.6692461131571724	0.24989092900757898
0.5330457505385301	0.6712543218011819	0.25135214025635616
0.5346178618970509	0.6732627985550426	0.2528174457303246
0.5361899732555716	0.6752715444228258	0.2542868435873993
0.5377620846140924	0.6772805604388878	0.2557603320111751
0.539334195972613	0.6792898476378706	0.2572379091399962
0.5409063073311338	0.6812994070447017	0.2587195731517317
0.5424784186896545	0.683309239704596	0.26020532219153136
0.5440505300481752	0.685319346633056	0.2616951544118125
0.545622641406696	0.6873297288858732	0.26318906795936653
0.5471947527652167	0.6893403874891278	0.2646870609807425
0.5487668641237375	0.6913513234991908	0.266189131617465
0.5503389754822582	0.6933625379627238	0.2676952780077992
0.5519110868407789	0.6953740319166806	0.26920549828508894
0.5534831981992997	0.6973858064183072	0.2707197905883139
0.5550553095578205	0.6993978625251434	0.2722381530354322
0.5566274209163412	0.7014102012850227	0.27376058375359474
0.5581995322748619	0.7034228237560742	0.2752870808675065
0.5597716436333826	0.7054357310067225	0.2768176424989313
0.5613437549919034	0.7074489240956889	0.2783522667621592
0.5629158663504241	0.7094624040819921	0.2798909517647856
0.5644879777089448	0.711476172044949	0.28143369563042714
0.5660600890674656	0.7134902290541756	0.28298049645011086
0.5676322004259863	0.7155045761695877	0.28453135233704313
0.5692043117845071	0.7175192144814017	0.28608626137811927
0.5707764231430278	0.7195341450601351	0.2876452216937378
0.5723485345015485	0.7215493689966086	0.2892082313591325
0.5739206458600693	0.7235648873619447	0.29077528847933043
0.57549275721859	0.7255807012475706	0.29234639112678146
0.5770648685771107	0.7275968117352177	0.29392153740738003
0.5786369799356315	0.729613219936923	0.29550072538835465
0.5802090912941522	0.7316299269250296	0.2970839531604538
0.581781202652673	0.7336469338121877	0.2986712187918187
0.5833533140111937	0.7356642416813551	0.30026252037039913
0.5849254253697144	0.7376818516457986	0.30185785594793935
0.5864975367282352	0.7396997648190939	0.3034572236121681
0.5880696480867559	0.7417179822851274	0.30506062141231705
0.5896417594452767	0.7437365051780961	0.30666804743210346
0.5912138708037974	0.745755334592509	0.3082794997105319
0.592785982162318	0.7477744716531874	0.309894976326357
0.5943580935208389	0.7497939174852664	0.3115144753160659
0.5959302048793595	0.7518136731941948	0.3131379947368343
0.5975023162378803	0.7538337399157368	0.31476553265154705
0.5990744275964011	0.755854118765972	0.3163970870949514
0.6006465389549218	0.7578748108912966	0.3180326561082054
0.6022186503134426	0.7598958174184244	0.3196722377539816
0.6037907616719633	0.761917139474387	0.3213158300484221
0.605362873030484	0.763938778206535	0.32296343104283964
0.6069349843890048	0.7659607347525387	0.324615038763577
0.6085070957475255	0.7679830102503888	0.3262706512456903
0.6100792071060464	0.7700056058583978	0.32793026652447954
0.611651318464567	0.7720285227251995	0.3295938826224986
0.6132234298230876	0.774051761999751	0.3312614975739141
0.6147955411816085	0.7760753248313331	0.33293310937671583
0.6163676525401292	0.7780992123895508	0.33460871607371145
0.6179397638986499	0.7801234258343346	0.33628831568056433
0.6195118752571707	0.7821479663259404	0.3379719062081229
0.6210839866156914	0.7841728350449517	0.3396594856595891
0.6226560979742122	0.786198033142279	0.3413510520722051
0.6242282093327329	0.7882235617991615	0.3430466034309031
0.6258003206912536	0.7902494222071673	0.34474613774570073
0.6273724320497744	0.7922756155181947	0.3464496530304026
0.6289445434082951	0.7943021429444723	0.348157147284306
0.6305166547668158	0.7963290056585608	0.3498686185003165
0.6320887661253366	0.7983562048433523	0.35158406468426373
0.6336608774838572	0.8003837416920732	0.35330348382335613
0.6352329888423781	0.8024116174182825	0.35502687392611154
0.6368051002008988	0.8044398332058746	0.35675423297666126
0.6383772115594195	0.8064683902490792	0.35848555896008716
0.6399493229179403	0.8084972897724618	0.3602208498696199
0.641521434276461	0.8105265329709255	0.36196010368625275
0.6430935456349818	0.8125561210597103	0.36370331839223746
0.6446656569935025	0.8145860552543956	0.3654504919789532
0.6462377683520232	0.8166163367708997	0.3672016224244317
0.6478098797105439	0.818646966835481	0.36895670770915606
0.6493819910690647	0.8206779466647386	0.3707157457970396
0.6509541024275853	0.8227092774856136	0.3724787346677711
0.6525262137861062	0.8247409605353894	0.3742456722934051
0.6540983251446268	0.8267729970416924	0.3760165566531609
0.6556704365031477	0.8288053882524931	0.3777913857181583
0.6572425478616684	0.8308381353961066	0.3795701574400825
0.6588146592201891	0.832871239731194	0.38135286979170824
0.6603867705787099	0.8349047024967621	0.38313952074539054
0.6619588819372306	0.836938524932165	0.38493010824991597
0.6635309932957514	0.8389727083171048	0.38672463028440973
0.665103104654272	0.841007253891632	0.388523084787318
0.6666752160127928	0.8430421629261465	0.39032546973620075
0.6682473273713135	0.8450774366713985	0.39213178306770613
0.6698194387298343	0.8471130764184889	0.3939420227478081
0.6713915500883549	0.8491490834188704	0.3957561867402654
0.6729636614468758	0.8511854589543485	0.3975742729718393
0.6745357728053964	0.8532222043070813	0.3993962794147129
0.6761078841639173	0.8552593207495811	0.401222204009457
0.677679995522438	0.8572968095847155	0.4030520447001544
0.6792521068809587	0.859334672085707	0.4048857994381918
0.6808242182394795	0.8613729095561347	0.4067234661715969
0.6823963295980001	0.8634115232899346	0.40856504284240974
0.683968440956521	0.8654505145814008	0.4104105273873166
0.6855405523150416	0.8674898847351857	0.41225991775576276
0.6871126636735624	0.8695296350763014	0.4141132118840842
0.6886847750320831	0.8715697668901199	0.4159704077105
0.6902568863906039	0.8736102815123742	0.4178315031699316
0.6918289977491245	0.8756511802491589	0.4196964962054476
0.6934011091076454	0.8776924644269309	0.4215653847455893
0.694973220466166	0.8797341353825107	0.4234381667434587
0.6965453318246869	0.8817761944230822	0.4253148401087709
0.6981174431832076	0.8838186428961945	0.4271954027883262
0.6996895545417282	0.8858614821397617	0.42907985270303667
0.7012616659002491	0.8879047135020648	0.43096818779234997
0.7028337772587697	0.889948338311751	0.4328604059886481
0.7044058886172906	0.8919923579278358	0.4347565052221901
0.7059779999758112	0.894036773699703	0.43665648340185387
0.707550111334332	0.8960815869771057	0.43856033847696874
0.7091222226928527	0.8981267991401669	0.44046806836517666
0.7106943340513735	0.9001724115393807	0.4423796709958777
0.7122664454098941	0.9022184255456124	0.44429514429566946
0.713838556768415	0.9042648425400994	0.4462144861716322
0.7154106681269357	0.9063116638844531	0.44813769510690343
0.7169827794854564	0.9083588909606575	0.4500647679424715
0.7185548908439772	0.9104065251710718	0.4519957031402092
0.7201270022024978	0.9124545687884305	0.4539304986143562
0.7216991135610187	0.914503021405844	0.4558691522905701
0.7232712249195393	0.9165518853367995	0.45781166209322516
0.7248433362780601	0.918601161955162	0.45975802594359255
0.7264154476365808	0.9206508526851742	0.4617082417462891
0.7279875589951016	0.9227009589314586	0.463662307441736
0.7295596703536223	0.9247514821090173	0.46562022093360717
0.7311317817121431	0.9268024236232322	0.46758198015280855
0.7327038930706637	0.9288537849098677	0.4695475830109439
0.7342760044291845	0.9309055673950695	0.4715170274281004
0.7358481157877053	0.932957772495366	0.47349031132387115
0.737420227146226	0.9350104016576699	0.47546743260995433
0.7389923385047468	0.9370634563192772	0.47744838920531774
0.7405644498632674	0.9391169379178697	0.4794331790397164
0.7421365612217883	0.9411708479015145	0.4814218000202962
0.7437086725803089	0.9432251877186655	0.4834142500549013
0.7452807839388297	0.9452799588381638	0.4854105270857859
0.7468528952973504	0.9473351627092385	0.48741062900681936
0.7484250066558712	0.9493908008015071	0.4894145537384904
0.749997118014392	0.9514468745849771	0.4914222992162058
0.7515692293729126	0.9535033855300461	0.493433863337692
0.7531413407314334	0.9555603351175025	0.4954492440278729
0.7547134520899541	0.9576177248185263	0.4974684392074521
0.7562855634484749	0.9596755561346902	0.4994914467884226
0.7578576748069956	0.96173383055796	0.5015182646985912
0.7594297861655164	0.9637925495706954	0.5035488908442205
0.761001897524037	0.9658517146956506	0.5055833231491482
0.7625740088825579	0.9679113274159755	0.507621559529458
0.7641461202410785	0.9699713892452158	0.5096635979119843
0.7657182315995993	0.9720319017073141	0.5117094362186392
0.76729034295812	0.9740928663266109	0.5137590723459716
0.7688624543166407	0.9761542846078446	0.515812504249435
0.7704345656751616	0.978216158096153	0.517869729820376
0.7720066770336822	0.9802784883070732	0.5199307469961579
0.773578788392203	0.9823412768065433	0.5219955536990536
0.7751508997507237	0.9844045251109025	0.5240641478439289
0.7767230111092445	0.9864682347868918	0.5261365273553246
0.7782951224677651	0.988532407371655	0.5282126901652583
0.779867233826286	0.9905970444327394	0.5302926341891953
0.7814393451848066	0.9926621475280965	0.5323763573705154
0.7830114565433275	0.9947277182260822	0.5344638576120294
0.7845835679018481	0.9967937580954587	0.5365551328568431
0.7861556792603688	0.9988602687253938	0.5386501810189899
0.7877277906188896	1.000927251675463	0.5407490000425801
0.7892999019774103	1.0029947085656494	0.5428515878604558
0.7908720133359312	1.0050626409563443	0.5449579423855567
0.7924441246944518	1.0071310504583484	0.5470680615630797
0.7940162360529726	1.009199938672872	0.5491819433134753
0.7955883474114933	1.011269307211537	0.551299585593061
0.7971604587700141	1.0133391576763757	0.5534209863137269
0.7987325701285347	1.015409491689833	0.5555461434283137
0.8003046814870556	1.0174803108847663	0.5576750548721792
0.8018767928455762	1.019551616874447	0.5598077185772529
0.803448904204097	1.02162341129256	0.5619441324776251
0.8050210155626177	1.023695695783206	0.5640842945366695
0.8065931269211384	1.0257684719909006	0.5662282026799672
0.8081652382796592	1.0278417415605763	0.5683758548596146
0.8097373496381799	1.0299155061475826	0.5705272490116192
0.8113094609967008	1.0319897674176868	0.5726823830970922
0.8128815723552214	1.0340645270270745	0.5748412550634883
0.8144536837137422	1.036139786642351	0.577003862852064
0.8160257950722629	1.0382155479505408	0.5791702044105265
0.8175979064307837	1.04029181262909	0.5813402777119421
0.8191700177893043	1.0423685823558655	0.5835140806905438
0.8207421291478251	1.044445858839156	0.5856916113233417
0.8223142405063458	1.046523643757674	0.587872867555113
0.8238863518648666	1.048601938830554	0.5900578473506995
0.8254584632233873	1.0506807457573561	0.5922465486753374
0.827030574581908	1.0527600662680645	0.5944389694867689
0.8286026859404289	1.054839902053089	0.5966351077605148
0.8301747972989495	1.056920254863266	0.5988349614626423
0.8317469086574704	1.059001126419859	0.6010385285492169
0.833319020015991	1.0610825184645587	0.6032458070188874
0.8348911313745118	1.0631644327394847	0.6054567948185203
0.8364632427330325	1.0652468709871854	0.6076714899449431
0.8380353540915532	1.067329834960639	0.6098898903766964
0.8396074654500739	1.0694133264332544	0.612111994082503
0.8411795768085947	1.0714973471588716	0.6143377990490326
0.8427516881671154	1.0735818988917623	0.6165673032669357
0.8443237995256362	1.0756669835166308	0.6188005047247972
0.8458959108841569	1.0777526026586155	0.621037401412726
0.8474680222426776	1.0798387581632873	0.6232779913212012
0.8490401336011985	1.0819254518766532	0.6255222724487124
0.8506122449597191	1.0840126855451548	0.6277702427863316
0.8521843563182399	1.0861004610156697	0.6300219003459255
0.8537564676767606	1.0881887801355123	0.6322772431205934
0.8553285790352813	1.090277644652435	0.6345362691292209
0.8569006903938021	1.0923670563146273	0.6367989763657976
0.8584728017523228	1.0944570171707184	0.6390653628538001
0.8600449131108435	1.0965475289697768	0.6413354265944006
0.8616170244693643	1.0986385934613105	0.643609165624436
0.863189135827885	1.1007302124952696	0.6458865779460707
0.8647612471864058	1.1028223881220445	0.6481676615943945
0.8663333585449265	1.1049151220924682	0.6504524145841053
0.8679054699034472	1.1070084161578178	0.6527408349523056
0.8694775812619681	1.1091022723698116	0.6550329207344995
0.8710496926204887	1.1111966925806145	0.657328669958032
0.8726218039790093	1.1132916786428353	0.6596280806692314
0.8741939153375302	1.1153872324095282	0.6619311509088293
0.8757660266960509	1.117483355834194	0.6642378787208065
0.8773381380545717	1.1195800507707807	0.6665482621470269
0.8789102494130924	1.121677319273684	0.6688622992460811
0.8804823607716131	1.123775163197747	0.6711799880797386
0.8820544721301339	1.1258735843982632	0.6735013266968377
0.8836265834886546	1.127972584830975	0.6758263131701814
0.8851986948471754	1.130072166552075	0.678154945552068
0.8867708062056961	1.132172331318207	0.6804872219231441
0.8883429175642168	1.134273081286467	0.6828231403494178
0.8899150289227375	1.1363744183144027	0.6851626989238484
0.8914871402812583	1.138476344460015	0.6875058957101674
0.893059251639779	1.140578861481759	0.6898527287939829
0.8946313629982998	1.142681971638543	0.6922031962825191
0.8962034743568205	1.1447856766897315	0.6945572962429974
0.8977755857153413	1.1468899787951445	0.6969150268004795
0.899347697073862	1.1489948799150578	0.6992763860245664
0.9009198084323827	1.1511003820102048	0.7016413720541227
0.9024919197909035	1.1532064871417762	0.7040099829692014
0.9040640311494242	1.1553131973714212	0.7063822169000841
0.9056361425079449	1.1574205145612482	0.7087580719580961
0.9072082538664656	1.1595284409738247	0.7111375462741014
0.9087803652249864	1.1616369785721794	0.71352063796093
0.9103524765835072	1.163746129419801	0.7159073451531531
0.9119245879420279	1.1658558954806404	0.7182976659941619
0.9134966993005486	1.167966279019111	0.7206915986202402
0.9150688106590694	1.1700772819000884	0.7230891411673321
0.9166409220175901	1.1721889063889128	0.7254902918010151
0.9182130333761109	1.1743011544513877	0.7278950486589096
0.9197851447346316	1.1764140281537823	0.7303034099108013
0.9213572560931523	1.1785275297628302	0.7327153737158625
0.9229293674516731	1.180641661345733	0.7351309382443784
0.9245014788101937	1.182756424970157	0.7375501016672862
0.9260735901687145	1.184871822704238	0.739972862166627
0.9276457015272352	1.1869878569165788	0.7423992179239788
0.929217812885756	1.1891045294762508	0.7448291671167017
0.9307899242442768	1.1912218426527958	0.7472627079558075
0.9323620356027975	1.193339798716225	0.7496998386392695
0.9339341469613182	1.1954583997370203	0.75214055735374
0.935506258319839	1.1975776477861353	0.7545848623264009
0.9370783696783597	1.199697545234995	0.7570327517658023
0.9386504810368805	1.2018180941554981	0.759484223892503
0.9402225923954012	1.2039392968200153	0.7619392845379996
0.9417947037539218	1.2060611554013922	0.7643979167901013
0.9433668151124427	1.2081836721729484	0.766860126424618
0.9449389264709633	1.210306849308479	0.7693259116849833
0.9465110378294841	1.2124306889822547	0.7717952708242155
0.9480831491880048	1.2145551934690224	0.7742682020901623
0.9496552605465256	1.216680365144007	0.776744703739308
0.9512273719050464	1.2188062060829101	0.7792247740376789
0.9527994832635671	1.2209327186619117	0.7817084112775656
0.9543715946220878	1.2230599137576719	0.784195613715909
0.9559437059806086	1.225187776547329	0.7866863796348751
0.9575158173391293	1.2273163177085025	0.789180707347179
0.9590879286976501	1.2294455397192918	0.7916785951268921
0.9606600400561708	1.231575444758279	0.7941800412866316
0.9622321514146914	1.233706035204527	0.7966850441428245
0.9638042627732123	1.2358373134375824	0.7991936019928834
0.9653763741317329	1.2379692816374746	0.8017057131738469
0.9669484854902537	1.2401019422847173	0.8042213760167573
0.9685205968487745	1.2422352976603084	0.8067405888488695
0.9700927082072952	1.2443693502457314	0.8092633500243974
0.971664819565816	1.246504102222955	0.8117896578742173
0.9732369309243367	1.2486395560744348	0.814319510762595
0.9748090422828574	1.2507757142831135	0.8168529070563457
0.9763811536413782	1.2529125790324216	0.8193898451296563
0.9779532649998989	1.2550501529062768	0.8219303233507045
0.9795253763584195	1.2571884382890868	0.8244743400996748
0.9810974877169404	1.2593274375657484	0.8270218937758717
0.982669599075461	1.2614671531216488	0.8295729827797745
0.9842417104339819	1.2636075875426647	0.8321276055142213
0.9858138217925025	1.265748743115166	0.8346857603834802
0.9873859331510233	1.2678906225260127	0.8372474458241642
0.988958044509544	1.2700332279625586	0.8398126602506231
0.9905301558680648	1.2721765621126497	0.8423814021033149
0.9921022672265856	1.2743206274646264	0.8449536698291173
0.9936743785851062	1.2764654264073232	0.8475294618787188
0.995246489943627	1.2786109615300694	0.8501087767053351
0.9968186013021477	1.2807572353226897	0.852691612781027
0.9983907126606685	1.2829042503755055	0.855277968581752
0.9999628240191891	1.2850520091793338	0.8578678425821662
1.0015349353777099	1.2872005142254903	0.8604612332809677
1.0031070467362306	1.2893497681057877	0.8630581391756847
1.0046791580947514	1.2914997735125373	0.8656585587776486
1.0062512694532721	1.2936505328385495	0.8682624905871794
1.007823380811793	1.2958020487771345	0.8708699331494731
1.0093954921703137	1.2979543240221028	0.8734808849766337
1.0109676035288344	1.3001073609677654	0.8760953446155715
1.0125397148873552	1.302261162408935	0.8787133106347081
1.014111826245876	1.3044157308409268	0.8813347815613415
1.0156839376043965	1.3065710690595573	0.883959755986953
1.0172560489629174	1.3087271795611475	0.8865882324728946
1.018828160321438	1.3108840651425215	0.889220209613454
1.0204002716799587	1.3130417284010079	0.8918556860019622
1.0219723830384795	1.3152001720344404	0.8944946602355107
1.0235444943970002	1.3173593986411574	0.8971371309228632
1.025116605755521	1.3195194111200048	0.8997830966918018
1.0266887171140417	1.321680212070334	0.9024325561838831
1.0282608284725625	1.323841804192004	0.9050855080125249
1.0298329398310833	1.3260041902853816	0.9077419508500305
1.031405051189604	1.328167373151342	0.9104018833450406
1.0329771625481246	1.3303313553912692	0.9130653041730511
1.0345492739066455	1.3324961398070572	0.9157322120024006
1.0361213852651663	1.3346617293011094	0.9184026055351722
1.0376934966236868	1.3368281265763404	0.9210764834516358
1.0392656079822076	1.3389953345361756	0.9237538444758167
1.0408377193407286	1.3411633557845524	0.9264346683948934
1.042409830699249	1.3433321934259208	0.9291189916149482
1.0439819420577698	1.3455018499652434	0.9318067941139887
1.0455540534162906	1.3476723286079961	0.9344980746423251
1.0471261647748111	1.3498436319601692	0.9371928319613217
1.048698276133332	1.3520157629282674	0.9398910648472462
1.0502703874918529	1.3541887245193107	0.9425927720732815
1.0518424988503736	1.3563625195408344	0.9452979524379159
1.0534146102088942	1.3585371509008908	0.9480066047287823
1.0549867215674151	1.3607126215080483	0.9507187277765572
1.0565588329259359	1.3628889343713928	0.9534343203836962
1.0581309442844564	1.3650660923005282	0.9561533814041467
1.0597030556429772	1.3672440984055771	0.9588759096635904
1.0612751670014982	1.369422955597181	0.9616019040395892
1.0628472783600187	1.3716026667865007	0.9643313633812814
1.0644193897185394	1.3737832349852175	0.9670642865795902
1.0659915010770602	1.3759646633055325	0.9698006725184575
1.0675636124355807	1.3781469546601692	0.9725405201099792
1.0691357237941017	1.3803301120623719	0.9752838282538445
1.0707078351526225	1.3825141386259077	0.9780305958944825
1.0722799465111432	1.3846990373650663	0.9807808219454438
1.0738520578696638	1.3868848112946606	0.9835345053780461
1.0754241692281847	1.3890714636300279	0.9862916451334905
1.0769962805867055	1.391258997387029	0.9890522402092936
1.078568391945226	1.3934474156820509	0.9918162895724633
1.0801405033037468	1.395636721632005	0.9945837922220018
1.0817126146622675	1.3978269183543295	0.9973547471695413
1.0832847260207883	1.4000180089669885	1.000129153450309
1.084856837379309	1.4022099966884731	1.0029070100848323
1.0864289487378298	1.404402861537803	1.0056883161320673
1.0880010600963503	1.4065966527345253	1.008473070641173
1.0895731714548713	1.4087913505987155	1.0112612726934491
1.091145282813392	1.4109869583509789	1.0140529213796827
1.0927173941719128	1.4131834791124505	1.0168480157947908
1.0942895055304334	1.4153809162047948	1.01964655504828
1.0958616168889543	1.4175792728502075	1.0224485382740358
1.097433728247475	1.4197785523714157	1.0252539646053163
1.0990058396059956	1.4219787579916785	1.0280628331938484
1.1005779509645164	1.4241798929347862	1.0308751432151941
1.1021500623230371	1.426381960725063	1.0336908938439597
1.103722173681558	1.428584964387366	1.0365100842783943
1.1052942850400787	1.4307889075470863	1.039332713731659
1.1068663963985994	1.4329937933301489	1.04215878141398
1.10843850775712	1.4351996252630141	1.0449882865598041
1.110010619115641	1.4374064066726777	1.0478212284357542
1.1115827304741617	1.4396141409866705	1.0506576063002855
1.1131548418326824	1.4418228314330603	1.0534974194252342
1.114726953191203	1.4440324816404522	1.056340667093289
1.1162990645497237	1.4462430950379876	1.059187348697787
1.1178711759082447	1.4484546749553466	1.0620374634265726
1.1194432872667652	1.4506672249227472	1.0648910107173122
1.121015398625286	1.4528807484709463	1.0677479899130111
1.1225875099838067	1.4550952490312408	1.0706084003543093
1.1241596213423275	1.4573107301354662	1.073472241389678
1.1257317327008483	1.4595271953159998	1.0763395124637738
1.127303844059369	1.4617446481057583	1.0792102130267232
1.1288759554178895	1.4639630920382012	1.0820843425323603
1.1304480667764105	1.4661825307473286	1.084961900231489
1.1320201781349313	1.4684029678676833	1.0878428858808205
1.133592289493452	1.470624406834351	1.0907272986402974
1.1351644008519726	1.472846851482961	1.0936151382684127
1.1367365122104933	1.4750703053496854	1.0965064041270232
1.1383086235690143	1.4772947719712413	1.0994010957838174
1.1398807349275348	1.4795202551848905	1.102299212803573
1.1414528462860556	1.4817467587284396	1.1052007547558396
1.1430249576445763	1.483974286040241	1.1081057212112475
1.144597069003097	1.4862028411591934	1.1110141116436516
1.1461691803616179	1.4884324275247425	1.1139259258301724
1.1477412917201386	1.4906630490768802	1.1168411632469197
1.1493134030786591	1.492894709556146	1.1197598236754587
1.15088551443718	1.4951274128036287	1.1226819067985034
1.1524576257957009	1.4973611624609644	1.1256074120997963
1.1540297371542214	1.499595962470338	1.128536339467783
1.1556018485127422	1.5018318165744853	1.1314686884916842
1.157173959871263	1.5040687287166903	1.1344044589620565
1.158746071229784	1.5063067028407888	1.137343650572858
1.1603181825883044	1.508545742591166	1.1402862632201656
1.1618902939468252	1.5107858521127595	1.143232296604925
1.163462405305346	1.5130270352510582	1.1461817505266088
1.1650345166638667	1.5152692958521035	1.1491346247870367
1.1666066280223875	1.517512638062489	1.1520909192939641
1.1681787393809082	1.5197570657293618	1.1550506338549387
1.1697508507394287	1.522002582800422	1.1580137683799414
1.1713229620979495	1.5242491934239246	1.1609803226812263
1.1728950734564705	1.5264969016486782	1.1639502968758075
1.174467184814991	1.5287457114240466	1.1669236906791998
1.1760392961735118	1.5309956267999496	1.169900504210927
1.1776114075320325	1.5332466519268617	1.1728807372937362
1.1791835188905535	1.5354987909558144	1.17586439005274
1.180755630249074	1.5377520478383955	1.1788514625154256
1.1823277416075948	1.5400064269267504	1.1818419546093244
1.1838998529661156	1.542261932273581	1.1848358664680982
1.185471964324636	1.544518568132149	1.1878331981261703
1.187044075683157	1.5467763386562727	1.1908339496196703
1.1886161870416778	1.54903524800033	1.1938381212877922
1.1901882984001984	1.551295300519259	1.1968457130726817
1.191760409758719	1.5535565003685554	1.199856725117316
1.19333252111724	1.5558188520042773	1.202871157769832
1.1949046324757606	1.5580823594830424	1.2058890110778846
1.1964767438342814	1.5603470273620288	1.2089102852957507
1.1980488551928021	1.5626128598989775	1.2119349806749082
1.199620966551323	1.56487986135219	1.2149630975720702
1.2011930779098436	1.5671480361805308	1.217994636147294
1.2027651892683644	1.5694173888434273	1.2210295967621503
1.2043373006268852	1.571687923600869	1.2240679797803828
1.2059094119854057	1.5739596451134101	1.2271097854686517
1.2074815233439267	1.576232557742168	1.2301550142968343
1.2090536347024474	1.5785066659488252	1.2332036665365655
1.210625746060968	1.5807819741956284	1.2362557427628047
1.2121978574194887	1.5830584871453894	1.2393112433508873
1.2137699687780097	1.585336209261486	1.2423701687809436
1.2153420801365302	1.5876151451078617	1.245432519535676
1.216914191495051	1.589895299249027	1.2484982960990663
1.2184863028535717	1.5921766764500584	1.2515674990577763
1.2200584142120927	1.5944592811766003	1.254640129003286
1.2216305255706132	1.5967431181948644	1.2577161864283941
1.223202636929134	1.5990281921716303	1.2607956720249989
1.2247747482876548	1.6013145076742465	1.2638785862947122
1.2263468596461753	1.6036020696706301	1.2669649301346955
1.2279189710046963	1.605890882729267	1.2700547039490202
1.229491082363217	1.6081809516192134	1.2731479086447999
1.2310631937217376	1.6104722813100951	1.276244544927994
1.2326353050802583	1.6127648763721085	1.2793446135108215
1.2342074164387793	1.6150587418760205	1.2824481151068372
1.2357795277972998	1.6173538824931692	1.2855550507311433
1.2373516391558206	1.6196503031954648	1.288665421003582
1.2389237505143413	1.621948008955389	1.2917792269468948
1.240495861872862	1.6242470046459954	1.2948964693828482
1.2420679732313828	1.6265472952409115	1.29801714914057
1.2436400845899036	1.6288488856143362	1.3011412673495177
1.2452121959484244	1.6311517809410438	1.3042688248403902
1.246784307306945	1.6334559861963809	1.3073998225492012
1.2483564186654659	1.635761506456269	1.3105342617158515
1.2499285300239866	1.6380683466972041	1.3136721431779588
1.2515006413825072	1.6403765120962568	1.3168134680806765
1.253072752741028	1.6426860078310739	1.3199582375695267
1.254644864099549	1.6449968389798768	1.3231064526925118
1.2562169754580694	1.6473090108214636	1.326258114703166
1.2577890868165902	1.6496225284352088	1.3294132247548047
1.259361198175111	1.6519373971010634	1.3325717841027145
1.2609333095336317	1.654253622199556	1.3357337938094778
1.2625054208921525	1.6565712088117925	1.3388992554379011
1.2640775322506732	1.6588901624194563	1.3420681700514638
1.265649643609194	1.6612104883048096	1.345240539021007
1.2672217549677145	1.6635321917506922	1.3484163638151538
1.2687938663262355	1.6658552782405245	1.3515956457080898
1.2703659776847562	1.6681797532583047	1.3547783861786877
1.2719380890432768	1.670505622088611	1.357964586704062
1.2735102004017975	1.6728328902166023	1.3611542486665895
1.2750823117603183	1.6751615633280166	1.3643473737536544
1.276654423118839	1.6774916467091732	1.3675439633517414
1.2782265344773598	1.6798231461469728	1.3707440190528455
1.2797986458358805	1.6821560670288969	1.3739475424478707
1.281370757194401	1.6844904151430087	1.377154535236698
1.282942868552922	1.6868261959779538	1.3803649991182598
1.2845149799114428	1.6891634152229602	1.3835789356933328
1.2860870912699636	1.6915020786678376	1.3867963467688997
1.287659202628484	1.69384219200298	1.390017234051235
1.289231313987005	1.6961837609193644	1.3932415993530247
1.2908034253455258	1.6985267913085509	1.3964694445875991
1.2923755367040464	1.7008712888626842	1.3997007648697204
1.2939476480625671	1.703217259574493	1.4029355753229829
1.2955197594210879	1.7055647091372914	1.406173871268091
1.2970918707796086	1.7079136390449776	1.4094156548305645
1.2986639821381294	1.7102640641920357	1.4126609278380253
1.3002360934966501	1.712615986273535	1.4159096924232786
1.3018082048551707	1.7149694109851312	1.4191619506194721
1.3033803162136917	1.717324344523066	1.4224177044650985
1.3049524275722124	1.7196807928841673	1.4256769561991351
1.3065245389307332	1.7220387621658508	1.428939707965943
1.3080966502892537	1.724398258466119	1.432205961911412
1.3096687616477745	1.7267592880835616	1.435475720284613
1.3112408730062954	1.7291218570173565	1.4387489854372209
1.312812984364816	1.7314859715672695	1.4420257596240489
1.3143850957233367	1.733851637933655	1.4453060452040198
1.3159572070818575	1.7362188625174562	1.448589844537522
1.3175293184403782	1.7385876515202048	1.451877160189577
1.319101429798899	1.7409580113440226	1.455167994426396
1.3206735411574198	1.7433299482916205	1.4584623499174905
1.3222456525159403	1.7457034688662998	1.46176022903647
1.3238177638744613	1.7480785795719511	1.465061634558705
1.325389875232982	1.750455286713057	1.4683665688660823
1.3269619865915028	1.752833596994689	1.4716750348372687
1.3285340979500233	1.7552135168225118	1.4749870349579437
1.330106209308544	1.7575950529027797	1.4783025721187477
1.331678320667065	1.7599782117423395	1.481621649007402
1.3332504320255856	1.7623630000486301	1.4849442684221508
1.3348225433841063	1.764749424529682	1.4882704332566277
1.336394654742627	1.7671374918941187	1.491600146412361
1.3379667661011478	1.7695272089511562	1.4949334108939434
1.3395388774596686	1.7719185825106039	1.4982702294066346
1.3411109888181894	1.774311619282864	1.501610605260845
1.3426831001767099	1.7767063261789333	1.504954541367994
1.3442552115352306	1.7791027103104011	1.5083020408458092
1.3458273228937516	1.7815007782894519	1.5116531068115477
1.3473994342522724	1.7839005374288646	1.5150077424866795
1.348971545610793	1.7863019945420116	1.5183659510970202
1.3505436569693137	1.788705156742862	1.521727735871286
1.3521157683278346	1.7911100311459789	1.5250931001388341
1.3536878796863552	1.7935166249665209	1.52846204723576
1.355259991044876	1.795924945220243	1.5318345805989417
1.3568321024033967	1.7983349991234956	1.5352107036691263
1.3584042137619174	1.800746794093226	1.5385904198904867
1.3599763251204382	1.803160337346977	1.5419737329065317
1.361548436478959	1.8055756362028885	1.5453606461722578
1.3631205478374795	1.8079926980796983	1.5487511633372493
1.3646926591960002	1.81041153039674	1.5521452881578695
1.3662647705545212	1.8128321404739463	1.5555431354960738
1.367836881913042	1.8152545359318457	1.5589444883119088
1.3694089932715625	1.8176787242915664	1.5623494599709284
1.3709811046300833	1.820104713174834	1.5657580543431868
1.3725532159886042	1.8225326014039727	1.5691702755015993
1.3741253273471248	1.8249622150019051	1.572586127217581
1.3756974387056455	1.8273936520921532	1.5760056135739935
1.3772695500641663	1.8298269204988378	1.5794287386494965
1.3788416614226868	1.8322620279466797	1.5828553548296482
1.3804137727812078	1.8346988643609987	1.5862859213029714
1.3819858841397286	1.8371377911677143	1.5897199872590386
1.383557995498249	1.8395784719933468	1.5931577084936674
1.3851301068567698	1.8420210146650162	1.5965990932025946
1.3867022182152908	1.8444654284104434	1.6000441382881052
1.3882743295738116	1.84691173645795	1.6034928518534082
1.3898464409323321	1.8493599393364581	1.6069452383070177
1.3914185522908529	1.8518100452754915	1.610401302156144
1.3929906636493739	1.8542620623051753	1.6138610480166597
1.3945627750078944	1.8567159987562365	1.617324480405636
1.3961348863664151	1.859171862860003	1.6207916041407735
1.397706997724936	1.8616296631484053	1.624262423747731
1.3992791090834564	1.864089407753977	1.6277369442505705
1.4008512204419774	1.866551105209852	1.631215170182307
1.4024233318004982	1.8690147640497696	1.6346971066723206
1.4039954431590187	1.8714803928080694	1.6381827585588535
1.4055675545175395	1.873947999919696	1.6416721307811009
1.4071396658760604	1.876417594120196	1.645165228481394
1.4087117772345812	1.8788891841457198	1.6486620568064696
1.4102838885931017	1.881362778633022	1.652162620802718
1.4118559999516225	1.8838383863194603	1.655666925726807
1.4134281113101432	1.886316016042997	1.6591749769314614
1.415000222668664	1.888795676842198	1.662686779676378
1.4165723340271847	1.8912773774562346	1.6662023082240982
1.4181444453857055	1.8937611103248813	1.669721630340724
1.419716556744226	1.896246917388519	1.6732447203930814
1.421288668102747	1.8987347911881323	1.6767715838559325
1.4228607794612678	1.9012247404653118	1.6803022264024712
1.4244328908197883	1.9037167738622525	1.6838366855140647
1.426005002178309	1.9062109254217556	1.6873749036690797
1.42757711353683	1.9087071374872284	1.690916918255328
1.4291492248953506	1.911205484902683	1.6944627351614738
1.4307213362538713	1.913705954812738	1.6980123602779247
1.432293447612392	1.9162085567626184	1.7015657950998813
1.4338655589709128	1.9187133002981556	1.7051230548280008
1.4354376703294336	1.9212201950657872	1.7086841409615292
1.4370097816879543	1.9237292505125576	1.7122490598086746
1.438581893046475	1.926240496386118	1.715817817573983
1.4401540044049956	1.928753902934727	1.7193904205724
1.4417261157635166	1.93126954300725	1.7229669374174366
1.4432982271220374	1.93378734145316	1.726547253129066
1.444870338480558	1.9363073498225367	1.7301313338262094
1.4464424498390787	1.9388295068660693	1.733719382036664
1.4480145611975994	1.9413539624350526	1.7373113081883185
1.4495866725561202	1.943880657981391	1.7409071189118548
1.451158783914641	1.946409603557596	1.7445068210440657
1.4527308952731617	1.9489408094167875	1.7481104214210694
1.4543030066316824	1.9514742859126946	1.7517179676874512
1.4558751179902032	1.9540100433996537	1.7553293861858879
1.457447229348724	1.9565481204326112	1.7589447239661795
1.4590193407072447	1.9590884703671212	1.7625639882801685
1.4605914520657652	1.961631134659347	1.7661871861829608
1.4621635634242862	1.964176120866061	1.7698143251331122
1.463735674782807	1.9667234406446459	1.7734454164921676
1.4653077861413275	1.9692731077530918	1.77708045962634
1.4668798974998483	1.9718251269499998	1.7807194660041397
1.468452008858369	1.97437951199458	1.7843624430970204
1.4700241202168898	1.976936273846652	1.788009398980029
1.4715962315754105	1.979495423466646	1.7916603410337228
1.4731683429339313	1.9820569720156016	1.7953152771385232
1.474740454292452	1.9846209304551685	1.798974343880528
1.4763125656509728	1.9871873856476068	1.8026372824490744
1.4778846770094936	1.989756209655787	1.8063041291356063
1.4794567883680143	1.9923273773431898	1.809975120836354
1.4810288997265348	1.9949010877739064	1.8136501469516768
1.4826010110850556	1.9974772648126393	1.817329215481959
1.4841731224435766	2.000055919824701	1.821012334934333
1.485745233802097	2.002637064476015	1.8246995135181836
1.4873173451606179	2.0052207102331163	1.8283907597437152
1.4888894565191386	2.0078068688631507	1.8320860822306029
1.4904615678776594	2.0103955522338754	1.8357854895968453
1.4920336792361801	2.0129867722136576	1.8394889907640621
1.4936057905947009	2.015580540471478	1.8431965939593673
1.4951779019532216	2.0181768691769277	1.8469083085132245
1.4967500133117424	2.020775770300209	1.8506241431583987
1.4983221246702632	2.023377256012136	1.8543441069310203
1.499894236028784	2.0259813385841356	1.8580682089702014
1.5014663473873044	2.0285880299882453	1.8617964584212268
1.5030384587458252	2.031197342797115	1.8655288639301022
1.5046105701043462	2.0338092890840067	1.869265435845153
1.5061826814628667	2.036423881622795	1.873006182921372
1.5077547928213875	2.039041132787965	1.8767511147161073
1.5093269041799082	2.0416610552546164	1.880500240588872
1.510899015538429	2.0442836613984587	1.8842535702049013
1.5124711268969497	2.0469089638958162	1.8880111131290642
1.5140432382554705	2.0495369757236244	1.8917728789334178
1.5156153496139912	2.052167710059431	1.8955388779931317
1.5171874609725118	2.054801154981398	1.8993090849845111
1.5187595723310328	2.057437370468297	1.9030835766872949
1.5203316836895535	2.0600763691995168	1.9068623624878303
1.521903795048074	2.0627181188550554	1.9106453880726222
1.5234759064065948	2.0653626549155244	1.9144326952324366
1.5250480177651158	2.068009990462149	1.91822426696403
1.5266201291236363	2.070660138376768	1.9220201668651042
1.528192240482157	2.073313088541832	1.9258203773353393
1.5297643518406778	2.075968900240405	1.9296249088815136
1.5313364631991986	2.078627563356164	1.9334337709101512
1.5329085745577193	2.0812890910734	1.9372469731347821
1.53448068591624	2.083953496277017	1.9410645255688597
1.5360527972747609	2.0866207913525314	1.9448864371335488
1.5376249086332814	2.0892909891860745	1.948712717150364
1.5391970199918024	2.0919641340643897	1.9525434219424969
1.5407691313503231	2.0946401768748344	1.9563784682403884
1.5423412427088437	2.0973191602053793	1.9602179144777407
1.5439133540673644	2.100001096044609	1.9640617595893648
1.5454854654258854	2.102685996381721	1.9679100162145464
1.547057576784406	2.105373873006527	1.9717626918958624
1.5486296881429267	2.108064737109451	1.9756197937795412
1.5502017995014474	2.1107585997815335	1.979481328416161
1.551773910859968	2.1134554716144254	1.9833473017584764
1.553346022218489	2.1161553629003933	1.987217719161437
1.5549181335770097	2.118858283432317	1.991092585488477
1.5564902449355302	2.12156424220369	1.99497190360108
1.558062356294051	2.1242732472086194	1.9988556763644187
1.559634467652572	2.1269853063418265	2.002743902050729
1.5612065790110927	2.129700427398646	2.006636589834271
1.5627786903696133	2.1324186165750265	2.0105337351914256
1.564350801728134	2.135139878967531	2.0144353358033396
1.565922913086655	2.137864219773335	2.018341388753303
1.5674950244451755	2.140591642290229	2.022251890929062
1.5690671358036963	2.1433221494166173	2.0261668366230077
1.570639247162217	2.146321918751518	2.0304926967274164