0.001			0.0012521488035227286	8.949566856274669e-7
0.002569795325793896	0.0032177665691681605	5.9100816809158256e-6
0.004139590651587791	0.00518338546035534	0.000015335877565018844
0.005709385977381688	0.007149006164886356	0.000029172411090710268
0.007279181303175583	0.00911462937036519	0.00004741963030818373
0.008848976628969479	0.011080255764798446	0.00007007750993039386
0.010418771954763376	0.013045886034596055	0.00009714601676034896
0.01198856728055727	0.015011520869271999	0.00012862511432958976
0.013558362606351165	0.01697716095534504	0.00016451485373845479
0.015128157932145062	0.018942806980339427	0.00020481501414860542
0.016697953257938956	0.020908459632785613	0.00024952561349352205
0.018267748583732854	0.022874119601220988	0.0002986465915498984
0.01983754390952675	0.024839787572190585	0.0003521778759904453
0.021407339235320646	0.026805464234247803	0.0004101193918308992
0.022977134561114543	0.028771150275955122	0.0004724710579313385
0.024546929886908438	0.030736846384884838	0.0005392327847033208
0.026116725212702332	0.03270255324861976	0.0006104044786170481
0.02768652053849623	0.03466827155675394	0.0006859860389544291
0.029256315864290124	0.0366340019968934	0.0007659773585825253
0.030826111190084018	0.038599745257656824	0.0008503783245518161
0.03239590651587791	0.04056550202667631	0.0009391888173740106
0.03396570184167181	0.042531272994598066	0.0010324087116843565
0.03553549716746571	0.044497058848083124	0.0011300378745680874
0.037105292493259605	0.04646286027680811	0.0012320761694293672
0.0386750878190535	0.04842867797046588	0.0013385234522228899
0.04024488314484739	0.0503945126177663	0.0014493795704724492
0.04181467847064129	0.05236036490643694	0.0015646443690673978
0.04338447379643518	0.05432623552822381	0.001684317684327984
0.044954269122229086	0.056292125170892084	0.0018083993476676508
0.04652406444802298	0.05825803452422675	0.0019368891829966567
0.048093859773816874	0.06022396427903343	0.0020697870095185734
0.049663655099610765	0.062189915124139045	0.002207092637720569
0.05123345042540466	0.0641558877503925	0.0023488058754157996
0.05280324575119856	0.06612188284666551	0.002494926522281262
0.05437304107699246	0.06808790110485316	0.002645454369934724
0.055942836402786356	0.07005394321487479	0.0028003892071525936
0.057512631728580246	0.07202000986767462	0.002959730814500914
0.059082427054374144	0.07398610175322246	0.0031234789669644606
0.060652222380168035	0.07595221956351444	0.0032916334333333995
0.06222201770596193	0.07791836399057381	0.0034641939758652093
0.06379181303175582	0.07988453572445153	0.0036411603498625474
0.06536160835754973	0.0818507354572271	0.0038225323078559127
0.06693140368334362	0.08381696388200915	0.004008309591678586
0.06850119900913752	0.0857832216889363	0.004198491938031278
0.07007099433493141	0.0877495095711778	0.004393079081148661
0.07164078966072532	0.08971582822093425	0.004592070744318499
0.07321058498651921	0.09168217833243834	0.0047954666471477034
0.0747803803123131	0.09364856059695556	0.005003266501769695
0.076350175638107	0.09561497570778489	0.005215470016683831
0.0779199709639009	0.09758142435925958	0.005432076889682698
0.07948976628969479	0.09954790724574782	0.005653086816758996
0.08105956161548868	0.10151442505965344	0.005878499486998215
0.08262935694128258	0.10348097849541671	0.006108314579655364
0.08419915226707647	0.10544756824751496	0.00634253177128064
0.08576894759287036	0.10741419501146338	0.006581150732652129
0.08733874291866427	0.10938085948281567	0.006824171127017611
0.08890853824445817	0.11134756235516483	0.0070715926102223
0.09047833357025206	0.11331430433014378	0.007323414833403015
0.09204812889604595	0.11528108608942618	0.007579637442815398
0.09361792422183986	0.11724790834472708	0.007840260076080323
0.09518771954763375	0.11921477177780368	0.008105282367016013
0.09675751487342764	0.12118167710045599	0.008374703940116215
0.09832731019922153	0.12314862500452763	0.008648524415941668
0.09989710552501543	0.12511561618190647	0.00892674340987138
0.10146690085080932	0.1270826513345254	0.009209360528418819
0.10303669617660322	0.12904973115436302	0.009496375374708339
0.10460649150239712	0.13101685635344434	0.009787787542594573
0.10617628682819102	0.1329840276238416	0.010083596623612091
0.10774608215398492	0.13495124565767475	0.010383802199459611
0.1093158774797788	0.1369185111571125	0.010688403847904749
0.11088567280557271	0.13888582483437278	0.01099740114141366
0.1124554681313666	0.14085318737172356	0.011310793641344264
0.11402526345716049	0.14282059948148346	0.011628580910684277
0.1155950587829544	0.14478806185602272	0.011950762497828251
0.11716485410874829	0.14675557520776364	0.012277337953188607
0.11873464943454218	0.14872314022918137	0.012608306815231361
0.12030444476033607	0.15069075762280476	0.012943668618894047
0.12187424008612997	0.15265842809121694	0.013283422893508704
0.12344403541192386	0.15462615234705607	0.013627569158443043
0.12501383073771777	0.15659393107301606	0.013976106931613204
0.12658362606351165	0.1585617649918473	0.014329035721363294
0.12815342138930555	0.16052965480635736	0.014686355034468376
0.12972321671509945	0.16249760119941176	0.015048064365737468
0.13129301204089333	0.1644656049039345	0.015414163208600312
0.13286280736668724	0.16643366661290912	0.01578465104668744
0.13443260269248114	0.16840178701937902	0.01615952736234351
0.13600239801827504	0.17036996685644845	0.01653879162555437
0.13757219334406895	0.1723382068072832	0.016922443306452095
0.13914198866986283	0.17430650758511115	0.017310481864183228
0.14071178399565673	0.17627486990322314	0.01770290675739404
0.14228157932145064	0.17824329446497367	0.018099717430740438
0.1438513746472445	0.18021178197378152	0.01850091332957269
0.14542116997303842	0.18218033315313062	0.018906493891046542
0.14699096529883232	0.18414894869657056	0.019316458545555967
0.1485607606246262	0.18611762931771755	0.019730806718941982
0.1501305559504201	0.18808637574025489	0.020149537828970717
0.151700351276214	0.19005518864793391	0.020572651287791722
0.15327014660200788	0.1920240687845745	0.021000146504071754
0.1548399419278018	0.19399301683406595	0.021432022879044825
0.15640973725359567	0.19596203352036756	0.02186827980469646
0.15797953257938957	0.1979311195575095	0.0223089166710323
0.15954932790518347	0.19990027565959334	0.02275393286249931
0.16111912323097735	0.20186950254079294	0.02320332775443579
0.16268891855677126	0.20383880090535506	0.023657100715819494
0.16425871388256516	0.20580817147760008	0.02411525111421476
0.16582850920835904	0.20777761496192276	0.024577778306411315
0.16739830453415294	0.209747132092793	0.02504468164684113
0.16896809985994685	0.2117167235647563	0.025515960481036045
0.17053789518574072	0.21368639011243484	0.02599161414992318
0.17210769051153466	0.21565613245052795	0.026471641989394473
0.17367748583732853	0.21762595129381287	0.02695604332611742
0.17524728116312244	0.21959584735714546	0.027444817484443607
0.17681707648891634	0.22156582135546105	0.027937963780324225
0.17838687181471022	0.22353587402377495	0.028435481526151225
0.17995666714050412	0.22550600607718319	0.02893737002519416
0.18152646246629803	0.22747621823086342	0.02944362857782656
0.1830962577920919	0.22944651122007545	0.029954256477721854
0.1846660531178858	0.23141688575016203	0.03046925300966644
0.1862358484436797	0.23338734254654953	0.030988617456197295
0.1878056437694736	0.2353578823347486	0.03151234909326205
0.1893754390952675	0.23732850585035514	0.03204044719031759
0.1909452344210614	0.23929921380905064	0.032572911008817915
0.19251502974685528	0.24127000692660316	0.033109739808447954
0.19408482507264918	0.24324088594886797	0.03365093283991891
0.19565462039844306	0.24521185158178824	0.03419648934911203
0.19722441572423696	0.24718290457139572	0.03474640857605162
0.19879421105003087	0.24915404562381158	0.03530068975607877
0.20036400637582474	0.251125275495247	0.03585933211430757
0.20193380170161865	0.2530965948920039	0.03642233487515182
0.20350359702741255	0.2550680045504758	0.03698969725316508
0.20507339235320643	0.25703950520714824	0.03756141846261622
0.20664318767900033	0.2590110975885997	0.03813749770378916
0.20821298300479424	0.26098278242150236	0.038717934180228765
0.20978277833058814	0.26295456045262267	0.039302727078957704
0.21135257365638205	0.2649264323988221	0.03989187559232342
0.21292236898217592	0.26689839900705786	0.04048537889889319
0.21449216430796983	0.2688704610043837	0.041083236173716585
0.21606195963376373	0.2708426191279505	0.041685446589598
0.2176317549595576	0.2728148741250069	0.04229200930846988
0.21920155028535152	0.27478722671290023	0.04290292348790014
0.22077134561114542	0.2767596776390772	0.04351818827892342
0.2223411409369393	0.2787322276410844	0.044137802831762774
0.2239109362627332	0.2807048774565693	0.0447617662841289
0.2254807315885271	0.28267762783328065	0.04539007777104126
0.22705052691432098	0.28465047949906935	0.04602273642365199
0.2286203222401149	0.28662343321188927	0.046659741363802354
0.2301901175659088	0.2885964896997976	0.04730109170874622
0.23175991289170267	0.29056964971095633	0.04794678657260683
0.23332970821749657	0.2925429139836318	0.04859682505768308
0.23489950354329045	0.29451628326619644	0.049251206268061946
0.23646929886908435	0.296489758307129	0.04990992929635245
0.23803909419487826	0.2984633398550153	0.050572993230388934
0.23960888952067214	0.30043702864854893	0.05124039715630099
0.24117868484646604	0.30241082543653214	0.051912140150113896
0.24274848017225995	0.30438473097787644	0.05258822128385313
0.24431827549805382	0.3063587460016031	0.05326863962266459
0.24588807082384773	0.3083328712768443	0.05395339422898427
0.24745786614964166	0.31030710755284335	0.054642484156058976
0.24902766147543554	0.31228145556895576	0.055335908451757274
0.2505974568012294	0.3142559160946498	0.05603366616160889
0.2521672521270233	0.31623048985950725	0.05673575632137782
0.2537370474528172	0.31820517764322415	0.057442177965161906
0.2553068427786111	0.3201799801956113	0.05815293011890219
0.256876638104405	0.3221548982565952	0.058868011801275044
0.2584464334301989	0.3241299326062187	0.059587422030457506
0.2600162287559928	0.3261050839846416	0.060311159814659836
0.26158602408178666	0.32808035315214157	0.061039224157057655
0.2631558194075806	0.33005574087911466	0.06177161405712678
0.26472561473337447	0.33203124792607597	0.06250832850739113
0.2662954100591684	0.3340068750436606	0.06324936649454642
0.2678652053849623	0.33598262300262416	0.0639947270004133
0.26943500071075616	0.3379584925538436	0.06474440899992243
0.2710047960365501	0.33993448447831764	0.06549841146526429
0.27257459136234397	0.34191059953716807	0.06625673335967253
0.2741443866881379	0.34388683849163965	0.06701937364329161
0.2757141820139318	0.34586320210310156	0.06778633127134459
0.27728397733972565	0.34783969116304764	0.06855760518880584
0.27885377266551953	0.34981630641309724	0.06933319434021852
0.28042356799131346	0.3517930486349959	0.07011309766316758
0.28199336331710734	0.35376991860061613	0.07089731408834445
0.28356315864290127	0.35574691709195827	0.07168584254292858
0.2851329539686951	0.3577240448611505	0.07247868194552061
0.286702749294489	0.3597013026904505	0.07327583121516344
0.2882725446202829	0.3616786913622454	0.07407728925674105
0.28984233994607683	0.36365621164905304	0.07488305497833797
0.2914121352718707	0.36563386431352213	0.0756931272767791
0.29298193059766464	0.36761165015843345	0.07650750504731335
0.29455172592345846	0.3695895699467002	0.07732618717499835
0.2961215212492524	0.371567624461369	0.07814917254607938
0.29769131657504627	0.37354581448562024	0.07897646003433545
0.2992611119008402	0.3755241407927691	0.07980804851246943
0.3008309072266341	0.377502604186266	0.08064393684644612
0.302400702552428	0.3794812054296978	0.08148412389813423
0.3039704978782219	0.3814599453167877	0.08232860852295941
0.30554029320401577	0.38343882463139656	0.08317738956902032
0.3071100885298097	0.38541784416752345	0.08403046588435432
0.3086798838556036	0.38739700470930644	0.0848878363047338
0.3102496791813975	0.3893763070410229	0.08574949966655711
0.31181947450719133	0.3913557519570907	0.08661545479841688
0.31338926983298526	0.39333534025206873	0.08748570052412483
0.31495906515877914	0.39531507272065736	0.08836023566046654
0.31652886048457307	0.39729495015769967	0.08923905901879751
0.31809865581036695	0.3992749733481815	0.09012216940913897
0.3196684511361609	0.40125514309723276	0.09100956563324852
0.3212382464619547	0.4032354602001277	0.091901246487271
0.32280804178774863	0.4052159254622859	0.09279721076379122
0.3243778371135425	0.40719653966927266	0.09369745724740376
0.32594763243933644	0.4091773036268001	0.0946019847219233
0.3275174277651303	0.4111582181407275	0.09551079195999077
0.3290872230909242	0.4131392840170622	0.09642387773621772
0.3306570184167181	0.4151205020519602	0.09734124081070121
0.332226813742512	0.41710187306172697	0.09826287994887331
0.3337966090683059	0.41908339784281795	0.09918879390297163
0.3353664043940998	0.4210650772018395	0.10011898142226447
0.3369361997198937	0.42304691196554955	0.10105344125302472
0.33850599504568757	0.42502890292085793	0.10199217213451005
0.34007579037148145	0.4270110509048277	0.10293517279933181
0.3416455856972754	0.4289933567046755	0.10388244197971377
0.3432153810230693	0.4309758211477719	0.1048339783971246
0.3447851763488632	0.4329584450516428	0.10578978077090208
0.34635497167465706	0.4349412292339698	0.10674984782081895
0.34792476700045094	0.43692417450259063	0.10771417823892725
0.3494945623262449	0.43890728167550036	0.10868277074527659
0.35106435765203875	0.4408905515908517	0.10965562403239659
0.3526341529778327	0.442873985056956	0.1106327367969682
0.35420394830362656	0.4448575829022835	0.11161410772523062
0.35577374362942044	0.4468413459454646	0.11259973549943987
0.3573435389552143	0.4488252750052901	0.11358961879176178
0.35891333428100824	0.45080937093071216	0.11458375628165911
0.3604831296068021	0.45279363453084487	0.11558214664574303
0.36205292493259605	0.45477806665496484	0.11658478853952715
0.3636227202583899	0.4567626681025123	0.11759168061654876
0.3651925155841838	0.4587474397330914	0.11860282153835808
0.3667623109099777	0.46073238237647096	0.11961820994205317
0.3683321062357716	0.4627174968625852	0.12063784448373087
0.3699019015615655	0.4647027840215347	0.12166172380001822
0.3714716968873594	0.4666882446935868	0.12268984651309399
0.37304149221315325	0.46867387972917607	0.12372221126189976
0.3746112875389472	0.47065968995890567	0.12475881666699686
0.37618108286474106	0.47264567623354753	0.12579966134455953
0.377750878190535	0.4746318393840432	0.1268447439185575
0.3793206735163289	0.4766181802515043	0.12789406298008854
0.3808904688421228	0.4786046997072138	0.1289476171504475
0.3824602641679167	0.4805913985726262	0.13000540501771432
0.38403005949371055	0.4825782777093683	0.13106742518827802
0.3855998548195045	0.48456533795923995	0.132133676236032
0.38716965014529836	0.486552580194215	0.1332041567646546
0.3887394454710923	0.4885400052364414	0.1342788653319805
0.3903092407968861	0.4905276139682425	0.1353578005263504
0.39187903612268005	0.49251540723211745	0.1364409609164431
0.3934488314484739	0.4945033858907417	0.13752834507435635
0.39501862677426786	0.49649155079696833	0.13861995154254098
0.39658842210006173	0.4984799028138278	0.13971577889170522
0.39815821742585567	0.5004684428145297	0.14081582568031714
0.3997280127516495	0.5024571716424625	0.14192009043282516
0.4012978080774434	0.5044460901811948	0.14302857170630676
0.4028676034032373	0.5064351992944759	0.14414126803141097
0.40443739872903123	0.5084244998362364	0.14525817794902443
0.4060071940548251	0.5104139926905888	0.14637929998716845
0.407576989380619	0.5124036787218287	0.1475046326529255
0.40914678470641286	0.5143935588144348	0.14863417448045302
0.4107165800322068	0.51638363382307	0.14976792398459315
0.41228637535800067	0.5183739046425819	0.15090587966308783
0.4138561706837946	0.520364372138004	0.1520480400258209
0.4154259660095885	0.5223550371945553	0.1531944035705308
0.41699576133538235	0.5243459006876423	0.15434496880097257
0.4185655566611763	0.5263369635128585	0.15549973421238414
0.42013535198697016	0.528328226535986	0.15665869827470832
0.4217051473127641	0.5303196906529957	0.15782185947622177
0.42327494263855797	0.5323113567600481	0.1589892162977247
0.42484473796435185	0.5343032257234941	0.1601607672127042
0.4264145332901457	0.5362952984598753	0.16133651068477772
0.42798432861593966	0.5382875758359253	0.16251644517607527
0.42955412394173353	0.5402800587685698	0.16370056915818085
0.43112391926752747	0.5422727481349275	0.16488888106676142
0.43269371459332134	0.5442656448423112	0.16608137937232287
0.4342635099191152	0.5462587497882275	0.1672780625161038
0.4358333052449091	0.5482520638703786	0.1684789289310721
0.43740310057070303	0.5502455879966622	0.16968397705987148
0.4389728958964969	0.5522393230651726	0.17089320534188
0.44054269122229084	0.5542332699842012	0.1721066121939226
0.4421124865480847	0.5562274296622369	0.17332419604938365
0.4436822818738786	0.5582218030179675	0.17454595532520512
0.44525207719967247	0.5602163909402802	0.1757718884338016
0.4468218725254664	0.5622111943582612	0.17700199379236975
0.4483916678512603	0.5642062141811979	0.17823626980012358
0.4499614631770542	0.5662014513285789	0.17947471487681718
0.45153125850284803	0.5681969067200945	0.18071732739455787
0.45310105382864196	0.5701925812656377	0.18196410576825434
0.4546708491544359	0.5721884759053046	0.18321504838707833
0.4562406444802298	0.5741845915393956	0.18447015362358213
0.4578104398060237	0.5761809291184155	0.18572941986570157
0.4593802351318176	0.5781774895430742	0.18699284549819556
0.46095003045761146	0.580174273764288	0.18826042888529593
0.46251982578340534	0.5821712827031795	0.1895321684023133
0.46408962110919927	0.584168517301079	0.19080806240889606
0.46565941643499315	0.5861659784795247	0.19208810927442174
0.4672292117607871	0.588163667180263	0.19337230733680358
0.4687990070865809	0.5901615843452506	0.19466065497433455
0.47036880241237483	0.5921597309166534	0.19595315051930803
0.4719385977381687	0.5941581078268485	0.19724979231433018
0.47350839306396264	0.5961567160284245	0.19855057871322743
0.4750781883897565	0.5981555564641816	0.1998555080330298
0.47664798371555045	0.6001546300871332	0.20116457863181467
0.47821777904134427	0.6021539378505059	0.20247778880728862
0.4797875743671382	0.6041534806877407	0.20379513691423903
0.4813573696929321	0.6061532595724929	0.2051166212534407
0.482927165018726	0.6081532754486337	0.20644224014780513
0.4844969603445199	0.6101535292802504	0.2077719919074295
0.48606675567031377	0.6121540220316465	0.20910587484083798
0.48763655099610764	0.614154754657344	0.21044388725261626
0.4892063463219016	0.6161557281120823	0.21178602745073188
0.49077614164769545	0.6181569433808201	0.21313229372657896
0.4923459369734894	0.6201584014287349	0.2144826843724159
0.4939157322992833	0.6221601032112251	0.2158371976792367
0.49548552762507714	0.6241620497139098	0.21719583193508527
0.49705532295087107	0.6261642419126292	0.21855858540771042
0.49862511827666495	0.6281666807734464	0.21992545640229247
0.5001949136024588	0.6301693672826466	0.22129644316371277
0.5017647089282528	0.6321723024167389	0.2226715439838484
0.5033345042540466	0.634175487162457	0.22405075711473724
0.5049042995798405	0.6361789224967587	0.22543408082535837
0.5064740949056344	0.6381826094168277	0.2268215133736472
0.5080438902314284	0.6401865489000742	0.22821305302669798
0.5096136855572222	0.6421907419541345	0.22960869801934541
0.5111834808830161	0.6441951895568736	0.23100844660394884
0.51275327620881	0.6461998927063836	0.23241229703570832
0.514323071534604	0.6482048524009861	0.23382024754272507
0.5158928668603978	0.6502100696492321	0.23523229636521037
0.5174626621861916	0.6522155454499029	0.2366484417419888
0.5190324575119856	0.6542212807920106	0.23806868189681948
0.5206022528377795	0.6562272767047989	0.2394930150657214
0.5221720481635733	0.6582335341877434	0.2409214394631898
0.5237418434893673	0.6602400542505532	0.24235395331994708
0.5253116388151612	0.6622468379031706	0.24379055483790998
0.5268814341409551	0.6642538861657721	0.2452312422338882
0.5284512294667489	0.6662612000487692	0.24667601372822368
0.5300210247925429	0.6682687805928088	0.24812486750717727
0.5315908201183368	0.6702766287987739	0.24957780179369665
0.5331606154441307	0.672284745697785	0.2510348147738435
0.5347304107699246	0.6742931323211993	0.2524959046477784
0.5363002060957184	0.6763017896906127	0.2539610696077486
0.5378700014215123	0.67831071884786	0.2554303078435564
0.5394397967473062	0.6803199208250151	0.2569036175425763
0.5410095920731002	0.6823293966443927	0.2583809968818135
0.542579387398894	0.6843391473685478	0.25986244403739167
0.5441491827246879	0.6863491740202772	0.2613479571924547
0.5457189780504819	0.6883594776526196	0.2628375345215644
0.5472887733762758	0.690370059298857	0.2643311741944303
0.5488585687020696	0.6923809200225144	0.26582887436299163
0.5504283640278635	0.6943920608673613	0.26733063321411593
0.5519981593536574	0.6964034828974116	0.26883644887742625
0.5535679546794513	0.6984151871469252	0.27034631953860433
0.5551377500052451	0.7004271747004076	0.2718602433433882
0.556707545331039	0.7024394465926115	0.27337821842635457
0.558277340656833	0.7044520039085368	0.2749002429570611
0.5598471359826269	0.7064648476934314	0.2764263150600912
0.5614169313084207	0.7084779790327924	0.27795643289371014
0.5629867266342147	0.7104913990023657	0.2794905945889217
0.5645565219600086	0.7125051086481478	0.281028798270483
0.5661263172858025	0.7145191090763854	0.2825710420880358
0.5676961126115965	0.7165334013435772	0.2841173241729477
0.5692659079373902	0.7185479865464734	0.28566764263348143
0.5708357032631841	0.7205628657520771	0.28722199560007394
0.572405498588978	0.7225780400676447	0.2887803812040143
0.573975293914772	0.7245935105706865	0.29034279754896586
0.5755450892405658	0.7266092783489677	0.2919092427606319
0.5771148845663597	0.7286253445005085	0.29347971493920827
0.5786846798921537	0.7306417101235853	0.29505421220043837
0.5802544752179476	0.7326583763167307	0.2966327326623511
0.5818242705437414	0.734675344178735	0.2982152744071657
0.5833940658695353	0.7366926335086462	0.29980183554955175
0.5849638611953293	0.7387102078257709	0.3013924141930978
0.5865336565211231	0.7407280871396748	0.3029870084080466
0.5881034518469169	0.7427462725701833	0.3045856163133131
0.5896732471727109	0.7447647652173828	0.3061882326316446
0.5912430424985048	0.7467835662016205	0.30779486198759254
0.5928128378242987	0.7488026766535051	0.3094054993017202
0.5943826331500925	0.7508220976939084	0.3110201426253173
0.5959524284758865	0.752841830443965	0.31263879006805934
0.5975222238016804	0.7548618760450729	0.3142614396803693
0.5990920191274743	0.7568822356188952	0.3158880895574072
0.6006618144532682	0.7589029103073592	0.3175187377487093
0.6022316097790621	0.7609239012526584	0.3191533823474976
0.603801405104856	0.7629452095772524	0.3207920214100986
0.6053712004306498	0.7649668364438682	0.3224346530090026
0.6069409957564438	0.7669887829954998	0.32408127518844015
0.6085107910822376	0.7690110503854096	0.32573188602775044
0.6100805864080315	0.771033639747129	0.3273864835704927
0.6116503817338255	0.7730565522644592	0.3290450658828607
0.6132201770596194	0.7750797890714711	0.33070763100758266
0.6147899723854132	0.7771033513425066	0.3323741770078932
0.6163597677112072	0.7791272402421792	0.3340447019158152
0.6179295630370011	0.7811514569353742	0.3357192037901955
0.619499358362795	0.78317600258725	0.33739768067498227
0.6210691536885888	0.7852008783832379	0.3390801306047066
0.6226389490143827	0.787226085499044	0.34076655162026004
0.6242087443401766	0.7892516251006482	0.3424569417580919
0.6257785396659705	0.7912774983843063	0.3441512990635823
0.6273483349917643	0.7933037065265495	0.3458496215638486
0.6289181303175583	0.7953302507241861	0.34755190728015983
0.6304879256433522	0.7973571321643014	0.3492581542489543
0.6320577209691461	0.7993843520442584	0.3509683605011684
0.63362751629494	0.8014119115616988	0.3526825240602327
0.6351973116207339	0.8034398119245433	0.3544006429343149
0.6367671069465278	0.8054680543309923	0.3561227151673891
0.6383369022723218	0.8074966399795268	0.3578487387759567
0.6399066975981155	0.8095255700989086	0.3595787117578237
0.6414764929239094	0.8115548458881812	0.36131263213232745
0.6430462882497033	0.8135844685766704	0.3630504979347325
0.6446160835754973	0.8156144393739851	0.3647923071528135
0.6461858789012912	0.8176447595100175	0.3665380578011364
0.647755674227085	0.8196754302149442	0.36828774790255503
0.649325469552879	0.821706452719226	0.37004137544123983
0.6508952648786729	0.8237378282536103	0.3717989384409043
0.6524650602044668	0.8257695580491294	0.3735604348831743
0.6540348555302606	0.827801643357103	0.375325862788757
0.6556046508560546	0.829834085419138	0.37709522014804103
0.6571744461818484	0.8318668854771291	0.37886850496158847
0.6587442415076423	0.8339000447732594	0.38064571522913293
0.6603140368334361	0.8359335645900021	0.38242684892647333
0.6618838321592301	0.8379674461501192	0.38421190407322253
0.663453627485024	0.8400016907466638	0.386000878634815
0.6650234228108179	0.8420362996129799	0.38779377062822384
0.6665932181366118	0.8440712740427029	0.3895905780100532
0.6681630134624057	0.8461066152897613	0.3913912987924825
0.6697328087881996	0.848142324638376	0.3931959309617504
0.6713026041139936	0.8501784033730616	0.395004472481148
0.6728723994397874	0.8522148527486268	0.396816921352099
0.6744421947655812	0.8542516740801755	0.39863327554777295
0.6760119900913751	0.8562888686431068	0.40045353304951636
0.6775817854171691	0.8583264377231159	0.40227769183814027
0.6791515807429629	0.8603643826261947	0.40410574988364706
0.6807213760687568	0.8624027046486324	0.4059377051770067
0.6822911713945508	0.8644414050970165	0.4077735556844122
0.6838609667203447	0.8664804852782323	0.40961329937688234
0.6854307620461386	0.8685199464894651	0.41145693423213536
0.6870005573719324	0.8705597900581994	0.41330445821498296
0.6885703526977264	0.8726000173022205	0.41515586930430476
0.6901401480235203	0.8746406295396145	0.41701116547640393
0.6917099433493141	0.8766816280987695	0.41887034467562123
0.693279738675108	0.8787230143083751	0.42073340489686356
0.6948495340009019	0.8807647894874249	0.4226003440858652
0.6964193293266958	0.8828069549952149	0.4244711602266443
0.6979891246524897	0.8848495121513458	0.42634585126024793
0.6995589199782836	0.8868924623157232	0.4282244151719608
0.7011287153040775	0.8889358068285574	0.430106849913202
0.7026985106298714	0.8909795470403652	0.4319931534570721
0.7042683059556654	0.89302368431197	0.4338833237514588
0.7058381012814592	0.8950682200045017	0.4357773587723058
0.7074078966072531	0.8971131554693987	0.43767525645773286
0.7089776919330469	0.8991584920884077	0.43957701478543343
0.7105474872588409	0.901204231223584	0.44148263170874236
0.7121172825846347	0.9032503742572927	0.44339210518575867
0.7136870779104286	0.9052969225722094	0.4453054331741452
0.7152568732362226	0.9073438775313203	0.44722261362219334
0.7168266685620165	0.909391240547923	0.4491436444980919
0.7183964638878104	0.911439012995627	0.4510685237504246
0.7199662592136042	0.913487196268355	0.45299724933536495
0.7215360545393982	0.9155357917803424	0.4549298192074316
0.7231058498651921	0.9175848009261388	0.4568662313265212
0.724675645190986	0.9196342251206079	0.45880648363635285
0.7262454405167797	0.921684065768929	0.4607505741039071
0.7278152358425737	0.9237343242865967	0.46269850066108037
0.7293850311683676	0.925785002099422	0.46465026128630965
0.7309548264941615	0.9278361006235328	0.46660585391318915
0.7325246218199554	0.9298876212953742	0.46856527649511903
0.7340944171457493	0.9319395655417098	0.47052852699590436
0.7356642124715432	0.9339919348096216	0.4724956033595379
0.7372340077973372	0.936044730526511	0.4744665035293209
0.738803803123131	0.9380979541500993	0.4764412254773455
0.7403735984489249	0.9401516071284283	0.47841976714765355
0.7419433937747189	0.9422056909098606	0.48040212647939584
0.7435131891005128	0.9442602069630808	0.48238830142962635
0.7450829844263065	0.9463151567370957	0.4843782899669195
0.7466527797521004	0.9483705417112348	0.486372090013128
0.7482225750778944	0.9504263633551513	0.488369699549927
0.7497923704036883	0.9524826231488224	0.490371116507489
0.7513621657294821	0.9545393225625495	0.49237633884821
0.752931961055276	0.95659646308696	0.4943853645118752
0.75450175638107	0.9586540462130068	0.4963981914691661
0.7560715517068639	0.960712073441969	0.4984148176707689
0.7576413470326578	0.9627705462554528	0.5004352410458265
0.7592111423584517	0.9648294661753924	0.5024594595745888
0.7607809376842456	0.9668888347040498	0.5044874712070441
0.7623507330100394	0.9689486533440159	0.5065192738817559
0.7639205283358333	0.9710089236282111	0.5085548655587111
0.7654903236616272	0.9730696470598854	0.5105942441984986
0.7670601189874211	0.97513082519262	0.512637407758229
0.768629914313215	0.9771924595303264	0.5146843541859586
0.770199709639009	0.9792545516272486	0.5167350814434436
0.7717695049648028	0.9813171030179625	0.5187895874884019
0.7733393002905967	0.9833801152473768	0.5208478702774939
0.7749090956163907	0.9854435898707342	0.5229099277619694
0.7764788909421846	0.9875075284436109	0.5249757579096234
0.7780486862679784	0.9895719325119181	0.5270453586764907
0.7796184815937722	0.991636803661902	0.5291187280351921
0.7811882769195662	0.9937021434501448	0.5311958639292792
0.7827580722453601	0.995767953453565	0.5332767643210276
0.7843278675711539	0.9978342352494181	0.5353614271953383
0.7858976628969478	0.999900990435297	0.5374498504919294
0.7874674582227418	1.001968220589133	0.5395420321891793
0.7890372535485357	1.004035927299196	0.5416379702544388
0.7906070488743295	1.0061041121840952	0.5437376626549446
0.7921768442001235	1.0081727768427795	0.5458411073403066
0.7937466395259174	1.0102419228745385	0.5479483023090213
0.7953164348517113	1.0123115518990025	0.5500592455170675
0.7968862301775052	1.0143816655461437	0.5521739349343182
0.798456025503299	1.0164522654362764	0.5542923685292288
0.8000258208290929	1.0185233531900575	0.5564145442979411
0.8015956161548868	1.0205949304484871	0.5585404601903746
0.8031654114806808	1.0226669988629098	0.5606701142039627
0.8047352068064746	1.0247395600750138	0.5628035042986803
0.8063050021322685	1.0268126157268327	0.5649406284698036
0.8078747974580625	1.0288861674807461	0.5670814846899288
0.8094445927838564	1.0309602169994792	0.569226070954511
0.8110143881096502	1.033034765956104	0.5713743852249445
0.8125841834354441	1.0351098160140404	0.5735264255082199
0.814153978761238	1.0371853688570551	0.5756821897848156
0.8157237740870319	1.039261426159264	0.5778416760419214
0.8172935694128257	1.041337989635132	0.5800048822803247
0.8188633647386196	1.043415060949473	0.5821718064786553
0.8204331600644136	1.0454926418174517	0.5843424466381639
0.8220029553902075	1.0475707339445832	0.5865168007564145
0.8235727507160013	1.0496493390467336	0.5886948668249029
0.8251425460417953	1.0517284588201212	0.5908766428529384
0.8267123413675892	1.0538080950113167	0.5930621268412154
0.8282821366933831	1.0558882493472432	0.5952513167906431
0.829851932019177	1.057968923545178	0.5974442107122028
0.8314217273449708	1.0600501193427516	0.5996408066160229
0.8329915226707647	1.0621318385379503	0.6018411025035892
0.8345613179965586	1.0642140827791142	0.6040450963866777
0.8361311133223526	1.06629685395494	0.6062527862961766
0.8377009086481464	1.068380153654481	0.6084641702253009
0.8392707039739403	1.0704639838671461	0.6106792462154915
0.8408404992997343	1.072548346182703	0.6128980122783818
0.8424102946255282	1.0746332424912761	0.6151204664492848
0.843980089951322	1.0767186744833488	0.6173466067380216
0.8455498852771159	1.078804643949764	0.6195764311805801
0.8471196806029099	1.0808911528817235	0.62180993781079
0.8486894759287037	1.08297820287079	0.6240471246606663
0.8502592712544975	1.0850657958088858	0.6262879897646777
0.8518290665802914	1.0871539334882956	0.628532531170221
0.8533988619060854	1.0892426178016654	0.630780746918659
0.8549686572318793	1.0913318504420033	0.6330326350481928
0.8565384525576731	1.0934216334026805	0.6352881936134881
0.8581082478834671	1.0955119684774317	0.637547420660802
0.859678043209261	1.0976028573603558	0.6398103142455389
0.8612478385350549	1.099694302145916	0.6420768724160106
0.8628176338608488	1.1017863045289402	0.644347093249602
0.8643874291866427	1.1038788664046224	0.6466209747929602
0.8659572245124365	1.105971989768523	0.6488985151243446
0.8675270198382304	1.1080656763165684	0.6511797123034311
0.8690968151640243	1.1101599279450522	0.6534645643981823
0.8706666104898182	1.1122547467506367	0.6557530694968962
0.8722364058156121	1.114350134430352	0.6580459138417873
0.8738062011414061	1.1164460929815967	0.6603417272110811
0.8753759964672		1.118542624202139	0.6626411878977094
0.8769457917929938	1.1206397301901174	0.6649442940008001
0.8785155871187877	1.1227374127440408	0.6672510436131335
0.8800853824445817	1.1248356738627885	0.6695614348170796
0.8816551777703756	1.1269345154456116	0.6718754657140502
0.8832249730961694	1.1290346351921339	0.6741931344298644
0.8847947684219633	1.1311346513023512	0.6765144390456902
0.8863645637477572	1.133235253776632	0.6788393778070362
0.8879343590735511	1.1353364447157197	0.6811679485775275
0.8895041543993449	1.1374382259207305	0.6835001496048606
0.8910739497251389	1.1395405993931564	0.6858359790124463
0.8926437450509328	1.1416435671348644	0.6881754349178969
0.8942135403767267	1.1437471325480968	0.690518515448291
0.8957833357025206	1.1458512949354722	0.692865218752043
0.8973531310283145	1.1479560575999874	0.6952155429664532
0.8989229263541084	1.1500614225450145	0.6975694862198787
0.9004927216799024	1.152167391874305	0.6999270466317802
0.9020625170056961	1.1542739675919877	0.7022882224231168
0.90363231233149	1.156381151802572	0.7046530117144348
0.9052021076572839	1.1584889463109445	0.707021412655611
0.9067719029830779	1.1605973532223735	0.7093934234307724
0.9083416983088718	1.1627063748425073	0.7117690421910177
0.9099114936346656	1.1648160129773746	0.7141482671206936
0.9114812889604595	1.1669262698333869	0.7165310963820952
0.9130510842862535	1.1690371474173362	0.7189175281707755
0.9146208796120474	1.1711486478363982	0.7213075606716437
0.9161906749378412	1.1732607732981313	0.7237011920616622
0.9177604702636352	1.1753735257104774	0.726098431885912
0.919330265589429	1.1774869074817624	0.7284992557826762
0.9209000609152229	1.1796009203206976	0.7309036731794438
0.9224698562410167	1.1817155666363783	0.7333116822860948
0.9240396515668107	1.1838308484382865	0.7357232813204693
0.9256094468926046	1.1859467679362892	0.7381384685148545
0.9271792422183985	1.188063327240641	0.7405572420786346
0.9287490375441924	1.1901805285619833	0.7429796002443642
0.9303188328699863	1.192298373911345	0.7454055412653973
0.9318886281957802	1.194416865700144	0.7478350633633304
0.9334584235215742	1.1965360058401857	0.7502681647941953
0.935028218847368	1.1986557967436657	0.7527048438011683
0.9365980141731618	1.2007762405231688	0.7551450986594984
0.9381678094989557	1.2028973393916695	0.7575889276174824
0.9397376048247497	1.2050190954625348	0.7600363289419156
0.9413074001505435	1.2071415111495203	0.7624873009216061
0.9428771954763374	1.2092645884667759	0.7649418418336547
0.9444469908021313	1.2113883298288417	0.767399949949791
0.9460167861279253	1.2135127374506518	0.7698616235699639
0.9475865814537192	1.2156378134475327	0.7723268609951812
0.949156376779513	1.2177635602352053	0.7747956605294871
0.950726172105307	1.2198899798297838	0.7772680215843603
0.9522959674311009	1.2220170748477779	0.7797439392555594
0.9538657627568947	1.2241448475060923	0.7822234149876178
0.9554355580826885	1.2262732999220272	0.7847064460955708
0.9570053534084825	1.228402434513279	0.7871930309267628
0.9585751487342764	1.2305322535979408	0.7896831677994139
0.9601449440600703	1.232662759394503	0.7921768550726337
0.9617147393858642	1.2347939544218534	0.7946740911065335
0.9632845347116581	1.2369258407992778	0.7971748742496272
0.964854330037452	1.2390584210464617	0.7996792028761026
0.966424125363246	1.241191698583488	0.8021870753565221
0.9679939206890398	1.2433256735308404	0.8046984900558192
0.9695637160148337	1.2454603493094025	0.8072134453874202
0.9711335113406275	1.2475957284404584	0.80973193971705
0.9727033066664215	1.2497318131456927	0.812253971460299
0.9742731019922153	1.2518686060471924	0.8147795390171021
0.9758428973180092	1.2540061092674464	0.8173086408148503
0.9774126926438031	1.2561443255293452	0.8198412752521125
0.9789824879695971	1.258283256956183	0.8223774407693198
0.9805522832953909	1.2604229062716579	0.8249171364506226
0.9821220786211848	1.2625632756998706	0.8274603594462909
0.9836918739469788	1.2647043675653276	0.8300071088500396
0.9852616692727727	1.2668461847929393	0.8325573840376751
0.9868314645985666	1.268988729608022	0.8351111816338416
0.9884012599243603	1.2711320045362973	0.8376685010464847
0.9899710552501543	1.273276012003894	0.840229340733652
0.9915408505759482	1.275420754737347	0.8427936991928553
0.9931106459017421	1.2775662348635983	0.8453615749166753
0.994680441227536	1.2797124551099983	0.8479329664050219
0.9962502365533299	1.2818594180043048	0.8505078721700373
0.9978200318791238	1.2840071260746846	0.8530862907349828
0.9993898272049178	1.2861555818497141	0.8556682206255128
1.0009596225307116	1.2883047879583784	0.8582536603760148
1.0025294178565054	1.2904547469300736	0.8608426085354103
1.0040992131822992	1.2926054613946052	0.8634350636403335
1.005669008508093	1.294756933782191	0.866031024260804
1.007238803833887	1.2969091669234587	0.8686304709982969
1.008808599159681	1.2990621632494497	0.871233438232583
1.0103783944854747	1.3012159253916162	0.8738399067162225
1.0119481898112688	1.3033704560818238	0.8764498750338593
1.0135179851370626	1.305525757852352	0.8790633418014367
1.0150877804628566	1.3076818335358928	0.8816803056249279
1.0166575757886505	1.3098386855655533	0.8843007840112953
1.0182273711144443	1.311996316774855	0.886924737951382
1.0197971664402383	1.314154729797735	0.889552184834642
1.0213669617660321	1.3163139273685447	0.8921831232995492
1.0229367570918262	1.3184739121220526	0.8948175520227267
1.0245065524176198	1.3206346867934433	0.8974554696561413
1.0260763477434138	1.3227962542183187	0.9000968748742461
1.0276461430692079	1.3249586169326975	0.9027417663750991
1.0292159383950017	1.3271217777730164	0.9053901428358457
1.0307857337207955	1.3292857395761302	0.9080420029756636
1.0323555290465893	1.331450505079313	0.910697345496462
1.0339253243723832	1.3336160769202574	0.9133561691254608
1.0354951196981772	1.3357824580370763	0.9160184725994392
1.037064915023971	1.3379496519683016	0.9186842546506319
1.038634710349765	1.3401176600528866	0.9213535140460072
1.0402045056755589	1.342286485730205	0.924026249532594
1.041774301001353	1.3444561320400523	0.9267024598977437
1.0433440963271465	1.3466266017226451	0.9293821439125064
1.0449138916529406	1.3487978976186232	0.9320653003856079
1.0464836869787344	1.3509700225690484	0.9347519281017419
1.0480534823045284	1.3531429795154057	0.9374420258924596
1.0496232776303223	1.3553167713996035	0.9401355925652956
1.051193072956116	1.3574914013639752	0.9428326269756448
1.0527628682819101	1.359666871751277	0.9455331279511521
1.054332663607704	1.361843185704691	0.9482370943613752
1.0559024589334978	1.3640203462678246	0.9509445250680079
1.0574722542592916	1.3661983563847104	0.9536554189531579
1.0590420495850856	1.3683772190998074	0.9563697749078954
1.0606118449108795	1.370556937158001	0.9590875918305912
1.0621816402366735	1.3727375137046045	0.9618088686263917
1.0637514355624673	1.3749189517853568	0.9645336042329025
1.0653212308882614	1.3771012543464265	0.9672617975805113
1.0668910262140552	1.379284424434409	0.9699934476110883
1.068460821539849	1.3814684649963296	0.9727285532841002
1.0700306168656428	1.3836533792796417	0.9754671135753917
1.0716004121914366	1.385839170132229	0.9782091274600179
1.0731702075172307	1.3880258414024047	0.9809545939353888
1.0747400028430245	1.3902133948389126	0.9837035119994233
1.0763097981688186	1.392401834290927	0.9864558806814792
1.0778795934946124	1.3945911628080536	0.9892116990035931
1.0794493888204064	1.3967813835403295	0.9919709660092642
1.0810191841462002	1.3989724995382244	0.9947336807624101
1.082588979471994	1.4011645141526399	0.997499842308259
1.0841587747977879	1.4033574303349103	1.0002694497460918
1.0857285701235817	1.405551251336804	1.0030425021542906
1.0872983654493757	1.407745980410522	1.0058189986527997
1.0888681607751696	1.4099416207087		1.0085989383466516
1.0904379561009636	1.4121381754844082	1.0113823203675176
1.0920077514267574	1.4143356479911515	1.0141691438602223
1.0935775467525515	1.4165340413828704	1.0169594079829578
1.095147342078345	1.4187333591139406	1.0197531119148753
1.0967171374041391	1.4209336042391745	1.0225502548150798
1.098286932729933	1.4231347796138203	1.0253508358968946
1.099856728055727	1.4253368895935634	1.0281548543727015
1.1014265233815208	1.4275399370345272	1.0309623094589069
1.1029963187073146	1.4297439250932715	1.0337732003910884
1.1045661140331087	1.4319488574267956	1.0365875264302054
1.1061359093589025	1.4341547369925363	1.0394052868325678
1.1077057046846965	1.4363615674483692	1.0422264808823962
1.1092755000104901	1.4385693520526102	1.0450511078717988
1.1108452953362842	1.4407780942640138	1.0478791670579883
1.112415090662078	1.4429877975417755	1.0507106579264636
1.113984885987872	1.4451984646455305	1.0535455795754247
1.1155546813136659	1.4474101001353552	1.0563839315959718
1.11712447663946	1.4496227072717673	1.0592257131809417
1.1186942719652537	1.451836289115726	1.0620709237211328
1.1202640672910475	1.454050849328632	1.064919562715021
1.1218338626168414	1.45626639147233	1.0677716295569302
1.1234036579426352	1.4584829191091053	1.0706271235474019
1.1249734532684292	1.4607004354016881	1.0734860442866334
1.126543248594223	1.4629189442132517	1.0763483910761378
1.128113043920017	1.4651384491074129	1.0792141635218966
1.129682839245811	1.467358953548233	1.0820833610277767
1.131252634571605	1.4695804613002181	1.0849559831019486
1.1328224298973988	1.4718029757283193	1.087832029356604
1.1343922252231928	1.4740265006979336	1.09071149919835
1.1359620205489864	1.4762510398749027	1.093594392241779
1.1375318158747802	1.4784765967255156	1.0964807080031242
1.1391016112005743	1.4807031750165074	1.099370446196914
1.1406714065263681	1.4829307784150598	1.1022636062427744
1.1422412018521622	1.4851594106888024	1.1051601878611503
1.143810997177956	1.4873890756058123	1.1080601906728935
1.14538079250375	1.4896197767346149	1.110963614403199
1.1469505878295438	1.4918515183441827	1.1138704584754469
1.1485203831553377	1.4940843035039388	1.1167807228205868
1.1500901784811315	1.4963181362837545	1.1196944070657564
1.1516599738069255	1.4985530205539501	1.1226115109419252
1.1532297691327194	1.5007889600852968	1.1255320340821275
1.1547995644585132	1.5030259587490158	1.128455976322418
1.1563693597843072	1.505264020416778	1.1313833374004918
1.157939155110101	1.5075031489607063	1.134314117152431
1.159508950435895	1.5097433482533742	1.137248315319849
1.1610787457616887	1.5119846222678077	1.1401859318460676
1.1626485410874827	1.5142269748774835	1.1431269663762145
1.1642183364132765	1.516470409756332	1.1460714188538919
1.1657881317390706	1.5187149314787352	1.1490192892291982
1.1673579270648644	1.520960543619529	1.1519705773517916
1.1689277223906585	1.5232072503540024	1.1549252830757513
1.1704975177164523	1.5254550555578983	1.1578834064517407
1.172067313042246	1.5277039633074132	1.1608449473378226
1.1736371083680401	1.5299539777791984	1.1638099056908908
1.1752069036938337	1.5322051028503607	1.1667782815715675
1.1767766990196278	1.5344573426984607	1.1697500749419516
1.1783464943454216	1.5367107015015153	1.1727252858650559
1.1799162896712156	1.5389651832379976	1.1757039143069827
1.1814860849970095	1.541220792186836	1.1786859604355864
1.1830558803228035	1.5434775325274157	1.1816714243198454
1.1846256756485973	1.5457354083395791	1.1846603060328444
1.1861954709743914	1.5479944239036256	1.1876526056484038
1.187765266300185	1.550254583300312	1.190648323439939
1.1893350616259788	1.552515891010853	1.1936474594875819
1.1909048569517728	1.5547783511169215	1.1966500139701841
1.1924746522775667	1.557041968000649	1.1996559870703867
1.1940444476033607	1.5593067458446261	1.2026653791708188
1.1956142429291545	1.561572689131902	1.20567819035845
1.1971840382549486	1.5638398020459856	1.2086944210209305
1.1987538335807424	1.566108089070846	1.211714071346822
1.2003236289065362	1.5683775544909124	1.2147371417301858
1.20189342423233	1.570648202691074	1.217763632463551
1.203463219558124	1.5729200381566815	1.2207935439439854
1.205033014883918	1.5751930653735462	1.223826876469256
1.206602810209712	1.577467288727941	1.2268636304402354
1.2081726055355058	1.5797427127066006	1.2299038063600505
1.2097424008612996	1.582019341896722	1.232947404631401
1.2113121961870936	1.5842971806859647	1.2359944257615376
1.2128819915128874	1.58657623366245	1.2390448701582764
1.2144517868386813	1.5888565054147636	1.2420987383341513
1.216021582164475	1.5911380005319535	1.2451560309013123
1.2175913774902691	1.5934207237035323	1.248216748373948
1.219161172816063	1.5957046794194756	1.2512808913706692
1.220730968141857	1.5979898723702237	1.2543484604098467
1.2223007634676508	1.6002763073466821	1.25741945611317
1.2238705587934449	1.6025639888402203	1.2604938792044686
1.2254403541192387	1.6048529216426735	1.2635717303081682
1.2270101494450323	1.6071431105463423	1.2666530101535258
1.2285799447708263	1.6094345602439935	1.2697377207717788
1.2301497400966201	1.6117272756288594	1.2728258602915703
1.2317195354224142	1.614021261294639	1.2759174307507408
1.233289330748208	1.616316522335498	1.2790124329845618
1.234859126074002	1.6186130634460694	1.2821108677314508
1.2364289213997959	1.6209108895214535	1.2852127359322516
1.23799871672559	1.6232100054572178	1.288318038329833
1.2395685120513835	1.6255104161493983	1.2914267759714035
1.2411383073771776	1.6278121265944983	1.2945389497018884
1.2427081027029714	1.630115141789491	1.2976545604728513
1.2442778980287652	1.632419466531817	1.3007736091359372
1.2458476933545592	1.6347251061193868	1.3038960968446363
1.247417488680353	1.63703206535058	1.307022024557302
1.2489872840061471	1.6393403494242467	1.3101513933295228
1.250557079331941	1.6416499631397048	1.3132842042248638
1.252126874657735	1.643960912096745	1.3164204583060661
1.2536966699835286	1.646273201195627	1.3195601567362791
1.2552664653093226	1.6485868355370816	1.322703300685934
1.2568362606351164	1.6509018203223105	1.325849891222897
1.2584060559609105	1.6532181608529875	1.3289999297219248
1.2599758512867043	1.6555358622312575	1.3321534172539458
1.2615456466124981	1.6578549297597367	1.3353103551972336
1.2631154419382922	1.660175368841515	1.3384707447331143
1.264685237264086	1.662497184580154	1.341634587239267
1.2662550325898798	1.6648203823796872	1.3448018840018308
1.2678248279156736	1.6671449676446224	1.347972636505244
1.2693946232414677	1.6694709457799402	1.3511468460387512
1.2709644185672615	1.6717983220910946	1.3543245139916533
1.2725342138930555	1.6741271020840136	1.357505641958686
1.2741040092188494	1.6764572912650992	1.3606902313322684
1.2756738045446434	1.6787888950412282	1.3638782836109509
1.2772435998704372	1.6811219189197513	1.36706980039506
1.2788133951962308	1.6834563685084942	1.3702647831875114
1.2803831905220249	1.6857922493157582	1.3734632335911083
1.2819529858478187	1.6881295669503202	1.3766651533132215
1.2835227811736127	1.6904683271214318	1.3798705439622967
1.2850925764994066	1.6928085353388211	1.3830794071516812
1.2866623718252006	1.6951501973126928	1.3862917445944036
1.2882321671509944	1.697493318853727	1.3895075582058722
1.2898019624767885	1.6998379055730815	1.3927268496039307
1.2913717578025823	1.70218396318239	1.395949620612123
1.292941553128376	1.7045314976937649	1.3991758731517294
1.29451134845417	1.7068805147197947	1.4024056090497354
1.2960811437799638	1.709231020173546	1.405638830133285
1.2976509391057578	1.711583019868563	1.4088755384340672
1.2992207344315516	1.7139365198188692	1.4121157357837963
1.3007905297573457	1.7162915255389652	1.4153594243166578
1.3023603250831395	1.7186480436438314	1.4186066059725302
1.3039301204089335	1.7210060798489262	1.4218572827913631
1.3054999157347271	1.7233656400701876	1.4251114569156198
1.3070697110605212	1.7257267304240331	1.42836913038979
1.308639506386315	1.7280893569273592	1.4316303026598465
1.310209301712109	1.7304535257975433	1.4348949814776673
1.3117790970379029	1.732819242952442	1.4381631660949148
1.3133488923636967	1.7351865148103924	1.4414348589658423
1.3149186876894907	1.737555347390213	1.444710062348216
1.3164884830152845	1.7399257469112017	1.4479887784997163
1.3180582783410784	1.7422977196931388	1.4512710096854557
1.3196280736668722	1.7446712720562847	1.454556758366604
1.3211978689926662	1.747046410221382	1.4578460270130393
1.32276766431846	1.7494231405096552	1.4611388179933134
1.324337459644254	1.7518014693428101	1.4644351336770633
1.325907254970048	1.754181403143035	1.467734976841355
1.327477050295842	1.7565629494330002	1.4710383497620145
1.3290468456216358	1.7589461124358594	1.4743452552173102
1.3306166409474296	1.7613308997752484	1.4776556956914342
1.3321864362732234	1.7637173179752863	1.4809696738650344
1.3337562315990172	1.7661053736605759	1.4842871924285168
1.3353260269248113	1.7684950732562026	1.4876082540697941
1.336895822250605	1.7708864235877357	1.4909328614804278
1.3384656175763991	1.7732794310812292	1.4942610176533215
1.340035412902193	1.7756741025632201	1.4975927251874004
1.341605208227987	1.778070444760731	1.5009279869815668
1.3431750035537808	1.7804684644012676	1.5042667566362227
1.3447447988795747	1.7828681682128213	1.5076091356573134
1.3463145942053685	1.7852695630238682	1.5109550777503273
1.3478843895311623	1.7876726556633695	1.5143045858262982
1.3494541848569563	1.7900774531607717	1.5176576629953373
1.3510239801827502	1.792483962146007	1.5210143122724953
1.3525937755085442	1.7948921898494932	1.5243745367763566
1.354163570834338	1.797302143002134	1.5277383396232254
1.355733366160132	1.79971382883532	1.5311057239380994
1.3573031614859257	1.802127252380927	1.5344766904446872
1.3588729568117197	1.804542424371318	1.5378512474689927
1.3604427521375135	1.8069593501393426	1.5412293955424505
1.3620125474633076	1.8093780368183374	1.5446111381973402
1.3635823427891014	1.811798491642126	1.5479964786673632
1.3651521381148952	1.814220721745019	1.551385420390001
1.3667219334406893	1.8166447342618155	1.5547779667063881
1.368291728766483	1.8190705367278013	1.5581741211591258
1.3698615240922771	1.8214981361787503	1.5615738870920388
1.3714313194180707	1.823927540050925	1.5649772681537488
1.3730011147438648	1.826358755781075	1.5683842676955375
1.3745709100696586	1.82879179060644	1.5717948895677594
1.3761407053954526	1.831226652164746	1.5752091372288046
1.3777105007212465	1.8336633477942101	1.5786270143355159
1.3792802960470405	1.836101885033537	1.5820485245491622
1.3808500913728343	1.8385422713219208	1.5854736716325226
1.3824198866986281	1.840984514399045	1.5889024593508856
1.383989682024422	1.8434286217050826	1.5923348915758175
1.3855594773502158	1.845874600980696	1.5957709718751758
1.3871292726760098	1.8483224597670376	1.5992107043244321
1.3886990680018036	1.8507722059057499	1.602654092799236
1.3902688633275977	1.8532238470389653	1.6061011410787274
1.3918386586533915	1.8556773909093065	1.6095518533461277
1.3934084539791856	1.8581328453598873	1.6130062332857706
1.3949782493049794	1.8605902181343112	1.6164642851812143
1.3965480446307734	1.8630495172766735	1.6199260129255915
1.398117839956567	1.865510750431559	1.6233914207098628
1.3996876352823608	1.8679739257440453	1.626860512528783
1.4012574306081549	1.8704390509597004	1.6303332925798801
1.4028272259339487	1.8729061342245836	1.6338097651653742
1.4043970212597428	1.8753751834852468	1.6372899341853997
1.4059668165855366	1.877846206688732	1.6407738041464113
1.4075366119113306	1.8803192120825747	1.6442613819571628
1.4091064072371244	1.8827942077148014	1.6477526665270217
1.4106762025629183	1.8852712016339315	1.6512476646710155
1.412245997888712	1.8877502041889762	1.6547463810050675
1.4138157932145061	1.8902312193294395	1.658248819648316
1.4153855885403		1.8927142575053177	1.6617549851204063
1.4169553838660938	1.8951993267671008	1.6652648818483846
1.4185251791918878	1.8976864354657703	1.668778514255748
1.4200949745176816	1.900175591852802	1.6722958868759403
1.4216647698434757	1.9026668043801642	1.6758170040378952
1.4232345651692693	1.905160081300319	1.679341870379062
1.4248043604950633	1.907655430966222	1.6828704904347809
1.4263741558208571	1.9101528619313217	1.6864028686477648
1.4279439511466512	1.9126523824495607	1.6899390097597833
1.429513746472445	1.9151540010753763	1.6934789182165215
1.431083541798239	1.9176577262636987	1.697022598664908
1.4326533371240329	1.9201635665699524	1.7005700556595846
1.4342231324498267	1.922671530350057	1.7041212940515704
1.4357929277756207	1.9251816263604256	1.7076763181983434
1.4373627231014143	1.927693862957966	1.7112351330598925
1.4389325184272084	1.9302082488000816	1.7147977429964558
1.4405023137530022	1.932724792544669	1.7183641488734505
1.4420721090787962	1.935243502650121	1.721934363258953
1.44364190440459	1.9377643879753241	1.7255083870234398
1.445211699730384	1.9402874569796615	1.7290862247390886
1.446781495056178	1.9428127183230104	1.732667885480797
1.448351290381972	1.945340180765744	1.736253360926994
1.4499210857077656	1.947869852968731	1.739842668760371
1.4514908810335594	1.9504017435933352	1.7434358093624505
1.4530606763593534	1.9529358614014163	1.747032787521122
1.4546304716851473	1.95547221505533	1.7506336077268496
1.4562002670109413	1.958010813217928	1.7542382796680358
1.4577700623367351	1.9605516647525578	1.7578467983430044
1.4593398576625292	1.9630947783230626	1.7614591731467042
1.460909652988323	1.9656401625937827	1.7650754087814107
1.4624794483141168	1.9681878264295543	1.7686955098490253
1.4640492436399106	1.97073777839571	1.772319480853445
1.4656190389657047	1.973290023558079	1.7759473265063472
1.4671888342914985	1.9758445781829872	1.7795790458175347
1.4687586296172923	1.978401447137257	1.7832146542003684
1.4703284249430864	1.9809606391882084	1.786854150773296
1.4718982202688802	1.983522163003657	1.790497539854241
1.4734680155946742	1.9860860273519165	1.7941448260657706
1.4750378109204678	1.988652240801797	1.7977960137334583
1.4766076062462619	1.9912208121226067	1.8014511070841341
1.4781774015720557	1.99379174998415	1.8051101105487324
1.4797471968978497	1.9963650689567298	1.8087730370608495
1.4813169922236435	1.9989407656111455	1.8124398734567757
1.4828867875494376	2.0015188483186943	1.816110623774084
1.4844565828752314	2.004099338051171	1.8197853095559415
1.4860263782010255	2.006682243580869	1.8234639352465924
1.4875961735268193	2.0092675541805782	1.8271464867918978
1.4891659688526129	2.0118553040235865	1.8308329769430138
1.490735764178407	2.014445482183681	1.83452340955235
1.4923055595042007	2.0170381035351452	1.8382177884751725
1.4938753548299948	2.019633176452762	1.8419161172694896
1.4954451501557886	2.0222307091118115	1.8456183996972044
1.4970149454815826	2.0248307099880725	1.8493246390216627
1.4985847408073765	2.0274331872578224	1.8530348389102211
1.5001545361331705	2.030038148997836	1.8567490026304887
1.5017243314589641	2.032645603485388	1.8604671334564848
1.5032941267847582	2.0352555586982497	1.864189224062408
1.504863922110552	2.037868015414693	1.8679152983266327
1.5064337174363458	2.0404829963134867	1.8716453488288483
1.5080035127621398	2.0431005018738997	1.8753793783526316
1.5095733080879337	2.045720540175699	1.8791173898856957
1.5111431034137277	2.0483431188991497	1.8828593860147635
1.5127128987395215	2.050968253725017	1.8866053693317442
1.5142826940653156	2.0535959368345647	1.8903553533336401
1.5158524893911092	2.0562261840095553	1.8941093190152087
1.5174222847169032	2.05885899383225	1.8978672665791534
1.518992080042697	2.0614943908854104	1.9016292224257332
1.520561875368491	2.0641323744522952	1.9053951769617932
1.522131670694285	2.0667729520166644	1.9091651322955057
1.5237014660200787	2.0694161311627757	1.9129390903392334
1.5252712613458728	2.072061919475387	1.9167170400067144
1.5268410566716666	2.074710315739755	1.9204990108155091
1.5284108519974604	2.0773613459416356	1.924284990984974
1.5299806473232542	2.0800150083672846	1.9280749825358796
1.5315504426490483	2.0826713236034573	1.9318690054965975
1.533120237974842	2.085330271437408	1.9356670231933455
1.5346900333006361	2.0879918655568908	1.9394690461574753
1.53625982862643	2.0906561341501595	1.9432751050233543
1.537829623952224	2.0933230498059663	1.947085156727689
1.5393994192780178	2.0959926894135656	1.9508992881101999
1.5409692146038114	2.098665004062709	1.9547174338121331
1.5425390099296055	2.101340026443648	1.9585396273785933
1.5441088052553993	2.1040177530471356	1.9623658548587382
1.5456786005811933	2.1066982061644226	1.9661961388018299
1.5472483959069872	2.1093814010872602	1.9700304918614653
1.5488181912327812	2.1120673558079		1.973868930794943
1.550387986558575	2.114756096519093	1.9777114835611402
1.551957781884369	2.1174476432140894	1.9815581697216413
1.5535275772101629	2.12014203628664	1.9854090377420985
1.5550973725359567	2.1228393248309954	1.9892641484884892
1.5566671678617505	2.1255395778419053	1.9931235915331005
1.5582369631875443	2.1282428973146206	1.9969875029472868
1.5598067585133384	2.130949441144891	2.0008560992089155
1.5613765538391322	2.133660278728967	2.0047308999962103
1.5629463491649263	2.1363741083635985	2.0086100344899456
1.56451614449072	2.139093965146035	2.012497832075058
1.5660859398165141	2.1418278039740266	2.016405654439095
1.5676557351423077	2.1486883567458226	2.0262333120724554
1.5692255304681018	2.1498396757601737	2.0280704811682826
