0.001			0.0012382079661876929	9.086650196479038e-7
0.002569795325793896	0.003181941434515321	6.000635136371571e-6
0.004139590651587791	0.005125675947783205	0.000015570808917298357
0.005709385977381688	0.007069412141263335	0.00002961928318429107
0.007279181303175583	0.009013150652328014	0.00004814600574392305
0.008848976628969479	0.010956892118049975	0.00007115093825849762
0.010418771954763376	0.012900637175502497	0.00009863402641809463
0.01198856728055727	0.014844386462859521	0.00013059522936990578
0.013558362606351165	0.016788140616195775	0.00016703451423511465
0.015128157932145062	0.018731900273586885	0.00020795204129322076
0.016697953257938956	0.020675666072109498	0.000253347220653549
0.018267748583732854	0.022619438649841398	0.00030322036193965326
0.01983754390952675	0.024563218643861615	0.00035757144891432243
0.021407339235320646	0.026507006691250563	0.00041640038736469537
0.022977134561114543	0.028450803429090142	0.00047970680291251777
0.024546929886908438	0.03039460949646386	0.0005474908024690455
0.026116725212702332	0.03233842553045695	0.0006197522463562749
0.02768652053849623	0.034282252169156494	0.0006964910205784283
0.029256315864290124	0.03622609004965153	0.0007777075863224194
0.030826111190084018	0.038169939811033164	0.0008634008056995022
0.03239590651587791	0.040113802090394744	0.0009535709626832365
0.03396570184167181	0.04205767752583187	0.001048217999858588
0.03553549716746571	0.04400156675544264	0.0011473417901726125
0.037105292493259605	0.04594547041832765	0.0012509421574187515
0.0386750878190535	0.0478893891525902	0.0013590188293563295
0.04024488314484739	0.04983332359633637	0.0014715711712719578
0.04181467847064129	0.051777274388675125	0.0015886010711388958
0.04338447379643518	0.05372124216871847	0.001710106183115094
0.044954269122229086	0.055665227574581574	0.001836087923234345
0.04652406444802298	0.05760923124438281	0.001966544376039848
0.048093859773816874	0.05955325381924398	0.002101476115482704
0.049663655099610765	0.061497295937290336	0.0022408829643783728
0.05123345042540466	0.06344135823865078	0.0023847649141464002
0.05280324575119856	0.06538544136145791	0.0025331215464160155
0.05437304107699246	0.06732954594684823	0.0026859526036155847
0.055942836402786356	0.06927367263496212	0.0028432581780948045
0.057512631728580246	0.07121782206394411	0.00300503759966629
0.059082427054374144	0.07316199487494292	0.0031712908268229966
0.060652222380168035	0.07510619170911158	0.0033420181490590845
0.06222201770596193	0.07705041320560756	0.003517218617892054
0.06379181303175582	0.07899466000659287	0.003696891938555304
0.06536160835754973	0.08093893275123422	0.0038810380447267894
0.06693140368334362	0.08288323208170309	0.0040696566201210965
0.06850119900913752	0.08482755863917589	0.004262747706058883
0.07007099433493141	0.08677191306483398	0.004460310580759691
0.07164078966072532	0.08871629599986398	0.004662346511236398
0.07321058498651921	0.09066070808745769	0.0048688525697417355
0.0747803803123131	0.09260514996881229	0.005079829543774817
0.076350175638107	0.09454962228613051	0.005295277528550197
0.0779199709639009	0.09649412568162062	0.005515195699739425
0.07948976628969479	0.0984386607984967	0.005739584143627188
0.08105956161548868	0.1003832282799786	0.0059684422355065925
0.08262935694128258	0.10232782876429218	0.006201769930364891
0.08419915226707647	0.1042724629126694	0.006439566881962246
0.08576894759287036	0.10621713134334836	0.006681832415839751
0.08733874291866427	0.10816183471857356	0.0069285663557980505
0.08890853824445817	0.11010657367059584	0.007179768719820494
0.09047833357025206	0.11205134885167271	0.007435438207230025
0.09204812889604595	0.11399616090406825	0.007695575115008171
0.09361792422183986	0.11594101048005338	0.00796017883452457
0.09518771954763375	0.11788589821190591	0.008229249078423427
0.09675751487342764	0.11983082475191069	0.008502785589585234
0.09832731019922153	0.12177579074235967	0.008780787545954735
0.09989710552501543	0.1237207968355521	0.009063255037693028
0.10146690085080932	0.1256658436737946	0.009350187602193812
0.10303669617660322	0.12761093189940126	0.009641584136443629
0.10460649150239712	0.1295560621646938	0.009937444964959768
0.10617628682819102	0.13150123512200174	0.010237769442753928
0.10774608215398492	0.13344645140366224	0.010542556845818568
0.1093158774797788	0.13539171168202066	0.010851807004433202
0.11088567280557271	0.13733701657943026	0.011165519464547274
0.1124554681313666	0.13928236675825265	0.011483695592354915
0.11402526345716049	0.1412277628608576	0.01180633132847009
0.1155950587829544	0.14317320553962337	0.012133427647616666
0.11716485410874829	0.1451186954469369	0.012464984544430678
0.11873464943454218	0.14706423322519357	0.012801001128111963
0.12030444476033607	0.1490098195367977	0.013141476990488997
0.12187424008612997	0.15095545501416247	0.013486412457859894
0.12344403541192386	0.15290114032971006	0.013835805532179207
0.12501383073771777	0.15484687611587178	0.014189656485147027
0.12658362606351165	0.15679266303508824	0.014547964890792953
0.12815342138930555	0.15873850173980938	0.014910730060318253
0.12972321671509945	0.1606843928724946	0.015277951676023315
0.13129301204089333	0.16263033709561298	0.01564962883151145
0.13286280736668724	0.16457633506164326	0.01602576096940199
0.13443260269248114	0.166522387413074	0.016406347868390077
0.13600239801827504	0.16846849481240384	0.01679138983944756
0.13757219334406895	0.17041465792214125	0.01718088411269056
0.13914198866986283	0.17236087738480516	0.017574831492395193
0.14071178399565673	0.1743071538529246	0.017973231196755726
0.14228157932145064	0.17625348799903914	0.01837608313467506
0.1438513746472445	0.17819988045569884	0.018783385685347605
0.14542116997303842	0.1801463319054644	0.019195138925977403
0.14699096529883232	0.18209284298090728	0.019611342385017227
0.1485607606246262	0.18403941435460994	0.02003199518093499
0.1501305559504201	0.1859860466691657	0.020457096224984473
0.151700351276214	0.18793274060717916	0.02088664542467462
0.15327014660200788	0.18987949680126592	0.02132064247895429
0.1548399419278018	0.19182631593405317	0.021759086298216976
0.15640973725359567	0.1937731986381795	0.022201976058812873
0.15797953257938957	0.19572014559629497	0.022649311418522843
0.15954932790518347	0.19766715746106156	0.023101091860991834
0.16111912323097735	0.19961423489515284	0.023557316187667175
0.16268891855677126	0.20156137855125456	0.024017984168699297
0.16425871388256516	0.20350858910206426	0.024483095417517624
0.16582850920835904	0.20545586721029188	0.024952651013139347
0.16739830453415294	0.20740321352865948	0.025426645638786435
0.16896809985994685	0.20935062871990168	0.025905081511645025
0.17053789518574072	0.21129811346676544	0.026387956804778352
0.17210769051153466	0.2132456684120105	0.02687527188661803
0.17367748583732853	0.21519329422840933	0.027367025765609586
0.17524728116312244	0.21714099157874717	0.027863217395762047
0.17681707648891634	0.21908876113582235	0.02836384614262689
0.17838687181471022	0.22103660356244625	0.028868911437784934
0.17995666714050412	0.22298451953144352	0.029378412501096823
0.18152646246629803	0.22493250969565207	0.02989234878385029
0.1830962577920919	0.22688057472792328	0.030410719299355703
0.1846660531178858	0.22882871531112214	0.03093352314665185
0.1862358484436797	0.23077693209812727	0.031460760721883585
0.1878056437694736	0.2327252257618311	0.03199242923686596
0.1893754390952675	0.23467359697513998	0.03252852941187005
0.1909452344210614	0.23662204641097434	0.033069060000092625
0.19251502974685528	0.2385705747322686	0.03361401984293621
0.19408482507264918	0.2405191826219716	0.034163408371237686
0.19565462039844306	0.24246787074304654	0.03471722513475481
0.19722441572423696	0.244416639778471	0.035275468879793895
0.19879421105003087	0.24636549039123723	0.0358381390527192
0.20036400637582474	0.24831442325435232	0.036405235230860464
0.20193380170161865	0.2502634390608379	0.03697675581408644
0.20350359702741255	0.252212538463731	0.03755270028786811
0.20507339235320643	0.25416172215608324	0.03813306784544382
0.20664318767900033	0.2561109908109618	0.038717858064775054
0.20821298300479424	0.25806034510144893	0.0393070694717561
0.20978277833058814	0.26000978570064237	0.03990070138576944
0.21135257365638205	0.2619593132916555	0.04049875252417523
0.21292236898217592	0.2639089285676171	0.04110122253503949
0.21449216430796983	0.26585863218167205	0.04170811203160829
0.21606195963376373	0.2678084248369808	0.0423194172088171
0.2176317549595576	0.2697583072067199	0.04293513812234486
0.21920155028535152	0.2717082799740821	0.043555274649629626
0.22077134561114542	0.27365833706227627	0.044179825320813944
0.2223411409369393	0.2756084925945276	0.044808789377162844
0.2239109362627332	0.27755874057407787	0.04544216891992346
0.2254807315885271	0.27950908168418537	0.04607995692042716
0.22705052691432098	0.2814595165981249	0.04672215672376761
0.2286203222401149	0.2834100460291883	0.04736876512492837
0.2301901175659088	0.28536067064068427	0.04801978256278585
0.23175991289170267	0.2873113911259384	0.048675207881815785
0.23332970821749657	0.2892622081682936	0.049335039787790864
0.23489950354329045	0.29121312247111	0.04999927776539936
0.23646929886908435	0.293164134717765	0.0506679205383025
0.23803909419487826	0.29511524558165353	0.051340968088071474
0.23960888952067214	0.2970664557761883	0.05201841798409752
0.24117868484646604	0.2990177659847994	0.05270026979414424
0.24274848017225995	0.30096917690093505	0.05338652276097543
0.24431827549805382	0.30292068921806137	0.054077175556861576
0.24588807082384773	0.3048723036296624	0.05477222786312483
0.24745786614964166	0.3068240208192405	0.055471677824959695
0.24902766147543554	0.3087758415003162	0.05617552475861975
0.2505974568012294	0.3107277663564285	0.05688376783593979
0.2521672521270233	0.31267979609113494	0.057596406344023715
0.2537370474528172	0.3146319313980117	0.05831343846701854
0.2553068427786111	0.31658417298065367	0.059034862730710375
0.256876638104405	0.3185365215326746	0.05976068110305854
0.2584464334301989	0.32048897775770724	0.06049088763168821
0.2600162287559928	0.32244154235940337	0.061225485817836205
0.26158602408178666	0.32439421603143415	0.061964472487468766
0.2631558194075806	0.3263469994874898	0.06270784541937388
0.26472561473337447	0.32829989341128013	0.06345560102664485
0.2662954100591684	0.3302528985265346	0.0642077462578702
0.2678652053849623	0.33220601553700213	0.06496427649643453
0.26943500071075616	0.33415924513645145	0.06572519545902661
0.2710047960365501	0.3361125880386712	0.06649048515434126
0.27257459136234397	0.3380660449474702	0.06726016754495884
0.2741443866881379	0.3400196165766771	0.06803421809060126
0.2757141820139318	0.341973303640141	0.06881265934322123
0.27728397733972565	0.34392710683173117	0.06959546641053263
0.27885377266551953	0.3458810268753375	0.07038266233303532
0.28042356799131346	0.3478350644848702	0.07117422783313009
0.28199336331710734	0.3497892203642606	0.07197016738919114
0.28356315864290127	0.3517434952274604	0.07277047532623646
0.2851329539686951	0.3536978897884424	0.07357515983148463
0.286702749294489	0.35565240477120036	0.07438421546990352
0.2882725446202829	0.35760704087974926	0.07519764112876
0.28984233994607683	0.35956179884812534	0.07601544053773913
0.2914121352718707	0.36151667938038606	0.07683760135144245
0.29298193059766464	0.3634716832006105	0.07766412879408992
0.29455172592345846	0.36542681102289926	0.07849502254187456
0.2961215212492524	0.3673820635713747	0.07933027888434163
0.29769131657504627	0.36933744158018084	0.08016989718336771
0.2992611119008402	0.3712929457534839	0.0810138779099936
0.3008309072266341	0.3732485768254719	0.0818622195200971
0.302400702552428	0.37520433552035515	0.08271491959385993
0.3039704978782219	0.37716022256236614	0.08357197610426124
0.30554029320401577	0.3791162386757598	0.08443339062698195
0.3071100885298097	0.3810723845848135	0.08529916187327602
0.3086798838556036	0.38302866103382727	0.08616928488343198
0.3102496791813975	0.38498506873712385	0.08704376162023586
0.31181947450719133	0.3869416084290488	0.08792258949359963
0.31338926983298526	0.3888982808439706	0.08880576695362005
0.31495906515877914	0.3908550867062807	0.08969329419831602
0.31652886048457307	0.39281202676039406	0.09058516925469381
0.31809865581036695	0.3947691017407485	0.09148138945126867
0.3196684511361609	0.3967263123718054	0.09238195680636115
0.3212382464619547	0.39868365939804973	0.09328686697628648
0.32280804178774863	0.40064114356399	0.09419612018297698
0.3243778371135425	0.4025987655941584	0.09510971467381582
0.32594763243933644	0.40455652623311106	0.09602764804817596
0.3275174277651303	0.40651442622542794	0.09694992431036241
0.3290872230909242	0.40847246631571327	0.09787653827277927
0.3306570184167181	0.4104306472385951	0.09880748488099889
0.332226813742512	0.4123889697387262	0.0997427680152038
0.3337966090683059	0.41434743457078343	0.1006823837097264
0.3353664043940998	0.41630604246946823	0.10162633069773502
0.3369361997198937	0.4182647941895067	0.102574608511801
0.33850599504568757	0.42022369047564967	0.10352721575583372
0.34007579037148145	0.42218273208267276	0.10448415098474259
0.3416455856972754	0.42414191975537674	0.10544541381230348
0.3432153810230693	0.42610125423858713	0.10641100119920326
0.3447851763488632	0.42806073630715485	0.10738091256675418
0.34635497167465706	0.4300203666959561	0.10835514432251686
0.34792476700045094	0.4319801461598924	0.10933370004147172
0.3494945623262449	0.4339400754738908	0.11031657458883315
0.35106435765203875	0.435900155372904	0.11130376856356607
0.3526341529778327	0.43786038663191046	0.11229527955953414
0.35420394830362656	0.4398207699959144	0.11329110532624108
0.35577374362942044	0.4417813062399461	0.11429124961772355
0.3573435389552143	0.4437419961190618	0.11529570286777223
0.35891333428100824	0.44570284039834396	0.116304467537942
0.3604831296068021	0.44766383984290137	0.11731753771610634
0.36205292493259605	0.4496249952178692	0.1183349210745745
0.3636227202583899	0.4515863072884091	0.1193566130249976
0.3651925155841838	0.4535477768197093	0.12038260901091091
0.3667623109099777	0.45550940458698486	0.12141290963788275
0.3683321062357716	0.45747119136547765	0.12244751341344794
0.3699019015615655	0.4594331379104563	0.12348641764168887
0.3714716968873594	0.46139524501721696	0.12452962197841284
0.37304149221315325	0.4633575134410825	0.1255771244594844
0.3746112875389472	0.46531994395740317	0.12662892488326016
0.37618108286474106	0.4672825373515568	0.12768501977720004
0.377750878190535	0.46924529440894847	0.12874540633436776
0.3793206735163289	0.4712082158950111	0.12981009047025374
0.3808904688421228	0.4731713025952051	0.13087906351874903
0.3824602641679167	0.47513455528501897	0.131952325436007
0.38403005949371055	0.47709797475996885	0.1330298752106607
0.3855998548195045	0.4790615617955992	0.1341117123312601
0.38716965014529836	0.4810253171874825	0.13519783364413787
0.3887394454710923	0.48298924171121954	0.13628823859232322
0.3903092407968861	0.48495333615243935	0.1373829251984156
0.39187903612268005	0.48691760131679973	0.13848189282294418
0.3934488314484739	0.48888203797998675	0.1395851403366093
0.39501862677426786	0.4908466469477155	0.1406926633362528
0.39658842210006173	0.49281142899572955	0.141804462478863
0.39815821742585567	0.49477638493980175	0.14292053625654264
0.3997280127516495	0.49674151556573365	0.14404088178188296
0.4012978080774434	0.4987068216793562	0.14516549983664925
0.4028676034032373	0.5006723040565294	0.1462943864558335
0.40443739872903123	0.5026379635231427	0.14742753981519685
0.4060071940548251	0.5046038008751151	0.14856496401702007
0.407576989380619	0.506569816918395	0.14970664968677014
0.40914678470641286	0.5085360124389607	0.15085259832535491
0.4107165800322068	0.5105023882628199	0.15200280797320448
0.41228637535800067	0.5124689451960107	0.1531572783870745
0.4138561706837946	0.5144356840346009	0.15431600709761253
0.4154259660095885	0.5164026056046885	0.15547899264042503
0.41699576133538235	0.5183697107124017	0.15664623317360807
0.4185655566611763	0.5203370001638989	0.1578177273878393
0.42013535198697016	0.5223044747853693	0.15899347280142873
0.4217051473127641	0.5242721353830324	0.16017346923734144
0.42327494263855797	0.5262399827831382	0.16135771430839219
0.42484473796435185	0.528208017801968	0.1625462063822166
0.4264145332901457	0.5301762412558333	0.16373894388603963
0.42798432861593966	0.532144653971077	0.1649359274591895
0.42955412394173353	0.5341132567740731	0.16613714998116214
0.43112391926752747	0.5360820504912265	0.16734261369159825
0.43269371459332134	0.5380510359389737	0.16855231606829854
0.4342635099191152	0.5400202139537826	0.16976625578480867
0.4358333052449091	0.5419895853721524	0.17098443075562972
0.43740310057070303	0.543959151010614	0.17220683938302087
0.4389728958964969	0.54592891170573	0.17343348008999282
0.44054269122229084	0.5478988682940951	0.17466435042034886
0.4421124865480847	0.5498690216223356	0.17589945032830562
0.4436822818738786	0.5518393725171102	0.1771387770013328
0.44525207719967247	0.5538099218151094	0.17838232898101958
0.4468218725254664	0.5557806703630561	0.17963010472796306
0.4483916678512603	0.5577516342277056	0.18088210209171698
0.4499614631770542	0.5597227838758457	0.18213832218844656
0.45153125850284803	0.5616941352942969	0.18339875813617218
0.45310105382864196	0.5636656893499121	0.18466341017639415
0.4546708491544359	0.5656374468795773	0.18593227775183474
0.4562406444802298	0.5676094087302109	0.18720535879083283
0.4578104398060237	0.569581575768765	0.188482658715658
0.4593802351318176	0.5715539488422243	0.189764160955227
0.46095003045761146	0.5735265287976071	0.1910498709903283
0.46251982578340534	0.5754993165019646	0.19233978743919813
0.46408962110919927	0.5774723128123819	0.1936339083363433
0.46565941643499315	0.579445518595977	0.1949322318185883
0.4672292117607871	0.5814189346999022	0.19623475568908436
0.4687990070865809	0.5833925788813434	0.19754147945530667
0.47036880241237483	0.5853664183775201	0.19885240041555616
0.4719385977381687	0.5873404688756859	0.20016751962469212
0.47350839306396264	0.5893147350831286	0.20148683022315125
0.4750781883897565	0.5912892159571698	0.2028103328740901
0.47664798371555045	0.5932639123651657	0.20413802579691567
0.47821777904134427	0.5952388251945071	0.2054699071992143
0.4797875743671382	0.5972139553126186	0.20680597498138228
0.4813573696929321	0.59918930359696	0.20814622783675013
0.482927165018726	0.6011648709350255	0.20949066372500175
0.4844969603445199	0.6031406582043441	0.210839280842826
0.48606675567031377	0.6051166662824802	0.21219207656121414
0.48763655099610764	0.6070928970870322	0.21354905061470736
0.4892063463219016	0.6090693495456345	0.21491020033177463
0.49077614164769545	0.6110460254859565	0.21627552404561176
0.4923459369734894	0.6130229257857028	0.21764502212604023
0.4939157322992833	0.6150000513426134	0.21901868822167564
0.49548552762507714	0.616977403064464	0.22039652253608003
0.49705532295087107	0.6189549818190659	0.22177852335500736
0.49862511827666495	0.6209327885342659	0.22316468883874047
0.5001949136024588	0.622910824097947	0.224555017078512
0.5017647089282528	0.6248890894080277	0.2259495063120124
0.5033345042540466	0.6268675853724632	0.22734815479635676
0.5049042995798405	0.6288463128892444	0.22875096020216737
0.5064740949056344	0.6308252728863984	0.23015792103650964
0.5080438902314284	0.6328044662519889	0.23156903542448398
0.5096136855572222	0.6347838939041158	0.23298430114829405
0.5111834808830161	0.636763556750916	0.23440371657403156
0.51275327620881	0.6387434557305628	0.2358272816099298
0.514323071534604	0.640723591741266	0.23725501117536454
0.5158928668603978	0.6427039534212728	0.23868686442165674
0.5174626621861916	0.6446845659688673	0.24012285996713623
0.5190324575119856	0.64666543118237	0.24156299546832466
0.5206022528377795	0.6486465245501394	0.24300726932822947
0.5221720481635733	0.6506278595605712	0.2444556793509162
0.5237418434893673	0.6526094371520981	0.2459082240178284
0.5253116388151612	0.6545912582531903	0.2473649008927448
0.5268814341409551	0.6565733238123561	0.2488256935094409
0.5284512294667489	0.658555634738141	0.2502906295104956
0.5300210247925429	0.6605381919891286	0.2517596919683983
0.5315908201183368	0.66252099650394	0.2532328817194025
0.5331606154441307	0.664504049211235	0.2547101918612832
0.5347304107699246	0.6664873510697108	0.25619162265534884
0.5363002060957184	0.6684709030181031	0.2576771724619251
0.5378700014215123	0.670454706005186	0.25916683923407885
0.5394397967473062	0.672438760969772	0.26066062071558593
0.5410095920731002	0.6744230688907117	0.262158515394372
0.542579387398894	0.676407630696895	0.26366052113115307
0.5441491827246879	0.67839244735725	0.26516663586033523
0.5457189780504819	0.6803775198307438	0.2666768574944125
0.5472887733762758	0.6823628490763823	0.2681911843920072
0.5488585687020696	0.6843484193232108	0.2697096143826278
0.5504283640278635	0.6863342647703131	0.271232145543007
0.5519981593536574	0.6883203698768127	0.272758778137995
0.5535679546794513	0.6903067356218723	0.2742895055086279
0.5551377500052451	0.6922933629646939	0.27582432795793077
0.556707545331039	0.6942802528945192	0.2773632435689507
0.558277340656833	0.6962674063806294	0.278906250290167
0.5598471359826269	0.6982548275223455	0.28045334615856693
0.5614169313084207	0.7002425110790281	0.28200452907718404
0.5629867266342147	0.7022304611400784	0.2835597970901013
0.5645565219600086	0.7042186786749365	0.2851191684425363
0.5661263172858025	0.7062071646930838	0.28668260066212803
0.5676961126115965	0.7081959201740411	0.28825011200407485
0.5692659079373902	0.7101849461073697	0.28982170023012643
0.5708357032631841	0.7121742434926717	0.2913973658018326
0.572405498588978	0.7141638118695893	0.2929771019143865
0.573975293914772	0.7161536551678056	0.29456090888713915
0.5755450892405658	0.7181437729170441	0.2961487846288629
0.5771148845663597	0.7201341661170695	0.29774072737488433
0.5786846798921537	0.722124835777687	0.2993367346671019
0.5802544752179476	0.7241157829187433	0.3009368045738745
0.5818242705437414	0.726107008530126	0.3025409350821862
0.5833940658695353	0.7280985136317636	0.30414912416719025
0.5849638611953293	0.7300902992536263	0.30576136992700964
0.5865336565211231	0.7320823664057259	0.30737766989187126
0.5881034518469169	0.734074716108115	0.30899802217304934
0.5896732471727109	0.7360673493808886	0.31062242792748457
0.5912430424985048	0.738060267254183	0.31225087863642603
0.5928128378242987	0.7400534707681761	0.3138833755051769
0.5943826331500925	0.7420469621230881	0.31551991653154066
0.5959524284758865	0.7440407399691812	0.31716049933004314
0.5975222238016804	0.7460348065367594	0.31880512198166
0.5990920191274743	0.7480291628861692	0.32045378256635376
0.6006618144532682	0.7500238100377992	0.32210647858643254
0.6022316097790621	0.7520187490420805	0.3237632084275083
0.603801405104856	0.7540139798694867	0.3254239694346808
0.6053712004306498	0.7560095057505338	0.3270887598311214
0.6069409957564438	0.7580053266357807	0.3287575800049505
0.6085107910822376	0.760001443565829	0.33043042274116025
0.6100805864080315	0.7619978576213233	0.33210728865318323
0.6116503817338255	0.7639945698429511	0.3337881752802249
0.6132201770596194	0.765991581301443	0.3354730808731919
0.6147899723854132	0.7679888930575725	0.33716200317186285
0.6163597677112072	0.7699865061821566	0.3388549397181532
0.6179295630370011	0.7719844217360557	0.3405518889217331
0.619499358362795	0.773982640810174	0.3422528481584156
0.6210691536885888	0.7759811644654585	0.3439578164545049
0.6226389490143827	0.7779799937829003	0.3456667897513974
0.6242087443401766	0.7799791298435342	0.34737976717993724
0.6257785396659705	0.7819785737384389	0.3490967486456472
0.6273483349917643	0.783978326548737	0.3508177270911373
0.6289181303175583	0.785978389355595	0.352542703176608
0.6304879256433522	0.7879787632602239	0.354271674481093
0.6320577209691461	0.7899794500038784	0.35600463870982607
0.63362751629494	0.7919804493678579	0.35774159411245904
0.6351973116207339	0.7939817631135064	0.35948253822361204
0.6367671069465278	0.7959833923522117	0.36122746902452435
0.6383369022723218	0.7979853381954072	0.3629763841478913
0.6399066975981155	0.7999876012345699	0.36472928169162877
0.6414764929239094	0.8019901833712226	0.36648615843472043
0.6430462882497033	0.8039930856969325	0.3682470172407111
0.6446160835754973	0.8059963090733118	0.3700118484386634
0.6461858789012912	0.8079998546220177	0.37178065349012795
0.647755674227085	0.8100037234747529	0.37355342995974306
0.649325469552879	0.8120079167432652	0.3753301756130709
0.6508952648786729	0.814012435569348	0.37711088840280155
0.6524650602044668	0.8160172810848395	0.3788955660688585
0.6540348555302606	0.8180224544116241	0.3806842062653351
0.6556046508560546	0.8200279567016318	0.3824768070805043
0.6571744461818484	0.8220337890968379	0.3842733662082207
0.6587442415076423	0.8240399527292641	0.3860738815116719
0.6603140368334361	0.8260464487609777	0.3878783432415321
0.6618838321592301	0.828053278334092	0.3896867648155482
0.663453627485024	0.8300604426107667	0.39149913516532936
0.6650234228108179	0.8320679427332073	0.3933154527594779
0.6665932181366118	0.8340757798736661	0.3951357155229941
0.6681630134624057	0.8360839551944413	0.39695992116215156
0.6697328087881996	0.8380924698478779	0.3987880674831988
0.6713026041139936	0.8401013250263677	0.40062015227026965
0.6728723994397874	0.8421105215623483	0.4024561733844031
0.6744421947655812	0.8441200612783053	0.4042961282695423
0.6760119900913751	0.8461299450367701	0.40614001513869363
0.6775817854171691	0.8481401740103217	0.4079878342940226
0.6791515807429629	0.850150749401586	0.4098395773497516
0.6807213760687568	0.8521616723732356	0.4116952480411376
0.6822911713945508	0.8541729441479912	0.41355484008547444
0.6838609667203447	0.85618456577862	0.4154183528287104
0.6854307620461386	0.858196538697937	0.4172857824240212
0.6870005573719324	0.8602088570888048	0.4191571298954775
0.6885703526977264	0.8622215359141332	0.42103239136098075
0.6901401480235203	0.8642345695268803	0.42291156625755644
0.6917099433493141	0.8662479662900514	0.4247946490799384
0.693279738675108	0.8682617132166999	0.42668163754426236
0.6948495340009019	0.8702758185699272	0.4285725358327504
0.6964193293266958	0.8722903050528829	0.43046733389812925
0.6979891246524897	0.8743051310687643	0.432366032466483
0.6995589199782836	0.8763203192008172	0.4342686296285804
0.7011287153040775	0.8783358706723361	0.4361751226425434
0.7026985106298714	0.8803517867366633	0.4380855095421817
0.7042683059556654	0.8823680686171897	0.43999978806251044
0.7058381012814592	0.8843847175573554	0.44191796061359484
0.7074078966072531	0.8864017348106483	0.4438400161825789
0.7089776919330469	0.8884191216206059	0.4457659567015377
0.7105474872588409	0.8904368792508139	0.44769577928536725
0.7121172825846347	0.8924550089349077	0.44962948439248296
0.7136870779104286	0.894473503396571	0.45156706518486067
0.7152568732362226	0.8964923809395368	0.4535085217890803
0.7168266685620165	0.8985116343475876	0.45545385195549076
0.7183964638878104	0.9005312648845553	0.4574030534807941
0.7199662592136042	0.902551273814321	0.4593561241673305
0.7215360545393982	0.904571665390815	0.46131306143943335
0.7231058498651921	0.9065924349980177	0.46327386395716397
0.724675645190986	0.908613586849959	0.4652385280446026
0.7262454405167797	0.9106351222407182	0.46720706658416733
0.7278152358425737	0.9126570424644252	0.46917944847422294
0.7293850311683676	0.9146793488152591	0.47115568811780684
0.7309548264941615	0.9167020425874496	0.47313577859975026
0.7325246218199554	0.918725125105276	0.47511972021289145
0.7340944171457493	0.9207485976530683	0.4771075101700513
0.7356642124715432	0.9227724615552064	0.47909914655270863
0.7372340077973372	0.9247967181261207	0.48109462776666784
0.738803803123131	0.9268213686802923	0.4830939501848973
0.7403735984489249	0.9288464145522524	0.4850971112337728
0.7419433937747189	0.9308718570565832	0.48710411098007256
0.7435131891005128	0.9328976975279176	0.489114944857685
0.7450829844263065	0.9349239373009391	0.49112961175857506
0.7466527797521004	0.9369505777203825	0.4931481090116498
0.7482225750778944	0.938977620131033	0.49517043707328556
0.7497923704036883	0.9410050658677275	0.4971965890340902
0.7513621657294821	0.9430329163253538	0.4992265640632932
0.752931961055276	0.9450611727888507	0.5012603581715412
0.75450175638107	0.9470898366332088	0.5032979566547212
0.7560715517068639	0.9491189092534698	0.5053393891345151
0.7576413470326578	0.951148391984727	0.5073846371000542
0.7592111423584517	0.9531782862221253	0.5094336934739445
0.7607809376842456	0.9552085933308613	0.5114865620088512
0.7623507330100394	0.9572393146961835	0.5135432379900589
0.7639205283358333	0.959270451693392	0.5156037190961874
0.7654903236616272	0.9613020057078389	0.5176680033611677
0.7670601189874211	0.9633339781449285	0.5197360921742356
0.768629914313215	0.965366370380117	0.5218079757949213
0.770199709639009	0.967399183838913	0.5238836556325047
0.7717695049648028	0.9694324199068772	0.5259631296609133
0.7733393002905967	0.9714660799996226	0.5280463950457243
0.7749090956163907	0.9735001390328152	0.53013344824385
0.7764788909421846	0.9755346512821726	0.5322242925343433
0.7780486862679784	0.9775695918134661	0.534318919179864
0.7796184815937722	0.9796049620525188	0.536417331688141
0.7811882769195662	0.981640763415207	0.5385195235886908
0.7827580722453601	0.9836769992974598	0.5406254908579655
0.7843278675711539	0.9857136672452592	0.5427352338568978
0.7858976628969478	0.9877507706346407	0.5448488179137794
0.7874674582227418	0.9897883109216921	0.5469661060763311
0.7890372535485357	0.991826289562555	0.5490871638110569
0.7906070488743295	0.9938647080134242	0.5512119874769664
0.7921768442001235	0.9959035677205478	0.5533405751738544
0.7937466395259174	0.9979428701702273	0.5554729248883892
0.7953164348517113	0.999982616828818	0.5576090343940553
0.7968862301775052	1.0020228091627283	0.5597488479697934
0.798456025503299	1.0040634486584212	0.5618924714048181
0.8000258208290929	1.0061046186324125	0.5640398452968856
0.8015956161548868	1.0081461577912725	0.5661909706118256
0.8031654114806808	1.010188148591625	0.5683458432286513
0.8047352068064746	1.012230592490149	0.5705044618233013
0.8063050021322685	1.0142734910835753	0.5726668243749256
0.8078747974580625	1.016316845738692	0.5748329280692761
0.8094445927838564	1.0183606581223383	0.5770027708894566
0.8110143881096502	1.0204048415014102	0.5791763507802896
0.8125841834354441	1.0224495727428569	0.5813536526917129
0.814153978761238	1.0244947663136827	0.5835346992139222
0.8157237740870319	1.026540423480946	0.5857194771555781
0.8172935694128257	1.0285865460117607	0.5879079814609203
0.8188633647386196	1.0306331354732943	0.5901002113189238
0.8204331600644136	1.0326801931327703	0.5922961643136431
0.8220029553902075	1.0347277208574661	0.5944958381278483
0.8235727507160013	1.0367757199147152	0.5966992306844344
0.8251425460417953	1.0388241920719057	0.5989063412548066
0.8267123413675892	1.0408731388964803	0.6011171647073058
0.8282821366933831	1.042922561855938	0.6033316997309841
0.829851932019177	1.0449724626178323	0.6055499443064555
0.8314217273449708	1.0470228426497725	0.6077718962084786
0.8329915226707647	1.0490737059194237	0.6099975529852197
0.8345613179965586	1.051125049494506	0.6122269145805309
0.8361311133223526	1.053176877042795	0.6144599749861875
0.8377009086481464	1.055229190432123	0.6166967333352388
0.8392707039739403	1.057281991130377	0.6189372110889569
0.8408404992997343	1.059335280705501	0.6211813597239593
0.8424102946255282	1.0613890608254943	0.623429200155096
0.843980089951322	1.063443333158412	0.6256807309874696
0.8455498852771159	1.065498111472366	0.6279359473040104
0.8471196806029099	1.0675533731355242	0.630194814657573
0.8486894759287037	1.0696091318161105	0.6324573980290187
0.8502592712544975	1.0716653891824053	0.6347236616312736
0.8518290665802914	1.0737221470027456	0.6369936033192312
0.8533988619060854	1.075779406845525	0.6392672219895857
0.8549686572318793	1.0778371703791934	0.6415445328492116
0.8565384525576731	1.0798954392722577	0.6438254954463033
0.8581082478834671	1.0819542151932813	0.6461101267199821
0.859678043209261	1.0840134998108841	0.648398424802544
0.8612478385350549	1.0860732947937441	0.6506903873865352
0.8628176338608488	1.088133600910595	0.6529860123854049
0.8643874291866427	1.0901944087302284	0.6552852989908016
0.8659572245124365	1.0922557451214925	0.6575882417739325
0.8675270198382304	1.094317598553293	0.6598948404220101
0.8690968151640243	1.096379970994593	0.6622050924887481
0.8706666104898182	1.0984428639144128	0.6645189955597487
0.8722364058156121	1.1005062792818299	0.6668365478374998
0.8738062011414061	1.1025702198659804	0.6691577488966163
0.8753759964672		1.1046346849360564	0.6714825922935614
0.8769457917929938	1.106699677661309	0.6738110782192359
0.8785155871187877	1.1087651996110464	0.6761432028327592
0.8800853824445817	1.1108312525546347	0.6784789668031755
0.8816551777703756	1.112897838261498	0.6808183665013429
0.8832249730961694	1.1149649577011187	0.6831614380349403
0.8847947684219633	1.1170326143430367	0.6855081032420648
0.8863645637477572	1.1191008091568504	0.6878583633337155
0.8879343590735511	1.1211695387122165	0.6902122838659653
0.8895041543993449	1.1232388322788491	0.6925698292005963
0.8910739497251389	1.125308652026522	0.6949309973510475
0.8926437450509328	1.1273790170250668	0.6972957869552951
0.8942135403767267	1.129449929144373	0.6996641931176527
0.8957833357025206	1.1315213901543897	0.7020362154931445
0.8973531310283145	1.1335934018251241	0.7044118513934565
0.8989229263541084	1.1356659660266424	0.7067910992104819
0.9004927216799024	1.1377390846290691	0.7091739564771177
0.9020625170056961	1.1398127594025884	0.7115604208049119
0.90363231233149	1.1418869922174426	0.7139504920237012
0.9052021076572839	1.1439617849439339	0.7163441644376077
0.9067719029830779	1.1460371393524225	0.7187414379608305
0.9083416983088718	1.1481130574133285	0.7211423098475597
0.9099114936346656	1.1501895409971317	0.7235467790990029
0.9114812889604595	1.1522665919743702	0.7259548418826208
0.9130510842862535	1.1543442121156418	0.7283664985608516
0.9146208796120474	1.1564224034916042	0.7307817437354988
0.9161906749378412	1.1585011677729742	0.733200576927105
0.9177604702636352	1.1605805251305283	0.735622995745909
0.919330265589429	1.162660441435103	0.7380489985208635
0.9209000609152229	1.1647409364575938	0.7404785825725918
0.9224698562410167	1.1668220121689572	0.7429117305878074
0.9240396515668107	1.1689036705402083	0.7453484712085662
0.9256094468926046	1.1709859134424232	0.7477887871913339
0.9271792422183985	1.1730687428467372	0.75023267605931
0.9287490375441924	1.1751521607243463	0.7526801476773477
0.9303188328699863	1.1772361689465065	0.7551311765197303
0.9318886281957802	1.179320769584534	0.7575856821340012
0.9334584235215742	1.1814059646098054	0.7600438431364023
0.935028218847368	1.1834917558937579	0.7625055651970816
0.9365980141731618	1.1855781455078886	0.7649708479906205
0.9381678094989557	1.1876651354237557	0.7674396889939231
0.9397376048247497	1.1897527277129776	0.7699120865401041
0.9413074001505435	1.1918409242472336	0.7723880381120812
0.9428771954763374	1.1939297066982637	0.774867543627363
0.9444469908021313	1.196019117737869	0.7773505974314201
0.9460167861279253	1.1981091391379106	0.7798371994448177
0.9475865814537192	1.2001997729703116	0.7823273476400902
0.949156376779513	1.2022910213070557	0.784821039463998
0.950726172105307	1.2043828861201873	0.7873182733522467
0.9522959674311009	1.2064753694818127	0.7898190487695612
0.9538657627568947	1.2085684734640987	0.7923233622731894
0.9554355580826885	1.210662106539274	0.7948312100335007
0.9570053534084825	1.2127564574796286	0.7973425917060486
0.9585751487342764	1.2148514352575133	0.7998575049034691
0.9601449440600703	1.2169470420453414	0.8023759485296373
0.9617147393858642	1.2190433437155868	0.8048979194307188
0.9632845347116581	1.2211401508407855	0.8074234217979739
0.964854330037452	1.2232376571935353	0.8099524420752483
0.966424125363246	1.2253358008464958	0.8124849841985354
0.9679939206890398	1.2274345841723882	0.8150210458872537
0.9695637160148337	1.2295340091439957	0.8175606252974369
0.9711335113406275	1.2316340780341632	0.8201037207290675
0.9727033066664215	1.2337347929157987	0.8226503297517804
0.9742731019922153	1.235836155961871	0.8252004521365417
0.9758428973180092	1.2379381694454117	0.8277540828580855
0.9774126926438031	1.2400408353395145	0.8303112217377607
0.9789824879695971	1.2421441560173359	0.8328718664269605
0.9805522832953909	1.2442481336520936	0.8354360150613048
0.9821220786211848	1.2463527704170694	0.838003665850831
0.9836918739469788	1.2484580684856061	0.8405748700137825
0.9852616692727727	1.25056403023111	0.8431495195642402
0.9868314645985666	1.2526706577270499	0.8457276652291823
0.9884012599243603	1.2547779532469565	0.8483093052153354
0.9899710552501543	1.2568859218644248	0.8508944377474075
0.9915408505759482	1.2589945608531112	0.8534830607985979
0.9931106459017421	1.2611038746867356	0.856075172874321
0.994680441227536	1.263213865539081	0.8586707729071024
0.9962502365533299	1.2653245307839933	0.8612698564814806
0.9978200318791238	1.2674358820953813	0.8638724230090252
0.9993898272049178	1.269547917447217	0.8664784707041755
1.0009596225307116	1.271660639113536	0.8690879977270553
1.0025294178565054	1.2737740492684373	0.8717010022663362
1.0040992131822992	1.2758882304860821	0.8743174838696178
1.005669008508093	1.2780030256406967	0.8769374379050612
1.007238803833887	1.2801185164065692	0.8795608636895872
1.008808599159681	1.2822347051580525	0.8821877595619974
1.0103783944854747	1.2843515942695627	0.8848181237479853
1.0119481898112688	1.286469186115579	0.887451954359797
1.0135179851370626	1.2885874829706454	0.8900892495535809
1.0150877804628566	1.2907064874093692	0.8927300091982139
1.0166575757886505	1.2928262016064214	0.8953742283927725
1.0182273711144443	1.2949466282365367	0.8980219068721118
1.0197971664402383	1.2970677541745146	0.9006730428231111
1.0213669617660321	1.299189612495218	0.9033276345273986
1.0229367570918262	1.3013121903735743	0.9059857001604342
1.0245065524176198	1.3034354901845744	0.9086471983109851
1.0260763477434138	1.3055595146032744	0.9113121473649237
1.0276461430692079	1.3076842658047938	0.9139805442469134
1.0292159383950017	1.309809746564317	0.9166523885505006
1.0307857337207955	1.311935959157093	0.9193276778343509
1.0323555290465893	1.3140629060584346	0.9220064304713614
1.0339253243723832	1.3161905899437192	0.9246886052935002
1.0354951196981772	1.3183190131883897	0.927374220092713
1.037064915023971	1.320448178367953	0.9300632735048848
1.038634710349765	1.3225780880579803	0.9327557460273991
1.0402045056755589	1.3247087447341084	0.9354516710618737
1.041774301001353	1.3268401509720384	0.9381510476239255
1.0433440963271465	1.3289723093475372	0.9408538203004337
1.0449138916529406	1.331105222336435	0.9435600435438934
1.0464836869787344	1.3332388927146286	0.9462696924204219
1.0480534823045284	1.335373322858079	0.9489827689419061
1.0496232776303223	1.3375085155428128	0.951699270393628
1.051193072956116	1.3396444733449218	0.9544191949424989
1.0527628682819101	1.3417811988405621	0.957142541737544
1.054332663607704	1.343918694605957	0.9598693092498105
1.0559024589334978	1.3460569635173931	0.9625994949790394
1.0574722542592916	1.348196007951224	0.965333098760554
1.0590420495850856	1.3503358307838682	0.9680701180339425
1.0606118449108795	1.3524764345918097	0.9708105512452012
1.0621816402366735	1.3546178221515974	0.9735543971548002
1.0637514355624673	1.356759996039848	0.9763016550441981
1.0653212308882614	1.3589029590332418	0.9790523214055835
1.0668910262140552	1.3610467138085256	0.9818063958751011
1.068460821539849	1.3631912632425123	0.9845638764675866
1.0700306168656428	1.3653366098120803	0.9873247677962318
1.0716004121914366	1.3674827565941745	0.9900890187113242
1.0731702075172307	1.3696297060658051	0.9928567110229186
1.0747400028430245	1.3717774612040492	0.9956278399497567
1.0763097981688186	1.3739259718860493	0.9984023302889677
1.0778795934946124	1.376075347489014	1.0011802184267495
1.0794493888204064	1.3782255879902188	1.0039615033889309
1.0810191841462002	1.3803765934670054	1.0067461823520734
1.082588979471994	1.3825284185967814	1.0095342556084843
1.0841587747977879	1.3846810662570213	1.012325720159664
1.0857285701235817	1.3868345330252652	1.015120575115691
1.0872983654493757	1.3889888403791208	1.0179188190762414
1.0888681607751696	1.391143975396262	1.0207204514109565
1.0904379561009636	1.393299941254429	1.0235254698667842
1.0920077514267574	1.3954567440314287	1.0263338731846396
1.0935775467525515	1.3976143866051356	1.0291456615351096
1.095147342078345	1.3997728718534899	1.0319608321657046
1.0967171374041391	1.401932202754499	1.0347793832914394
1.098286932729933	1.4040923823862375	1.0376013136667404
1.099856728055727	1.4062534135268467	1.0404266213000017
1.1014265233815208	1.4084152991545351	1.0432553170492787
1.1029963187073146	1.410578042347578	1.0460873802492061
1.1045661140331087	1.4127416461843179	1.0489228169655451
1.1061359093589025	1.4149061135431646	1.0517616281404856
1.1077057046846965	1.4170714474025952	1.0546038047619994
1.1092755000104901	1.4192376509411537	1.0574493580960063
1.1108452953362842	1.4214047272374517	1.0602982814199922
1.112415090662078	1.4235726791701684	1.0631505729005564
1.113984885987872	1.4257415100180497	1.06600623163898
1.1155546813136659	1.42791122265991	1.0688652526289357
1.11712447663946	1.4300818204746304	1.0717276434334415
1.1186942719652537	1.4322533063411598	1.07459339726536
1.1202640672910475	1.4344256900385153	1.0774625141608822
1.1218338626168414	1.4365989606457807	1.0803349921854966
1.1234036579426352	1.4387731297421087	1.0832108308368842
1.1249734532684292	1.4409481996067188	1.0860900292933016
1.126543248594223	1.4431241734188989	1.0889726023279171
1.128113043920017	1.4453010543580047	1.091858515934272
1.129682839245811	1.4474788456034595	1.0947477880846164
1.131252634571605	1.4496575503347553	1.0976404132946176
1.1328224298973988	1.4518371719314518	1.100536392333237
1.1343922252231928	1.4540177134731764	1.1034357244857547
1.1359620205489864	1.4561991783396253	1.1063384087091754
1.1375318158747802	1.458381569910563	1.1092444481643973
1.1391016112005743	1.4605648912658213	1.112153833596392
1.1406714065263681	1.4627491457853012	1.1150665680769027
1.1422412018521622	1.464934336848972	1.1179826507395927
1.143810997177956	1.4671204677368705	1.1209020808320833
1.14538079250375	1.4693075418291037	1.123824857092636
1.1469505878295438	1.471495562405845	1.1267509788940482
1.1485203831553377	1.4736845330473378	1.1296804444584263
1.1500901784811315	1.4758744569338942	1.1326132544077507
1.1516599738069255	1.4780653375458936	1.1355494096087397
1.1532297691327194	1.4802571783637857	1.1384889044679474
1.1547995644585132	1.4824499827680875	1.1414317403201912
1.1563693597843072	1.4846437543393864	1.144377916307652
1.157939155110101	1.486838496258337	1.1473274313048036
1.159508950435895	1.4890342123056635	1.1502802858075176
1.1610787457616887	1.4912309058621596	1.1532364782071476
1.1626485410874827	1.4934285804086873	1.1561960076782483
1.1642183364132765	1.4956272395261776	1.159158873762095
1.1657881317390706	1.497826886795631	1.162125075615245
1.1673579270648644	1.500027525698117	1.1650946115544334
1.1689277223906585	1.502229159814774	1.1680674827559754
1.1704975177164523	1.5044317927268098	1.1710436877720358
1.172067313042246	1.5066354281155014	1.1740232254867131
1.1736371083680401	1.5088400695621957	1.177006095783821
1.1752069036938337	1.511045720748308	1.1799922993339826
1.1767766990196278	1.5132523853553235	1.1829818325487855
1.1783464943454216	1.5154600668647968	1.1859746960280575
1.1799162896712156	1.5176687692583524	1.1889708896336149
1.1814860849970095	1.5198784959176836	1.1919704127277173
1.1830558803228035	1.5220892508245536	1.1949732639248094
1.1846256756485973	1.5243010376607957	1.1979794443196468
1.1861954709743914	1.5265138601083121	1.200988952320004
1.187765266300185	1.5287277219490754	1.2040017877519837
1.1893350616259788	1.5309426270651274	1.2070179493875057
1.1909048569517728	1.53315857913858	1.2100374381196812
1.1924746522775667	1.5353755820516155	1.2130602530780932
1.1940444476033607	1.5375936396864844	1.2160863933653934
1.1956142429291545	1.5398127559255095	1.2191158589465618
1.1971840382549486	1.5420329344510817	1.222148648581185
1.1987538335807424	1.5442541793456626	1.2251847663818314
1.2003236289065362	1.5464764944917837	1.2282242076904601
1.20189342423233	1.5486998837720476	1.2312670811604174
1.203463219558124	1.5509243510691257	1.2343131747972422
1.205033014883918	1.5531499005657603	1.2373625927717942
1.206602810209712	1.5553765868447638	1.2404153342881599
1.2081726055355058	1.5576043187890187	1.2434700913169316
1.2097424008612996	1.5598331451814784	1.2465294529939475
1.2113121961870936	1.562062998805166	1.2495921372090826
1.2128819915128874	1.5642940186431757	1.2526581440633078
1.2144517868386813	1.5665261497786716	1.25572747227556
1.216021582164475	1.5687593861948883	1.258801359549423
1.2175913774902691	1.5709927362751315	1.261877346549663
1.219161172816063	1.5732282013027767	1.264956654922976
1.220730968141857	1.575464781561271	1.2680392837003793
1.2223007634676508	1.577702488434131	1.2711252348485336
1.2238705587934449	1.5799413263049453	1.2742145070200694
1.2254403541192387	1.5821812918573719	1.2773071030967817
1.2270101494450323	1.5844234780751405	1.2804030170121223
1.2285799447708263	1.5866657467420513	1.2835022531090807
1.2301497400966201	1.588909157741976	1.286604810359854
1.2317195354224142	1.5911537308588557	1.2897106888672376
1.233289330748208	1.5933994564767042	1.2928198888458426
1.234859126074002	1.595646342979605	1.2959324103018386
1.2364289213997959	1.5978943947517135	1.2990482535781624
1.23799871672559	1.6001436161772553	1.3021674179398464
1.2395685120513835	1.602394011640528	1.3052899048827615
1.2411383073771776	1.6046455856258997	1.3084157138536234
1.2427081027029714	1.6068983424178098	1.311544844584781
1.2442778980287652	1.6091522865007692	1.3146772985610202
1.2458476933545592	1.6114074224593602	1.3178130753112296
1.247417488680353	1.6136637545782355	1.320952174587845
1.2489872840061471	1.6159212876421203	1.3240945979266738
1.250557079331941	1.6181800259358097	1.3272403450039405
1.252126874657735	1.620439974144172	1.330389415430916
1.2536966699835286	1.6227011367521453	1.3335418134865884
1.2552664653093226	1.6249635185447406	1.3366975340914211
1.2568362606351164	1.6272271239070395	1.33985657912071
1.2584060559609105	1.629491957624195	1.3430189506582815
1.2599758512867043	1.631758024281433	1.3461846483522883
1.2615456466124981	1.6340253286640491	1.349353671756054
1.2631154419382922	1.6362938754574121	1.352526023306225
1.264685237264086	1.6385636692469623	1.355701702583377
1.2662550325898798	1.6408347150182108	1.358880708520496
1.2678248279156736	1.6431070173567417	1.362063044967127
1.2693946232414677	1.6453805805482096	1.3652487108872777
1.2709644185672615	1.6476561380783425	1.3684377060132096
1.2725342138930555	1.6499315117329392	1.371630033780472
1.2741040092188494	1.6522088894978704	1.374825691145939
1.2756738045446434	1.6544875475590792	1.378024681546217
1.2772435998704372	1.6567674913025807	1.3812270051033932
1.2788133951962308	1.6590487259144617	1.384432661537652
1.2803831905220249	1.661331256080881	1.387641653340281
1.2819529858478187	1.66361508698807	1.3908539802438151
1.2835227811736127	1.6659002235223317	1.3940696449780983
1.2850925764994066	1.6681866707700412	1.3972886452588187
1.2866623718252006	1.670474433917647	1.400510982599039
1.2882321671509944	1.6727635178516678	1.4037366599039114
1.2898019624767885	1.6750539277586964	1.4069656767842644
1.2913717578025823	1.6773456687253967	1.410198031387367
1.292941553128376	1.6796387460385056	1.413433730846241
1.29451134845417	1.6819331647848321	1.416672772627499
1.2960811437799638	1.6842289302512576	1.4199151590114203
1.2976509391057578	1.6865260455247357	1.4231608903605697
1.2992207344315516	1.6888245199922929	1.4264099672783312
1.3007905297573457	1.6911243569410281	1.4296623921631346
1.3023603250831395	1.6934255615581126	1.4329181645907259
1.3039301204089335	1.6957281393307897	1.4361772876519001
1.3054999157347271	1.6980320955463766	1.4394397644643757
1.3070697110605212	1.7003374355922618	1.4427055908020043
1.308639506386315	1.7026441649559072	1.4459747709186954
1.310209301712109	1.7049522890248472	1.4492473047921006
1.3117790970379029	1.7072618132866886	1.4525231956534057
1.3133488923636967	1.7095727432291117	1.4558024431743304
1.3149186876894907	1.7118850843398685	1.459085050631488
1.3164884830152845	1.7141988423067849	1.462371019960709
1.3180582783410784	1.7165140225177589	1.4656603497116012
1.3196280736668722	1.718830630760761	1.468953042021609
1.3211978689926662	1.7211486726238363	1.4722491002801437
1.32276766431846	1.7234681536951009	1.475548524160141
1.324337459644254	1.7257890796627446	1.478851316910214
1.325907254970048	1.7281114568150304	1.4821574796447317
1.327477050295842	1.7304352899402942	1.4854670128026954
1.3290468456216358	1.7327605852269448	1.4887799198752962
1.3306166409474296	1.7350873484634637	1.492096201200015
1.3321864362732234	1.7374155855384061	1.4954158598832055
1.3337562315990172	1.7397453023404004	1.4987388961144241
1.3353260269248113	1.7420765047581475	1.5020653134640174
1.336895822250605	1.744409198580422	1.5053951122133569
1.3384656175763991	1.7467433899960716	1.5087282955713597
1.340035412902193	1.749079084794017	1.512064864269642
1.341605208227987	1.7514162889632523	1.515404821489537
1.3431750035537808	1.753755008792845	1.5187496800080917
1.3447447988795747	1.756095250071936	1.5220964323689314
1.3463145942053685	1.758437018989739	1.5254450392215424
1.3478843895311623	1.7607803217355418	1.5287985683594025
1.3494541848569563	1.7631251562987047	1.5321554946051679
1.3510239801827502	1.7654727191686626	1.535515822188621
1.3525937755085442	1.7678206872349225	1.5388795516364526
1.354163570834338	1.770168994587066	1.5422466955410774
1.355733366160132	1.7725200594147479	1.5456172366953873
1.3573031614859257	1.7748726955076959	1.548991187065334
1.3588729568117197	1.777226909155712	1.5523685500692541
1.3604427521375135	1.7795827067486714	1.5557493261567337
1.3620125474633076	1.7819400947765232	1.559133519536612
1.3635823427891014	1.7842990805292895	1.562521130951503
1.3651521381148952	1.7866596686970668	1.565912169353169
1.3667219334406893	1.789021866670025	1.5693066260256812
1.368291728766483	1.7913856809384077	1.5727045098423034
1.3698615240922771	1.7937511182925316	1.5761058218882857
1.3714313194180707	1.7961181850227883	1.5795105685434323
1.3730011147438648	1.7984872015196423	1.5829187472563235
1.3745709100696586	1.800857551973632	1.586330362313198
1.3761407053954526	1.8032295593753702	1.5897454177200414
1.3777105007212465	1.8056032159155428	1.5931643593047613
1.3792802960470405	1.80797853558491	1.5965863094212984
1.3808500913728343	1.810355511574306	1.6000112485241198
1.3824198866986281	1.8127341779746382	1.6034400901153831
1.383989682024422	1.8151145279768883	1.6068723862985563
1.3855594773502158	1.8174965823721128	1.6103081383940325
1.3871292726760098	1.8198803205514407	1.6137473512846283
1.3886990680018036	1.8222657633060761	1.6171900263379944
1.3902688633275977	1.8246525412272967	1.620636167264874
1.3918386586533915	1.8270414084064543	1.6240857777606121
1.3934084539791856	1.8294320012349745	1.6275388599460234
1.3949782493049794	1.8318243266043577	1.6309954181223174
1.3965480446307734	1.8342183918061774	1.6344554540158884
1.398117839956567	1.8366142040320819	1.6379189742253584
1.3996876352823608	1.8390117703737938	1.6413859780304327
1.4012574306081549	1.841411098223109	1.6448564693671337
1.4028272259339487	1.8438121947718988	1.6483304530948317
1.4043970212597428	1.8462150673121076	1.6518079314183
1.4059668165855366	1.8486197233357549	1.6552889082197992
1.4075366119113306	1.8510261703349333	1.6587733877109352
1.4091064072371244	1.8534344152018112	1.6622613721665878
1.4106762025629183	1.8558444658286297	1.6657528659401843
1.412245997888712	1.8582563296077057	1.669247872942866
1.4138157932145061	1.8606700140314294	1.672746395606698
1.4153855885403		1.8630855266922655	1.6762484381181748
1.4169553838660938	1.8655028751827532	1.6797540051592321
1.4185251791918878	1.8679220670955063	1.6832630988941195
1.4200949745176816	1.8703431101232129	1.6867757237439238
1.4216647698434757	1.872766011958635	1.6902918843076822
1.4232345651692693	1.8751907802946093	1.6938115829311742
1.4248043604950633	1.8776174229240477	1.6973348241826811
1.4263741558208571	1.8800459476399354	1.7008616127321465
1.4279439511466512	1.8824763622353327	1.7043919508125045
1.429513746472445	1.8849086746033747	1.7079258435729296
1.431083541798239	1.8873428926372704	1.7114632955574123
1.4326533371240329	1.8897790242303034	1.7150043090654938
1.4342231324498267	1.8922170773758322	1.7185488893148912
1.4357929277756207	1.8946570600672898	1.722097040969187
1.4373627231014143	1.8970989802981837	1.7256487664318236
1.4389325184272084	1.899542851862096	1.7292040692189268
1.4405023137530022	1.901988671252683	1.7327629565901599
1.4420721090787962	1.9044364524636765	1.7363254323041681
1.44364190440459	1.9068862035888825	1.7398914985231428
1.445211699730384	1.9093379328221813	1.7434611604841175
1.446781495056178	1.9117916482575283	1.7470344234626285
1.448351290381972	1.9142473581889539	1.75061128987487
1.4499210857077656	1.9167050708105626	1.7541917649380547
1.4514908810335594	1.919164794416534	1.7577758530626937
1.4530606763593534	1.921626537401122	1.7613635593934556
1.4546304716851473	1.9240903078586558	1.764954886737469
1.4562002670109413	1.9265561143835388	1.7685498402524389
1.4577700623367351	1.92902396577025	1.7721484267370922
1.4593398576625292	1.9314938693133423	1.7757506467084632
1.460909652988323	1.9339658339074441	1.7793565053293494
1.4624794483141168	1.9364398680472579	1.7829660079278447
1.4640492436399106	1.938915980127562	1.7865791588178048
1.4656190389657047	1.9413941786432085	1.790195963398059
1.4671888342914985	1.943874471989125	1.7938164245239967
1.4687586296172923	1.9463568686603139	1.797440547166393
1.4703284249430864	1.9488413772518525	1.8010683363619928
1.4718982202688802	1.951328006158893	1.8046997968815375
1.4734680155946742	1.9538167639766617	1.8083349316302346
1.4750378109204678	1.9563076591004613	1.8119737461198497
1.4766076062462619	1.9588007001256686	1.815616244429966
1.4781774015720557	1.9612958955477353	1.8192624313048962
1.4797471968978497	1.9637932538621878	1.8229123115867878
1.4813169922236435	1.9662927835646284	1.8265658883257858
1.4828867875494376	1.9687944932507333	1.8302231664871182
1.4844565828752314	1.9712983913162547	1.8338841503682872
1.4860263782010255	1.973804486257019	1.8375488444584342
1.4875961735268193	1.9763127866689278	1.8412172533338853
1.4891659688526129	1.978823300847958	1.844889379920391
1.490735764178407	1.9813360371901614	1.8485652290524295
1.4923055595042007	1.9838510042916648	1.85224480476577
1.4938753548299948	1.9863682104486697	1.8559281110965504
1.4954451501557886	1.9888876638574535	1.8596151519526332
1.4970149454815826	1.9914093730143676	1.8633059320747538
1.4985847408073765	1.9939333461158393	1.867000453501318
1.5001545361331705	1.996459589858371	1.8706987210162993
1.5017243314589641	1.9989881155385392	1.8744007379710086
1.5032941267847582	2.001518929652997	1.8781065079193169
1.504863922110552	2.0040520403984714	1.8818160342897055
1.5064337174363458	2.006587455671765	1.8855293209879513
1.5080035127621398	2.009125183469755	1.889246369978141
1.5095733080879337	2.011665231689395	1.8929671848844472
1.5111431034137277	2.0142076080277125	1.8966917686044467
1.5127128987395215	2.0167523203818107	1.900420124075526
1.5142826940653156	2.019299376148868	1.9041522535762425
1.5158524893911092	2.021848782926137	1.9078881600136943
1.5174222847169032	2.0244005482109473	1.9116278459599267
1.518992080042697	2.026954679400702	1.9153713123913083
1.520561875368491	2.0295111834928803	1.919118561777559
1.522131670694285	2.032070067685036	1.9228695958097306
1.5237014660200787	2.0346313390747985	1.9266244163494923
1.5252712613458728	2.0371949969598733	1.9303830283470969
1.5268410566716666	2.039761070138038	1.934145420776174
1.5284108519974604	2.0423295432071495	1.9379116067685367
1.5299806473232542	2.044900429765137	1.941681582815574
1.5315504426490483	2.047473736310006	1.9454553493850824
1.533120237974842	2.0500495810398376	1.9492330690622084
1.5346900333006361	2.0526276329527864	1.9530142543541107
1.53625982862643	2.055208234747085	1.9567993913234243
1.537829623952224	2.0577912796210382	1.9605883174191998
1.5393994192780178	2.0603767738730285	1.9643810267048778
1.5409692146038114	2.0629647209015123	1.968177527046768
1.5425390099296055	2.0655551265050223	1.9719778121692042
1.5441088052553993	2.0681479953821644	1.9757818796939137
1.5456786005811933	2.0707433321316224	1.979589727526151
1.5472483959069872	2.073341140952154	1.9834013527177579
1.5488181912327812	2.0759414269425918	1.9872167535384562
1.550387986558575	2.078544191801844	1.9910359235981232
1.551957781884369	2.081149440128895	1.9948588600154202
1.5535275772101629	2.0837571753228032	1.9986855589123227
1.5550973725359567	2.0863674001827026	2.0025160150646326
1.5566671678617505	2.088980114307803	2.0063502243190383
1.5582369631875443	2.091595326597389	2.010188179080862
1.5598067585133384	2.094213035950821	2.0140298742508156
1.5613765538391322	2.0968332451675336	2.0178753046892357
1.5629463491649263	2.0994559535470376	2.0217244602956734
1.56451614449072	2.102081163588919	2.0255773342654644
1.5660859398165141	2.104708875692839	2.0294339229004192
1.5676557351423077	2.111551035458534	2.0332942000599483
1.5692255304681018	2.1099718066858157	2.0406035378383613
