0.	0.38932165794733037	0	0.38932165794733037
2.5025025025025024e-6	0.38812378908844125	0	0.38812378908844125
5.005005005005005e-6	0.38692124551490775	0	0.38692124551490775
7.507507507507507e-6	0.385714128431499	0	0.385714128431499
0.00001001001001001001	0.3845025504424822	0	0.3845025504424822
0.000012512512512512513	0.3832866240095216	0	0.3832866240095216
0.000015015015015015015	0.38206646025191265	0	0.38206646025191265
0.000017517517517517516	0.38084216897127726	0	0.38084216897127726
0.00002002002002002002	0.37961385918984536	0	0.37961385918984536
0.000022522522522522523	0.3783816385575073	0	0.3783816385575073
0.000025025025025025026	0.3771456138505568	0	0.3771456138505568
0.000027527527527527526	0.3759058902685871	0	0.3759058902685871
0.00003003003003003003	0.3746625722227555	0	0.3746625722227555
0.00003253253253253253	0.373415763010912	0	0.373415763010912
0.00003503503503503503	0.37216556466392037	0	0.37216556466392037
0.000037537537537537536	0.370912078231878	0	0.370912078231878
0.00004004004004004004	0.3696554036430323	0	0.3696554036430323
0.00004254254254254254	0.36839563964190475	0	0.36839563964190475
0.000045045045045045046	0.3671328829690869	0	0.3671328829690869
0.00004754754754754755	0.3658672312663244	0	0.3658672312663244
0.00005005005005005005	0.3645987779400673	0	0.3645987779400673
0.000052552552552552556	0.36332762068350083	0	0.36332762068350083
0.00005505505505505505	0.3620538500624333	0	0.3620538500624333
0.000057557557557557555	0.36077755980565307	0	0.36077755980565307
0.00006006006006006006	0.3594988387241648	0	0.3594988387241648
0.00006256256256256256	0.3582177772622426	0	0.3582177772622426
0.00006506506506506506	0.35693446642322474	0	0.35693446642322474
0.00006756756756756757	0.3556489905392457	0	0.3556489905392457
0.00007007007007007007	0.3543614398185197	0	0.3543614398185197
0.00007257257257257258	0.35307189766996877	0	0.35307189766996877
0.00007507507507507507	0.351780449329121	0	0.351780449329121
0.00007757757757757758	0.35048717626918385	0	0.35048717626918385
0.00008008008008008008	0.3491921633733371	0	0.3491921633733371
0.00008258258258258259	0.3478954905032032	0	0.3478954905032032
0.00008508508508508508	0.3465972401318115	0	0.3465972401318115
0.00008758758758758758	0.3452974884256558	0	0.3452974884256558
0.00009009009009009009	0.3439963138721141	0	0.3439963138721141
0.00009259259259259259	0.3426937965430741	0	0.3426937965430741
0.0000950950950950951	0.3413900102768921	0	0.3413900102768921
0.0000975975975975976	0.3400850295376633	0	0.3400850295376633
0.0001001001001001001	0.33877893039428375	0	0.33877893039428375
0.0001026026026026026	0.33747178533068983	0	0.33747178533068983
0.00010510510510510511	0.33616366507883905	0	0.33616366507883905
0.00010760760760760761	0.33485464350399047	0	0.33485464350399047
0.0001101101101101101	0.33354478821903977	0	0.33354478821903977
0.00011261261261261261	0.3322341688642624	0	0.3322341688642624
0.00011511511511511511	0.33092285390900283	0	0.33092285390900283
0.00011761761761761762	0.32961091119561203	0	0.32961091119561203
0.00012012012012012012	0.3282984065583065	0	0.3282984065583065
0.00012262262262262261	0.3269854031616674	0	0.3269854031616674
0.00012512512512512512	0.3256719679281283	0	0.3256719679281283
0.00012762762762762763	0.32435816375474913	0	0.32435816375474913
0.00013013013013013012	0.32304405271741504	0	0.32304405271741504
0.00013263263263263263	0.32172969545190266	0	0.32172969545190266
0.00013513513513513514	0.3204151544387468	0	0.3204151544387468
0.00013763763763763765	0.31910048831431037	0	0.31910048831431037
0.00014014014014014013	0.31778575519509406	0	0.31778575519509406
0.00014264264264264264	0.3164710148666681	0	0.3164710148666681
0.00014514514514514515	0.31515632156613926	0	0.31515632156613926
0.00014764764764764766	0.3138417347665857	0	0.3138417347665857
0.00015015015015015014	0.31252730647328003	0	0.31252730647328003
0.00015265265265265265	0.31121309259542057	0	0.31121309259542057
0.00015515515515515516	0.3098991466449288	0	0.3098991466449288
0.00015765765765765765	0.3085855209698321	0	0.3085855209698321
0.00016016016016016016	0.30727242594599297	0	0.30727242594599297
0.00016266266266266267	0.3059592031147421	0	0.3059592031147421
0.00016516516516516518	0.30464710313921495	0	0.30464710313921495
0.00016766766766766766	0.30333526916436154	0	0.30333526916436154
0.00017017017017017017	0.3020240052941615	0	0.3020240052941615
0.00017267267267267268	0.3007133620104465	0	0.3007133620104465
0.00017517517517517516	0.29940338208458667	0	0.29940338208458667
0.00017767767767767767	0.2980941145068782	0	0.2980941145068782
0.00018018018018018018	0.2967856025537113	0	0.2967856025537113
0.0001826826826826827	0.295477893332077	0	0.295477893332077
0.00018518518518518518	0.29417102855123756	0	0.29417102855123756
0.00018768768768768769	0.2928650523222311	0	0.2928650523222311
0.0001901901901901902	0.29156000609062227	0	0.29156000609062227
0.0001926926926926927	0.2902559310667176	0	0.2902559310667176
0.0001951951951951952	0.28895286829298705	0	0.28895286829298705
0.0001976976976976977	0.2876508592322763	0	0.2876508592322763
0.0002002002002002002	0.286349940038071	0	0.286349940038071
0.0002027027027027027	0.2850501517363623	0	0.2850501517363623
0.0002052052052052052	0.28375153180476564	0	0.28375153180476564
0.0002077077077077077	0.28245411516708746	0	0.28245411516708746
0.00021021021021021022	0.2811579412821823	0	0.2811579412821823
0.0002127127127127127	0.2798630449503808	0	0.2798630449503808
0.00021521521521521522	0.2785694606613496	0	0.2785694606613496
0.00021771771771771773	0.2772772221875086	0	0.2772772221875086
0.0002202202202202202	0.2759863642231739	0	0.2759863642231739
0.00022272272272272272	0.27469648316550693	0	0.27469648316550693
0.00022522522522522523	0.2734089083528444	0	0.2734089083528444
0.00022772772772772774	0.27212239310489805	0	0.27212239310489805
0.00023023023023023022	0.2708369907924118	0	0.2708369907924118
0.00023273273273273273	0.2695540646509718	0	0.2695540646509718
0.00023523523523523524	0.2682720013418423	0	0.2682720013418423
0.00023773773773773772	0.26699169441385634	0	0.26699169441385634
0.00024024024024024023	0.2657130137444968	0	0.2657130137444968
0.00024274274274274274	0.26443598792568523	0	0.26443598792568523
0.00024524524524524523	0.2631606405692049	0	0.2631606405692049
0.00024774774774774777	0.2618870547165871	0	0.2618870547165871
0.00025025025025025025	0.2606151110034739	0	0.2606151110034739
0.00025275275275275273	0.2593449719118918	0	0.2593449719118918
0.00025525525525525527	0.25807661866479537	0	0.25807661866479537
0.00025775775775775775	0.25681007550366014	0	0.25681007550366014
0.00026026026026026023	0.25554536782734566	0	0.25554536782734566
0.00026276276276276277	0.2542825163356397	0	0.2542825163356397
0.00026526526526526525	0.25302154602586424	0	0.25302154602586424
0.0002677677677677678	0.2517624796391048	0	0.2517624796391048
0.0002702702702702703	0.25050533781882894	0	0.25050533781882894
0.00027277277277277276	0.24925014238079823	0	0.24925014238079823
0.0002752752752752753	0.24799691589608217	0	0.24799691589608217
0.0002777777777777778	0.2467455941247124	0	0.2467455941247124
0.00028028028028028026	0.24549651557809413	0	0.24549651557809413
0.0002827827827827828	0.24424922961421705	0	0.24424922961421705
0.0002852852852852853	0.24300406677214853	0	0.24300406677214853
0.00028778778778778776	0.24176094792971833	0	0.24176094792971833
0.0002902902902902903	0.24051995072823878	0	0.24051995072823878
0.0002927927927927928	0.2392810310100259	0	0.2392810310100259
0.0002952952952952953	0.2380442283157398	0	0.2380442283157398
0.0002977977977977978	0.23680955746394347	0	0.23680955746394347
0.0003003003003003003	0.23557703469039598	0	0.23557703469039598
0.0003028028028028028	0.23434667613552373	0	0.23434667613552373
0.0003053053053053053	0.23311849677559093	0	0.23311849677559093
0.0003078078078078078	0.23189250087714927	0	0.23189250087714927
0.00031031031031031033	0.230668730565831	0	0.230668730565831
0.0003128128128128128	0.22944717292759742	0	0.22944717292759742
0.0003153153153153153	0.22822785117670877	0	0.22822785117670877
0.00031781781781781783	0.2270107778972088	0	0.2270107778972088
0.0003203203203203203	0.22579604177046883	0	0.22579604177046883
0.0003228228228228228	0.224583253582095	0	0.224583253582095
0.00032532532532532533	0.22337318753361174	0	0.22337318753361174
0.0003278278278278278	0.22216440995862646	0	0.22216440995862646
0.00033033033033033035	0.22095955919247146	0	0.22095955919247146
0.00033283283283283284	0.2197562271468768	0	0.2197562271468768
0.0003353353353353353	0.2185552224896062	0	0.2185552224896062
0.00033783783783783786	0.2173565556687568	0	0.2173565556687568
0.00034034034034034034	0.21616023761927183	0	0.21616023761927183
0.0003428428428428428	0.21496627662656392	0	0.21496627662656392
0.00034534534534534536	0.21377468183905496	0	0.21377468183905496
0.00034784784784784784	0.2125854613830127	0	0.2125854613830127
0.0003503503503503503	0.21139862512344018	0	0.21139862512344018
0.00035285285285285286	0.21021417725831712	0	0.21021417725831712
0.00035535535535535535	0.20903208424265002	0	0.20903208424265002
0.0003578578578578579	0.2078524936455025	0	0.2078524936455025
0.00036036036036036037	0.20667525527305225	0	0.20667525527305225
0.00036286286286286285	0.2055004393730281	0	0.2055004393730281
0.0003653653653653654	0.20432806274485085	0	0.20432806274485085
0.00036786786786786787	0.20315810698226577	0	0.20315810698226577
0.00037037037037037035	0.2019905872346793	0	0.2019905872346793
0.0003728728728728729	0.2008255133035243	0	0.2008255133035243
0.00037537537537537537	0.19966288463798543	0	0.19966288463798543
0.00037787787787787786	0.19850272064302768	0	0.19850272064302768
0.0003803803803803804	0.19734499608800138	0	0.19734499608800138
0.0003828828828828829	0.19618974027731326	0	0.19618974027731326
0.0003853853853853854	0.1950369503375355	0	0.1950369503375355
0.0003878878878878879	0.19388662874651977	0	0.19388662874651977
0.0003903903903903904	0.19273877896220842	0	0.19273877896220842
0.0003928928928928929	0.19159341362974774	0	0.19159341362974774
0.0003953953953953954	0.19045051301686586	0	0.19045051301686586
0.0003978978978978979	0.18931010013441607	0	0.18931010013441607
0.0004004004004004004	0.18817217207612466	0	0.18817217207612466
0.0004029029029029029	0.18703673053364314	0	0.18703673053364314
0.0004054054054054054	0.18590377624434376	0	0.18590377624434376
0.0004079079079079079	0.18477331357809912	0	0.18477331357809912
0.0004104104104104104	0.1836453431274625	0	0.1836453431274625
0.0004129129129129129	0.1825198644690937	0	0.1825198644690937
0.0004154154154154154	0.1813956967873964	0	0.1813956967873964
0.0004179179179179179	0.18027875054613535	0	0.18027875054613535
0.00042042042042042044	0.17915828270792036	0	0.17915828270792036
0.00042292292292292293	0.1780462778741091	0	0.1780462778741091
0.0004254254254254254	0.17692811912364484	0	0.17692811912364484
0.00042792792792792795	0.17582061755677306	0	0.17582061755677306
0.00043043043043043043	0.17471140166708307	0	0.17471140166708307
0.0004329329329329329	0.17360588093472945	0	0.17360588093472945
0.00043543543543543545	0.17250286552373612	0	0.17250286552373612
0.00043793793793793793	0.1714004445480205	0	0.1714004445480205
0.0004404404404404404	0.17030426533211834	0	0.17030426533211834
0.00044294294294294295	0.1692087628093306	0	0.1692087628093306
0.00044544544544544544	0.16811571315488186	0	0.16811571315488186
0.000447947947947948	0.16702516081297836	0	0.16702516081297836
0.00045045045045045046	0.1659370942451923	0	0.1659370942451923
0.00045295295295295294	0.16485151149536464	0	0.16485151149536464
0.0004554554554554555	0.16376842074978235	0	0.16376842074978235
0.00045795795795795796	0.16268780991048756	0	0.16268780991048756
0.00046046046046046044	0.16160967264412837	0	0.16160967264412837
0.000462962962962963	0.16053402235805564	0	0.16053402235805564
0.00046546546546546546	0.15946084674429611	0	0.15946084674429611
0.00046796796796796795	0.15839013432144933	0	0.15839013432144933
0.0004704704704704705	0.15732190457710632	0	0.15732190457710632
0.00047297297297297297	0.156256134713117	0.00301797445776908	0.15927410917088608
0.00047547547547547545	0.15519283195043068	0.006355015564355315	0.16154784751478599
0.000477977977977978	0.1541319901618715	0.009689753016272468	0.163821743178144
0.00048048048048048047	0.15307359693401684	0.013022545850645856	0.1660961427846627
0.000482982982982983	0.15201766599816732	0.016353783989036662	0.168371449987204
0.0004854854854854855	0.15096417868696108	0.01968378803444502	0.17064796672140609
0.000487987987987988	0.14991314890704732	0.023012840051823864	0.17292598895887118
0.0004904904904904905	0.14886455138735655	0.026341070684523488	0.17520562207188004
0.000492992992992993	0.14781839525170015	0.02966902066492885	0.177487415916629
0.0004954954954954955	0.1467746720682494	0.03299651955890892	0.17977119162715832
0.000497997997997998	0.1457333751201634	0.03632380893828584	0.18205718405844923
0.0005005005005005005	0.1446964874815071	0.039650986346632326	0.18434747382813943
0.000503003003003003	0.14365879903169132	0.04297812206459171	0.18663692109628302
0.0005055055055055055	0.14262405880063608	0.04630525493489887	0.18892931373553495
0.000508008008008008	0.14159240809124687	0.049632407736964035	0.1912248158282109
0.0005105105105105105	0.1405631996080945	0.05295957211076851	0.193522771718863
0.000513013013013013	0.13953638867297619	0.05628672798812593	0.1958231166611021
0.0005155155155155155	0.13851197022119532	0.05961383104458057	0.1981258012657759
0.000518018018018018	0.13748995041692486	0.06294082160410554	0.20043077202103038
0.0005205205205205205	0.13647031240128973	0.0662676297474627	0.20273794214875243
0.000523023023023023	0.13545305421971646	0.06959416764291725	0.2050472218626337
0.0005255255255255255	0.13443817514508324	0.07292033582836882	0.20735851097345206
0.0005280280280280281	0.13342566596781527	0.07624602727760171	0.20967169324541698
0.0005305305305305305	0.13241551575853752	0.07957111705120441	0.21198663280974195
0.000533033033033033	0.13140788663164138	0.08289548150405349	0.21430336813569487
0.0005355355355355356	0.13040230080184992	0.08621897680784034	0.21662127760969024
0.000538038038038038	0.12939920664825194	0.08954146330449207	0.21894066995274403
0.0005405405405405405	0.12839870652967803	0.09286278481640277	0.2212614913460808
0.0005430430430430431	0.12740005684695585	0.09618277791367578	0.22358283476063162
0.0005455455455455455	0.12640397430101383	0.09950128544377886	0.2259052597447927
0.000548048048048048	0.125410212273641	0.1028181193189739	0.2282283315926149
0.0005505505505505506	0.12441876935340251	0.10613310872722057	0.23055187808062308
0.000553053053053053	0.12342963145112294	0.10944606642599947	0.23287569787712242
0.0005555555555555556	0.12244280454499903	0.11275680669964938	0.23519961124464842
0.0005580580580580581	0.12145827117671623	0.11606512890030261	0.23752340007701883
0.0005605605605605605	0.1204760271467787	0.11937083174320347	0.23984685888998217
0.0005630630630630631	0.11949607022943068	0.12267371496159248	0.24216978519102317
0.0005655655655655656	0.11851838985600263	0.12597361133112425	0.24449200118712688
0.000568068068068068	0.11754297941229935	0.12927648555648463	0.24681946496878399
0.0005705705705705706	0.11656982621535263	0.1325639205119106	0.24913374672726324
0.0005730730730730731	0.1155989370450212	0.1358528140430953	0.25145175108811646
0.0005755755755755755	0.11463029168911695	0.13913832228213413	0.25376861397125106
0.0005780780780780781	0.11366389351238995	0.14241972912460715	0.25608362263699713
0.0005805805805805806	0.11269974614614457	0.14569676380517152	0.2583965099513161
0.000583083083083083	0.11173437170173058	0.1489691973473197	0.2607035690490503
0.0005855855855855856	0.11078048839619117	0.1522367525456164	0.26301724094180756
0.0005880880880880881	0.10982043005290074	0.15549926579864592	0.2653196958515467
0.0005905905905905906	0.10886516280167612	0.15875642520963676	0.26762158801131286
0.0005930930930930931	0.1079121823222979	0.16200801071542012	0.269920193037718
0.0005955955955955956	0.10696128241540706	0.16525375895697372	0.2722150413723808
0.0005980980980980981	0.1060125333262709	0.1684934265029508	0.2745059598292217
0.0006006006006006006	0.10506601307777824	0.17172652238178784	0.27679253545956606
0.0006031031031031031	0.10412163787685773	0.17495380693326815	0.27907544481012586
0.0006056056056056056	0.1031794217377581	0.17817335790082864	0.28135277963858674
0.0006081081081081081	0.10223935866155412	0.18138615583699325	0.28362551449854734
0.0006106106106106106	0.10130144351701989	0.18459155456862913	0.28589299808564905
0.0006131131131131132	0.10036566233220534	0.18782193485263793	0.28818759718484327
0.0006156156156156156	0.0994320109316433	0.1909802016525749	0.29041221258421823
0.0006181181181181181	0.0985004797975002	0.19415085447838015	0.29265133427588036
0.0006206206206206207	0.09757106848359352	0.1973341097437269	0.29490517822732043
0.0006231231231231231	0.09664375698784283	0.20049869763778683	0.29714245462562966
0.0006256256256256256	0.09571854235743989	0.2036542427816423	0.29937278513908216
0.0006281281281281282	0.09479542364745364	0.20680060219562166	0.3015960258430753
0.0006306306306306306	0.09387437746110135	0.20993742175211924	0.3038117992132206
0.0006331331331331331	0.09295540503513507	0.21306430556681477	0.3060197106019498
0.0006356356356356357	0.09203849689338703	0.21618101285046948	0.3082195097438565
0.0006381381381381381	0.09112363102968354	0.21931659587771793	0.3104402269074015
0.0006406406406406406	0.09021085582055069	0.22235166082631896	0.3125625166468696
0.0006431431431431432	0.08930007310481922	0.2254709439865988	0.314771017091418
0.0006456456456456456	0.08839166380098035	0.22854342543635037	0.3169350892373307
0.0006481481481481481	0.08748453443379403	0.23160590366849587	0.3190904381022899
0.0006506506506506507	0.08657992123473407	0.23465718608515554	0.32123710731988964
0.0006531531531531532	0.08567722304850779	0.23769604901970592	0.3233732720682137
0.0006556556556556556	0.08477651727030744	0.2407224257578917	0.32549894302819915
0.0006581581581581582	0.08387780066628021	0.24373684531565235	0.3276146459819326
0.0006606606606606607	0.0829810564819628	0.2467383218108479	0.3297193782928107
0.0006631631631631631	0.08208628489004405	0.24972675246061915	0.3318130373506632
0.0006656656656656657	0.08119346804555234	0.25270188206461536	0.3338953501101677
0.0006681681681681682	0.08030260515651494	0.2556634342023483	0.33596603935886327
0.0006706706706706706	0.07941367974607978	0.25861115529987694	0.3380248350459567
0.0006731731731731732	0.07852668620519512	0.26154478337842696	0.3400714695836221
0.0006756756756756757	0.07764161296918724	0.26446403947424496	0.3421056524434322
0.0006781781781781781	0.07675845587321041	0.2673686764065829	0.3441271322797933
0.0006806806806806807	0.07587697367133764	0.27025839773129395	0.3461353714026316
0.0006831831831831832	0.07499787514684586	0.2731336452164611	0.34813152036330697
0.0006856856856856856	0.07412037457150988	0.2759922613046921	0.350112635876202
0.0006881881881881882	0.0732448184728287	0.27883564720333	0.3520804656761587
0.0006906906906906907	0.07237101215837587	0.2816635046500779	0.35403451680845377
0.0006931931931931931	0.07149909999197593	0.2844750166351168	0.3559741166270928
0.0006956956956956957	0.07062985541914793	0.28727013936503043	0.35789999478417833
0.0006981981981981982	0.06977741243197966	0.29004862433277734	0.359826036764757
0.0007007007007007007	0.06885359766178481	0.29281020584897544	0.3616638035107602
0.0007032032032032032	0.06802936433595769	0.29555466471030123	0.3635840290462589
0.0007057057057057057	0.06716727285637238	0.29828175403771645	0.3654490268940888
0.0007082082082082082	0.06630613353684461	0.3009912488576932	0.3672973823945378
0.0007107107107107107	0.06544699907821105	0.3036828953326597	0.36912989441087074
0.0007132132132132132	0.06458958599759931	0.3063564765776008	0.37094606257520013
0.0007157157157157158	0.0637339317728079	0.3090117655825175	0.37274569735532537
0.0007182182182182182	0.06288001595477498	0.31164854106044565	0.37452855701522064
0.0007207207207207207	0.06202787238602346	0.31426655517156676	0.37629442755759024
0.0007232232232232233	0.06117744194572917	0.3168656530147044	0.37804309496043353
0.0007257257257257257	0.060328963151414255	0.31944552877504534	0.3797744919264596
0.0007282282282282282	0.05947219392242245	0.3220057026520945	0.3814778965745169
0.0007307307307307308	0.058636219107106945	0.324557744636758	0.38319396374386494
0.0007332332332332332	0.057801458241819245	0.32705898002258466	0.3848604382644039
0.0007357357357357357	0.05695079542863371	0.32956917034301075	0.3865199657716445
0.0007382382382382383	0.0561105389019286	0.3320500760071432	0.38816061490907183
0.0007407407407407407	0.05527189862802154	0.334510561083704	0.38978245971172554
0.0007432432432432432	0.054434878780954876	0.3369504451056588	0.3913853238866137
0.0007457457457457458	0.053599398299564456	0.3393695649233675	0.39296896322293196
0.0007482482482482482	0.05276608403798298	0.3417676978691302	0.3945337819071132
0.0007507507507507507	0.051933600174637676	0.344144701607075	0.39607830178171266
0.0007532532532532533	0.05110302502834359	0.3465003620706828	0.3976033870990264
0.0007557557557557557	0.05027402984841914	0.3488345213654995	0.39910855121391864
0.0007582582582582582	0.04944659863260449	0.3511470015638065	0.400593600196411
0.0007607607607607608	0.04862071852134637	0.35343765159731416	0.4020583701186605
0.0007632632632632632	0.047796376102074614	0.35570628808585425	0.40350266418792885
0.0007657657657657658	0.046973558163352205	0.35795276051297403	0.4049263186763262
0.0007682682682682683	0.046152248286246055	0.3601771327944427	0.4063293810806887
0.0007707707707707708	0.04533244684897854	0.3623785966978941	0.4077110435468726
0.0007732732732732733	0.044514119341269254	0.3645580354627407	0.40907215480400994
0.0007757757757757758	0.043697266563039905	0.366713965876495	0.4104112324395349
0.0007782782782782783	0.04288186834273438	0.36884738913418175	0.41172925747691613
0.0007807807807807808	0.04206791222098582	0.37095775319897356	0.4130256654199594
0.0007832832832832833	0.04125538224556462	0.373044975981293	0.4143003582268576
0.0007857857857857858	0.040443163226690095	0.3751088932005689	0.415552056427259
0.0007882882882882883	0.03963479659676117	0.3771493926896621	0.41678418928642325
0.0007907907907907908	0.038828098150692866	0.37916635377615315	0.41799445192684603
0.0007932932932932933	0.03801925754658827	0.3811596717783741	0.41917892932496237
0.0007957957957957958	0.03721361951515059	0.3831293061842499	0.42034292569940046
0.0007982982982982983	0.03640933600714249	0.3850769202320726	0.42148625623921504
0.0008008008008008008	0.035606370312938576	0.38699971975551234	0.4226060900684509
0.0008033033033033033	0.03480470798635784	0.38889433024930115	0.42369903823565896
0.0008058058058058058	0.03400433035041212	0.39076782914931074	0.42477215949972286
0.0008083083083083083	0.03320522263996958	0.3926170851024151	0.42582230774238466
0.0008108108108108108	0.03240736464654534	0.39444200809249025	0.42684937273903556
0.0008133133133133133	0.03161074109589045	0.39624251566323526	0.4278532567591257
0.0008158158158158158	0.0308153325384556	0.39801852486784933	0.4288338574063049
0.0008183183183183183	0.030021120806965878	0.3997699679332654	0.4297910887402313
0.0008208208208208208	0.02922808819086389	0.40149679591387516	0.430724884104739
0.0008233233233233233	0.028436214042858912	0.4031989074481342	0.4316351214909931
0.0008258258258258258	0.027645479858119597	0.40487629416205645	0.43252177402017605
0.0008283283283283283	0.026855864721112222	0.40652883674331775	0.43338470146443
0.0008308308308308308	0.02606734931513013	0.40815653027259546	0.43422387958772557
0.0008333333333333334	0.02527991063755677	0.40975930111516434	0.4350392117527211
0.0008358358358358358	0.0244935297120073	0.41133713337600797	0.43583066308801527
0.0008383383383383384	0.023708181951424254	0.41288996006873224	0.4365981420201565
0.0008408408408408409	0.022923846143270914	0.414417779683041	0.4373416258263119
0.0008433433433433433	0.022140498598437156	0.4159205172138757	0.4380610158123128
0.0008458458458458459	0.021358114382563975	0.4173981730300952	0.43875628741265915
0.0008483483483483484	0.020576669889226462	0.4188507323568058	0.4394274022460323
0.0008508508508508508	0.01979613873285314	0.42027926972235274	0.4400754084552059
0.0008533533533533534	0.019016494207060943	0.4216804947325593	0.4406969889396202
0.0008558558558558559	0.01823770753808852	0.42305760633159206	0.44129531386968057
0.0008583583583583583	0.017459752009628786	0.4244095906998665	0.4418693427094953
0.0008608608608608609	0.016682595486624444	0.4257416770456456	0.44242427253227
0.0008633633633633634	0.015906207946926442	0.42704573157562564	0.4429519395225521
0.0008658658658658658	0.015130555430175824	0.4283136986583634	0.4434442540885392
0.0008683683683683684	0.014355603828364276	0.42956634049619147	0.44392194432455573
0.0008708708708708709	0.013581316913676977	0.430786878909008	0.444368195822685
0.0008733733733733733	0.012807656376069194	0.4319931021244507	0.44480075850051987
0.0008758758758758759	0.012034580920329989	0.4331690920009987	0.4452036729213287
0.0008783783783783784	0.011262048852231884	0.4343200081453387	0.4455820569975706
0.0008808808808808808	0.010490013945332343	0.4354458765118817	0.44593589045721405
0.0008833833833833834	0.009718428142565346	0.43654672944349165	0.446265157586057
0.0008858858858858859	0.008947240714086709	0.43762260162244515	0.44656984233653185
0.0008883883883883883	0.00817638784643813	0.4386735331337421	0.4468499209801802
0.0008908908908908909	0.007405839187112312	0.43969929789859735	0.44710513708570965
0.0008933933933933934	0.00663550645180079	0.44070074190038144	0.4473362483521822
0.000895895895895896	0.00586533115500803	0.44167711059255965	0.4475424417475677
0.0008983983983983984	0.005095244832370301	0.4426287272853323	0.4477239721177026
0.0009009009009009009	0.004325173522912872	0.44355564484607674	0.44788081836898963
0.0009034034034034035	0.0035550386521310965	0.4444581727439928	0.4480132113961239
0.0009059059059059059	0.0027847581945518525	0.4453356249750968	0.4481203831696487
0.0009084084084084084	0.0020142412021873827	0.44618881593271653	0.44820305713490394
0.000910910910910911	0.0012434034082223916	0.44701757367018125	0.4482609770784036
0.0009134134134134134	0.00047215755525928144	0.44782195152966225	0.4482941090849215
0.0009159159159159159	0	0.44860202276314576	0.44860202276314576
0.0009184184184184185	0	0.4493578905121603	0.4493578905121603
0.0009209209209209209	0	0.4500894800453505	0.4500894800453505
0.0009234234234234234	0	0.4507972962133474	0.4507972962133474
0.000925925925925926	0	0.45148100261278856	0.45148100261278856
0.0009284284284284284	0	0.45214083451288484	0.45214083451288484
0.0009309309309309309	0	0.45277688395177795	0.45277688395177795
0.0009334334334334335	0	0.45338924171339196	0.45338924171339196
0.0009359359359359359	0	0.45397800992444	0.45397800992444
0.0009384384384384384	0	0.4545432879104453	0.4545432879104453
0.000940940940940941	0	0.45508517643125246	0.45508517643125246
0.0009434434434434434	0	0.4556037844476536	0.4556037844476536
0.0009459459459459459	0	0.45609754353269827	0.45609754353269827
0.0009484484484484485	0	0.4565716143930198	0.4565716143930198
0.0009509509509509509	0	0.4570225762187887	0.4570225762187887
0.0009534534534534534	0	0.4574476066848232	0.4574476066848232
0.000955955955955956	0	0.45785147897554257	0.45785147897554257
0.0009584584584584585	0	0.4582327543403025	0.4582327543403025
0.0009609609609609609	0	0.4585915576280302	0.4585915576280302
0.0009634634634634635	0	0.45892794319526825	0.45892794319526825
0.000965965965965966	0	0.4592422373841746	0.4592422373841746
0.0009684684684684684	0	0.45953437041069384	0.45953437041069384
0.000970970970970971	0	0.45980453836168855	0.45980453836168855
0.0009734734734734735	0	0.4600528733865335	0.4600528733865335
0.000975975975975976	0	0.46027951005820816	0.46027951005820816
0.0009784784784784785	0	0.46048458553398974	0.46048458553398974
0.000980980980980981	0	0.46066819229336303	0.46066819229336303
0.0009834834834834836	0	0.4608305989151153	0.4608305989151153
0.000985985985985986	0	0.46097182039051116	0.46097182039051116
0.0009884884884884884	0	0.46109211212956674	0.46109211212956674
0.000990990990990991	0	0.46119138289431016	0.46119138289431016
0.0009934934934934935	0	0.46127005440858	0.46127005440858
0.000995995995995996	0	0.4613281431716611	0.4613281431716611
0.0009984984984984986	0	0.4613658164767803	0.4613658164767803
0.001001001001001001	0	0.4613832235780285	0.4613832235780285
0.0010035035035035034	0	0.4613805195325227	0.4613805195325227
0.001006006006006006	0	0.46135785504726584	0.46135785504726584
0.0010085085085085085	0	0.4613153847771096	0.4613153847771096
0.001011011011011011	0	0.46125326221859825	0.46125326221859825
0.0010135135135135136	0	0.46117164597203414	0.46117164597203414
0.001016016016016016	0	0.46107070108627	0.46107070108627
0.0010185185185185184	0	0.4609505466065789	0.4609505466065789
0.001021021021021021	0	0.4608113969773986	0.4608113969773986
0.0010235235235235235	0	0.4606533836205735	0.4606533836205735
0.001026026026026026	0	0.46047667181866875	0.46047667181866875
0.0010285285285285286	0	0.4602814247137396	0.4602814247137396
0.001031031031031031	0	0.4600678997035893	0.4600678997035893
0.0010335335335335334	0	0.45983597906368584	0.45983597906368584
0.001036036036036036	0	0.45958608342283996	0.45958608342283996
0.0010385385385385385	0	0.4593175406970017	0.4593175406970017
0.001041041041041041	0	0.45903285950435135	0.45903285950435135
0.0010435435435435436	0	0.4587298348350142	0.4587298348350142
0.001046046046046046	0	0.45840942570230636	0.45840942570230636
0.0010485485485485487	0	0.4580718019361562	0.4580718019361562
0.001051051051051051	0	0.4577171303235395	0.4577171303235395
0.0010535535535535535	0	0.457345577128131	0.457345577128131
0.0010560560560560562	0	0.4569573122677258	0.4569573122677258
0.0010585585585585586	0	0.4565525051766975	0.4565525051766975
0.001061061061061061	0	0.45613132300460446	0.45613132300460446
0.0010635635635635637	0	0.4556939352376894	0.4556939352376894
0.001066066066066066	0	0.4552405128933844	0.4552405128933844
0.0010685685685685685	0	0.45477122380199	0.45477122380199
0.0010710710710710712	0	0.45428623795808787	0.45428623795808787
0.0010735735735735736	0	0.453785728257497	0.453785728257497
0.001076076076076076	0	0.45326985812943626	0.45326985812943626
0.0010785785785785787	0	0.45273880306901526	0.45273880306901526
0.001081081081081081	0	0.4521927302593089	0.4521927302593089
0.0010835835835835835	0	0.451631810321301	0.451631810321301
0.0010860860860860862	0	0.451056212032908	0.451056212032908
0.0010885885885885886	0	0.45046610730820136	0.45046610730820136
0.001091091091091091	0	0.4498616627592678	0.4498616627592678
0.0010935935935935937	0	0.44924263589410496	0.44924263589410496
0.001096096096096096	0	0.44861041988008826	0.44861041988008826
0.0010985985985985985	0	0.4479639556761149	0.4479639556761149
0.0011011011011011012	0	0.4473038496134706	0.4473038496134706
0.0011036036036036036	0	0.4466302482852056	0.4466302482852056
0.001106106106106106	0	0.44594332203954107	0.44594332203954107
0.0011086086086086087	0	0.44524323633897117	0.44524323633897117
0.0011111111111111111	0	0.4445301590637626	0.4445301590637626
0.0011136136136136135	0	0.4438042571729834	0.4438042571729834
0.0011161161161161162	0	0.4430656959819256	0.4430656959819256
0.0011186186186186186	0	0.4423146416890768	0.4423146416890768
0.001121121121121121	0	0.4415512595342105	0.4415512595342105
0.0011236236236236237	0	0.4407757168359763	0.4407757168359763
0.0011261261261261261	0	0.4399881760285068	0.4399881760285068
0.0011286286286286285	0	0.4391887993005829	0.4391887993005829
0.0011311311311311312	0	0.43837775190937595	0.43837775190937595
0.0011336336336336336	0	0.43755519549528643	0.43755519549528643
0.001136136136136136	0	0.4367212912033498	0.4367212912033498
0.0011386386386386387	0	0.43587620184506437	0.43587620184506437
0.0011411411411411411	0	0.43502008753497345	0.43502008753497345
0.0011436436436436436	0	0.43415310769006576	0.43415310769006576
0.0011461461461461462	0	0.43327542339246355	0.43327542339246355
0.0011486486486486486	0	0.43238718961401723	0.43238718961401723
0.001151151151151151	0	0.4314885661653282	0.4314885661653282
0.0011536536536536537	0	0.4305797081975023	0.4305797081975023
0.0011561561561561561	0	0.4296607747944767	0.4296607747944767
0.0011586586586586586	0	0.4287319182782442	0.4287319182782442
0.0011611611611611612	0	0.42779329322544457	0.42779329322544457
0.0011636636636636636	0	0.4268450556297385	0.4268450556297385
0.001166166166166166	0	0.4258873574275991	0.4258873574275991
0.0011686686686686687	0	0.42492034982715404	0.42492034982715404
0.0011711711711711711	0	0.42394418333490363	0.42394418333490363
0.0011736736736736738	0	0.4229590079971417	0.4229590079971417
0.0011761761761761762	0	0.42196497421776996	0.42196497421776996
0.0011786786786786786	0	0.42096222766322006	0.42096222766322006
0.0011811811811811813	0	0.41995091764926556	0.41995091764926556
0.0011836836836836837	0	0.4189311901225159	0.4189311901225159
0.0011861861861861861	0	0.4179031918477484	0.4179031918477484
0.0011886886886886888	0	0.4168670628002405	0.4168670628002405
0.0011911911911911912	0	0.41582295207559744	0.41582295207559744
0.0011936936936936936	0	0.4147709978499108	0.4147709978499108
0.0011961961961961963	0	0.4137113423773198	0.4137113423773198
0.0011986986986986987	0	0.4126441264288903	0.4126441264288903
0.0012012012012012011	0	0.41156948998424164	0.41156948998424164
0.0012037037037037038	0	0.4104875686824613	0.4104875686824613
0.0012062062062062062	0	0.40939850271499184	0.40939850271499184
0.0012087087087087087	0	0.40830242614302137	0.40830242614302137
0.0012112112112112113	0	0.40719947614290725	0.40719947614290725
0.0012137137137137137	0	0.4060897847662513	0.4060897847662513
0.0012162162162162162	0	0.40497348553397094	0.40497348553397094
0.0012187187187187188	0	0.40385071043013454	0.40385071043013454
0.0012212212212212212	0	0.40272159007390196	0.40272159007390196
0.0012237237237237237	0	0.4015862541842362	0.4015862541842362
0.0012262262262262263	0	0.4004448313738312	0.4004448313738312
0.0012287287287287287	0	0.39929744902702197	0.39929744902702197
0.0012312312312312312	0	0.3981442335943954	0.3981442335943954
0.0012337337337337338	0	0.39698530996770265	0.39698530996770265
0.0012362362362362362	0	0.39582080282765864	0.39582080282765864
0.0012387387387387387	0	0.39465083483933555	0.39465083483933555
0.0012412412412412413	0	0.3934755276852122	0.3934755276852122
0.0012437437437437437	0	0.3922950025012195	0.3922950025012195
0.0012462462462462462	0	0.39110937884430164	0.39110937884430164
0.0012487487487487488	0	0.38991877255653906	0.38991877255653906
0.0012512512512512512	0	0.3887233061260824	0.3887233061260824
0.0012537537537537537	0	0.38752309576760835	0.38752309576760835
0.0012562562562562563	0	0.38631825149641086	0.38631825149641086
0.0012587587587587587	0	0.38510888992037096	0.38510888992037096
0.0012612612612612612	0	0.3838951239666993	0.3838951239666993
0.0012637637637637638	0	0.382677064920387	0.382677064920387
0.0012662662662662662	0	0.38145482360390426	0.38145482360390426
0.0012687687687687687	0	0.3802285096895135	0.3802285096895135
0.0012712712712712713	0	0.3789982310133461	0.3789982310133461
0.0012737737737737737	0	0.37776409503847524	0.37776409503847524
0.0012762762762762762	0	0.37652620768609724	0.37652620768609724
0.0012787787787787788	0	0.37528467393326154	0.37528467393326154
0.0012812812812812813	0	0.37403959749715104	0.37403959749715104
0.0012837837837837837	0	0.37279108106232356	0.37279108106232356
0.0012862862862862863	0	0.37153922624840263	0.37153922624840263
0.0012887887887887888	0	0.3702841331141704	0.3702841331141704
0.0012912912912912912	0	0.3690259005794335	0.3690259005794335
0.0012937937937937938	0	0.367764628063846	0.367764628063846
0.0012962962962962963	0	0.3665004128127705	0.3665004128127705
0.001298798798798799	0	0.3652333486061364	0.3652333486061364
0.0013013013013013013	0	0.3639635326199134	0.3639635326199134
0.0013038038038038038	0	0.36269105634077264	0.36269105634077264
0.0013063063063063064	0	0.36141601398480905	0.36141601398480905
0.0013088088088088088	0	0.3601384954988323	0.3601384954988323
0.0013113113113113113	0	0.35885859528083347	0.35885859528083347
0.001313813813813814	0	0.35757639803979924	0.35757639803979924
0.0013163163163163163	0	0.3562919935808555	0.3562919935808555
0.0013188188188188188	0	0.3550054700998396	0.3550054700998396
0.0013213213213213214	0	0.3537169117398994	0.3537169117398994
0.0013238238238238238	0	0.35242640543636045	0.35242640543636045
0.0013263263263263263	0	0.3511340338667306	0.3511340338667306
0.001328828828828829	0	0.3498398826850252	0.3498398826850252
0.0013313313313313313	0	0.34854402896240383	0.34854402896240383
0.0013338338338338338	0	0.34724655754556577	0.34724655754556577
0.0013363363363363364	0	0.3459475451709139	0.3459475451709139
0.0013388388388388388	0	0.34464707380471593	0.34464707380471593
0.0013413413413413413	0	0.3433452185968012	0.3433452185968012
0.001343843843843844	0	0.3420420565596571	0.3420420565596571
0.0013463463463463464	0	0.3407376643812716	0.3407376643812716
0.0013488488488488488	0	0.3394321154538222	0.3394321154538222
0.0013513513513513514	0	0.3381254847023492	0.3381254847023492
0.0013538538538538539	0	0.3368178432968294	0.3368178432968294
0.0013563563563563563	0	0.3355092634685147	0.3355092634685147
0.001358858858858859	0	0.334199815194373	0.334199815194373
0.0013613613613613614	0	0.332889569987673	0.332889569987673
0.0013638638638638638	0	0.33157859420156616	0.33157859420156616
0.0013663663663663664	0	0.33026695763905317	0.33026695763905317
0.0013688688688688689	0	0.3289547238286369	0.3289547238286369
0.0013713713713713713	0	0.32764196178325233	0.32764196178325233
0.001373873873873874	0	0.3263287357067458	0.3263287357067458
0.0013763763763763764	0	0.32501510776894477	0.32501510776894477
0.0013788788788788788	0	0.3237011417453901	0.3237011417453901
0.0013813813813813814	0	0.3223869013454849	0.3223869013454849
0.0013838838838838839	0	0.32107244540646596	0.32107244540646596
0.0013863863863863863	0	0.3197578331577401	0.3197578331577401
0.001388888888888889	0	0.31844312606255953	0.31844312606255953
0.0013913913913913914	0	0.3171283822917801	0.3171283822917801
0.0013938938938938938	0	0.31581365842044	0.31581365842044
0.0013963963963963964	0	0.314499011093756	0.314499011093756
0.0013988988988988989	0	0.31318449602194004	0.31318449602194004
0.0014014014014014013	0	0.3118701688469972	0.3118701688469972
0.001403903903903904	0	0.3105560822126112	0.3105560822126112
0.0014064064064064064	0	0.3092422895753415	0.3092422895753415
0.0014089089089089088	0	0.30792884327260944	0.30792884327260944
0.0014114114114114115	0	0.30661718059067694	0.30661718059067694
0.0014139139139139139	0	0.3053032209809607	0.3053032209809607
0.0014164164164164163	0	0.3039911183888085	0.3039911183888085
0.001418918918918919	0	0.30267956290268705	0.30267956290268705
0.0014214214214214214	0	0.30136860366322193	0.30136860366322193
0.001423923923923924	0	0.30005828452151095	0.30005828452151095
0.0014264264264264265	0	0.29874865602981926	0.29874865602981926
0.0014289289289289289	0	0.29743976131382394	0.29743976131382394
0.0014314314314314315	0	0.29613164545940124	0.29613164545940124
0.001433933933933934	0	0.29482435359193604	0.29482435359193604
0.0014364364364364364	0	0.2935179266126462	0.2935179266126462
0.001438938938938939	0	0.2922124100668089	0.2922124100668089
0.0014414414414414415	0	0.29090784498214306	0.29090784498214306
0.001443943943943944	0	0.28960427095669744	0.28960427095669744
0.0014464464464464465	0	0.2883017298861586	0.2883017298861586
0.001448948948948949	0	0.28700026018049896	0.28700026018049896
0.0014514514514514514	0	0.2856999022249891	0.2856999022249891
0.001453953953953954	0	0.2844006930976722	0.2844006930976722
0.0014564564564564565	0	0.28310267080436735	0.28310267080436735
0.001458958958958959	0	0.2818058720353329	0.2818058720353329
0.0014614614614614615	0	0.28051033150832627	0.28051033150832627
0.001463963963963964	0	0.27921608599181047	0.27921608599181047
0.0014664664664664664	0	0.27792316968994535	0.27792316968994535
0.001468968968968969	0	0.27663161868848535	0.27663161868848535
0.0014714714714714715	0	0.2753414585487819	0.2753414585487819
0.001473973973973974	0	0.2740528414069965	0.2740528414069965
0.0014764764764764766	0	0.27276546681483305	0.27276546681483305
0.001478978978978979	0	0.27147968736844075	0.27147968736844075
0.0014814814814814814	0	0.2701957933897078	0.2701957933897078
0.001483983983983984	0	0.2689127595148048	0.2689127595148048
0.0014864864864864865	0	0.26763164707647513	0.26763164707647513
0.001488988988988989	0	0.266352148992815	0.266352148992815
0.0014914914914914916	0	0.26507429215313044	0.26507429215313044
0.001493993993993994	0	0.2637981026654418	0.2637981026654418
0.0014964964964964964	0	0.2625236805105447	0.2625236805105447
0.001498998998998999	0	0.26125084248750907	0.26125084248750907
0.0015015015015015015	0	0.2599798195124973	0.2599798195124973
0.001504004004004004	0	0.25871056983512336	0.25871056983512336
0.0015065065065065066	0	0.2574431188952507	0.2574431188952507
0.001509009009009009	0	0.2561774896144048	0.2561774896144048
0.0015115115115115114	0	0.2549137072791914	0.2549137072791914
0.001514014014014014	0	0.25365179459285464	0.25365179459285464
0.0015165165165165165	0	0.25239177340133356	0.25239177340133356
0.001519019019019019	0	0.2511336665688429	0.2511336665688429
0.0015215215215215216	0	0.24987749544732438	0.24987749544732438
0.001524024024024024	0	0.24862328029972808	0.24862328029972808
0.0015265265265265264	0	0.2473710069451293	0.2473710069451293
0.001529029029029029	0	0.24612084285615185	0.24612084285615185
0.0015315315315315315	0	0.2448725691473035	0.2448725691473035
0.001534034034034034	0	0.24362639170870842	0.24362639170870842
0.0015365365365365366	0	0.2423822526706703	0.2423822526706703
0.001539039039039039	0	0.24114020076467907	0.24114020076467907
0.0015415415415415416	0	0.23990022708877887	0.23990022708877887
0.001544044044044044	0	0.2386623665129465	0.2386623665129465
0.0015465465465465465	0	0.23742662519016447	0.23742662519016447
0.0015490490490490492	0	0.23619302658502458	0.23619302658502458
0.0015515515515515516	0	0.23496158379873	0.23496158379873
0.001554054054054054	0	0.23373231248031334	0.23373231248031334
0.0015565565565565567	0	0.2325052003228614	0.2325052003228614
0.001559059059059059	0	0.23128034151869525	0.23128034151869525
0.0015615615615615615	0	0.2300576732319013	0.2300576732319013
0.0015640640640640642	0	0.22883723261992026	0.22883723261992026
0.0015665665665665666	0	0.2276190329761131	0.2276190329761131
0.001569069069069069	0	0.22640308849679291	0.22640308849679291
0.0015715715715715717	0	0.22519020219191505	0.22519020219191505
0.001574074074074074	0	0.22397802770337927	0.22397802770337927
0.0015765765765765765	0	0.22276873422364735	0.22276873422364735
0.0015790790790790792	0	0.22156224157690557	0.22156224157690557
0.0015815815815815816	0	0.2203576040711682	0.2203576040711682
0.001584084084084084	0	0.21915543329052764	0.21915543329052764
0.0015865865865865867	0	0.2179555970582583	0.2179555970582583
0.001589089089089089	0	0.21675810331410633	0.21675810331410633
0.0015915915915915915	0	0.2155629622987954	0.2155629622987954
0.0015940940940940942	0	0.2143701829008268	0.2143701829008268
0.0015965965965965966	0	0.2131797738239623	0.2131797738239623
0.001599099099099099	0	0.21199174456301995	0.21199174456301995
0.0016016016016016017	0	0.21080610091768578	0.21080610091768578
0.001604104104104104	0	0.20962285595008948	0.20962285595008948
0.0016066066066066065	0	0.2084419324928195	0.2084419324928195
0.0016091091091091092	0	0.20726356846340077	0.20726356846340077
0.0016116116116116116	0	0.20608754724468478	0.20608754724468478
0.001614114114114114	0	0.20491392436493588	0.20491392436493588
0.0016166166166166167	0	0.20374277654634004	0.20374277654634004
0.0016191191191191191	0	0.20257404160416861	0.20257404160416861
0.0016216216216216215	0	0.20140774421985125	0.20140774421985125
0.0016241241241241242	0	0.20024389347416574	0.20024389347416574
0.0016266266266266266	0	0.19908256911553146	0.19908256911553146
0.001629129129129129	0	0.19792354822915845	0.19792354822915845
0.0016316316316316317	0	0.19676705966417643	0.19676705966417643
0.0016341341341341341	0	0.1956130365647329	0.1956130365647329
0.0016366366366366365	0	0.1944614802801874	0.1944614802801874
0.0016391391391391392	0	0.19331239543288523	0.19331239543288523
0.0016416416416416416	0	0.19216568843290313	0.19216568843290313
0.001644144144144144	0	0.19102164820592776	0.19102164820592776
0.0016466466466466467	0	0.1898799959613662	0.1898799959613662
0.0016491491491491491	0	0.18874082604823594	0.18874082604823594
0.0016516516516516516	0	0.18760414010996337	0.18760414010996337
0.0016541541541541542	0	0.1864699423668849	0.1864699423668849
0.0016566566566566566	0	0.18533823363928897	0.18533823363928897
0.001659159159159159	0	0.18420901595472097	0.18420901595472097
0.0016616616616616617	0	0.18308229153865654	0.18308229153865654
0.0016641641641641641	0	0.18195805947761692	0.18195805947761692
0.0016666666666666668	0	0.1808256255599546	0.1808256255599546
0.0016691691691691692	0	0.17971683881230427	0.17971683881230427
0.0016716716716716716	0	0.1785999622844611	0.1785999622844611
0.0016741741741741743	0	0.17749561660985289	0.17749561660985289
0.0016766766766766767	0	0.17637521673271614	0.17637521673271614
0.0016791791791791791	0	0.17526492599367666	0.17526492599367666
0.0016816816816816818	0	0.17415833136703932	0.17415833136703932
0.0016841841841841842	0	0.1730540638175233	0.1730540638175233
0.0016866866866866866	0	0.17195217390482503	0.17195217390482503
0.0016891891891891893	0	0.17085342629051792	0.17085342629051792
0.0016916916916916917	0	0.1697562172797387	0.1697562172797387
0.0016941941941941941	0	0.16866192820703862	0.16866192820703862
0.0016966966966966968	0	0.16757012738142654	0.16757012738142654
0.0016991991991991992	0	0.16648081363906503	0.16648081363906503
0.0017017017017017016	0	0.165393997226692	0.165393997226692
0.0017042042042042043	0	0.16430965440100342	0.16430965440100342
0.0017067067067067067	0	0.16322780257662023	0.16322780257662023
0.0017092092092092091	0	0.16214843334486326	0.16214843334486326
0.0017117117117117118	0	0.16107154013074257	0.16107154013074257
0.0017142142142142142	0	0.15999712413724665	0.15999712413724665
0.0017167167167167166	0	0.15892518210376605	0.15892518210376605
0.0017192192192192193	0	0.15785571534810788	0.15785571534810788
0.0017217217217217217	0.0013483176088636803	0.1567887101277413	0.15813702773660496
0.0017242242242242242	0.004686804951965895	0.1557241704086494	0.16041097536061527
0.0017267267267267268	0.008022654164154727	0.154662100814051	0.16268475497820573
0.0017292292292292292	0.011356368654226248	0.15360248382073513	0.1649588524749614
0.0017317317317317317	0.014688339822281337	0.15254532762201709	0.16723366744429843
0.0017342342342342343	0.018018922077576632	0.15149062282709166	0.1695095449046683
0.0017367367367367367	0.021348417021122692	0.15043835578834763	0.17178677280947033
0.0017392392392392392	0.02467711503405833	0.1493885428961347	0.17406565793019305
0.0017417417417417418	0.028005135356893626	0.14834116367161396	0.17634629902850757
0.0017442442442442442	0.03133280412802086	0.14729622435286582	0.1786290284808867
0.0017467467467467467	0.03466018488542282	0.1462537227382647	0.18091390762368753
0.0017492492492492493	0.03798740709383845	0.14521382676810377	0.1832012338619422
0.0017517517517517517	0.04131455491301921	0.14417246834255676	0.18548702325557598
0.0017542542542542542	0.04464168611360789	0.14314056978452852	0.1877822558981364
0.0017567567567567568	0.04796882842206339	0.14210791467332187	0.19007674309538525
0.0017592592592592592	0.05129598946329652	0.14107750202247238	0.1923734914857689
0.0017617617617617617	0.054623153579538265	0.1400494896124746	0.19467264319201286
0.0017642642642642643	0.057950289624201	0.13902387893892887	0.19697416856312988
0.0017667667667667667	0.061277343963637786	0.13800065698075936	0.19927800094439715
0.0017692692692692692	0.06460425626403501	0.1369798303975014	0.2015840866615364
0.0017717717717717718	0.06793093875709054	0.13596138872776647	0.20389232748485703
0.0017742742742742742	0.07125730444241138	0.13494531621159958	0.20620262065401096
0.0017767767767767767	0.07458324910521472	0.13393162509408002	0.20851487419929474
0.0017792792792792793	0.07790865364741927	0.13292029813500195	0.21082895178242123
0.0017817817817817817	0.08123339927550753	0.13191134786974393	0.21314474714525145
0.0017842842842842842	0.08455734741232973	0.1309046868398632	0.21546203425219293
0.0017867867867867868	0.0878803583414859	0.12990046083955994	0.21778081918104586
0.0017892892892892893	0.09120228211494709	0.12889857529762644	0.22010085741257351
0.001791791791791792	0.09452295938474906	0.12789891810869503	0.22242187749344408
0.0017942942942942943	0.09784222793995842	0.12690172180053433	0.22474394974049275
0.0017967967967967968	0.10115991841439555	0.12590679954927242	0.22706671796366795
0.0017992992992992994	0.10447585368913574	0.12491420247041234	0.22939005615954808
0.0018018018018018018	0.10778985361074576	0.12392391249124317	0.23171376610198893
0.0018043043043043043	0.11110172856049692	0.1229359346164098	0.23403766317690672
0.001806806806806807	0.11441127810518512	0.12195024970167379	0.2363615278068589
0.0018093093093093093	0.11771831913124266	0.1209668624014364	0.23868518153267906
0.0018118118118118118	0.12102264050876925	0.11998576389455949	0.24100840440332874
0.0018143143143143144	0.12432403138304317	0.11900694144982783	0.243330972832871
0.0018168168168168168	0.12762090406437787	0.11803039717658192	0.2456513012409598
0.0018193193193193193	0.1309178598391231	0.11705611843404398	0.24797397827316708
0.001821821821821822	0.13420369922837083	0.1160841005950272	0.25028779982339805
0.0018243243243243243	0.13749605611374996	0.1151143361318413	0.25261039224559123
0.0018268268268268268	0.1407795574352552	0.11414681865293498	0.2549263760881902
0.0018293293293293294	0.1440588066237245	0.11318153212182831	0.2572403387455528
0.0018318318318318318	0.1473335666972427	0.1122180786288898	0.2595516453261325
0.0018343343343343343	0.15060359076776236	0.11125821154251386	0.2618618023102762
0.001836836836836837	0.15386867674503918	0.11030025080202553	0.2641689275470647
0.0018393393393393393	0.15712853235728122	0.10934248975595014	0.26647102211323137
0.0018418418418418418	0.16038293292868638	0.10838847965306718	0.2687714125817536
0.0018443443443443444	0.1636316259872391	0.10743646118469524	0.2710680871719343
0.0018468468468468468	0.16687436774046488	0.10648662782323641	0.2733609955637013
0.0018493493493493493	0.17011091126396677	0.10553902066079385	0.2756499319247606
0.001851851851851852	0.1733419099328628	0.10459355553629775	0.27793546546916054
0.0018543543543543544	0.1765633266660553	0.10365025807516218	0.2802135847412175
0.0018568568568568568	0.1797806742470205	0.10270912153377512	0.2824897957807956
0.0018593593593593594	0.18298979375031363	0.1017701335526241	0.28475992730293775
0.0018618618618618619	0.18618559092153716	0.10083328407230657	0.2870188749938437
0.0018643643643643643	0.18939022707105874	0.09989857357829947	0.2892888006493582
0.001866866866866867	0.19255202463582088	0.09896598352958907	0.29151800816540996
0.0018693693693693694	0.19574929343459774	0.09803551177934747	0.29378480521394523
0.0018718718718718718	0.19891748518937835	0.09710715063548069	0.29602463582485905
0.0018743743743743744	0.20207755007636763	0.09618088903689305	0.29825843911326066
0.0018768768768768769	0.2052286105067101	0.09525672524829036	0.30048533575500047
0.0018793793793793793	0.20837022629312563	0.09433463615215548	0.3027048624452811
0.001881881881881882	0.21150218456343184	0.09341463142803537	0.3049168159914672
0.0018843843843843844	0.2146250857705375	0.09249669358461032	0.30712177935514784
0.0018868868868868868	0.21773498781064968	0.09158081717573952	0.3093158049863892
0.0018893893893893894	0.22071812519275988	0.09066691273211407	0.31138503792487393
0.0018918918918918919	0.2240402107036607	0.08975520350627815	0.31379541420993884
0.0018943943943943943	0.22700783611491704	0.08884543990277004	0.3158532760176871
0.001896896896896897	0.23007610731018033	0.08793813661366959	0.3180142439238499
0.0018993993993993994	0.23313370769011632	0.08703202471805178	0.3201657324081681
0.0019019019019019018	0.23617788881095922	0.08612832157814027	0.32230621038909946
0.0019044044044044044	0.2392096327488388	0.08522662114964083	0.32443625389847963
0.0019069069069069069	0.24223131291985434	0.08432691098659285	0.3265582239064472
0.0019094094094094093	0.24523919394267346	0.08342918088763765	0.3286683748303111
0.001911911911911912	0.2482341790661176	0.08253342587329388	0.3307676049394115
0.0019144144144144144	0.2512159833883714	0.08163963095858721	0.33285561434695865
0.001916916916916917	0.25418436821047546	0.0807477933568527	0.3349321615673282
0.0019194194194194195	0.2571390491889001	0.07985789904726151	0.33699694823616166
0.0019219219219219219	0.2600797453129025	0.07896994110582921	0.33904968641873173
0.0019244244244244245	0.2630062234217335	0.0780839090860914	0.34109013250782494
0.001926926926926927	0.26591820602122307	0.0771997948557723	0.3431180008769954
0.0019294294294294294	0.26881543262964047	0.07631758666644851	0.34513301929608897
0.001931931931931932	0.2716988981101463	0.07543711107074196	0.34713600918088827
0.0019344344344344345	0.2745645642890936	0.07455886070348065	0.34912342499257426
0.0019369369369369369	0.2774160665285878	0.07368258230712628	0.35109864883571407
0.0019394394394394395	0.2802516763760158	0.07280763653259129	0.35305931290860704
0.001941941941941942	0.283071297624089	0.07193482545049995	0.35500612307458895
0.0019444444444444444	0.2858746498503621	0.07106384877952736	0.35693849862988947
0.001946946946946947	0.2886614882098196	0.07022135897955206	0.3588828471893717
0.0019494494494494495	0.29143153060560373	0.06931260624819628	0.3607441368538
0.001951951951951952	0.2941845923097327	0.06847094984153063	0.36265554215126333
0.0019544544544544545	0.2969203890760494	0.06759807306284472	0.3645184621388941
0.001956956956956957	0.2996387091969662	0.06673667851138919	0.3663753877083554
0.0019594594594594594	0.3023393060197291	0.06587637494523847	0.36821568096496754
0.001961961961961962	0.30502195992175185	0.06501806955291987	0.37004002947467174
0.0019644644644644643	0.30768642471085905	0.06416153801181144	0.3718479627226705
0.001966966966966967	0.3103324856990582	0.06330676220544657	0.37363924790450476
0.0019694694694694695	0.31295991532683637	0.062453714452858904	0.3754136297796953
0.001971971971971972	0.31556842880018676	0.061602440139331	0.3771708689395178
0.0019744744744744744	0.31815800674918615	0.06075287034122182	0.378910877090408
0.001976976976976977	0.32072802462014494	0.05990330691598226	0.3806313315361272
0.0019794794794794797	0.32327670495204963	0.059060387538685914	0.38233709249073555
0.001981981981981982	0.3258126237816805	0.0582156729647414	0.3840282967464219
0.0019844844844844845	0.3283212541246897	0.0573720368437967	0.3856932909684864
0.001986986986986987	0.3308121504270299	0.056530476672929	0.38734262709995887
0.0019894894894894894	0.3332828659567111	0.05569101299956181	0.3889738789562729
0.001991991991991992	0.3357330900755813	0.05485319340441234	0.39058628347999363
0.0019944944944944947	0.3381626159088469	0.054016757053742086	0.392179372962589
0.001996996996996997	0.3405712704015505	0.05318257498354259	0.39375384538509306
0.0019994994994994996	0.342958857173337	0.05234940548565705	0.39530826265899405
0.002002002002002002	0.3453252028597209	0.0515181129324355	0.3968433157921564
0.0020045045045045044	0.3476701369155598	0.05068833045674441	0.39835846737230424
0.002007007007007007	0.3499934839695108	0.04986011833644826	0.39985360230595907
0.0020095095095095097	0.3522950695788007	0.04903346592519815	0.40132853550399883
0.002012012012012012	0.3545747225266933	0.048208354734050766	0.4027830772607441
0.0020145145145145146	0.3568323010201578	0.04738477796721241	0.4042170789873702
0.002017017017017017	0.3590680153756381	0.04656271880434427	0.40563073417998236
0.0020195195195195194	0.3612805570499836	0.045742149431058546	0.4070227064810421
0.002022022022022022	0.363470947300123	0.044923098440499576	0.4083940457406226
0.0020245245245245247	0.3656387703345813	0.04410550975539936	0.40974428008998065
0.002027027027027027	0.3677835505826954	0.04328938524712451	0.4110729358298199
0.0020295295295295296	0.3699054613745389	0.04247471094027856	0.41238017231481744
0.002032032032032032	0.37200426730803676	0.041661473565993944	0.4136657408740307
0.0020345345345345344	0.3740798447100849	0.04084963272602252	0.4149294774361074
0.002037037037037037	0.37613206065100324	0.04003808640777083	0.4161701470587741
0.0020395395395395397	0.37816081653647615	0.039230660661150114	0.41739147719762626
0.002042042042042042	0.38016598545325203	0.03842215763334257	0.4185881430865946
0.0020445445445445446	0.3821474287948276	0.03761626099884702	0.4197636897936746
0.002047047047047047	0.3841046219181583	0.036811311856921665	0.42091593377507996
0.0020495495495495494	0.386034086364381	0.0360076890557966	0.4220417754201776
0.002052052052052052	0.3879483685301426	0.03520537711193113	0.4231537456420737
0.0020545545545545547	0.389834102616055	0.03440435905024202	0.42423846166629703
0.002057057057057057	0.391695483369281	0.03360461893421161	0.42530010230349263
0.0020595595595595596	0.3935325867282597	0.03280613764980508	0.42633872437806475
0.002062062062062062	0.3953452988297754	0.03200889973932245	0.4273541985690979
0.0020645645645645644	0.3971335783784814	0.03121288553751609	0.4283464639159975
0.002067067067067067	0.3988973222867612	0.03041807866001693	0.42931540094677817
0.0020695695695695697	0.4006364657998515	0.02962445960593676	0.43026092540578825
0.002072072072072072	0.40235093507797565	0.02883200714054457	0.4311829422185202
0.0020745745745745746	0.40404069203550674	0.028040706229407648	0.4320813982649144
0.002077077077077077	0.4057056526415218	0.027250534481033626	0.43295618712255546
0.0020795795795795794	0.4073457981694423	0.02646147077154784	0.4338072689409901
0.002082082082082082	0.4089610356304876	0.025673496219064344	0.4346345318495519
0.0020845845845845847	0.4105513514287204	0.024886589581296026	0.4354379410100164
0.002087087087087087	0.41211668117013356	0.02410072795657208	0.43621740912670565
0.0020895895895895896	0.41365699390670035	0.02331588862010347	0.43697288252680383
0.002092092092092092	0.41517228286798485	0.022532050499553986	0.43770433336753883
0.0020945945945945945	0.4166624827606587	0.021749187640370538	0.43841167040102924
0.0020970970970970973	0.4181276025325814	0.020967276640937477	0.43909487917351886
0.0020995995995995997	0.4195675746140629	0.02018629173683727	0.4397538663509002
0.002102102102102102	0.42097760897116654	0.01940620687787968	0.44038381584904623
0.0021046046046046046	0.42237219322360764	0.018626994943890317	0.44099918816749795
0.002107107107107107	0.423736743277518	0.01784862779469906	0.441585371072217
0.0021096096096096095	0.42507540893903684	0.01707107558772318	0.44214648452676003
0.0021121121121121123	0.4263910799428144	0.01629430731303917	0.44268538725585355
0.0021146146146146147	0.42768962182699577	0.015518291390078797	0.4432079132170746
0.002117117117117117	0.4289429810413162	0.014742994444556325	0.4436859754858725
0.0021196196196196196	0.4301615999712224	0.013968379500981086	0.44412997947220345
0.002122122122122122	0.4313956946783405	0.013194410619342718	0.4445901052976832
0.0021246246246246245	0.4325842305200992	0.012421047769771904	0.44500527828987113
0.0021271271271271273	0.4337476837423472	0.011648249786442997	0.4453959335287902
0.0021296296296296298	0.4348860703138093	0.010875972004386572	0.4457620423181959
0.002132132132132132	0.4359994282766624	0.01010416822075766	0.44610359649742004
0.0021346346346346346	0.4370877872359346	0.009332788064362742	0.44642057530029733
0.002137137137137137	0.4381511829554918	0.008561780107848856	0.4467129630633407
0.0021396396396396395	0.43918971274723334	0.007791053825078803	0.4469807665723121
0.0021421421421421423	0.4402032524174855	0.007020651194460994	0.44722390361194647
0.0021446446446446448	0.4411920233994423	0.006250403118552594	0.4474424265179949
0.002147147147147147	0.44215601006101213	0.005480281472342782	0.44763629153335494
0.0021496496496496496	0.44309526857584963	0.0047102119399367965	0.44780548051578645
0.002152152152152152	0.4440098271096399	0.0039401187015894595	0.4479499458112293
0.0021546546546546545	0.44489985977541535	0.0031699226932824067	0.4480697824686978
0.0021571571571571573	0.44576528059113696	0.002399535250447992	0.44816481584158496
0.0021596596596596598	0.44660623984424314	0.0016288640069097079	0.44823510385115284
0.002162162162162162	0.44742279499244786	0.000857831565796446	0.4482806265582443
0.0021646646646646646	0.4482149665535818	0.0000863202605446318	0.4483012868141264
0.002167167167167167	0.4489829803706194	0	0.4489829803706194
0.0021696696696696695	0.4497267635007331	0	0.4497267635007331
0.0021721721721721723	0.4504463861679987	0	0.4504463861679987
0.0021746746746746748	0.45114213917598783	0	0.45114213917598783
0.002177177177177177	0.4518138993340199	0	0.4518138993340199
0.0021796796796796796	0.45246182472347335	0	0.45246182472347335
0.002182182182182182	0.45308601660917097	0	0.45308601660917097
0.0021846846846846845	0.453686566520161	0	0.453686566520161
0.0021871871871871874	0.45426357664563866	0	0.45426357664563866
0.0021896896896896898	0.45481714807936824	0	0.45481714807936824
0.002192192192192192	0.4553473860507649	0	0.4553473860507649
0.0021946946946946946	0.455854700810575	0	0.455854700810575
0.002197197197197197	0.4563382429642423	0	0.4563382429642423
0.0021996996996996995	0.45679904391313714	0	0.45679904391313714
0.0022022022022022024	0.45723737091475886	0	0.45723737091475886
0.002204704704704705	0.4576523752943176	0	0.4576523752943176
0.002207207207207207	0.4580449335611525	0	0.4580449335611525
0.0022097097097097096	0.4584149574966721	0	0.4584149574966721
0.002212212212212212	0.45876256843764485	0	0.45876256843764485
0.0022147147147147145	0.4590878758098759	0	0.4590878758098759
0.0022172172172172174	0.4593910585675954	0	0.4593910585675954
0.00221971971971972	0.4596721916075612	0	0.4596721916075612
0.0022222222222222222	0.4599314261984106	0	0.4599314261984106
0.0022247247247247246	0.46016890101311175	0	0.46016890101311175
0.002227227227227227	0.46038473348990866	0	0.46038473348990866
0.00222972972972973	0.4605790866937907	0	0.4605790866937907
0.0022322322322322324	0.4607520693527671	0	0.4607520693527671
0.002234734734734735	0.46090384303769383	0	0.46090384303769383
0.0022372372372372372	0.4610346698258976	0	0.4610346698258976
0.0022397397397397397	0.46114410718686016	0	0.46114410718686016
0.002242242242242242	0.4612333076353148	0	0.4612333076353148
0.002244744744744745	0.46130166016879864	0	0.46130166016879864
0.0022472472472472474	0.4613495220074303	0	0.4613495220074303
0.00224974974974975	0.4613770444376913	0	0.4613770444376913
0.0022522522522522522	0.4613843786131144	0	0.4613843786131144
0.0022547547547547547	0.4613716756088182	0	0.4613716756088182
0.002257257257257257	0.4613390868565905	0	0.4613390868565905
0.00225975975975976	0.4612867716488465	0	0.4612867716488465
0.0022622622622622624	0.4612148820741616	0	0.4612148820741616
0.002264764764764765	0.4611235777007109	0	0.4611235777007109
0.0022672672672672672	0.46101313364132357	0	0.46101313364132357
0.0022697697697697697	0.46088334064389974	0	0.46088334064389974
0.002272272272272272	0.46073473783503416	0	0.46073473783503416
0.002274774774774775	0.4605673542155429	0	0.4605673542155429
0.0022772772772772774	0.46038135235303523	0	0.46038135235303523
0.00227977977977978	0.4601774276281091	0	0.4601774276281091
0.0022822822822822822	0.4599538288709513	0	0.4599538288709513
0.0022847847847847847	0.4597132684459071	0	0.4597132684459071
0.002287287287287287	0.4594546120693703	0	0.4594546120693703
0.00228978978978979	0.45917780188117974	0	0.45917780188117974
0.0022922922922922924	0.4588835299783914	0	0.4588835299783914
0.002294794794794795	0.45857179207184373	0	0.45857179207184373
0.0022972972972972973	0.4582427545329204	0	0.4582427545329204
0.0022997997997997997	0.45789658464345634	0	0.45789658464345634
0.002302302302302302	0.45753345123834455	0	0.45753345123834455
0.002304804804804805	0.4571535235320404	0	0.4571535235320404
0.0023073073073073074	0.45675696549137945	0	0.45675696549137945
0.00230980980980981	0.45634394932870964	0	0.45634394932870964
0.0023123123123123123	0.4559146444268318	0	0.4559146444268318
0.0023148148148148147	0.45546921850437616	0	0.45546921850437616
0.002317317317317317	0.45500784232608316	0	0.45500784232608316
0.00231981981981982	0.45453068410745234	0	0.45453068410745234
0.0023223223223223224	0.45403791334571997	0	0.45403791334571997
0.002324824824824825	0.45352970186089886	0	0.45352970186089886
0.0023273273273273273	0.4530062175487874	0	0.4530062175487874
0.0023298298298298297	0.4524676332728231	0	0.4524676332728231
0.002332332332332332	0.4519141144752756	0	0.4519141144752756
0.002334834834834835	0.4513458346944027	0	0.4513458346944027
0.0023373373373373374	0.45076296270197663	0	0.45076296270197663
0.00233983983983984	0.4501656672019061	0	0.4501656672019061
0.0023423423423423423	0.4495541183583077	0	0.4495541183583077
0.0023448448448448447	0.44893032424087764	0	0.44893032424087764
0.0023473473473473476	0.4482888949857585	0	0.4482888949857585
0.00234984984984985	0.4476356004266893	0	0.4476356004266893
0.0023523523523523524	0.44696872566157814	0	0.44696872566157814
0.002354854854854855	0.44628844219932035	0	0.44628844219932035
0.0023573573573573573	0.44559491490685216	0	0.44559491490685216
0.0023598598598598597	0.4448883112308588	0	0.4448883112308588
0.0023623623623623626	0.44416880064232717	0	0.44416880064232717
0.002364864864864865	0.4434365486932088	0	0.4434365486932088
0.0023673673673673674	0.4426917199415012	0	0.4426917199415012
0.00236986986986987	0.4419344835547213	0	0.4419344835547213
0.0023723723723723723	0.44116500054079205	0	0.44116500054079205
0.0023748748748748747	0.44038343478267905	0	0.44038343478267905
0.0023773773773773776	0.4395899562934765	0	0.4395899562934765
0.00237987987987988	0.4387847245049297	0	0.4387847245049297
0.0023823823823823824	0.4379679003577228	0	0.4379679003577228
0.002384884884884885	0.4371396512764657	0	0.4371396512764657
0.0023873873873873873	0.436300135758825	0	0.436300135758825
0.0023898898898898897	0.43544951410479477	0	0.43544951410479477
0.0023923923923923926	0.43458794720478644	0	0.43458794720478644
0.002394894894894895	0.43371559446423164	0	0.43371559446423164
0.0023973973973973974	0.4328326134379228	0	0.4328326134379228
0.0023998998998999	0.4319391662245265	0	0.4319391662245265
0.0024024024024024023	0.4310354060387299	0	0.4310354060387299
0.0024049049049049047	0.43012149086976564	0	0.43012149086976564
0.0024074074074074076	0.4291975771765993	0	0.4291975771765993
0.00240990990990991	0.42826381799904634	0	0.42826381799904634
0.0024124124124124124	0.42732036858936756	0	0.42732036858936756
0.002414914914914915	0.4263673810718597	0	0.4263673810718597
0.0024174174174174173	0.4254050080680398	0	0.4254050080680398
0.0024199199199199197	0.42443340077411484	0	0.42443340077411484
0.0024224224224224226	0.4234527119999148	0	0.4234527119999148
0.002424924924924925	0.4224630871302447	0	0.4224630871302447
0.0024274274274274274	0.4214646791967849	0	0.4214646791967849
0.00242992992992993	0.4204576333388672	0	0.4204576333388672
0.0024324324324324323	0.41944209747645406	0	0.41944209747645406
0.0024349349349349347	0.41841821509831345	0	0.41841821509831345
0.0024374374374374376	0.41738613448853706	0	0.41738613448853706
0.00243993993993994	0.41634599764491825	0	0.41634599764491825
0.0024424424424424425	0.4152979461580754	0	0.4152979461580754
0.002444944944944945	0.41424212293679824	0	0.41424212293679824
0.0024474474474474473	0.4131786705617265	0	0.4131786705617265
0.0024499499499499497	0.4121077268759496	0	0.4121077268759496
0.0024524524524524526	0.4110294314942577	0	0.4110294314942577
0.002454954954954955	0.4099439206149624	0	0.4099439206149624
0.0024574574574574575	0.4088513330771598	0	0.4088513330771598
0.00245995995995996	0.4077518028359324	0	0.4077518028359324
0.0024624624624624623	0.4066454647786266	0	0.4066454647786266
0.0024649649649649647	0.4055324529230484	0	0.4055324529230484
0.0024674674674674676	0.4044128992801955	0	0.4044128992801955
0.00246996996996997	0.4032869353066762	0	0.4032869353066762
0.0024724724724724725	0.40215469113237257	0	0.40215469113237257
0.002474974974974975	0.40101629580756765	0	0.40101629580756765
0.0024774774774774773	0.39987187723922163	0	0.39987187723922163
0.00247997997997998	0.3987215625755085	0	0.3987215625755085
0.0024824824824824826	0.39756547751685073	0	0.39756547751685073
0.002484984984984985	0.3964037467463484	0	0.3964037467463484
0.0024874874874874875	0.3952364936872562	0	0.3952364936872562
0.00248998998998999	0.3940638409904019	0	0.3940638409904019
0.0024924924924924923	0.39288590999603973	0	0.39288590999603973
0.002494994994994995	0.3917028206756731	0	0.3917028206756731
0.0024974974974974976	0.3905146929089726	0	0.3905146929089726
0.0025	0.38932165794733037	0	0.38932165794733037