2.2648681274118852e-6	0.2335694361872896
5.820407856297731e-6	0.23350509887329698
9.376145083243946e-6	0.2334402111280916
0.000012932082134271006	0.2333747666478896
0.000016488221254250888	0.2333087707392417
0.000020044564680115296	0.23324222314456358
0.000023601114662759898	0.23317512425786965
0.000027157873438434868	0.23310747504717
0.000030714843258833364	0.23303927590643503
0.00003427202635212103	0.23297052754219572
0.00003782942496816135	0.23290123062321036
0.00004138704136218141	0.23283138559227531
0.0000449448777544889	0.2327609932293543
0.00004850293640187996	0.23269005435991094
0.00005206121954076002	0.23261856928277402
0.00005561972942004828	0.23254653867730965
0.00005917846826749585	0.23247396336270526
0.00006273743838829808	0.23240084387679782
0.00006629664194971133	0.23232718086512405
0.00006985608122384088	0.23225297493660443
0.00007341575845422091	0.2321782268306635
0.00007697567589082397	0.23210293707692156
0.00008053583575415012	0.2320271063080961
0.00008409624036238739	0.23195073526935867
0.00008765689188375067	0.23187382456634548
0.00009121779262446848	0.23179637488167995
0.00009477894477114454	0.23171838668175854
0.00009834035059238777	0.23163986084266663
0.00010190201234664945	0.23156079792880205
0.00010546393227215185	0.23148119857727417
0.00010902611262423617	0.23140106333554705
0.00011258855565465823	0.23132039305191154
0.0001161512636027779	0.2312391883567854
0.00011971423872591821	0.23115744964716042
0.00012327748328927875	0.23107517789939863
0.0001268409995154047	0.23099237369943645
0.00013040478966274663	0.23090903743276958
0.00013396885599271786	0.2308251701375672
0.0001375332007589727	0.23074077222696918
0.00014109782620688285	0.23065584444766438
0.00014466273464413512	0.23057038737000637
0.00014822792823126994	0.23048440190490638
0.0001517934092758152	0.23039788834997582
0.0001553591800214028	0.23031084775778296
0.0001589252427414861	0.23022328017374047
0.00016249159968631074	0.23013518679349862
0.00016605825310791103	0.2300465690914312
0.0001696252052800974	0.2299574259612561
0.00017319245846007434	0.22986775890274175
0.0001767600149145456	0.2297775685614825
0.0001803278768818256	0.229686855672336
0.00018389604664928474	0.22959562097352607
0.00018746452647253831	0.22950386520653865
0.0001910333186131183	0.229411589116032
0.0001946024253415642	0.22931879276602687
0.0001981718489430597	0.22922547618806707
0.00020174159166240623	0.22913164271935843
0.00020531165577445228	0.22903729140872667
0.00020888204354268142	0.2289424219759279
0.0002124527572696646	0.228847035493817
0.00021602379919394467	0.22875113445365627
0.00021959517161457734	0.22865471754680702
0.00022316687677786587	0.2285577872686084
0.0002267389170515533	0.22846034145240515
0.00023031129457819384	0.22836238377472287
0.00023388401170161644	0.2282639133014696
0.00023745707069042031	0.22816493044966316
0.0002410304738428087	0.22806543701526347
0.0002446042234493153	0.22796543360648713
0.00024817832174698024	0.22786492066502598
0.00025175277105155886	0.22776389811278305
0.00025532757365509464	0.22766236689445266
0.00025890273185544813	0.227560328127435
0.0002624782479263048	0.2274577831149928
0.0002660541241454231	0.22735473162447895
0.0002696303628147882	0.22725117427477134
0.00027320696628234874	0.22714711167515994
0.00027678393675202974	0.22704254581758157
0.0002803612765650617	0.22693747545761647
0.00028393898803319586	0.2268319023988236
0.0002875170734293681	0.22672582847110048
0.0002910955350595344	0.2266192521054142
0.0002946743752443245	0.22651217425842926
0.0002982535963060458	0.22640459759979956
0.0003018332004852008	0.22629652193413885
0.00030541319013330004	0.22618794637396616
0.0003089935675811708	0.22607887273147625
0.00031257433509547137	0.2259693028430713
0.00031615549501572035	0.225859235833364
0.0003197370496403694	0.22574867336518506
0.0003233190013101768	0.22563761524435558
0.0003269013523281848	0.22552606279254386
0.00033048410501979	0.225414017008809
0.0003340672617895796	0.2253013360541335
0.0003376508314990305	0.22518808728189438
0.00034123480321883264	0.2250749847381422
0.00034481918589852705	0.22496090070150482
0.00034840398188570735	0.22484639611391097
0.00035198919349209516	0.22473140216071974
0.0003555748230907051	0.22461591882970486
0.0003591608729783854	0.22449994848100294
0.0003627473455159466	0.22438348942995096
0.0003663342430440198	0.2242665452096489
0.00036992156788799715	0.22414911331108275
0.00037350932240902423	0.22403119691884968
0.0003770975089722139	0.2239127958854918
0.0003806861299019854	0.22379391038299437
0.0003842751875344594	0.22367454310972762
0.0003878646842218447	0.22355469224838107
0.00039145462233614807	0.22343435965375344
0.0003950450042484843	0.22331354584456473
0.00039863583228654767	0.22319225252210592
0.00040222710885771707	0.22307047837832358
0.00040581883629336	0.22294822610687354
0.00040941101695874006	0.22282549574216565
0.00041300365322472247	0.22270228815927195
0.0004165967474968031	0.222578602226692
0.00042019030211974743	0.2224544412994088
0.0004237843194595695	0.22232980576463088
0.00042737880190418944	0.22220469417356306
0.0004309737519050648	0.2220791090528378
0.0004345691717269787	0.2219530516171615
0.0004381650638004359	0.22182652142793668
0.00044176143052006506	0.22169951870338622
0.00044535827429857715	0.22157204481797244
0.0004489555976136635	0.22144410115550864
0.00045255340266408937	0.22131568794357762
0.00045615169197402394	0.22118680607856522
0.0004597504679002202	0.2210574551245093
0.0004633497328538683	0.22092763812483002
0.00046694948928669545	0.22079735251210048
0.00047054973955671297	0.22066660230991958
0.00047415048612125697	0.220535386278331
0.0004777517313494859	0.22040370664134976
0.0004813534777444911	0.22027156133791664
0.00048495572762216534	0.22013895455835117
0.0004885584834893134	0.22000588392453768
0.0004921617477195281	0.21987235362744498
0.0004957655227765742	0.21973836032147354
0.0004993698110805085	0.21960390769122706
0.0005029746150686239	0.21946899616867174
0.000506579937196238	0.21933362470613998
0.0005101857798909026	0.2191977960148555
0.0005137921455917353	0.21906150954954742
0.0005173990368298535	0.2189247662255772
0.0005210064558906326	0.21878756810902922
0.00052461440538589	0.2186499141739316
0.0005282228876988063	0.2185118056692875
0.0005318319052781966	0.21837324352230056
0.0005354414604949544	0.21823422866282247
0.0005390515560831906	0.2180947617002287
0.0005426621945528344	0.21795484307979113
0.0005462733778028365	0.2178144740635546
0.0005498851091140122	0.21767365412994874
0.0005534973903612159	0.21753238534747202
0.0005571102242181529	0.21739066817447053
0.0005607236131997902	0.21724850274562937
0.0005643375597839415	0.21710589048629358
0.0005679520664456261	0.2169628321864886
0.0005715671355559607	0.21681932749856583
0.0005751827699033137	0.21667556320718964
0.0005787989627242737	0.2165314476152342
0.0005824157349701108	0.21638606051544765
0.0005860330796551733	0.2162408729585139
0.0005896509995171644	0.21609515109498506
0.000593269497014798	0.21594898776705704
0.0005968885747585007	0.21580238457203257
0.0006005082351395331	0.21565534248078133
0.0006041284807846782	0.21550785909330342
0.0006077493142265387	0.2153599385665788
0.0006113707379729221	0.2152115810729122
0.0006149927546016835	0.21506278646636437
0.0006186153666679471	0.21491355507812995
0.0006222385766617092	0.21476388867223825
0.000625862387160516	0.21461378854740054
0.0006294868007437007	0.2144632528141586
0.0006331118200223549	0.21431228467100757
0.0006367374474625658	0.21416088446444656
0.0006403636856414408	0.21400905269839327
0.0006439905372081924	0.21385679004366864
0.0006476180047078184	0.21370409573448926
0.0006512460907212797	0.21355097408298218
0.0006548747978030678	0.2133974224420463
0.0006585041286024795	0.21324344290547761
0.0006621340858073952	0.21308903614572658
0.0006657646717606017	0.21293420363390084
0.0006693958892843112	0.2127789441538594
0.0006730277409269775	0.21262326091025807
0.0006766602292109286	0.21246715190724022
0.0006802933568007255	0.2123106212917004
0.0006839271263583231	0.21215366598220337
0.0006875615405186763	0.21199628933165393
0.000691196601857223	0.2118384917199516
0.0006948323130341415	0.21168027337070922
0.0006984686766150078	0.21152163513625274
0.0007021056954129901	0.2113625772441234
0.0007057433719959708	0.21120310148317434
0.0007093817089522585	0.21104320887329922
0.000713020709046132	0.21088289777346997
0.0007166603749789392	0.21072217231919288
0.0007203007092163269	0.21056102979207952
0.0007239417145349161	0.21039947369966883
0.0007275833936571341	0.2102375033547971
0.0007312257491786163	0.21007512024808123
0.0007348687838922902	0.20991232400800394
0.0007385125003695082	0.2097491167444994
0.0007421569013932293	0.20958549840652504
0.0007458019896182544	0.2094214689367072
0.0007494477677490039	0.20925703199503648
0.0007530942385447117	0.2090921850696553
0.0007567414046782359	0.20892692934348656
0.000760389268866778	0.20876126832015088
0.0007640378338519807	0.20859520011610888
0.0007676871023984782	0.20842872592537348
0.0007713370771867702	0.20826184632721337
0.0007749877609768107	0.20809456328520562
0.0007786391565484004	0.20792687708084745
0.0007822912665837226	0.20775878722956995
0.0007859440939008535	0.20759029538968612
0.0007895976412569057	0.20742140307087195
0.0007932519114252116	0.2072521098006021
0.0007969069071269792	0.2070824161710095
0.0008005626311533487	0.20691232491626715
0.0008042190863278733	0.2067418343536511
0.0008078762754607742	0.20657094630026496
0.000811534201252477	0.20639966227310794
0.0008151928665463076	0.20622798181861932
0.0008188522742525155	0.20605590523964437
0.0008225124270061486	0.2058834351166949
0.0008261733277012155	0.20571057115617639
0.0008298349791750334	0.20553731382186763
0.0008334973842401191	0.2053636640335971
0.0008371605457506064	0.20518962271034338
0.0008408244665264363	0.20501519138170787
0.00084448914943027	0.20484036871127512
0.0008481545972986809	0.20466515803354524
0.000851820813000339	0.20448955817472755
0.0008554877993981358	0.20431357036300699
0.0008591555593514791	0.20413719613392417
0.0008628240958421793	0.2039604341717448
0.0008664934115405593	0.2037832881060914
0.0008701635094653317	0.20360575693450855
0.0008738343925138332	0.20342784054821064
0.0008775060635563929	0.20324954212741284
0.0008811785255111156	0.20307086082737003
0.0008848517812859987	0.20289179774272664
0.0008885258338039261	0.20271235292889203
0.0008922006860087852	0.202532527777184
0.0008958763407921997	0.2023523242811192
0.000899552801127727	0.2021717402779821
0.0009032300699428038	0.2019907795356671
0.000906908150178248	0.20180944109017096
0.0009105870449261586	0.20162772486254477
0.0009142667569237457	0.2014456340277087
0.0009179472892461096	0.20126316777822986
0.000921628645123608	0.20108032722565228
0.0009253108270340318	0.20089711304016256
0.0009289938382161142	0.2007135263383153
0.000932677681678716	0.20052956618012874
0.0009363623604302079	0.20034523544074628
0.0009400478774557085	0.20016053509683723
0.000943734235794457	0.19997546319482518
0.0009474214384674878	0.19979002290549247
0.0009511094885936717	0.19960421359901695
0.000954798389033399	0.19941803815329617
0.0009584881429098641	0.1992314947840235
0.0009621787533039053	0.19904458491010085
0.0009658702232485958	0.19885731039138102
0.000969562555776517	0.1986696704721793
0.0009732557540488758	0.19848166759337188
0.000976949821099976	0.1982933008644532
0.0009806447600271726	0.19810457127813888
0.0009843405739527274	0.19791548084087457
0.0009880372659096194	0.19772602968586198
0.0009917348390565408	0.19753621736917576
0.0009954332965773892	0.19734604633304745
0.0009991326414472525	0.19715551628492806
0.0010028328768640425	0.1969646288055216
0.0010065340059820088	0.19677338346648432
0.0010102360319500286	0.1965817817063038
0.001013938957919547	0.19638982467830546
0.0010176427870445901	0.19619751296696897
0.0010213475225313243	0.1960048391804987
0.0010250531679178215	0.19581181169255218
0.0010287597254141866	0.19561846905180535
0.001032467198800379	0.19542473981626676
0.001036175591354827	0.19523066425122843
0.0010398849061562104	0.19503623755454644
0.0010435951464738717	0.1948414623120848
0.0010473063155276743	0.1946463378534393
0.0010510184165904582	0.19445086421629645
0.0010547314528901027	0.19425504427063195
0.0010584454276540878	0.19405887665061516
0.0010621603441575529	0.19386236323675232
0.0010658762056640686	0.1936655050678743
0.0010695930154577802	0.19346830163522122
0.0010733107768955616	0.1932707551052598
0.0010770294931239635	0.19307286483656513
0.001080749167523631	0.19287463327604545
0.0010844698033698247	0.19267605965217785
0.0010881914040104265	0.19247714501347227
0.0010919139727586908	0.19227789055217742
0.0010956375129706787	0.1920782963428148
0.001099362027956615	0.19187836511383688
0.0011030875211279015	0.19167809416619533
0.0011068139957811985	0.191477487059853
0.0011105414553208004	0.1912765431907755
0.001114269903203071	0.1910752643133822
0.0011179993426324738	0.19087365094137798
0.0011217297771271653	0.19067170206654535
0.0011254612100782423	0.19046942138248804
0.0011291936448939355	0.19026680664928494
0.001132927084978382	0.19006386169541925
0.0011366615338032496	0.18986058374509207
0.0011403969949647255	0.18965697662119643
0.0011441334715973233	0.18945303989445467
0.001147870967295399	0.18924877382358077
0.0011516094856202504	0.18904418003909831
0.0011553490299111575	0.18883925853231373
0.0011590896037097331	0.18863401066422522
0.001162831210570709	0.18842843602433965
0.001166573853946157	0.18822253706447176
0.0011703175373691506	0.1880163133824548
0.0011740622643712877	0.18780976620914233
0.0011778080385247587	0.18760289582884587
0.001181554863321246	0.1873957032045693
0.001185302742342367	0.1871881895733395
0.001189051679243718	0.18698035455266993
0.0011928016774330403	0.18677220005807968
0.0011965527406315815	0.18656372544511296
0.0012003048723393235	0.18635493384050938
0.0012040580762325676	0.18614582313307507
0.001207812355911694	0.18593639604571588
0.0012115677150282308	0.18572665248793638
0.0012153241571720105	0.18551659357894384
0.0012190816860481732	0.18530621883493573
0.0012228403052739947	0.18509553164450065
0.0012266000186385068	0.18488453006918143
0.0012303608296305093	0.18467321616502708
0.0012341227420190647	0.18446159079551902
0.0012378857595381103	0.18424965323373346
0.0012416498859018639	0.18403740646590733
0.001245415124793226	0.183824849378357
0.0012491814799758054	0.18361198363541
0.0012529489551850123	0.18339880998019892
0.001256717554209441	0.183185328368642
0.001260487280852527	0.18297154033757673
0.0012642581394658196	0.1827574463763453
0.0012680301325141224	0.1825430465822396
0.001271803264501175	0.18232834354474575
0.0012755775392134098	0.1821133360609566
0.0012793529604741454	0.181898025939113
0.0012831295321953358	0.18168241224805115
0.0012869072581170472	0.18146649887924682
0.0012906861421512073	0.181250283742062
0.001294466188149794	0.18103376903845195
0.0012982474001360014	0.18081695398814734
0.0013020297817546793	0.1805998413113565
0.0013058133370466342	0.18038243010774915
0.0013095980699282155	0.18016472283936394
0.0013133839842968853	0.17994671797291512
0.0013171710840984025	0.17972841861358804
0.001320959373308635	0.17950982349858305
0.0013247488559111843	0.17929093419186998
0.001328539535821386	0.17907175213215
0.0013323314171590547	0.17885227620082117
0.0013361245037659911	0.1786325098824407
0.0013399187996876	0.1784124514327882
0.0013437143089898404	0.1781921024254972
0.001347511035677297	0.17797058509614386
0.0013513090390975993	0.17774832682067893
0.001355108213496452	0.17752971425729783
0.001358908617532928	0.17730777770383888
0.0013627102551959755	0.17708598751860033
0.0013665131307043633	0.17686391105695046
0.0013703172482462194	0.1766415481411992
0.001374122611748398	0.17641890111174732
0.0013779292254410653	0.17619597067650392
0.0013817370934981557	0.17597275691997555
0.001385546220045547	0.1757492606834131
0.001389356609304823	0.1755254819352273
0.0013931682654562158	0.17530142314320576
0.001396981192730036	0.1750770839096484
0.0014007953953013529	0.1748524649625436
0.0014046108775342856	0.17462756715649852
0.0014084276434729696	0.17440239147324502
0.0014122456977831528	0.17417693803069753
0.0014160650441824155	0.17395120818682705
0.0014198856871995747	0.17372520243768055
0.0014237076313219923	0.17349892165200484
0.001427530880564369	0.17327236657954392
0.0014313554393891785	0.17304553699079542
0.0014351813121620501	0.17281843499016322
0.001439008503340163	0.17259106096805202
0.0014428370170892282	0.17236341532015387
0.0014466668579167076	0.17213549832432512
0.0014504980302496044	0.17190707314527623
0.0014543305540807	0.17167825446142948
0.0014581644029334217	0.1714502312783473
0.0014619995965859894	0.17122112214576315
0.0014658361394769967	0.17099186171921385
0.0014696740360828073	0.17076233581462494
0.0014735132910098708	0.1705325435309108
0.0014773539085743694	0.17030248626139502
0.001481195893396425	0.17007216516115045
0.001485039249996161	0.16984157958749385
0.0014888839829382535	0.16961073213838002
0.001492730096788013	0.16937962230153483
0.0014965775961637677	0.16914825147940887
0.0015004264855698146	0.16891662084176678
0.0015042767697425812	0.1686847265631367
0.0015081284533714461	0.16845257599705107
0.001511981540845526	0.16822016581005922
0.0015158360370628122	0.16798749812948585
0.0015196919466195313	0.16775457389968224
0.0015235492741853698	0.16752139312483483
0.001527408024582369	0.16728795663943158
0.0015312682023811786	0.16705426539794646
0.0015351298124237239	0.16682032000690677
0.0015389928594273844	0.16658612025617253
0.0015428573482120721	0.16635166909832966
0.0015467232836602555	0.1661169653981394
0.0015505906703724463	0.16588200977842713
0.001554459513326555	0.1656468041434997
0.001558329817220792	0.16541134912169217
0.0015622015871013574	0.16517564372188936
0.0015660748278324798	0.16493969135971703
0.0015699495443066542	0.16470346859445528
0.0015738257428200958	0.16446698942769114
0.0015777034253060343	0.1642303580440682
0.0015815825983103542	0.16399340758491993
0.001585463266734366	0.1637562231468248
0.001589345435589814	0.16351879471652603
0.0015932291098434766	0.16328112250082333
0.0015971142945882882	0.16304320762391591
0.0016010009948511017	0.16280505121212696
0.001604889215626446	0.16256665314510083
0.0016087789621250094	0.16232801421639104
0.0016126702392762894	0.16208913601548686
0.001616563052230341	0.16185001843681998
0.0016204574062232077	0.16161066228691948
0.0016243533062872291	0.16137106747126073
0.0016282507575597902	0.16113123840087903
0.0016321497653889621	0.16089116904197165
0.0016360503347499693	0.16065087040638684
0.0016399524709894459	0.1604103348118806
0.001643856179428017	0.16016955919504539
0.0016477614653752997	0.1599285506312023
0.0016516683338988515	0.15968731728134755
0.0016555767903711433	0.159445849535577
0.0016594868400332495	0.15920415002246951
0.0016633984885715725	0.15896226431543578
0.0016673117371675307	0.15872018621624376
0.0016712265989896218	0.15847763658481723
0.0016751430754610914	0.15823504922633067
0.001679061172165442	0.15799220143588347
0.0016829808945151498	0.15774912329847163
0.0016869022481054115	0.15750582071008445
0.001690825238132725	0.1572623017254379
0.001694749869722779	0.15701855045119428
0.0016986761496267427	0.15677451427764494
0.0017026040864757768	0.15653023921732573
0.0017065336781124081	0.1562859787591123
0.0017104649339974931	0.15604130850657683
0.00171439785986028	0.1557964417682105
0.001718332461292894	0.15555135741936124
0.001722268743851783	0.155306050562294
0.0017262067133336028	0.1550605259658453
0.0017301463752230947	0.1548147862479116
0.0017340877354126583	0.1545688233565244
0.0017380307996184955	0.15432264419416228
0.0017419755736426726	0.1540762460705753
0.0017459220632264996	0.15382963691629092
0.0017498702740444373	0.1535828151068156
0.0017538202119845938	0.1533357748185375
0.0017577718830865349	0.15308851553613334
0.0017617252931306274	0.15284104936219553
0.0017656804477140348	0.15259337680747817
0.0017696373531621463	0.15234547953549427
0.0017735960151962157	0.15209738112708562
0.0017775564411056201	0.15184906853179958
0.0017815186332548858	0.15160087372755215
0.0017854825760220527	0.15135263782890232
0.0017894483242731976	0.1511027284327422
0.0017934158591295232	0.15085374790857378
0.0017973851868069873	0.15060439257236025
0.0018013563132440482	0.15035483987684609
0.0018053292446151314	0.15010507598057274
0.0018093039872660855	0.14985510354476975
0.0018132805473074773	0.14960493136586872
0.001817258930940846	0.14935455286913643
0.001821239144288249	0.14910397987649396
0.00182522119351393	0.14885320482264225
0.001829205084972245	0.14860222325031008
0.0018331908252518696	0.1483510388338772
0.0018371784202423685	0.14809966332118732
0.0018411678765522963	0.14784808217439044
0.0018451592004957397	0.1475963031006926
0.0018491523986135829	0.147344325726987
0.001853147477127426	0.1470921567112447
0.001857144442622255	0.14683981462509182
0.0018611432991437356	0.14658729708483192
0.0018651440579417187	0.14633444937092605
0.0018691467231792052	0.14608151114454868
0.001873151301559496	0.1458283616641176
0.0018771577995010983	0.14557502344489834
0.001881166223615533	0.1453214932012012
0.0018851765806826987	0.1450677686589194
0.001889188877173903	0.14481385838542582
0.0018932031201009608	0.1445597405114547
0.0018972193163819084	0.14430544319453883
0.0019012374718894599	0.14405097782605375
0.0019052575939409696	0.14379630412084343
0.0019092796893108283	0.14354144815845546
0.001913303764856078	0.14328640190783132
0.0019173298273417489	0.14303117288706335
0.0019213578839140028	0.14277575408737556
0.0019253879411040222	0.14252015975120855
0.0019294200064704679	0.1422643713600491
0.0019334540862538006	0.14200840696950942
0.0019374901880359584	0.14175225294798033
0.0019415283184630748	0.14149592631234642
0.001945568484890126	0.14123940969253188
0.0019496106943640405	0.14098271814834523
0.0019536549537961015	0.1407258476890926
0.0019577012706065524	0.14046879813909321
0.0019617496514368923	0.14021157689369618
0.0019658001043104615	0.13995415366073335
0.0019698526364063398	0.13969656503595557
0.0019739072545092097	0.1394388080127749
0.001977963966342661	0.1391808665343795
0.001982022778877186	0.13892275824417044
0.00198608369987488	0.1386644681039712
0.0019901467363637334	0.138406009971394
0.0019942118960850977	0.13814737261120405
0.001998279186389209	0.13788856612999778
0.0020023486149116994	0.13762958674099984
0.0020064201889088145	0.1373704426538418
0.0020104939162452957	0.13711111726455588
0.0020145698043336066	0.1368516316157522
0.0020186478608188595	0.136591974655036
0.002022728093373531	0.13633214817771072
0.0020268105099062943	0.13607215124997635
0.00203089511793381	0.13581199110857714
0.0020349819252262675	0.13555166500496624
0.00203907094038688	0.13529116932144647
0.002043162169800645	0.13503051307341396
0.0020472556221293177	0.1347696890645091
0.002051351305160271	0.13450870359454928
0.002055449226906918	0.13424755310285247
0.002059549396025946	0.13398624208284435
0.002063651819051387	0.13372477145245631
0.002067756504323778	0.13346313415627556
0.002071863460891139	0.1332013426584674
0.002075972696500683	0.13293938640342115
0.0020800842198690594	0.13267727516777195
0.0020841980378230513	0.1324150019871609
0.0020883141593287156	0.13215257484458182
0.002092432592445636	0.13188998945022679
0.002096553345895401	0.1316272415602619
0.002100676427626927	0.131364347823222
0.002104801846203529	0.13110129357097525
0.002108929610020037	0.13083808501290048
0.0021130597275021822	0.13057472486967
0.002117192207174481	0.1303112089716578
0.0021213270574632743	0.13004754434772017
0.0021254642871566	0.12978372172681765
0.0021296039047111774	0.1295197541094376
0.002133745918648279	0.1292556365282629
0.0021378903379233156	0.12899136152850857
0.002142037171224061	0.1287269437371281
0.0021461864270264927	0.1284623807808415
0.002150338114470997	0.12819766021922532
0.002154492242343269	0.12793279744667138
0.0021586488193458377	0.12766779014367932
0.0021628078547488105	0.12740263101032065
0.002166969357105488	0.12713733615742226
0.002171133335831275	0.1268718866590969
0.002175299799576238	0.12660630190154476
0.0021794687578084657	0.12634056556174378
0.002183640219382198	0.1260746936318163
0.0021878141937689047	0.1258086731928001
0.0021919906898957096	0.125542518515915
0.002196169717136244	0.125276219223322
0.0022003512849075716	0.1250097764659547
0.0022045354025628117	0.12474319871222879
0.0022087220792667167	0.12447648463384288
0.0022129113247582473	0.12420962564915503
0.0022171031482158135	0.12394263505231318
0.0022212975586132625	0.12367549947622411
0.0022254945676277423	0.12340823858482593
0.002229694183051268	0.12314083586826272
0.00223389641489668	0.12287329892515804
0.0022381012730530395	0.12260562495146775
0.0022423087675119825	0.12233781990783596
0.002246518907389245	0.12206946213165477
0.002250731745817249	0.12180074805439181
0.0022549472076154116	0.12153380316090917
0.002259165344889293	0.121265262473866
0.002263386167655305	0.1209972371057186
0.002267609641505644	0.12072930022457366
0.0022718358650965676	0.12045927802931877
0.002276064804565574	0.12019064034156668
0.0022802964700009186	0.11992166017203446
0.002284530871720186	0.11965255247236259
0.002288768019908513	0.11938332080161043
0.0022930079249309436	0.11911395873126003
0.0022972505972882035	0.1188444606864224
0.002301496048421687	0.11857483487176933
0.0023057442867525967	0.11830512969661755
0.002309995323725	0.1180352642614642
0.0023142491702230965	0.117765279432096
0.002318505836511487	0.11749517873364185
0.0023227653335546124	0.11722494839544122
0.0023270276721682115	0.11695459877405048
0.0023312928629295277	0.11668413191433405
0.0023355609174600883	0.11641354166616467
0.0023398318454415945	0.11614283161103192
0.002344105658525708	0.11587200382525596
0.002348382367547759	0.11560106037656914
0.0023526619834926083	0.11532999891312505
0.002356944517114884	0.11505881345878015
0.002361229980948003	0.1147875171269821
0.0023655183852177067	0.11451610832090141
0.002369809741556373	0.11424457675802255
0.002374104062702027	0.11397293329822072
0.0023784013572294444	0.11370117641284512
0.002382701637890549	0.1134293082076531
0.0023870049163326975	0.1131573221657778
0.0023913112040936393	0.11288522832035168
0.002395620512755969	0.11261248753528423
0.002399932913789481	0.1123393645867591
0.0024042482986880273	0.11206852020984533
0.002408566741364308	0.11179571924344682
0.0024128882522159497	0.11152307052323411
0.0024172128432195026	0.11125031399323683
0.0024215405263355327	0.11097744899295472
0.002425871313703927	0.11070503579371907
0.002430205153219487	0.11043280382438012
0.0024345421846022433	0.11015795181733432
0.0024388823569459843	0.10988493298399556
0.002443225682207312	0.10961153985645836
0.0024475721730097344	0.10933803602946685
0.002451921841722258	0.10906442989674714
0.0024562747008194706	0.10879072021025207
0.0024606307630719174	0.10851690507348197
0.0024649900409653815	0.10824299212236217
0.002469352547105591	0.10796897539693419
0.0024737182943491897	0.10769485711258121
0.0024780872956397	0.10742063611624857
0.002482459563853656	0.10714631663942421
0.0024868351117968896	0.10687189887455241
0.002491213952875451	0.10659737638023137
0.002495596099277561	0.10632276335488554
0.0024999815653872007	0.10604804807490072
0.0025043703641477815	0.10577323412414444
0.0025087625085215928	0.10549832702443326
0.0025131580121118702	0.10522331916654487
0.002517556888374137	0.10494821804456807
0.0025219591507263926	0.10467302262850259
0.0025263648129385877	0.1043977299773213
0.0025307738885469444	0.10412230044644596
0.002535186396899981	0.10384675407690193
0.0025396023407713627	0.10357131371795736
0.002544021739817866	0.10329492375453629
0.002548444694895208	0.10301811694921366
0.0025528710469281627	0.10274433252457918
0.0025573008960404794	0.1024680510137207
0.002561734256648907	0.10219201941840927
0.00256617114278357	0.10191589643376446
0.0025706115688710835	0.1016396856106346
0.0025750555494933568	0.1013633848603806
0.002579503098911375	0.10108699896996043
0.002583954231981643	0.10081052030323881
0.002588408963127936	0.10053472617969844
0.0025928672083462864	0.10025922719776234
0.0025973291790748715	0.09998022215072902
0.0026017947924592433	0.09970377691356563
0.0026062640634941913	0.09942686852555117
0.002610737007282979	0.09914987397928206
0.002615213639196374	0.09887279319855279
0.002619693974159356	0.09859563394089206
0.0026241780277479303	0.09831838589764802
0.0026286658152983055	0.09804105683358748
0.0026331573522359853	0.0977636460916642
0.0026376526543626755	0.09748615007940568
0.0026421517372447897	0.09720857353972626
0.0026466546165362552	0.09693091822165194
0.002651161308243328	0.09665317824791161
0.0026556718282770386	0.09637536069045513
0.002660186192530102	0.09609746380759034
0.002664704417375287	0.09581948358380965
0.0026692265188927194	0.0955414287823869
0.00267375251325347	0.09526329424725871
0.0026782824171842205	0.09498507778392605
0.0026828162469810057	0.09470678866440886
0.0026873540192009957	0.09442841897699983
0.002691895750622918	0.09414997397830817
0.00269644145782341	0.09387145434571571
0.0027009911579539587	0.09359285401842111
0.002705544867754789	0.09331418160634994
0.0027101026045785884	0.09303543110008428
0.002714664385149048	0.09275661160306418
0.002719230226649294	0.09247771106024617
0.002723800147129412	0.09219879041859487
0.002728374156817841	0.09191981515582975
0.0027329522871422742	0.09164055168946329
0.0027375345486942734	0.09136138702668516
0.0027421209591911035	0.09108212448325317
0.002746711536796899	0.09080278625279113
0.0027513062992278003	0.09052338018917923
0.002755905264841688	0.09024389955676779
0.0027605084514739507	0.08996435270175882
0.0027651158776503554	0.08968473189090016
0.002769727561571656	0.08940504278030156
0.002774343522077746	0.08912527934107763
0.0027789637786798708	0.0888454519541619
0.0027835883478074482	0.08856550591329101
0.0027882172568925857	0.08828546519408412
0.002792850510143897	0.0880055729379792
0.002797488132765139	0.08772544257428674
0.0028021301464487224	0.08744527028204277
0.002806776568995896	0.0871650320298274
0.0028114274202078165	0.08688472106188999
0.002816082719278618	0.08660434956913343
0.0028207424858902796	0.0863239082791022
0.002825406740017885	0.0860433991911611
0.0028300755012684677	0.08576282830126826
0.002834748789796455	0.08548218601703148
0.002839426625685824	0.0852014803556351
0.0028441090292561895	0.08492070979107383
0.0028487960205388265	0.08463987678562418
0.0028534876226578307	0.08435897296226115
0.002858183851517456	0.084078011151603
0.0028628847301951734	0.08379697911749173
0.002867590279682628	0.0835158837827064
0.0028723005206342934	0.08323472954406527
0.0028770154742089192	0.0829535087073722
0.0028817351618692037	0.08267222139557433
0.00288645960502225	0.08239087346640991
0.0028911888248154723	0.08210946593798453
0.0028959228428304573	0.08182799414915438
0.0029006616813341667	0.08154645212977413
0.0029054053621426967	0.08126485089639184
0.0029101539072381604	0.08098318915238173
0.0029149073386003305	0.08070146609979784
0.0029196656788347906	0.08041967773671817
0.0029244289500994463	0.0801378316474241
0.002929197175180807	0.07985591971760463
0.0029339703768732498	0.07957394630708443
0.0029387485780544534	0.0792919129830626
0.0029435318015207817	0.07900981813242762
0.002948320071425778	0.07872881467917088
0.002953113203806452	0.07844834517331445
0.0029579116259601905	0.07816270450738685
0.0029627151751580668	0.07788092343702223
0.0029675238552795235	0.07759852219932979
0.0029723376989741345	0.07731606048539583
0.0029771567302122946	0.07703353987915679
0.0029819809730972724	0.07675095802613471
0.0029868104522218558	0.07646831219689648
0.002991645192035877	0.07618335631979542
0.0029964856325402404	0.07589715935311503
0.003001330984179003	0.07562082847639542
0.0030061816712217914	0.07533686380003254
0.003011037719155279	0.07505390691591397
0.003015899153243466	0.07477089069849682
0.003020765998927982	0.07448781337678212
0.003025638281942515	0.07420467280673748
0.0030305160197531835	0.07392147104162813
0.00303539924761435	0.07363821050962287
0.0030402879442714644	0.07335631556899269
0.0030451819583106154	0.07307529426972001
0.003050081840860017	0.07278772522149163
0.003054987340376377	0.07251465892805398
0.0030598962962845684	0.07224806194908603
0.003064812985210343	0.07192066243772925
0.0030697377236279366	0.07162567578143565
0.003074665553141161	0.07137897405543812
0.003079599418439132	0.0710832592304402
0.0030845393634842608	0.07079791059062007
0.0030894847451760727	0.07051906014169954
0.0030944359417148137	0.07023418512848643
0.0030993929813175752	0.06995010467265204
0.0031043558927061677	0.0696659568930066
0.0031093247045940373	0.06938174532759414
0.0031142994456884983	0.06909747001426503
0.0031192801452088127	0.06881312758819619
0.0031242668330063376	0.06852872001839014
0.003129259537691971	0.0682444606904088
0.0031342582433454428	0.06796019919145427
0.0031392630800338144	0.06767471316124966
0.0031442740529515996	0.06738999853789354
0.0031492911254539335	0.06710575547616836
0.0031543143457604486	0.06682085429272051
0.003159343783638342	0.06653596905608021
0.0031643794508478392	0.06625101487170083
0.0031694213786043982	0.06596599037433515
0.0031744695980829895	0.06568358645291357
0.0031795235401404763	0.06540246588219782
0.0031845844250225222	0.06510935339054176
0.003189651717178593	0.06482204814856679
0.0031947261569662214	0.06453164063407882
0.0031998063333553667	0.06425626423284364
0.00320489283036351	0.06397296366933972
0.0032099853469080494	0.06368987046747951
0.003215085043294377	0.06339630591938564
0.0032201913237057144	0.06311188549439646
0.0032253042217647854	0.06282604004565655
0.0032304237714883945	0.06254011549436242
0.0032355500066849788	0.06225411288005593
0.00324068296196076	0.06196802560070665
0.0032458226719703992	0.06168185803015101
0.00325096917115596	0.06139561048763325
0.003256122494860981	0.06110927579826885
0.003261282722812597	0.060817602338359956
0.0032664510987181635	0.06052309742703657
0.003271625118546936	0.060257237741932444
0.0032768047453949193	0.059976647970300535
0.0032819927268424366	0.05967363674171566
0.0032871877484857872	0.059389453505803755
0.0032923898472566717	0.05910250244156071
0.003297599060553285	0.0588154572122758
0.003302815425539078	0.05852832051836653
0.003308038980094919	0.05824108580013867
0.0033132697621549756	0.05795375572121828
0.0033185078097849497	0.05766632800849349
0.003323753161766768	0.05737879920931433
0.0033290058566614214	0.057091170668712395
0.0033342659338775576	0.05680343744626638
0.0033395334324625905	0.05651560260335165
0.003344808392348457	0.0562276597352903
0.003350090853425026	0.05593961008694494
0.0033553808560695766	0.05565145136004868
0.003360678440561602	0.055363183826638844
0.0033659836480116534	0.05507480059272642
0.003371296519508013	0.05478630448139774
0.0033766170965723826	0.0544976922863996
0.0033819454185608634	0.05420897224193743
0.0033872815297218053	0.053920133977317604
0.003392625475260495	0.05363113446942353
0.0033979772955350994	0.053342041436426076
0.0034033370333795966	0.05305281928476514
0.0034087047322763184	0.05276346752047233
0.0034140804359560385	0.0524739853106011
0.003419464188556624	0.05218436990345442
0.0034248560342370346	0.05189486826841343
0.003430255943221698	0.0516053464990302
0.0034356641096094744	0.05131458427084283
0.0034410805045382875	0.05102453474583777
0.0034465051735423115	0.05073422038029966
0.0034519381629087506	0.05044375685006516
0.003457379518998501	0.05015314402371255
0.003462829288663041	0.049862376401522385
0.003468287519253673	0.04957145300693944
0.0034737542580348412	0.04928037177690675
0.0034792295533404086	0.04898912667321822
0.0034847134530973456	0.04869771948224221
0.003490206006057119	0.04840614239343365
0.00349570726152172	0.04811439368729365
0.003501217268562268	0.047822472496112434
0.0035067360773020583	0.047525138242160994
0.003512265502527993	0.04722506819786617
0.003517802091789612	0.0469479660805814
0.0035233476348159373	0.046652771233849505
0.0035289021834438105	0.04635992078243046
0.0035344657891387783	0.046066877274169464
0.0035400385044203207	0.04577363117283705
0.003545620381979161	0.04548018198860024
0.0035512114747498903	0.045192063353522806
0.003556809847108607	0.04490643536053085
0.003562419500655966	0.04459610575376929
0.003568038530660485	0.044304484885071826
0.003573666991954579	0.04400995758721682
0.0035793049396883004	0.04371520025270879
0.003584952429594054	0.043420209321258306
0.003590609517742365	0.043124977987424346
0.0035962762607307775	0.04282950356746235
0.00360195271560812	0.04253378034104746
0.0036076389398168075	0.04223780252187236
0.0036133349915301776	0.04194156486184573
0.003619040928856368	0.04164506380731706
0.003624756810973892	0.041348290891328805
0.0036304826971187347	0.0410512429465486
0.003636218647131187	0.04075391291058426
0.0036419647215769676	0.040456294047465605
0.0036477209810933087	0.04015838277707082
0.0036534874870789674	0.03986017001088282
0.003659264301655787	0.03956164964824963
0.003665051487022728	0.039262817677096384
0.003670849105835195	0.03896366727720866
0.00367665722143227	0.03866418894665613
0.0036824758980878204	0.03836437513565971
0.0036883052001284045	0.03806422138453206
0.0036941452838072757	0.03776375470001788
0.003699996017636934	0.03745663938265513
0.003705860449625839	0.03714596197953183
0.0037117329589417382	0.036862819111732045
0.0037176164248531813	0.03655780275406989
0.003723510915164594	0.0362554210166713
0.0037294164041335	0.035959153815619385
0.0037353300378071153	0.03566570301617718
0.0037412579564892884	0.0353430621067294
0.0037471971750480354	0.03504219341724688
0.0037531477635992946	0.034737755089350904
0.0037591097936281116	0.03443287163734442
0.0037650833365544607	0.03412753583370801
0.0037710684648339164	0.03382173545932311
0.003777065251265201	0.03351546150331379
0.0037830737692200137	0.03320870191268799
0.00378909409316481	0.03290144503711565
0.0037951262974653924	0.03259368193573237
0.0038011704575301366	0.03228539889511248
0.0038072266492881006	0.03197658475456394
0.003813294949239248	0.03166722716138757
0.0038193754344607498	0.03135731345499596
0.0038254681829453735	0.03104682954680803
0.0038315732730554316	0.03073576396472927
0.003837690783675424	0.030424102759682842
0.0038438207945967885	0.030111830839292673
0.0038499633859913973	0.02979893478480998
0.0038561186390422483	0.02948539865322555
0.003862286635169249	0.029171208492067086
0.0038684674567233423	0.028856347960125543
0.00387466118644601	0.028540801462480617
0.003880867907971929	0.028224551946450308
0.0038870877054305053	0.027907583159393384
0.003893320663621497	0.027589877488852537
0.0038995668678196474	0.02727141672094777
0.0039058264043440355	0.026952182269209462
0.003912099359794126	0.026632156185809365
0.0039183858215004535	0.026311318085225976
0.003924685877547785	0.025989648192927036
0.003930999616483412	0.0256671261245236
0.003937327127632463	0.02534372988145917
0.0039436685010149535	0.025019438494960758
0.003950023826700074	0.02469423037662112
0.003956393196104072	0.024368079745842482
0.003962776700929582	0.02404096490432227
0.003969174433311575	0.02371286124282034
0.003975586486179936	0.023383740080700634
0.003982012955155913	0.023053576520082514
0.003988453929855255	0.02272235817725482
0.003994909506973209	0.02239003556804559
0.004001379781410092	0.022056590644780362
0.004007864849094937	0.021721992244028456
0.004014364805635285	0.021386211839726953
0.004020879747774306	0.02104921595164242
0.004027409772593554	0.02071097348613252
0.004033954977121251	0.02037145154367783
0.004040515459425376	0.02003061453009795
0.00404709131740564	0.019688428263366333
0.004053682649617679	0.019344855104980557
0.0040602895547268225	0.018999857427672205
0.004066912131932172	0.018653395975387097
0.004073550480123012	0.018305431034135046
0.004080204698965974	0.017955919406532697
0.0040868748878412796	0.017604819035729278
0.0040935611462260425	0.017252084561293277
0.004100263573799221	0.01689766957958572
0.004106982269921791	0.01654152636570692
0.004113717334253949	0.016183604442883474
0.0041204688659968285	0.015823853176923794
0.004127236963943761	0.015462219045089452
0.004134021726790507	0.015098646269812362
0.004140823252871177	0.01473307770310933
0.004147641639549092	0.014365454216614634
0.004154476984159317	0.013995713054578146
0.004161329382890421	0.013623790996032217
0.004168198931142189	0.013249621106461504
0.004175085723391038	0.012873133953064471
0.004181989853037492	0.012494257941035784
0.004188911411823527	0.012112918728967298
0.004195850490157436	0.011729054979733637
0.004202807147855093	0.01134256146691354
0.004209781554853866	0.010953284939058948
0.004216773715791142	0.010561331444506652
0.0042237837387945525	0.010166437001858892
0.004230811702833849	0.009768561171667687
0.004237857883479628	0.009367611846241753
0.004244921753904858	0.008963520628110254
0.004252003980694313	0.008556076811080943
0.004259104426740158	0.00814526344193283
0.004266223150944454	0.007730928847778308
0.00427336019661858	0.00731295471207565
0.0042805156066713325	0.006891213741177542
0.0042876894101926905	0.0064655732699919225
0.0042948816224430645	0.006035894405638368
0.004302092242052504	0.005602031367949146
0.004309321245912964	0.005163831691197922
0.004316568582857134	0.004721134724402235
0.0043238341660511385	0.004273770378909438
0.00433111786151623	0.003821557553456262
0.004338419475008434	0.0033643007829235842
0.004345738734228751	0.002901792664469904
0.004353075219665031	0.0024337910041109757
0.004360428528310526	0.0019599989876511003
0.00436779805407376	0.001480131588345257
0.0043751831181721625	0.0009938171963734448
0.004382583170106402	0.0005006692287407602
0.005821023320208505	0.0007087662182090849
0.005827926423917121	0.001406883246124355
0.005834815548617831	0.002095322839615658
0.005841690181972571	0.0027746305484282986
0.005848549691962838	0.0034453307672891245
0.0058553935203013024	0.004107825359577759
0.005862221280266369	0.004762532910401155
0.005869032587635936	0.005409794715962009
0.005875827189495624	0.006049902852600303
0.0058826049057546384	0.006683132526661532
0.005889365612558105	0.007309738638402858
0.0058961092299426214	0.007929960524492977
0.0059028357113512	0.008544024186045366
0.005909545036279984	0.009152144060154495
0.00591623720450366	0.009754525141501675
0.005922912231315569	0.010351362695600587
0.005929570144917244	0.010942843191224362
0.005936210981017881	0.011529145511496015
0.0059428347917942536	0.01211043584936971
0.005949441627837801	0.01268692762573872
0.005956031711876348	0.01325864359399372
0.0059626046179617476	0.01382588075775029
0.005969160904427788	0.014388734710265421
0.005975700479680791	0.014947334616931533
0.005982223418488208	0.015501736530873278
0.005988729824391732	0.016052312885056336
0.005995219697521603	0.016598912435571184
0.006001693202476848	0.017141750923816635
0.0060081503943438825	0.01768097612898986
0.006014591358413629	0.018216673727268845
0.006021016181189518	0.01874894780622664
0.006027424950699264	0.019277898573838447
0.006033817756122582	0.01980362318532436
0.006040194687307089	0.020326215266910468
0.006046555834902897	0.020845763196049822
0.006052901290641513	0.021362354697326044
0.0060592311462259124	0.021876072367938825
0.00606554549429787	0.02238699600789257
0.006071844427773853	0.02289520348268069
0.0060781280397907865	0.023400769471776092
0.00608439642371415	0.02390376457204832
0.006090649673405003	0.02440425916121876
0.006096887882386741	0.02490231972739342
0.0061031111445011155	0.025398010892736165
0.006109319553473139	0.02589139580653612
0.006115513202806135	0.026382532947969863
0.006121692186353359	0.026871482411795954
0.006127856597153584	0.027358299368177356
0.006134006528572122	0.027843038341738964
0.0061401420735528464	0.028325751555506543
0.0061462633248307395	0.028806491250026624
0.006152370374523197	0.029285304779575437
0.006158463314897378	0.029762241496740286
0.00616454223735007	0.030237346945049186
0.0061706072332244465	0.030710664116004486
0.006176658393565184	0.031182239376350205
0.006182695808324125	0.031652112089476644
0.0061887195677679824	0.032120325348145164
0.006194729761282043	0.032586903705716735
0.006200726479957801	0.033051916153208495
0.00620670980764203	0.03351537923853608
0.006212679834908119	0.033977327200559806
0.006218636648972668	0.03443779962468004
0.006224580336573671	0.0348968303419407
0.006230510983926256	0.03535444907009821
0.006236428677213355	0.03581069129592255
0.006242333501099895	0.036265586582118585
0.006248225540299697	0.03671916361617598
0.006254104878947966	0.037171452540596825
0.006259971600365912	0.03762248121718352
0.006265825787382074	0.03807227664614441
0.006271667522305699	0.03852086669056319
0.0062774968865852935	0.03896827576990455
0.006283313961312847	0.03941452920563709
0.006289118827032862	0.03985965179264306
0.0062949115634913224	0.04030366747602699
0.006300692249831037	0.0407465982802925
0.006306460964734353	0.04118846735939684
0.006312217786184984	0.041629295808479454
0.006317962791601977	0.042069105775966134
0.006323696057743598	0.04250791603740985
0.0063294176609681235	0.042945748178127505
0.006335127676734828	0.043382620219545996
0.006340826180246525	0.043818552545060716
0.006346513245702833	0.04425356392359112
0.006352188946870359	0.04468766962795026
0.006357853357248356	0.04512088862316757
0.006363506549341545	0.04555323785840022
0.006369148595276651	0.0459847338478311
0.006374779566477793	0.046415391423428536
0.0063803995339345694	0.046845229017903514
0.006386008567769021	0.047274258330694284
0.006391606738002261	0.047702494883190026
0.006397194113840027	0.048129954763827684
0.00640277076378752	0.0485566497699624
0.0064083367560562035	0.04898259622291125
0.006413892157983001	0.04940780340460657
0.006419437036839498	0.049827865360308886
0.006424971458719632	0.05027850711810284
0.006430492434370109	0.05068788350687887
0.006436006299934082	0.05110111637624835
0.006441509793967229	0.05152285191145835
0.006447003090834904	0.051948182821065524
0.006452486254166551	0.052342572563784016
0.0064579621590713536	0.05277564323024677
0.00646342518173787	0.053203572801805356
0.006468878185461608	0.053622013475321965
0.006474321398148759	0.0540398912041982
0.006479754789249005	0.05445716703527227
0.006485178419501831	0.054873846348043716
0.0064905923493808245	0.05528993887452591
0.006495996638702544	0.05570545709483411
0.00650139134637541	0.05612040971161453
0.006506776531127379	0.05653480147378707
0.006512152251444963	0.05694864007130518
0.006517518565264237	0.057361937399433134
0.006522875529690983	0.0577746975991258
0.006528223201902228	0.05818692925347222
0.006533561638208608	0.05859864140414006
0.00653889089456986	0.05900983761163979
0.006544211026684612	0.05942052889322943
0.006549522089411745	0.059830719352864624
0.0065548241375446605	0.060240415478620725
0.006560117225334174	0.06064962451532535
0.006565401406469498	0.06105835361446631
0.006570676734135916	0.06146660565731301
0.006575943261727155	0.06187438932110546
0.00658120104138325	0.06228170871982447
0.006586450125507994	0.06268480099545586
0.006591690565549323	0.0631140456843479
0.006596920453805785	0.06350842845349008
0.006602143788723391	0.06390616892449279
0.006607358631740458	0.06431125498026986
0.0066125650327002496	0.06471590931597711
0.0066177630413713166	0.0651201317332328
0.006622952707374882	0.0655239347416316
0.006628134079157657	0.06593088089921922
0.00663330720574972	0.06631227076802103
0.006638473873914349	0.06672576190490014
0.006643630628421308	0.06713525792161196
0.006648779281268422	0.06753700117241435
0.006653919879696832	0.06793834859624094
0.00665905247008972	0.06833930052943543
0.006664177098917451	0.06873985850539294
0.0066692938122457045	0.06914003260446573
0.006674402655372845	0.06953981944128466
0.0066795036738266905	0.06993922660922225
0.006684596912294357	0.0703382561247906
0.006689682415375831	0.07073690848182287
0.006694760227534035	0.07113519051781782
0.006699830392448964	0.0715331015426917
0.0067048929538740375	0.07193047853518893
0.006709947954723898	0.07232869078801636
0.006714995363658435	0.07272499981843583
0.006720035372328505	0.07312111528791082
0.006725067948397103	0.07351722386929908
0.006730093133606529	0.07391297859261649
0.006735110969719915	0.07430838244496235
0.006740121497952274	0.07470343572649567
0.006745124759448499	0.07509813826433753
0.00675012079472832	0.07549253902974822
0.0067551096416940595	0.07588654234399565
0.006760091347724595	0.07628020758676002
0.0067650659458766025	0.0766735484096893
0.006770033477600144	0.07706655242457396
0.006774993982179423	0.07745922325827427
0.006779947498376857	0.07785155610279532
0.006784894065250644	0.0782435597459848
0.006789833720779913	0.07863523295059739
0.0067947665031640545	0.07902657807586824
0.006799692450134667	0.07941759252765919
0.006804611599381022	0.07980828440837419
0.006809523987885097	0.08019864858661636
0.006814429652903985	0.0805886911181569
0.006819328630950628	0.08097840927423593
0.006824220958635073	0.08136780703212745
0.006829106672010092	0.08175688672071209
0.0068339858069414085	0.08214564377412266
0.006838858399347787	0.0825340865108379
0.0068437244842735915	0.08292221031654776
0.006848584097164796	0.08330628183282365
0.0068534372729786835	0.08371644576181081
0.006858282695238421	0.08409512123765656
0.00686312320201598	0.08445305429884063
0.006867958566286615	0.08485076953380337
0.006872786292974192	0.08524433895911951
0.006877607797481768	0.08563026649408588
0.006882423069104809	0.08601587820608855
0.006887232141203812	0.08640118327142932
0.006892035046448925	0.08678618041485707
0.006896831817615755	0.08717086271205732
0.006901622487528082	0.08755523854088519
0.006906407088215654	0.08793930562768765
0.006911185651817902	0.08832118806673725
0.006915958210231456	0.08871560805548115
0.006920724165876587	0.08909523993047774
0.006925484716752832	0.08947495983367161
0.006930239480159894	0.08984344573810904
0.006934989079057843	0.09023265619689134
0.006939732061225497	0.09061734229058171
0.006944469244696468	0.09100990325189309
0.006949200052155605	0.09138557011061627
0.006953925702193013	0.091762817255578
0.006958645624029282	0.09214350276910312
0.006963359847231523	0.092523882012364
0.0069680684013261026	0.09290395608043296
0.006972771334657731	0.09328384218343112
0.0069774686375638955	0.09366260259939406
0.0069821603964138924	0.0940418067866275
0.00698684657299335	0.0944218701498634
0.006991527170963765	0.09480001866955522
0.006996202318668768	0.09517795011638003
0.007000871998230589	0.09555587251987238
0.0070055362385949655	0.09593348867119456
0.0070101950668302986	0.09631079504942247
0.007014848510636822	0.09668779554044915
0.007019496597271526	0.09706448930729401
0.007024139353985015	0.09744087065908974
0.0070287768080192665	0.0978181343478063
0.007033408986165786	0.09818682176664621
0.007038036265196106	0.09856430082762677
0.007042658000587682	0.09895592807247104
0.007047274234898605	0.09927938979002357
0.007051887911475982	0.0996695615550862
0.007056494070437954	0.10010441304264632
0.007061093026776534	0.10045478633330371
0.007065689052972067	0.10081390268894878
0.007070279854155124	0.10119288073402463
0.007074865454852709	0.10156256350948246
0.007079446368621578	0.10193322844188872
0.007084022244520787	0.10230555487955782
0.007088593154990663	0.10267757002821298
0.0070931591150074375	0.10304926977502857
0.007097720157653635	0.10342065053055434
0.007102276307425644	0.10379171451420793
0.0071068275884750365	0.1041624634295339
0.007111374024812443	0.10453437167207648
0.007115915640543877	0.10489549429983858
0.007120452858995029	0.1052700181542039
0.007124984889249087	0.10564258946723339
0.007129512170094317	0.10601173198718865
0.007134034724762689	0.10638054860236487
0.007138552576661275	0.10674904235424171
0.007143065748731471	0.10711721576591267
0.00714757426372899	0.107485065924586
0.0071520781357301095	0.10785181982441835
0.00715657740758098	0.10822365729255995
0.007161071890848511	0.1085881184265156
0.007165562009011169	0.10895307412701595
0.007170047583091956	0.10931929172593184
0.00717452863438866	0.10968518032144452
0.0071790051849193815	0.11005074142801174
0.007183477256302338	0.11041597217860043
0.007187944870238794	0.1107808658633581
0.007192408048437631	0.11114543295974057
0.007196866811962838	0.11150966232186288
0.007201321182385406	0.11187355876525706
0.007205771180628639	0.11223712269324686
0.0072102168276132516	0.11260035519674438
0.007214658144107409	0.11296324042741854
0.007219095151383089	0.11332578591702211
0.007223527869805843	0.11368799739244574
0.007227956319856831	0.11404987276912919
0.007232380521757274	0.1144114033136909
0.007236800495990854	0.11477258818328029
0.007241216262708326	0.1151334372779953
0.007245627841609548	0.11549394388209341
0.007250035252693568	0.11585409781853238
0.007254438513873356	0.11621391522711912
0.007258837648643307	0.11657337782505142
0.007263232674869261	0.11693249645358506
0.007267623611599775	0.1172912670732747
0.007272010478231435	0.11764969112125508
0.007276393293759592	0.11800775694676058
0.007280772077745517	0.11836547705732156
0.007285146848706077	0.11872284258136062
0.007289517625744765	0.11907985013477362
0.007293884427621311	0.11943651178344937
0.007298247272628109	0.11979281018094819
0.007302606179723526	0.12014875394805381
0.007306961168274031	0.12050437535466044
0.007311312254072994	0.12085940518273049
0.007315659464044448	0.1212143720432371
0.007320002801543931	0.12156894240605684
0.007324342290948315	0.12192308287411384
0.00732867795235804	0.12227686769507481
0.007333009802154853	0.12263028205146627
0.007337337858346525	0.12298333357437678
0.007341662138306488	0.12333601391968886
0.007345982659719531	0.12368833304797897
0.007350299439687332	0.12404027894699189
0.007354612495743761	0.12439186021539299
0.007358921844790945	0.12474306552520677
0.0073632275042376915	0.12509386398689937
0.007367529490984509	0.12544452344929413
0.007371827814733413	0.12579451512265463
0.007376122506366948	0.12614415725115347
0.007380413576268072	0.1264934963083123
0.007384701039730245	0.12684244856299579
0.007388984914186879	0.1271910298732022
0.007393265215620721	0.127539227250488
0.007397541960658512	0.12788704831048003
0.007401815165265967	0.12823448075131363
0.007406084845952231	0.1285815322622802
0.007410351018527811	0.12892820135401015
0.007414613698919191	0.12927448030830524
0.007418872903274165	0.12962037933428391
0.007423128647046491	0.12996588525757077
0.007427380946213963	0.13031100051321506
0.007431629816354817	0.1306557315624268
0.007435875272819677	0.13100006594172176
0.0074401173313029	0.13134400856775733
0.0074443560070237245	0.13168756126506384
0.007448591315182835	0.1320307138874639
0.00745282327120375	0.13237347388466944
0.007457051889907154	0.1327158383479205
0.007461277186519302	0.13305780031034065
0.007465499176030922	0.1333993641239283
0.007469717873172081	0.13374053015645682
0.007473933292761899	0.13408128735658398
0.007478145449697766	0.13442164918957655
0.007482354358254618	0.13476160462200573
0.007486560033216295	0.13510115324910468
0.007490762488997274	0.1354397838664661
0.0074949617401202685	0.13578159039047918
0.007499157702878104	0.1361183565994603
0.00750335058846233	0.13645523095018497
0.00750754031208664	0.13679273948062426
0.007511726887570562	0.13712982925909822
0.007515910329255584	0.1374665101312208
0.0075200906508052345	0.13780277513659434
0.007524267866198501	0.13813862661864665
0.007528441988932803	0.1384740592993
0.007532613033220124	0.138809533815008
0.007536781012567272	0.13914133908129273
0.0075409460263428495	0.13947693012252582
0.007545107915224009	0.13981166037826132
0.007549266779438453	0.14014481076555751
0.007553422638074552	0.1404778059794479
0.007557575493362697	0.14081034476583765
0.007561725364062416	0.14114239967574954
0.007565872263286147	0.14147402375156903
0.007570016204230667	0.14180522051499708
0.007574157199807846	0.14213599091135404
0.007578295262891801	0.14246632440601648
0.007582430406527004	0.14279623081544046
0.007586562643443712	0.1431257022710193
0.007590691987027439	0.14345473352332153
0.007594818448904592	0.14378333992554426
0.007598942041942165	0.1441115019506411
0.007603062779062332	0.14443922784867896
0.00760718067251401	0.14476651694520787
0.007611295734793488	0.14509336314100177
0.007615407978329835	0.14541976758004602
0.007619517415320453	0.14574572688328682
0.0076236240582134235	0.14607124865477503
0.007627727918939923	0.14639632224243906
0.007631829009782753	0.14672094980046824
0.007635927342683817	0.14704513261299054
0.007640022929690366	0.1473688590342061
0.007644115782913231	0.14769177527931032
0.007648205913856671	0.1480168400303066
0.007652293271155127	0.1483380835834666
0.0076563779941518076	0.14865926096407087
0.007660460030133193	0.14898073379779786
0.007664539391055956	0.14930175099014065
0.007668616088419233	0.14962231306325985
0.00767269013370595	0.1499427676008596
0.007676761539977725	0.1502602932467714
0.007680830374555523	0.15058055493978742
0.007684896531626798	0.15089999270900112
0.007688960082228201	0.1512182526998644
0.00769302103759884	0.1515360554762452
0.007697079408704132	0.15185338729560965
0.007701135207036271	0.15217025653110122
0.007705188442027731	0.1524866600392284
0.00770923912760621	0.15280259953227068
0.0077132872732176205	0.15311806019749494
0.007717332890049915	0.153433055436486
0.007721375989424211	0.15374758705795344
0.007725416580672036	0.15406163726644043
0.007729454675540095	0.15437521372372387
0.007733490284589711	0.15468831925753315
0.0077375234185314955	0.1550009508100684
0.007741554087259518	0.15531310531837064
0.007745582302637571	0.15562477772294106
0.007749608074589398	0.1559359759183669
0.00775363141344618	0.15624669689411372
0.0077576523296186885	0.15655692659636614
0.007761670833687072	0.15686668305606258
0.007765686935657859	0.15717596130551337
0.007769700645872684	0.15748470679193133
0.007773711975704632	0.1577930267049661
0.0077777209331832365	0.15810085646895408
0.007781727529365501	0.15840818493935593
0.007785731774339012	0.15871501926648443
0.007789733678326817	0.15902136772613823
0.007793733251095026	0.15932722534642274
0.007797730502595383	0.1596323070274909
0.007801725442690436	0.15993890066794947
0.007805718037021425	0.16024240884870072
0.007809708384181052	0.16054571177324986
0.00781369644940048	0.16084937384152995
0.007817682242294902	0.16115060085396346
0.007821665814742257	0.16145384511820793
0.007825647091258485	0.16175629363208224
0.007829626124285777	0.1620576868266071
0.007833602923384175	0.16235858219344912
0.007837577497874226	0.16265897164620377
0.007841549857178833	0.16295885868532597
0.007845520010278583	0.16325823307727544
0.007849487968692987	0.1635571164186306
0.007853453738782955	0.16385548256030508
0.00785741733120403	0.1641533489499855
0.00786137875481543	0.1644506978671269
0.00786533801918883	0.16474754044691273
0.007869295133196669	0.16504387825662917
0.0078732501058411	0.16533969996186093
0.007877202946378429	0.165635003879895
0.00788115366378986	0.16592980350627237
0.007885102266866279	0.16622407989086288
0.007889048764808922	0.16651784987327561
0.007892993166162814	0.16681109226096666
0.007896935480132143	0.1671038283662426
0.007900875715147353	0.1673960325566036
0.007904813880464892	0.16768772955864014
0.007908749984293226	0.16797889806418184
0.007912684035715356	0.16826954752513237
0.007916616043108402	0.16855968084834508
0.007920546015084413	0.16884927770439773
0.007924473960537151	0.16913835429242002
0.00792839988775133	0.1694269135963008
0.007932323805117972	0.16971493632250143
0.007936245721396857	0.170002432131372
0.007940165644826767	0.17028940741560958
0.007944083583710819	0.17057584504223564
0.007947999546657218	0.170861757047793
0.00795191354168073	0.17114713413337695
0.00795582557733434	0.17143198165922813
0.007959735661632996	0.17171629597413296
0.007963643802940639	0.1720000688759935
0.007967550009452519	0.1722833194485362
0.007971454289023136	0.17256602585809222
0.007975356650007351	0.17284819357622042
0.007979257100466885	0.17312982812966754
0.00798315564755678	0.1734109190311751
0.007987052300889447	0.17369147530207016
0.007990947067550597	0.17397148413165364
0.007994839956231797	0.1742509592242234
0.007998730973368659	0.17452988428210847
0.008002620127059002	0.1748082684506767
0.00800650742625201	0.17508611048653053
0.00801039287809231	0.17536340449843943
0.008014276490367603	0.17564015508277303
0.008018158270773098	0.1759163540108212
0.008022038226447738	0.17619201061104822
0.008025916366170381	0.17646711313673483
0.0080297926971381	0.17674166626979826
0.008033667226744149	0.1770156735598258
0.008037539962635109	0.17728912559381305
0.008041410912383648	0.17756202357633857
0.008045280083480124	0.177834365173496
0.008049147483442046	0.17810616471523236
0.008053013119382748	0.17837739491629778
0.008056876999236314	0.17864807730880353
0.00806073912995358	0.1789182012597632
0.00806459951906071	0.17918777168579061
0.008068458173732444	0.17945677551873787
0.008072315101388824	0.17972522732257792
0.00807617030920812	0.17999310919204048
0.008080023804589213	0.180260440606309
0.008083875594449156	0.18052719878511814
0.008087725686224932	0.18079340451879322
0.008091574086700682	0.18105906171785696
0.008095420802902572	0.18132412316929838
0.008099265842603846	0.18158862804325301
0.008103109212412913	0.18185256684197776
0.008106950919432475	0.18211593984698246
0.008110790970637367	0.1823787522596417
0.00811462937286659	0.18264098473089652
0.008118466133287502	0.1829026597123105
0.00812230125850287	0.1831637553520676
0.008126134755452704	0.18342428927886484
0.008129966631145033	0.18368423833164224
0.008133796892542745	0.1839436264228989
0.008137625546044443	0.184202435316192
0.008141452598706798	0.18446067411485603
0.008145278057012482	0.1847183332505396
0.00814910192798858	0.18497542313900958
0.008152924218108005	0.18523191039857298
0.00815674493457375	0.1854878468553016
0.008160564083168464	0.1857432179774675
0.008164381670539133	0.18599798776176396
0.008168197703875387	0.1862521843799936
0.00817201218931562	0.18650579696964315
0.008175825133644362	0.1867588285722811
0.008179636543177713	0.1870112835228995
0.008183446424424586	0.18726313313559642
0.008187254783927216	0.18751453202587803
0.00819106162567498	0.18776517372440205
0.008194866960894165	0.18801525634036137
0.008198670793372784	0.18826478303795977
0.00820247312977061	0.18851373021479875
0.008206273976155672	0.18876208951855825
0.008210073338913148	0.18900986158625319
0.008213871224336502	0.18925703674864197
0.008217667638742859	0.18950363372244783
0.008221462588213197	0.1897496376908079
0.00822525607908413	0.18999504415064453
0.008229048117608087	0.19023985896671067
0.00823283870990911	0.19048409195499388
0.00823662786183492	0.19072772824414505
0.008240415579790187	0.19097077639436363
0.008244201869633748	0.19121322540728133
0.008247986737625583	0.19145507210432008
0.008251770189878592	0.1916963342857453
0.008255552232104835	0.19193678673720502
0.008259332870693617	0.19217808525880906
0.008263112086517532	0.19241692533313842
0.008266889936628065	0.19265538047089067
0.008270666398322288	0.19289365214310647
0.00827444148120356	0.19313131922494312
0.008278215189950198	0.1933683984896029
0.008281987530171835	0.19360486028552729
0.008285758508147023	0.19384072808745367
0.008289528129290803	0.19407600148090096
0.008293296399471442	0.19431066538936065
0.008297063324616138	0.19454472072127094
0.008300828910485043	0.19477817509736794
0.008304593162733465	0.1950110308230432
0.008308356086949676	0.1952432781337199
0.008312117688979319	0.19547492069394498
0.008315877974435401	0.19570595005828892
0.008319636949072864	0.19593637666493852
0.008323394618417499	0.19616619748255001
0.008327150988001308	0.19639540677642142
0.00833090606359632	0.19662401100498833
0.00833465985062039	0.19685203705818344
0.008338412354672385	0.19707921662243105
0.00834216358525881	0.19730608439936528
0.008345913539949385	0.19753232142676252
0.008349662228443336	0.19775787016945073
0.008353409655635179	0.19798279715690892
0.008357155827408116	0.1982071226797355
0.00836090074893774	0.1984308369207332
0.00836464442563738	0.19865393279219118
0.008368386863102912	0.19887637286609136
0.008372128066758995	0.19909843687890377
0.008375868037914317	0.1993195809226851
0.008379606789687065	0.1995401555704648
0.00838334432330908	0.19976016886543962
0.008387080644419722	0.19997956400581182
0.008390815758148566	0.2001983380455773
0.008394549669811931	0.20041650336060582
0.008398282384394239	0.20063405008231505
0.008402013907274308	0.20085096971914693
0.008405744243819761	0.20106726646745016
0.00840947339905373	0.20128295028960028
0.008413201378084103	0.2014980077918987
0.008416928186186869	0.201712446881678
0.008420653828275566	0.20192626242511688
0.008424378309718752	0.20213945491909924
0.008428101635458282	0.20235202373970315
0.008431823810553657	0.20256396940381563
0.00843554484018927	0.2027752903194914
0.008439264729299978	0.20298598589165442
0.008442983482972967	0.20319605666681198
0.008446701106199252	0.2034055016430239
0.008450417603903606	0.2036143198259481
0.008454132981104947	0.2038225113664021
0.008457847242713395	0.2040300891150025
0.008461560393717503	0.20423694779525403
0.008465272440357689	0.2044432950609121
0.008468983384733347	0.20464900191723456
0.0084726932332069	0.20485405143985272
0.008476401990743197	0.2050584731535057
0.008480109662112371	0.20526226325644872
0.008483816252061563	0.20546542341502777
0.008487521765494747	0.20566795329097465
0.008491226207067866	0.20586985097078755
0.008494929581814083	0.2060711161327603
0.00849863189442078	0.20627175063285427
0.008502333149542234	0.20647175127473016
0.008506033352030578	0.2066711187781539
0.008509732506485906	0.20686985285643894
0.008513430617779424	0.20706795279719037
0.008517127690498944	0.2072654180405741
0.008520823729352638	0.207462249055008
0.008524518739058311	0.20765844515240114
0.008528212724031837	0.20785400419148267
0.008531905689197794	0.2080489307638587
0.008535597638989352	0.20824321629935896
0.008539288578110775	0.20843686600285216
0.008542978511116324	0.20862987892900434
0.008546667442573385	0.20882225385133818
0.008550355377038537	0.20901399190196282
0.008554042319005167	0.20920509039358876
0.008557728273074714	0.20939555062609794
0.008561413243621136	0.20958537169390512
0.008565097235353994	0.20977455240402818
0.00856878025266059	0.20996309438245106
0.008572462299962655	0.2101511381095767
0.008576143381783197	0.21033753879846157
0.008579823517831346	0.21052460241407306
0.008583502681601853	0.21071087229749377
0.008587180893161918	0.21089620887296887
0.00859085815688635	0.2110809027221971
0.008594534477069317	0.2112649540511326
0.008598209858282932	0.21144836292468178
0.00860188430477585	0.21163112941739745
0.008605557820856275	0.21181325151449465
0.008609230410767247	0.21199473005612784
0.00861290207910393	0.21217556468982993
0.008616572829988664	0.21235575492198072
0.008620242667470352	0.21253530071734142
0.008623911596377135	0.21271420099413071
0.008627579620588842	0.21289245618565253
0.00863124674454309	0.2130700656764685
0.00863491297235736	0.21324702901019604
0.008638578308306187	0.2134233458885398
0.008642242756576895	0.21359901738516993
0.008645906321343056	0.21377404109409215
0.008649569006800402	0.2139484176518701
0.008653230817144728	0.21412214663784757
0.008656891756523611	0.2142952285534933
0.008660551828964592	0.2144676631467281
0.00866421103879836	0.2146394481905525
0.008667869390126011	0.21481058451601825
0.008671526886922364	0.2149815966566673
0.008675183533360066	0.215148283961379
0.008678839387962626	0.2153190844292681
0.008682494345266458	0.2154886873631823
0.008686148464379463	0.21565657754994516
0.008689801749394379	0.21582381759522007
0.008693454204310603	0.21599040623636784
0.008697105833147931	0.21615634622132976
0.008700756640002293	0.21632163398758708
0.00870440662881878	0.21648627153380787
0.008708055803587649	0.21665025777564112
0.00871170416829442	0.2168135914831009
0.008715351726900357	0.21697627483611173
0.008718998483301198	0.21713830475585164
0.00872264444153632	0.21729968375353959
0.00872628960546691	0.2174604095340658
0.008729933978925054	0.2176204838517632
0.00873357756601131	0.21777990411079035
0.008737220370543253	0.21793867192743777
0.008740862396382193	0.21809678533835442
0.008744503647393022	0.21825424753769296
0.008748144127453174	0.2184110545425411
0.008751783840427227	0.21856720816185407
0.00875542279010908	0.21872270692217394
0.008759060980393042	0.2188775529623543
0.008762698414328652	0.2190317438807554
0.008766335097099731	0.21918528026547857
0.008769971031907717	0.21933816223794436
0.008773606222502024	0.21949038867046106
0.008777240672646762	0.21964196032969074
0.00878087438609543	0.21979287704399564
0.008784507366573173	0.2199431375456969
0.008788139617885719	0.2200927438874057
0.008791771143711834	0.22024169323159104
0.008795401947805925	0.220389987175584
0.008799032033759811	0.22053762542206204
0.008802661405477257	0.22068460625729674
0.008806290066561669	0.22083093272896143
0.008809918020660737	0.22097660154417234
0.008813545271461479	0.22112161402471506
0.008817171822638754	0.22126596958771153
0.00882079767783743	0.22140966909192014
0.008824422840689707	0.22155271005671257
0.008828047314815403	0.22169509574742402
0.008831671103851359	0.22183682321209355
0.008835294211340345	0.22197789397972365
0.008838916641011168	0.22211830654537074
0.008842538396408316	0.22225806213273236
0.008846159481054622	0.2223971600486797
0.008849779898594555	0.22253559992900354
0.008853399652560108	0.222673382216371
0.008857018746491908	0.2228105062366128
0.008860637183928965	0.22294697325018148
0.008864254968427502	0.22308278114686503
0.008867872103504613	0.22321793120347933
0.008871488592594881	0.22335242260693006
0.008875104439366927	0.22348625616467888
0.008878719647203553	0.22361943075313578
0.00888233421948621	0.22375194687080624
0.008885948159992399	0.22388380582890105
0.008889561472005985	0.22401500393296486
0.008893174159030714	0.2241455452642798
0.008896786224446751	0.22427542613129964
0.008900397671789188	0.22440464998728374
0.008904008504419143	0.22453321330956436
0.008907618725729696	0.22466111810796963
0.008911228339268346	0.22478836460499413
0.00891483734836238	0.22491495157008146
0.008918445756391048	0.22504088054435564
0.008922053566777423	0.22516614818788658
0.008925660782925223	0.22529075850409308
0.008929267408148218	0.22541470913557116
0.008932873445841549	0.2255380008392894
0.008936478899347537	0.22566063306624087
0.008940083772005595	0.22578260543979584
0.008943688067195787	0.22590391971461388
0.008947291788129022	0.22602457388513053
0.008950894938313823	0.2261445695591706
0.008954497520952794	0.22626390506743604
0.008958099539384793	0.2263825818679252
0.008961700996873644	0.22650059961450592
0.008965301896703306	0.22661795698401432
0.008968902242205284	0.2267346564405855
0.008972502036615062	0.22685069551504383
0.00897610128321854	0.22696607504221772
0.008979699985258976	0.22708079668209927
0.008983298145898209	0.22719485830896985
0.00898689576855227	0.22730826638932147
0.008990492856373666	0.22742097503760308
0.008994089413159174	0.22753306813768387
0.008997685441124035	0.2276445017911896
0.009001280943924697	0.22775526718362776
0.009004875924753627	0.2278653737954101
0.009008470386791655	0.22797482185038642
0.009012064333222066	0.2280836109164084
0.009015657767230609	0.22819174023529198
0.009019250691997533	0.22829921121315136
0.009022843110595653	0.22840602293346443
0.009026435026352324	0.22851217664959805
0.009030026442322309	0.22861767045656395
0.009033617361649133	0.22872250578852482
0.00903720778750642	0.22882668341394877
0.009040797722978397	0.22893020194230304
0.009044387171205924	0.2290330611576185
0.009047976135360958	0.22913526301745168
0.009051564618424783	0.22923680564188864
0.009055152623570862	0.22933769083748606
0.009058740153876553	0.2294379174010506
0.009062327212435006	0.2295374846419863
0.009065913802265072	0.22963639555592893
0.009069499926552803	0.22973464777963679
0.009073085588321152	0.2298322429854046
0.009076670790595305	0.2299291784834696
0.009080255536477623	0.2300254574706585
0.009083839828965339	0.2301210797809272
0.00908742367109597	0.23021604307611948
0.009091007065938272	0.230310349395574
0.009094590016235532	0.230403998423327
0.009098172525523697	0.2304969903578754
0.009101754596554212	0.23058932489564568
0.009105336232233672	0.2306810039302674
0.009108917435742795	0.2307720248048421
0.009112498210002802	0.2308623885865257
0.009116078557990584	0.23095209735353966
0.009119658482664487	0.23104114778501336
0.009123237987032124	0.23112954333182922
0.00912681707402378	0.23121728270448022
0.009130395746612868	0.2313043653050383
0.009133974007761865	0.23139079206070762
0.009137551860416213	0.23147656271733716
0.009141129307511126	0.23156167923000712
0.009144706351965843	0.2316461389775873
0.009148282996767983	0.23172994308409572
0.009151859244688192	0.23181309368912956
0.00915543509881358	0.23189558767356647
0.009159010562015155	0.2319774275377569
0.009162585637158908	0.23205861254708518
0.009166160327170903	0.23213914231975552
0.009169734634939504	0.23221901919845656
0.009173308563321405	0.23229824042020636
0.009176882115242604	0.23237680851596845
0.009180455293544403	0.23245472277319065
0.009184028101097474	0.23253198317399995
0.009187600540782177	0.2326085897025873
0.009191172615453972	0.2326845428611422
0.009194744327879702	0.23275984400861863
0.009198315681053247	0.23283449126195432
0.009201886677756845	0.23290848531297081
0.009205457320775908	0.23298182770745174
0.009209027613006815	0.23305451777144484
0.00921259755726789	0.23312655449748437
0.009216167156364027	0.23319794082109083
0.009219736413036956	0.23326867470741344
0.00922330533019373	0.23333875653644348
0.009226873910625521	0.23340818788642925
0.009230442157107806	0.2334769681095328
0.009234010072386835	0.2335450963953577
0.009237577659344647	0.23361257434182273
0.009241144920701933	0.23367940268760304
0.009244711859199116	0.2337455802878758
0.00924827847768783	0.2338111075534983
0.009251844778903652	0.23387598420923073
0.00925541076560505	0.23394021342658236
0.009258976440479363	0.2340037923491639
0.009262541806385503	0.23406672072317142
0.009266106866032256	0.23412900242567025
0.009269671622087642	0.23419063443755284
0.009273236077396536	0.23425161789721713
0.009276800234580076	0.23431195393651466
0.009280364096470919	0.23437164127877116
0.009283927665711882	0.23443068141768927
0.009287490945079352	0.23448907377298442
0.00929105393725464	0.23454682019242684
0.009294616644801136	0.2346039178562544
0.009298179070688603	0.23466037087604558
0.009301741217491867	0.23471617574074077
0.009305303087881892	0.23477133536569544
0.009308864684546376	0.23482584970894183
0.00931242601025702	0.23487971787817977
0.009315987067540164	0.2349329407172997
0.009319547859137814	0.23498551837870568
0.009323108387697301	0.23503745171381238
0.009326668655918783	0.23508874140200187
0.009330228666442815	0.2351393848337741
0.009333788421946543	0.23518938652508556
0.009337347924945259	0.23523874299393507
0.009340907178255576	0.2352874575559629
0.009344466184508737	0.2353355277792064
0.009348024946189477	0.23538295611932064
0.009351583466134553	0.23542974206489062
0.00935514174689921	0.23547588598897204
0.009358699791045371	0.235521386700134
0.009362257601261517	0.23556624823434352
0.009365815180082256	0.23561046696017698
0.009369372530237244	0.2356540448440734
0.009372929654224512	0.2356969822711224
0.009376486554645963	0.23573927981178164
0.009380043234182607	0.23578093821096632
0.009383599695370377	0.23582195508309048
0.00938715594084055	0.23586233363418022
0.009390711973098795	0.23590207356912274
0.009394267794801915	0.23594117408597023
0.00939782340854152	0.2359796359571658
0.009401378816854577	0.2360174604787442
0.009404934022316201	0.23605464859833516
0.009408489027476636	0.23609119690493574
0.009412043834887376	0.2361271091670436
0.009415598447176205	0.23616238546397203
0.009419152866815331	0.2361970251932638
0.009422707096428609	0.23623092814336494
0.009426261138360831	0.2362648963485313
0.00942981498640909	0.23629732558013627
0.009433368661119124	0.2363292214280526
0.009436922156129308	0.23636068477791328
0.009440475473606175	0.23639151308488673
0.00944402861626076	0.23642170788219455
0.00944758158660464	0.23645126946498787
0.009451134387178355	0.23648019743972246
0.009454687020485233	0.23650849281860778
0.009458239488837958	0.23653615626280555
0.009461791795348014	0.23656318668702372
0.009465343941752672	0.23658958582054448
0.00946889593110735	0.23661535345769888
0.00947244776588826	0.236640490280902
0.009475999448315522	0.23666499679592695
0.009479550980972425	0.23668887316309617
0.009483102366364262	0.23671211954778545
0.009486653607061905	0.23673473576956527
0.009490204705407523	0.23675672410965076
0.00949375566400601	0.23677808350687132
0.009497306485280103	0.23679881414716794
0.009500857171712666	0.23681891779468645
0.009504407725766226	0.23683839270024729
0.009507958149939147	0.23685724117260723
0.009511508446652266	0.2368754639240316
0.00951505861837543	0.2368930581654337
0.009518608667598379	0.23691002868192684
0.009522158596741808	0.23692637214447426
0.009525708408252306	0.23694209229559196
0.009529258104608149	0.23695718581471736
0.00953280768825953	0.23697165610410004
0.00953635716163134	0.2369855019619194
0.00953990652715575	0.23699872590729598
0.009543455787268696	0.23701132481295684
0.009547004944439665	0.23702330262364713
0.009550554001019479	0.23703465726872927
0.00955410295954066	0.23704539040889822
0.00955765182227277	0.23705550227823582
0.009561200591842551	0.23706499382786092
0.00956474927056593	0.23707386477352507
0.009568297860855602	0.2370821148439441
0.009571846365142283	0.23708974500516652
0.009575394785788937	0.23709675692436738
0.00957894312529236	0.23710315050433303
0.009582491385994452	0.23710892425204386
0.009586039570332447	0.23711408091505562
0.009589587680669916	0.23711862128250438
0.009593135719423483	0.2371225429859539
0.009596683689012642	0.23712584843614454
0.009600231591795972	0.23712853790792013
0.00960377943016945	0.23713061257099166
0.009607327206531052	0.23713207077104606
0.009610874923266373	0.23713291510665468
0.009614422582745141	0.2371331449809519
0.009617970187357288	0.23713276105434505
0.009621517739459965	0.23713176257237262
0.009625065241461913	0.23713015267331777
0.00962861269569242	0.23712792971129434
0.00963216010458793	0.23712509471882828
0.009635707470480474	0.2371216490662075
0.009639254795706015	0.23711759060183693
0.009642802082699884	0.23711292319446045
0.009646349333754807	0.2371076443285601
0.009649896551270607	0.2371017570012086
0.00965344373758371	0.23709525994006758
0.009656990895049823	0.23708815437797529
0.00966053802602224	0.2370805140196336
0.009664085132850168	0.23707174942275946
0.009667632224554365	0.2370630492375696
0.009671179290022825	0.23705366268251368
0.009674726338459772	0.23704352031576495
0.00967827337215727	0.237032772604781
0.00968182039342286	0.23702141972392718
0.009685367404618232	0.2370094615107777
0.009688914408067333	0.2369968993951946
0.009692461406104531	0.23698373285947658
0.009696008401054933	0.2369699640483503
0.009699555395252805	0.23695559226447807
0.009703102391031856	0.23694061683944445
0.009706649390705098	0.23692503993213704
0.009710196396632832	0.2369088629753248
0.009713743411093531	0.23689208440722997
0.009717290436430966	0.23687470446033226
0.009720837474971728	0.2368567260047493
0.009724384529011714	0.23683814836084804
0.009727931600871646	0.2368189708799525
0.00973147869284273	0.23679919609285105
0.009735025807289783	0.23677882315635826
0.009738572946497227	0.23675785267029653
0.009742120112763585	0.2367362852252105
0.009745667308411577	0.23671412229773517
0.009749214535736128	0.23669136376717298
0.00975276179703979	0.23666800970810223
0.00975630909463091	0.23664406037618227
0.00975985643079408	0.23661951708962858
0.00976340380786076	0.23659438062675342
0.009766951228108875	0.23656865159353618
0.009770498693808659	0.23654232936628314
0.009774046207291753	0.23651541475213703
0.009777593770782703	0.23648790995639246
0.009781141386675478	0.23645981241346448
0.009784689057234324	0.23643112560458945
0.009788236784717573	0.23640184818944135
0.009791784571426274	0.23637198275990637
0.00979533241962646	0.23634152798303215
0.00979888033161563	0.23631048399347077
0.00980242830969848	0.23627885232217424
0.009805976356136512	0.23624663518981737
0.00980952447318941	0.2362138303985554
0.009813072663171944	0.23618043915897532
0.009816620928349847	0.2361464626474549
0.00982016927099783	0.23611190133995336
0.009823717693396511	0.2360767557164588
0.009827266197794723	0.23604102626106357
0.009830814786490326	0.23600471346205054
0.009834363461752784	0.23596781789998236
0.009837912225861029	0.23593033928024776
0.009841461081093296	0.2358922799808614
0.009845010029685899	0.23585363973365786
0.00984855907392786	0.23581441855807628
0.009852108216078601	0.23577461765189012
0.00985565745840826	0.23573423718228412
0.009859206803138966	0.23569327808924448
0.009862756252620725	0.2356517406860712
0.009866305809069107	0.23560962563470242
0.009869855474752439	0.23556693341743787
0.00987340525193392	0.23552366485730544
0.009876955142859446	0.23547982014027552
0.009880505149790567	0.23543540011833475
0.009884055275008824	0.23539040543923584
0.009887605520756265	0.23534483635375464
0.009891155889289174	0.2352986937028914
0.009894706382869054	0.2352519780902217
0.009898257003748164	0.23520468989832946
0.009901807754178371	0.23515682981597555
0.00990535863642226	0.23510839844107237
0.009908909652722196	0.23505939644556328
0.009912460805307183	0.2350098241856151
0.009916012096494585	0.2349596824332031
0.009919563528472569	0.2349089717412813
0.00992311510357051	0.2348576927410625
0.009926666823964614	0.23480584592282508
0.009930218691931931	0.23475343189098963
0.009933770709716856	0.2347004513543467
0.009937322879567044	0.23464690480983905
0.009940875203704734	0.23459279288653812
0.009944427684453836	0.23453811617672585
0.009947980324000308	0.23448287538145723
0.009951533124604358	0.23442707091830078
0.009955086088511408	0.234370703346187
0.009958639217976177	0.23431377360726274
0.009962192515223442	0.23425628211338798
0.009965745982524036	0.23419822932272114
0.009969299622113858	0.23413961603262806
0.009972853436227768	0.23408044281327164
0.009976407427125564	0.23402071019709034
0.009979961597043433	0.23396041903030715
0.009983515948226754	0.23389956958321562
0.009987070482917575	0.2338381627020611
0.00999062520336121	0.2337761998851721
0.009994180111799717	0.23371367705988985
0.009997735210563212	0.23365060177818442