0.	0.38887771039329816	0	0.38887771039329816
2.5025025025025024e-6	0.3876998761455335	0	0.3876998761455335
5.005005005005005e-6	0.3865172934075327	0	0.3865172934075327
7.507507507507507e-6	0.3853300739582414	0	0.3853300739582414
0.00001001001001001001	0.384138329453488	0	0.384138329453488
0.000012512512512512513	0.38294217006921666	0	0.38294217006921666
0.000015015015015015015	0.38174170426658144	0	0.38174170426658144
0.000017517517517517516	0.38053704062334703	0	0.38053704062334703
0.00002002002002002002	0.3793282854689288	0	0.3793282854689288
0.000022522522522522523	0.3781155449936962	0	0.3781155449936962
0.000025025025025025026	0.3768989237261462	0	0.3768989237261462
0.000027527527527527526	0.375678525233195	0	0.375678525233195
0.00003003003003003003	0.3744544521779097	0	0.3744544521779097
0.00003253253253253253	0.3732268058779997	0	0.3732268058779997
0.00003503503503503503	0.37199568667295285	0	0.37199568667295285
0.000037537537537537536	0.3707611941206866	0	0.3707611941206866
0.00004004004004004004	0.369523426015035	0	0.369523426015035
0.00004254254254254254	0.368282480036758	0	0.368282480036758
0.000045045045045045046	0.3670384513981366	0	0.3670384513981366
0.00004754754754754755	0.3657914370736926	0	0.3657914370736926
0.00005005005005005005	0.36454152855729344	0	0.36454152855729344
0.000052552552552552556	0.363288820441728	0	0.363288820441728
0.00005505505505505505	0.3620334021130625	0	0.3620334021130625
0.000057557557557557555	0.36077536829220247	0	0.36077536829220247
0.00006006006006006006	0.35951480696660076	0	0.35951480696660076
0.00006256256256256256	0.35825180503135534	0	0.35825180503135534
0.00006506506506506506	0.3569864519709349	0	0.3569864519709349
0.00006756756756756757	0.3557188332943685	0	0.3557188332943685
0.00007007007007007007	0.35444903584203336	0	0.35444903584203336
0.00007257257257257258	0.35317714456899374	0	0.35317714456899374
0.00007507507507507507	0.3519032395240005	0	0.3519032395240005
0.00007757757757757758	0.35062740703110995	0	0.35062740703110995
0.00008008008008008008	0.34934972694103084	0	0.34934972694103084
0.00008258258258258259	0.34807027892528813	0	0.34807027892528813
0.00008508508508508508	0.34678914330457	0	0.34678914330457
0.00008758758758758758	0.34550639941410477	0	0.34550639941410477
0.00009009009009009009	0.34422212349381	0	0.34422212349381
0.00009259259259259259	0.3429363906845683	0	0.3429363906845683
0.0000950950950950951	0.3416492788812517	0	0.3416492788812517
0.0000975975975975976	0.3403608612249093	0	0.3403608612249093
0.0001001001001001001	0.33907121205228125	0	0.33907121205228125
0.0001026026026026026	0.3377804026093904	0	0.3377804026093904
0.00010510510510510511	0.33648850532112	0	0.33648850532112
0.00010760760760760761	0.3351955902643569	0	0.3351955902643569
0.0001101101101101101	0.33390172586803324	0	0.33390172586803324
0.00011261261261261261	0.33260698446600223	0	0.33260698446600223
0.00011511511511511511	0.3313114301665043	0	0.3313114301665043
0.00011761761761761762	0.33001513176733016	0	0.33001513176733016
0.00012012012012012012	0.32871815280198485	0	0.32871815280198485
0.00012262262262262261	0.32742056118784646	0	0.32742056118784646
0.00012512512512512512	0.32612241888071897	0	0.32612241888071897
0.00012762762762762763	0.3248237895035444	0	0.3248237895035444
0.00013013013013013012	0.3235247357288663	0	0.3235247357288663
0.00013263263263263263	0.3222253176620414	0	0.3222253176620414
0.00013513513513513514	0.32092559711014373	0	0.32092559711014373
0.00013763763763763765	0.3196256331422151	0	0.3196256331422151
0.00014014014014014013	0.3183254829815227	0	0.3183254829815227
0.00014264264264264264	0.31702520484741886	0	0.31702520484741886
0.00014514514514514515	0.3157248564822451	0	0.3157248564822451
0.00014764764764764766	0.3144244953118292	0	0.3144244953118292
0.00015015015015015014	0.3131241740134816	0	0.3131241740134816
0.00015265265265265265	0.31182394800805024	0	0.31182394800805024
0.00015515515515515516	0.31052386977320484	0	0.31052386977320484
0.00015765765765765765	0.3092239923810951	0	0.3092239923810951
0.00016016016016016016	0.30792436867735234	0	0.30792436867735234
0.00016266266266266267	0.3066250484592603	0	0.3066250484592603
0.00016516516516516518	0.30532608352349616	0	0.30532608352349616
0.00016766766766766766	0.30402752085288326	0	0.30402752085288326
0.00017017017017017017	0.30272941079052046	0	0.30272941079052046
0.00017267267267267268	0.30143180115158746	0	0.30143180115158746
0.00017517517517517516	0.30013473737336316	0	0.30013473737336316
0.00017767767767767767	0.29883826712056016	0	0.29883826712056016
0.00018018018018018018	0.29754243573261197	0	0.29754243573261197
0.0001826826826826827	0.2962472869906288	0	0.2962472869906288
0.00018518518518518518	0.29495286736079757	0	0.29495286736079757
0.00018768768768768769	0.2936592170054101	0	0.2936592170054101
0.0001901901901901902	0.29236637931454235	0	0.29236637931454235
0.0001926926926926927	0.2910743982841776	0	0.2910743982841776
0.0001951951951951952	0.28978331134858415	0	0.28978331134858415
0.0001976976976976977	0.2884931607104099	0	0.2884931607104099
0.0002002002002002002	0.2872039852989499	0	0.2872039852989499
0.0002027027027027027	0.28591582609696303	0	0.28591582609696303
0.0002052052052052052	0.28462871877194346	0	0.28462871877194346
0.0002077077077077077	0.2833427001580246	0	0.2833427001580246
0.00021021021021021022	0.2820578110686645	0	0.2820578110686645
0.0002127127127127127	0.2807740839321995	0	0.2807740839321995
0.00021521521521521522	0.27949155549347715	0	0.27949155549347715
0.00021771771771771773	0.2782102605826212	0	0.2782102605826212
0.0002202202202202202	0.2769302324444663	0	0.2769302324444663
0.00022272272272272272	0.275651506861913	0	0.275651506861913
0.00022522522522522523	0.2743741138311658	0	0.2743741138311658
0.00022772772772772774	0.27309808749931597	0	0.27309808749931597
0.00023023023023023022	0.2718234602628966	0	0.2718234602628966
0.00023273273273273273	0.2705502597363842	0	0.2705502597363842
0.00023523523523523524	0.2692785201214863	0	0.2692785201214863
0.00023773773773773772	0.26800826811092165	0	0.26800826811092165
0.00024024024024024023	0.26673953473591744	0	0.26673953473591744
0.00024274274274274274	0.2654723474435589	0	0.2654723474435589
0.00024524524524524523	0.264206735072543	0	0.264206735072543
0.00024774774774774777	0.26294272516658135	0	0.26294272516658135
0.00025025025025025025	0.2616803428989519	0	0.2616803428989519
0.00025275275275275273	0.2604196168062187	0	0.2604196168062187
0.00025525525525525527	0.2591605707594315	0	0.2591605707594315
0.00025775775775775775	0.2579032314691064	0	0.2579032314691064
0.00026026026026026023	0.256647622104661	0	0.256647622104661
0.00026276276276276277	0.25539376809245745	0	0.25539376809245745
0.00026526526526526525	0.25414169104160206	0	0.25414169104160206
0.0002677677677677678	0.2528914161532569	0	0.2528914161532569
0.0002702702702702703	0.251642964960632	0	0.251642964960632
0.00027277277277277276	0.25039635902733404	0	0.25039635902733404
0.0002752752752752753	0.24915162096752813	0	0.24915162096752813
0.0002777777777777778	0.24790877029696098	0	0.24790877029696098
0.00028028028028028026	0.24666782709793644	0	0.24666782709793644
0.0002827827827827828	0.2454288145543001	0	0.2454288145543001
0.0002852852852852853	0.24419174869277052	0	0.24419174869277052
0.00028778778778778776	0.24295664998221628	0	0.24295664998221628
0.0002902902902902903	0.2417235368725858	0	0.2417235368725858
0.0002927927927927928	0.24049242743006397	0	0.24049242743006397
0.0002952952952952953	0.23926333992184404	0	0.23926333992184404
0.0002977977977977978	0.2380362908528823	0	0.2380362908528823
0.0003003003003003003	0.23681129605160942	0	0.23681129605160942
0.0003028028028028028	0.23558837465657254	0	0.23558837465657254
0.0003053053053053053	0.23436753938370788	0	0.23436753938370788
0.0003078078078078078	0.23314880658280812	0	0.23314880658280812
0.00031031031031031033	0.2319321924384448	0	0.2319321924384448
0.0003128128128128128	0.23071770987805099	0	0.23071770987805099
0.0003153153153153153	0.22950537493519638	0	0.22950537493519638
0.00031781781781781783	0.22829519977514348	0	0.22829519977514348
0.0003203203203203203	0.22708719939269095	0	0.22708719939269095
0.0003228228228228228	0.22588138446545417	0	0.22588138446545417
0.00032532532532532533	0.22467776987208318	0	0.22467776987208318
0.0003278278278278278	0.2234763659887776	0	0.2234763659887776
0.00033033033033033035	0.22227718736218777	0	0.22227718736218777
0.00033283283283283284	0.22108024275626792	0	0.22108024275626792
0.0003353353353353353	0.2198855433350907	0	0.2198855433350907
0.00033783783783783786	0.21869310074285003	0	0.21869310074285003
0.00034034034034034034	0.2175029263249499	0	0.2175029263249499
0.0003428428428428428	0.21631502847197134	0	0.21631502847197134
0.00034534534534534536	0.21512941783495526	0	0.21512941783495526
0.00034784784784784784	0.213946102603921	0	0.213946102603921
0.0003503503503503503	0.2127650924647022	0	0.2127650924647022
0.00035285285285285286	0.21158639742166677	0	0.21158639742166677
0.00035535535535535535	0.2104100240457618	0	0.2104100240457618
0.0003578578578578579	0.2092359809185108	0	0.2092359809185108
0.00036036036036036037	0.20806427541642097	0	0.20806427541642097
0.00036286286286286285	0.20689491540650182	0	0.20689491540650182
0.0003653653653653654	0.20572790831748775	0	0.20572790831748775
0.00036786786786786787	0.2045632589882965	0	0.2045632589882965
0.00037037037037037035	0.2034009772267274	0	0.2034009772267274
0.0003728728728728729	0.2022410663563378	0	0.2022410663563378
0.00037537537537537537	0.20108353366076276	0	0.20108353366076276
0.00037787787787787786	0.19992831905729222	0	0.19992831905729222
0.0003803803803803804	0.19877562237114757	0	0.19877562237114757
0.0003828828828828829	0.19762525646281018	0	0.19762525646281018
0.0003853853853853854	0.1964772885173573	0	0.1964772885173573
0.0003878878878878879	0.19533172391284337	0	0.19533172391284337
0.0003903903903903904	0.1941885671988954	0	0.1941885671988954
0.0003928928928928929	0.19304782131885703	0	0.19304782131885703
0.0003953953953953954	0.19190949071527827	0	0.19190949071527827
0.0003978978978978979	0.19077357982183862	0	0.19077357982183862
0.0004004004004004004	0.18964009001679458	0	0.18964009001679458
0.0004029029029029029	0.18850902613867102	0	0.18850902613867102
0.0004054054054054054	0.18738038931957732	0	0.18738038931957732
0.0004079079079079079	0.186254183085589	0	0.186254183085589
0.0004104104104104104	0.18513040993981095	0	0.18513040993981095
0.0004129129129129129	0.18400907193857366	0	0.18400907193857366
0.0004154154154154154	0.1828901702937557	0	0.1828901702937557
0.0004179179179179179	0.18177370758597763	0	0.18177370758597763
0.00042042042042042044	0.18065968415562067	0	0.18065968415562067
0.00042292292292292293	0.17954810210198868	0	0.17954810210198868
0.0004254254254254254	0.17843896287310967	0	0.17843896287310967
0.00042792792792792795	0.17733226596887516	0	0.17733226596887516
0.00043043043043043043	0.17622801269305294	0	0.17622801269305294
0.0004329329329329329	0.17512620363417397	0	0.17512620363417397
0.00043543543543543545	0.1740268391407476	0	0.1740268391407476
0.00043793793793793793	0.17292991868120242	0	0.17292991868120242
0.0004404404404404404	0.1718354427485623	0	0.1718354427485623
0.00044294294294294295	0.17074341047329417	0	0.17074341047329417
0.00044544544544544544	0.1696538221433416	0	0.1696538221433416
0.000447947947947948	0.16856667503811884	0	0.16856667503811884
0.00045045045045045046	0.1674819742534611	0	0.1674819742534611
0.00045295295295295294	0.16639970918450891	0	0.16639970918450891
0.0004554554554554555	0.1653198903816203	0	0.1653198903816203
0.00045795795795795796	0.16424250037432359	0	0.16424250037432359
0.00046046046046046044	0.16316754887285606	0	0.16316754887285606
0.000462962962962963	0.1620950407911752	0	0.1620950407911752
0.00046546546546546546	0.1610249624493235	0.0022319278408692916	0.16325689029019277
0.00046796796796796795	0.15995731553360495	0.005494940058968328	0.1654522555925733
0.0004704704704704705	0.15889209808507904	0.008740528523903248	0.1676326266089823
0.00047297297297297297	0.15782930847095136	0.011985909118713818	0.16981521758966517
0.00047547547547547545	0.15676893586307092	0.015231348659867335	0.17200028452293825
0.000477977977977978	0.15571099235783228	0.01847702438773859	0.17418801674557088
0.00048048048048048047	0.15465546798150134	0.0217230600892064	0.17637852807070775
0.000482982982982983	0.1536023602403936	0.024969320253317127	0.17857168049371072
0.0004854854854854855	0.15255166459451228	0.02821651192184352	0.1807681765163558
0.000487987987987988	0.1515033839874903	0.0314639493222644	0.1829673333097547
0.0004904904904904905	0.15045750379753664	0.034712067968087214	0.18516957176562385
0.000492992992992993	0.14941403477410614	0.03796055453333477	0.18737458930744091
0.0004954954954954955	0.1483729641962311	0.041209651161007915	0.18958261535723903
0.000497997997997998	0.1473342926791526	0.04445888146035918	0.19179317413951177
0.0005005005005005005	0.14629800494431447	0.04770871209058876	0.19400671703490324
0.000503003003003003	0.14526411518376575	0.05095888588524186	0.1962230010690076
0.0005055055055055055	0.14423260816566305	0.05420933698408945	0.1984419451497525
0.000508008008008008	0.14320348709216882	0.05746000638223525	0.20066349347440407
0.0005105105105105105	0.14217675063717022	0.0607108088301967	0.20288755946736692
0.000513013013013013	0.14115199617456858	0.06396166761868437	0.20511366379325296
0.0005155155155155155	0.14013035249079453	0.06721250488042532	0.20734285737121985
0.000518018018018018	0.13911071273559675	0.07046506772357747	0.20957578045917422
0.0005205205205205205	0.13809343409041566	0.073713023311796	0.21180645740221166
0.000523023023023023	0.1370785116703433	0.07696363429791755	0.21404214596826085
0.0005255255255255255	0.13606593478134496	0.08021314675115683	0.2162790815325018
0.0005280280280280281	0.13505570206799292	0.08346214566110516	0.21851784772909807
0.0005305305305305305	0.13404781320189102	0.08670970949654784	0.22075752269843885
0.000533033033033033	0.13304226288336302	0.08995773979260097	0.22300000267596398
0.0005355355355355356	0.13203903663384536	0.09320369496810228	0.22524273160194763
0.000538038038038038	0.13103813910796341	0.09644950830777745	0.22748764741574085
0.0005405405405405405	0.1300395625494439	0.09969241952067968	0.22973198207012357
0.0005430430430430431	0.12904329699804956	0.10293531546035886	0.23197861245840842
0.0005455455455455455	0.12804933945155444	0.10617582406967455	0.234225163521229
0.000548048048048048	0.12705769218089005	0.10941426545118907	0.23647195763207912
0.0005505505505505506	0.12606833855206195	0.11265157451918101	0.23871991307124296
0.000553053053053053	0.1250812769690492	0.1158864591695445	0.24096773613859368
0.0005555555555555556	0.12409650004920422	0.11911843418248515	0.24321493423168938
0.0005580580580580581	0.12311400471244903	0.12234810438823007	0.24546210910067912
0.0005605605605605605	0.1221337892862681	0.12557501532060783	0.24770880460687594
0.0005630630630630631	0.1211558327208491	0.1287989677299389	0.249954800450788
0.0005655655655655656	0.12018014202335232	0.1320197585462854	0.2521999005696377
0.000568068068068068	0.11920671070867576	0.1352371295546415	0.2544438402633173
0.0005705705705705706	0.11823552579989322	0.13845167596015645	0.25668720176004967
0.0005730730730730731	0.11726658783170618	0.14166480048149788	0.25893138831320406
0.0005755755755755755	0.1162998839228415	0.1448673171820682	0.2611672011049097
0.0005780780780780781	0.11533541349227087	0.14806719433612855	0.2634026078283994
0.0005805805805805806	0.1143731635579303	0.1512662675102195	0.2656394310681498
0.000583083083083083	0.11341313398256674	0.1544589315684277	0.2678720655509944
0.0005855855855855856	0.11245531360661717	0.15764668591150552	0.2701019995181227
0.0005880880880880881	0.11149969859701808	0.16082928481699718	0.27232898341401524
0.0005905905905905906	0.11054633178334924	0.16400650762967872	0.274552839413028
0.0005930930930930931	0.10959511740293548	0.16717811810766378	0.2767732355105993
0.0005955955955955956	0.10864601756196457	0.1703438639057759	0.2789898814677405
0.0005980980980980981	0.10769915137762447	0.17350351714993278	0.28120266852755726
0.0006006006006006006	0.10675445581009645	0.17665682080265308	0.2834112766127495
0.0006031031031031031	0.10581192345530653	0.17980353424761805	0.28561545770292457
0.0006056056056056056	0.10487154207113633	0.18294341292271213	0.28781495499384846
0.0006081081081081081	0.10393331172143722	0.18607619988435464	0.29000951160579186
0.0006106106106106106	0.10299721998938201	0.18920164418835422	0.2921988641777362
0.0006131131131131132	0.10206326553010195	0.19231950521554594	0.2943827707456479
0.0006156156156156156	0.10113143649810064	0.1954295120716948	0.2965609485697954
0.0006181181181181181	0.10020172762792151	0.19853160750466475	0.29873333513258626
0.0006206206206206207	0.09927412603985102	0.2016249701006376	0.3008990961404886
0.0006231231231231231	0.09834862925715412	0.20470990352145121	0.30305853277860534
0.0006256256256256256	0.09742522970852763	0.2077859622980916	0.3052111920066192
0.0006281281281281282	0.09650391867112558	0.21085289904254606	0.3073568177136716
0.0006306306306306306	0.09558468906903683	0.2139104354808096	0.3094951245498464
0.0006331331331331331	0.0946675319616181	0.21695832093405332	0.3116258528956714
0.0006356356356356357	0.09375244025298592	0.2199962931469837	0.3137487333999696
0.0006381381381381381	0.09283940551236972	0.2230240932154958	0.3158634987278655
0.0006406406406406406	0.09192841732070037	0.2260414568230171	0.31796987414371747
0.0006431431431431432	0.09101947128585577	0.2290481272048371	0.3200675984906929
0.0006456456456456456	0.09011255617013611	0.23204385277832018	0.3221564089484563
0.0006481481481481481	0.08920767112645336	0.2350283506053455	0.3242360217317989
0.0006506506506506507	0.0883047996731402	0.23800137999628085	0.32630617966942105
0.0006531531531531532	0.08740393515817614	0.24096267511335318	0.3283666102715293
0.0006556556556556556	0.08650507226319386	0.24391197176014312	0.330417044023337
0.0006581581581581582	0.08560820059880307	0.24684901229347106	0.33245721289227415
0.0006606606606606607	0.08471331061285815	0.24977355022608674	0.3344868608389449
0.0006631631631631631	0.08382039710144396	0.25268531796009436	0.3365057150615383
0.0006656656656656657	0.08292944806902156	0.25558406688796337	0.3385135149569849
0.0006681681681681682	0.08204045386085726	0.25846952740840395	0.34050998126926124
0.0006706706706706706	0.08115341158583433	0.26134145961352406	0.3424948711993584
0.0006731731731731732	0.08026830850106123	0.2641996074106044	0.3444679159116656
0.0006756756756756757	0.07938513373653686	0.26704371343477057	0.3464288471713074
0.0006781781781781781	0.07850388226842048	0.26987353775307765	0.34837742002149813
0.0006806806806806807	0.07762454218655886	0.27268882567151476	0.3503133678580736
0.0006831831831831832	0.07674710632410615	0.2754893406034312	0.35223644692753736
0.0006856856856856856	0.07587156587097654	0.27827481715684516	0.3541463830278217
0.0006881881881881882	0.07499790962891204	0.2810450252349897	0.3560429348639017
0.0006906906906906907	0.07412613036782927	0.2837997234534654	0.35792585382129466
0.0006931931931931931	0.07325621479283523	0.286538663360828	0.35979487815366323
0.0006956956956956957	0.07238815954485814	0.28926161963521707	0.36164977918007524
0.0006981981981981982	0.07152194806617297	0.29196836028417605	0.363490308350349
0.0007007007007007007	0.07065757670958896	0.29465863574028367	0.3653162124498726
0.0007032032032032032	0.06979503040351957	0.2973322324413091	0.36712726284482866
0.0007057057057057057	0.06893430305840578	0.29998890283877294	0.36892320589717875
0.0007082082082082082	0.06807538353907987	0.30262843459882394	0.3707038181379038
0.0007107107107107107	0.06721826478880362	0.3052505989161189	0.3724688637049225
0.0007132132132132132	0.0663629311990596	0.30785517634032644	0.37421810753938606
0.0007157157157157158	0.06550937376626943	0.31044195788305656	0.375951331649326
0.0007182182182182182	0.06465758677392205	0.31301071303923955	0.37766829981316163
0.0007207207207207207	0.06380755412467734	0.31556123174814493	0.3793687858728223
0.0007232232232232233	0.06295926879971558	0.31809326567781243	0.381052534477528
0.0007257257257257257	0.06211277587438196	0.3206074912517778	0.38272026712615975
0.0007282282282282282	0.06126787751894928	0.32310129053845466	0.38436916805740395
0.0007307307307307308	0.060424781521516854	0.32557681694149626	0.38600159846301313
0.0007332332332332332	0.059583374025106065	0.3280330816481642	0.38761645567327024
0.0007357357357357357	0.058743656548846834	0.3304699005509798	0.38921355709982663
0.0007382382382382383	0.05790562073914764	0.33288707551413466	0.3907926962532823
0.0007407407407407407	0.05706925338561848	0.33528443305344025	0.3923536864390587
0.0007432432432432432	0.05623454390377096	0.3376617750395271	0.3938963189432981
0.0007457457457457458	0.05540148086990843	0.34001892902403164	0.39542040989394006
0.0007482482482482482	0.05457005078036394	0.3423556874368984	0.39692573821726235
0.0007507507507507507	0.053740244656379194	0.34467193107087507	0.3984121757272543
0.0007532532532532533	0.05291204738424185	0.34696743613769704	0.3998794835219389
0.0007557557557557557	0.05208544936822708	0.34924206777747746	0.4013275171457045
0.0007582582582582582	0.0512604345956162	0.35149563180890936	0.40275606640452555
0.0007607607607607608	0.050436994768872694	0.3537280035349119	0.4041649983037846
0.0007632632632632632	0.04961511564236892	0.35593899844674143	0.40555411408911035
0.0007657657657657658	0.04879478461802489	0.35812848658910845	0.40692327120713334
0.0007682682682682683	0.04797598547867856	0.36029628872714314	0.4082722742058217
0.0007707707707707708	0.04715870852170006	0.36244229184870985	0.4096010003704099
0.0007732732732732733	0.04634294256450649	0.36456632896115754	0.41090927152566403
0.0007757757757757758	0.04552849145457623	0.3666682851587771	0.4121967766133533
0.0007782782782782783	0.044715674912677895	0.3687479989747773	0.4134636738874552
0.0007807807807807808	0.04390455596844581	0.3708053646008847	0.41470992056933054
0.0007832832832832833	0.04309457088981522	0.37284023211612666	0.4159348030059419
0.0007857857857857858	0.04228646156165018	0.3748524972536014	0.4171389588152516
0.0007882882882882883	0.04147919360192247	0.3768422214588728	0.4183214150607953
0.0007907907907907908	0.040673602047633116	0.37880863138552895	0.41948223343316204
0.0007932932932932933	0.039869390809574606	0.3807525050671696	0.42062189587674426
0.0007957957957957958	0.039066556481410435	0.3826731860342731	0.4217397425156835
0.0007982982982982983	0.0382650836565013	0.38457072069773757	0.42283580435423884
0.0008008008008008008	0.03746495957103312	0.386444986017252	0.42390994558828515
0.0008033033033033033	0.03666616395248276	0.38829590517360685	0.4249620691260896
0.0008058058058058058	0.035868684774065476	0.39012337038748846	0.4259920551615539
0.0008083083083083083	0.03507261153670385	0.39192730767551365	0.42699991921221747
0.0008108108108108108	0.0342775703105873	0.3937076290185354	0.4279851993291227
0.0008133133133133133	0.03348391979511296	0.39546427154278235	0.4289481913378953
0.0008158158158158158	0.03269184774874244	0.3971971204021019	0.4298889681508444
0.0008183183183183183	0.03190041106568742	0.39890613743927356	0.430806548504961
0.0008208208208208208	0.03111046124768528	0.4005912563096732	0.4317017175573585
0.0008233233233233233	0.030321525661463292	0.4022524090047546	0.4325739346662179
0.0008258258258258258	0.029533691616834435	0.40388952288980234	0.4334232145066368
0.0008283283283283283	0.028748019782721606	0.4055025778785912	0.4342505976613128
0.0008308308308308308	0.02796225404672873	0.4070914855827499	0.43505373962947863
0.0008333333333333334	0.027178201830535337	0.4086562168622697	0.43583441869280504
0.0008358358358358358	0.026395038323034352	0.4101967104289188	0.43659174875195317
0.0008383383383383384	0.025613157631755874	0.41171296309046	0.4373261207222159
0.0008408408408408409	0.024832147069469693	0.41320492683398186	0.43803707390345153
0.0008433433433433433	0.024052210755285398	0.414672550234755	0.43872476099004043
0.0008458458458458459	0.023273309270322225	0.41611582589721585	0.4393891351675381
0.0008483483483483484	0.02249539277296229	0.41753472225018107	0.4400301150231434
0.0008508508508508508	0.02171789133145326	0.4189292230283985	0.44064711435985177
0.0008533533533533534	0.02094288791437083	0.4202993149943985	0.4412422029087693
0.0008558558558558559	0.020167324135852396	0.4216449809862378	0.4418123051220902
0.0008583583583583583	0.019393117874863218	0.42296621682099833	0.44235933469586153
0.0008608608608608609	0.018619790460909967	0.42426301897140883	0.4428828094323188
0.0008633633633633634	0.0178473107566612	0.42553538444040195	0.44338269519706314
0.0008658658658658658	0.017075651712517903	0.4267833187227366	0.4438589704352545
0.0008683683683683684	0.016304787703970806	0.4280068283530735	0.44431161605704433
0.0008708708708708709	0.01553469361515474	0.4292059221061802	0.44474061572133494
0.0008733733733733733	0.014765340112969963	0.4303806163329288	0.44514595644589877
0.0008758758758758759	0.013996701411163487	0.4315309289654918	0.44552763037665527
0.0008783783783783784	0.013228745719571179	0.43265688026873445	0.4458856259883056
0.0008808808808808808	0.012461543446714624	0.43375849639594793	0.44622003984266256
0.0008833833833833834	0.011694708422902754	0.4348358041344177	0.44653051255732046
0.0008858858858858859	0.01092871057083131	0.4358888373662364	0.44681754793706774
0.0008883883883883883	0.010163252978647532	0.43691762886385865	0.44708088184250616
0.0008908908908908909	0.009398213580714234	0.4379222214689357	0.44732043504964997
0.0008933933933933934	0.008633749931904716	0.4389026518770941	0.4475364018089988
0.000895895895895896	0.007869721734141246	0.43985896993903917	0.4477286916731804
0.0008983983983983984	0.007106150220647508	0.44079122286256395	0.4478973730832115
0.0009009009009009009	0.006342962739333527	0.44169948648921914	0.4480424492285527
0.0009034034034034035	0.005580116830619205	0.4425837338120321	0.4481638506426513
0.0009059059059059059	0.0048175735735109665	0.4434441255965999	0.4482616991701109
0.0009084084084084084	0.00405528286966936	0.4442806690870438	0.44833595195671316
0.000910910910910911	0.003293189988201855	0.4450934345736988	0.44838662456190065
0.0009134134134134134	0.0025312318085579564	0.4458824973776018	0.4484137291861598
0.0009159159159159159	0.0017693356758728767	0.44664792034556855	0.44841725602144145
0.0009184184184184185	0.001008116781723688	0.4473897810697712	0.44839789785149486
0.0009209209209209209	0.00023849106528224116	0.44810815406410504	0.44834664512938727
0.0009234234234234234	0	0.44880312047061244	0.44880312047061244
0.000925925925925926	0	0.44947475772405393	0.44947475772405393
0.0009284284284284284	0	0.4501231560969304	0.4501231560969304
0.0009309309309309309	0	0.4507483985607048	0.4507483985607048
0.0009334334334334335	0	0.45135057809987694	0.45135057809987694
0.0009359359359359359	0	0.4519297841606743	0.4519297841606743
0.0009384384384384384	0	0.45248611392726845	0.45248611392726845
0.000940940940940941	0	0.45301966547211187	0.45301966547211187
0.0009434434434434434	0	0.4535305370142618	0.4535305370142618
0.0009459459459459459	0	0.454018830721615	0.454018830721615
0.0009484484484484485	0	0.45448465483221645	0.45448465483221645
0.0009509509509509509	0	0.4549281123657962	0.4549281123657962
0.0009534534534534534	0	0.4553493154788927	0.4553493154788927
0.000955955955955956	0	0.4557483765689695	0.4557483765689695
0.0009584584584584585	0	0.45612540626011	0.45612540626011
0.0009609609609609609	0	0.4564805250078545	0.4564805250078545
0.0009634634634634635	0	0.4568138472617219	0.4568138472617219
0.000965965965965966	0	0.4571254920902373	0.4571254920902373
0.0009684684684684684	0	0.45741558673946187	0.45741558673946187
0.000970970970970971	0	0.4576842519409003	0.4576842519409003
0.0009734734734734735	0	0.45793161240154356	0.45793161240154356
0.000975975975975976	0	0.45815779728329675	0.45815779728329675
0.0009784784784784785	0	0.45836293731621697	0.45836293731621697
0.000980980980980981	0	0.4585471623942382	0.4585471623942382
0.0009834834834834836	0	0.45871060548777254	0.45871060548777254
0.000985985985985986	0	0.4588534024879462	0.4588534024879462
0.0009884884884884884	0	0.4589756866404308	0.4589756866404308
0.000990990990990991	0	0.4590775975575767	0.4590775975575767
0.0009934934934934935	0	0.4591592745050569	0.4591592745050569
0.000995995995995996	0	0.45922085870064366	0.45922085870064366
0.0009984984984984986	0	0.45926249057298774	0.45926249057298774
0.001001001001001001	0	0.45928431525653113	0.45928431525653113
0.0010035035035035034	0	0.4592864744264903	0.4592864744264903
0.001006006006006006	0	0.45926911847983265	0.45926911847983265
0.0010085085085085085	0	0.45923239152055567	0.45923239152055567
0.001011011011011011	0	0.4591764409168238	0.4591764409168238
0.0010135135135135136	0	0.4591014179585514	0.4591014179585514
0.001016016016016016	0	0.45900747438533473	0.45900747438533473
0.0010185185185185184	0	0.458894758731643	0.458894758731643
0.001021021021021021	0	0.45876342517170987	0.45876342517170987
0.0010235235235235235	0	0.45861362681226614	0.45861362681226614
0.001026026026026026	0	0.4584455168765946	0.4584455168765946
0.0010285285285285286	0	0.45825925355981567	0.45825925355981567
0.001031031031031031	0	0.4580549904997269	0.4580549904997269
0.0010335335335335334	0	0.4578328820434696	0.4578328820434696
0.001036036036036036	0	0.45759309113872243	0.45759309113872243
0.0010385385385385385	0	0.45733577354182775	0.45733577354182775
0.001041041041041041	0	0.4570610851835726	0.4570610851835726
0.0010435435435435436	0	0.45676918949015227	0.45676918949015227
0.001046046046046046	0	0.45646024351448783	0.45646024351448783
0.0010485485485485487	0	0.45613440944424993	0.45613440944424993
0.001051051051051051	0	0.4557918479321776	0.4557918479321776
0.0010535535535535535	0	0.45543271910227023	0.45543271910227023
0.0010560560560560562	0	0.45505718541200224	0.45505718541200224
0.0010585585585585586	0	0.45466540933538574	0.45466540933538574
0.001061061061061061	0	0.45425755217757746	0.45425755217757746
0.0010635635635635637	0	0.45383377713681605	0.45383377713681605
0.001066066066066066	0	0.4533942466979313	0.4533942466979313
0.0010685685685685685	0	0.45293912312923623	0.45293912312923623
0.0010710710710710712	0	0.4524685727020365	0.4524685727020365
0.0010735735735735736	0	0.4519827554696179	0.4519827554696179
0.001076076076076076	0	0.4514818377215507	0.4514818377215507
0.0010785785785785787	0	0.45096598083087425	0.45096598083087425
0.001081081081081081	0	0.4504353471369914	0.4504353471369914
0.0010835835835835835	0	0.44989010467423224	0.44989010467423224
0.0010860860860860862	0	0.4493304128606595	0.4493304128606595
0.0010885885885885886	0	0.44875643749200317	0.44875643749200317
0.001091091091091091	0	0.44816834127498256	0.44816834127498256
0.0010935935935935937	0	0.4475662855427152	0.4475662855427152
0.001096096096096096	0	0.4469504350596146	0.4469504350596146
0.0010985985985985985	0	0.4463209536284389	0.4463209536284389
0.0011011011011011012	0	0.4456780030791451	0.4456780030791451
0.0011036036036036036	0	0.4450217446933127	0.4450217446933127
0.001106106106106106	0	0.4443523427524745	0.4443523427524745
0.0011086086086086087	0	0.4436699568571271	0.4436699568571271
0.0011111111111111111	0	0.4429747494978025	0.4429747494978025
0.0011136136136136135	0	0.44226687910632173	0.44226687910632173
0.0011161161161161162	0	0.4415465117694392	0.4415465117694392
0.0011186186186186186	0	0.4408138040545912	0.4408138040545912
0.001121121121121121	0	0.4400689152196129	0.4400689152196129
0.0011236236236236237	0	0.43931200763169104	0.43931200763169104
0.0011261261261261261	0	0.4385432374126946	0.4385432374126946
0.0011286286286286285	0	0.4377627648201429	0.4377627648201429
0.0011311311311311312	0	0.43697074655320844	0.43697074655320844
0.0011336336336336336	0	0.4361673393941802	0.4361673393941802
0.001136136136136136	0	0.43535270369015777	0.43535270369015777
0.0011386386386386387	0	0.4345269894401881	0.4345269894401881
0.0011411411411411411	0	0.433690358734098	0.433690358734098
0.0011436436436436436	0	0.4328429604319369	0.4328429604319369
0.0011461461461461462	0	0.4319849517996462	0.4319849517996462
0.0011486486486486486	0	0.4311164878121382	0.4311164878121382
0.001151151151151151	0	0.43023771843272957	0.43023771843272957
0.0011536536536536537	0	0.42934879744508675	0.42934879744508675
0.0011561561561561561	0	0.42844987450734656	0.42844987450734656
0.0011586586586586586	0	0.427541101859494	0.427541101859494
0.0011611611611611612	0	0.4266226308907903	0.4266226308907903
0.0011636636636636636	0	0.42569460571549594	0.42569460571549594
0.001166166166166166	0	0.42475717812341757	0.42475717812341757
0.0011686686686686687	0	0.4238104957621902	0.4238104957621902
0.0011711711711711711	0	0.4228547052700523	0.4228547052700523
0.0011736736736736738	0	0.42188995045485955	0.42188995045485955
0.0011761761761761762	0	0.42091637748190674	0.42091637748190674
0.0011786786786786786	0	0.41993413173345917	0.41993413173345917
0.0011811811811811813	0	0.4189433524667932	0.4189433524667932
0.0011836836836836837	0	0.4179441853732671	0.4179441853732671
0.0011861861861861861	0	0.4169367722354456	0.4169367722354456
0.0011886886886886888	0	0.41592125078614284	0.41592125078614284
0.0011911911911911912	0	0.41489776280640506	0.41489776280640506
0.0011936936936936936	0	0.4138664443425425	0.4138664443425425
0.0011961961961961963	0	0.41282743657900234	0.41282743657900234
0.0011986986986986987	0	0.411780874696968	0.411780874696968
0.0012012012012012011	0	0.41072689210351265	0.41072689210351265
0.0012037037037037038	0	0.40966562747108115	0.40966562747108115
0.0012062062062062062	0	0.4085972108686279	0.4085972108686279
0.0012087087087087087	0	0.4075217776374364	0.4075217776374364
0.0012112112112112113	0	0.4064394584837724	0.4064394584837724
0.0012137137137137137	0	0.40535038402180623	0.40535038402180623
0.0012162162162162162	0	0.4042546841881736	0.4042546841881736
0.0012187187187187188	0	0.4031524876819953	0.4031524876819953
0.0012212212212212212	0	0.4020439222184703	0.4020439222184703
0.0012237237237237237	0	0.4009291142052971	0.4009291142052971
0.0012262262262262263	0	0.39980818948749003	0.39980818948749003
0.0012287287287287287	0	0.3986812725029162	0.3986812725029162
0.0012312312312312312	0	0.3975484866581627	0.3975484866581627
0.0012337337337337338	0	0.39640995444193705	0.39640995444193705
0.0012362362362362362	0	0.39526579737253864	0.39526579737253864
0.0012387387387387387	0	0.39411613570823406	0.39411613570823406
0.0012412412412412413	0	0.3929610886258685	0.3929610886258685
0.0012437437437437437	0	0.3918007743682389	0.3918007743682389
0.0012462462462462462	0	0.3906353098742647	0.3906353098742647
0.0012487487487487488	0	0.38946481141319483	0.38946481141319483
0.0012512512512512512	0	0.3882893939196125	0.3882893939196125
0.0012537537537537537	0	0.38710917128016986	0.38710917128016986
0.0012562562562562563	0	0.38592425633160576	0.38592425633160576
0.0012587587587587587	0	0.3847347605807041	0.3847347605807041
0.0012612612612612612	0	0.3835407948525721	0.3835407948525721
0.0012637637637637638	0	0.38234246862585264	0.38234246862585264
0.0012662662662662662	0	0.3811398905002478	0.3811398905002478
0.0012687687687687687	0	0.37993316790832266	0.37993316790832266
0.0012712712712712713	0	0.3787224070320917	0.3787224070320917
0.0012737737737737737	0	0.3775077130916453	0.3775077130916453
0.0012762762762762762	0	0.37628919026347046	0.37628919026347046
0.0012787787787787788	0	0.37506694173267774	0.37506694173267774
0.0012812812812812813	0	0.37384106932538963	0.37384106932538963
0.0012837837837837837	0	0.3726116740953688	0.3726116740953688
0.0012862862862862863	0	0.3713788558396381	0.3713788558396381
0.0012887887887887888	0	0.37014271333442805	0.37014271333442805
0.0012912912912912912	0	0.3689033442744186	0.3689033442744186
0.0012937937937937938	0	0.36766084509234254	0.36766084509234254
0.0012962962962962963	0	0.3664153120811243	0.3664153120811243
0.001298798798798799	0	0.3651668374987298	0.3651668374987298
0.0013013013013013013	0	0.36391551809319517	0.36391551809319517
0.0013038038038038038	0	0.36266144467263844	0.36266144467263844
0.0013063063063063064	0	0.3614047080457409	0.3614047080457409
0.0013088088088088088	0	0.36014539761932307	0.36014539761932307
0.0013113113113113113	0	0.358883604869485	0.358883604869485
0.001313813813813814	0	0.3576194164567682	0.3576194164567682
0.0013163163163163163	0	0.3563529205193303	0.3563529205193303
0.0013188188188188188	0	0.35508420280255415	0.35508420280255415
0.0013213213213213214	0	0.353813345878333	0.353813345878333
0.0013238238238238238	0	0.35254043748884867	0.35254043748884867
0.0013263263263263263	0	0.3512655594492748	0.3512655594492748
0.001328828828828829	0	0.3499887927135981	0.3499887927135981
0.0013313313313313313	0	0.3487102183478626	0.3487102183478626
0.0013338338338338338	0	0.3474299175615795	0.3474299175615795
0.0013363363363363364	0	0.34614796821774074	0.34614796821774074
0.0013388388388388388	0	0.3448644470188241	0.3448644470188241
0.0013413413413413413	0	0.34357943392155976	0.34357943392155976
0.001343843843843844	0	0.3422930026991418	0.3422930026991418
0.0013463463463463464	0	0.3410052286752803	0.3410052286752803
0.0013488488488488488	0	0.3397161853238133	0.3397161853238133
0.0013513513513513514	0	0.3384259471074848	0.3384259471074848
0.0013538538538538539	0	0.3371345849333812	0.3371345849333812
0.0013563563563563563	0	0.3358421689598713	0.3358421689598713
0.001358858858858859	0	0.33454877200461447	0.33454877200461447
0.0013613613613613614	0	0.333254461450249	0.333254461450249
0.0013638638638638638	0	0.3319593040346829	0.3319593040346829
0.0013663663663663664	0	0.330663369302191	0.330663369302191
0.0013688688688688689	0	0.3293667226987754	0.3293667226987754
0.0013713713713713713	0	0.32806942982209625	0.32806942982209625
0.001373873873873874	0	0.3267715541620676	0.3267715541620676
0.0013763763763763764	0	0.32547316141908583	0.32547316141908583
0.0013788788788788788	0	0.3241743121616995	0.3241743121616995
0.0013813813813813814	0	0.3228750681723421	0.3228750681723421
0.0013838838838838839	0	0.32157549146448117	0.32157549146448117
0.0013863863863863863	0	0.3202756408474027	0.3202756408474027
0.001388888888888889	0	0.3189755759821045	0.3189755759821045
0.0013913913913913914	0	0.3176753556641167	0.3176753556641167
0.0013938938938938938	0	0.31637503739432404	0.31637503739432404
0.0013963963963963964	0	0.3150746751608212	0.3150746751608212
0.0013988988988988989	0	0.31377432654531884	0.31377432654531884
0.0014014014014014013	0	0.31247404486191566	0.31247404486191566
0.001403903903903904	0	0.3111738865539179	0.3111738865539179
0.0014064064064064064	0	0.30987390244977	0.30987390244977
0.0014089089089089088	0	0.3085741464922505	0.3085741464922505
0.0014114114114114115	0	0.30727466750299864	0.30727466750299864
0.0014139139139139139	0	0.3059755192475541	0.3059755192475541
0.0014164164164164163	0	0.3046767482230596	0.3046767482230596
0.001418918918918919	0	0.3033784062379905	0.3033784062379905
0.0014214214214214214	0	0.3020805396220662	0.3020805396220662
0.001423923923923924	0	0.30078319709606505	0.30078319709606505
0.0014264264264264265	0	0.29948642454575264	0.29948642454575264
0.0014289289289289289	0	0.29819026928010883	0.29819026928010883
0.0014314314314314315	0	0.2968947737814275	0.2968947737814275
0.001433933933933934	0	0.295599983594043	0.295599983594043
0.0014364364364364364	0	0.2943059433826686	0.2943059433826686
0.001438938938938939	0	0.2930126941475572	0.2930126941475572
0.0014414414414414415	0	0.2917202791253288	0.2917202791253288
0.001443943943943944	0	0.2904287394509126	0.2904287394509126
0.0014464464464464465	0	0.2891381160216482	0.2891381160216482
0.001448948948948949	0	0.2878484487643726	0.2878484487643726
0.0014514514514514514	0	0.2865597760366205	0.2865597760366205
0.001453953953953954	0	0.2852721373537405	0.2852721373537405
0.0014564564564564565	0	0.2839855707715914	0.2839855707715914
0.001458958958958959	0	0.2827001124318658	0.2827001124318658
0.0014614614614614615	0	0.2814157990746675	0.2814157990746675
0.001463963963963964	0	0.28013266661113645	0.28013266661113645
0.0014664664664664664	0	0.2788507506594528	0.2788507506594528
0.001468968968968969	0	0.27757008586162735	0.27757008586162735
0.0014714714714714715	0	0.27629070453115545	0.27629070453115545
0.001473973973973974	0	0.2750126413872927	0.2750126413872927
0.0014764764764764766	0	0.2737359287567506	0.2737359287567506
0.001478978978978979	0	0.27246059679530904	0.27246059679530904
0.0014814814814814814	0	0.27118667884378844	0.27118667884378844
0.001483983983983984	0	0.2699142053970203	0.2699142053970203
0.0014864864864864865	0	0.26864320538110176	0.26864320538110176
0.001488988988988989	0	0.2673737093785941	0.2673737093785941
0.0014914914914914916	0	0.266105745859557	0.266105745859557
0.001493993993993994	0	0.26483934284109306	0.26483934284109306
0.0014964964964964964	0	0.2635745272507424	0.2635745272507424
0.001498998998998999	0	0.2623113292988382	0.2623113292988382
0.0015015015015015015	0	0.2610497713755158	0.2610497713755158
0.001504004004004004	0	0.2597898827480011	0.2597898827480011
0.0015065065065065066	0	0.2585316868194603	0.2585316868194603
0.001509009009009009	0	0.2572752094761762	0.2572752094761762
0.0015115115115115114	0	0.2560204743623325	0.2560204743623325
0.001514014014014014	0	0.2547675066624645	0.2547675066624645
0.0015165165165165165	0	0.25351632811502145	0.25351632811502145
0.001519019019019019	0	0.25226696142890975	0.25226696142890975
0.0015215215215215216	0	0.2510194308607895	0.2510194308607895
0.001524024024024024	0	0.24977375490847545	0.24977375490847545
0.0015265265265265264	0	0.24852995748969567	0.24852995748969567
0.001529029029029029	0	0.2472880588504261	0.2472880588504261
0.0015315315315315315	0	0.24604807894856212	0.24604807894856212
0.001534034034034034	0	0.24481003649746794	0.24481003649746794
0.0015365365365365366	0	0.24357395230257714	0.24357395230257714
0.001539039039039039	0	0.2423398445062165	0.2423398445062165
0.0015415415415415416	0	0.2411077313147912	0.2411077313147912
0.001544044044044044	0	0.23987763058430883	0.23987763058430883
0.0015465465465465465	0	0.23864955899182277	0.23864955899182277
0.0015490490490490492	0	0.23742353620496714	0.23742353620496714
0.0015515515515515516	0	0.23619957520945914	0.23619957520945914
0.001554054054054054	0	0.23497769407595767	0.23497769407595767
0.0015565565565565567	0	0.23375790888109518	0.23375790888109518
0.001559059059059059	0	0.23254023359496923	0.23254023359496923
0.0015615615615615615	0	0.23132468416271118	0.23132468416271118
0.0015640640640640642	0	0.23011127352325333	0.23011127352325333
0.0015665665665665666	0	0.22890001712602434	0.22890001712602434
0.001569069069069069	0	0.22769092709976357	0.22769092709976357
0.0015715715715715717	0	0.22648401782515828	0.22648401782515828
0.001574074074074074	0	0.2252793020801581	0.2252793020801581
0.0015765765765765765	0	0.22407679169505915	0.22407679169505915
0.0015790790790790792	0	0.22287649851667732	0.22287649851667732
0.0015815815815815816	0	0.22167843415806976	0.22167843415806976
0.001584084084084084	0	0.2204826111213367	0.2204826111213367
0.0015865865865865867	0	0.21928903939085678	0.21928903939085678
0.001589089089089089	0	0.218097729761464	0.218097729761464
0.0015915915915915915	0	0.21690869225820025	0.21690869225820025
0.0015940940940940942	0	0.21572193589054822	0.21572193589054822
0.0015965965965965966	0	0.2145374720556889	0.2145374720556889
0.001599099099099099	0	0.2133553094425052	0.2133553094425052
0.0016016016016016017	0	0.21217545558728157	0.21217545558728157
0.001604104104104104	0	0.21099791982339863	0.21099791982339863
0.0016066066066066065	0	0.2098227101682015	0.2098227101682015
0.0016091091091091092	0	0.20864983524649514	0.20864983524649514
0.0016116116116116116	0	0.2074793014133914	0.2074793014133914
0.001614114114114114	0	0.2063111164570017	0.2063111164570017
0.0016166166166166167	0	0.2051452881845154	0.2051452881845154
0.0016191191191191191	0	0.20398182201166568	0.20398182201166568
0.0016216216216216215	0	0.2028207248054007	0.2028207248054007
0.0016241241241241242	0	0.20166200195266681	0.20166200195266681
0.0016266266266266266	0	0.2005056562981068	0.2005056562981068
0.001629129129129129	0	0.1993517201703164	0.1993517201703164
0.0016316316316316317	0	0.19820014040516823	0.19820014040516823
0.0016341341341341341	0	0.1970509729944972	0.1970509729944972
0.0016366366366366365	0	0.1959042058923039	0.1959042058923039
0.0016391391391391392	0	0.19475984416873365	0.19475984416873365
0.0016416416416416416	0	0.19361789269960863	0.19361789269960863
0.001644144144144144	0	0.19247835386393736	0.19247835386393736
0.0016466466466466467	0	0.19134123254419091	0.19134123254419091
0.0016491491491491491	0	0.1902065315357302	0.1902065315357302
0.0016516516516516516	0	0.18907425429077743	0.18907425429077743
0.0016541541541541542	0	0.18794440341694715	0.18794440341694715
0.0016566566566566566	0	0.18681698236697775	0.18681698236697775
0.001659159159159159	0	0.1856919926487441	0.1856919926487441
0.0016616616616616617	0	0.1845694364631096	0.1845694364631096
0.0016641641641641641	0	0.1834493165999817	0.1834493165999817
0.0016666666666666668	0	0.18233163393053262	0.18233163393053262
0.0016691691691691692	0	0.1812163908742061	0.1812163908742061
0.0016716716716716716	0	0.18010358844800317	0.18010358844800317
0.0016741741741741743	0	0.1789932271207616	0.1789932271207616
0.0016766766766766767	0	0.17788530878903377	0.17788530878903377
0.0016791791791791791	0	0.1767798335883147	0.1767798335883147
0.0016816816816816818	0	0.17567680295752217	0.17567680295752217
0.0016841841841841842	0	0.17457621614640131	0.17457621614640131
0.0016866866866866866	0	0.1734780735437249	0.1734780735437249
0.0016891891891891893	0	0.1723823754261886	0.1723823754261886
0.0016916916916916917	0	0.1712891212804214	0.1712891212804214
0.0016941941941941941	0	0.17019831127520238	0.17019831127520238
0.0016966966966966968	0	0.16910994460683593	0.16910994460683593
0.0016991991991991992	0	0.16802401908601594	0.16802401908601594
0.0017017017017017016	0	0.166940536594459	0.166940536594459
0.0017042042042042043	0	0.16585949001657	0.16585949001657
0.0017067067067067067	0	0.16478088514022476	0.16478088514022476
0.0017092092092092091	0	0.16370472805677316	0.16370472805677316
0.0017117117117117118	0	0.16263099515746557	0.16263099515746557
0.0017142142142142142	0.0006198112644327853	0.16155969463586375	0.16217950590029653
0.0017167167167167166	0.0038719636540322506	0.16049083638309664	0.1643628000371289
0.0017192192192192193	0.0071177786599320265	0.15942439817982304	0.16654217683975506
0.0017217217217217217	0.010363226822122488	0.15836039717827635	0.16872362400039884
0.0017242242242242242	0.013608608794225943	0.15729881654194774	0.1709074253361737
0.0017267267267267268	0.01685414812549209	0.1562396673198135	0.1730938154453056
0.0017292292292292292	0.020099992872618495	0.15518292977543868	0.17528292264805717
0.0017317317317317317	0.023346292622958318	0.15412861372361117	0.17747490634656948
0.0017342342342342343	0.02659292971206717	0.1530767177975551	0.17966964750962228
0.0017367367367367367	0.02984018940963007	0.15202722294507762	0.18186741235470769
0.0017392392392392392	0.03308815805404475	0.15098014327599688	0.18406830133004162
0.0017417417417417418	0.03633618069804734	0.14993547335914043	0.18627165405718776
0.0017442442442442442	0.039584638363638965	0.14889319571433562	0.18847783407797458
0.0017467467467467467	0.0428342387180397	0.14785332268572257	0.19068756140376228
0.0017492492492492493	0.04608375700272341	0.1468158475244346	0.19289960452715801
0.0017517517517517517	0.049333758410197895	0.14578076610814836	0.19511452451834627
0.0017542542542542542	0.05258407932798645	0.14474806449248653	0.19733214382047298
0.0017567567567567568	0.05583464884931617	0.14371774674489238	0.19955239559420854
0.0017592592592592592	0.05908539742259891	0.1426898150627613	0.2017752124853602
0.0017617617617617617	0.062336237380794815	0.14166409317042225	0.20400033055121708
0.0017642642642642643	0.06558708356910936	0.14064113500303568	0.20622821857214504
0.0017667667667667667	0.06883748991649086	0.13962024102382953	0.20845773094032038
0.0017692692692692692	0.07208697978819506	0.1386017822864679	0.21068876207466297
0.0017717717717717718	0.07533869799538001	0.1375856749724036	0.2129243729677836
0.0017742742742742742	0.07858850018837307	0.13657192608606222	0.2151604262744353
0.0017767767767767767	0.08183775173666306	0.1355605239771181	0.21739827571378117
0.0017792792792792793	0.08508656157403176	0.1345514682468509	0.21963802982088265
0.0017817817817817817	0.08833413686591825	0.13354474557329046	0.22187888243920872
0.0017842842842842842	0.09158106004638722	0.13254035716221757	0.2241214172086048
0.0017867867867867868	0.09482856010125619	0.13153829866297573	0.2263668587642319
0.0017892892892892893	0.09807002391521724	0.13053855798837838	0.22860858190359562
0.001791791791791792	0.10131411903679644	0.12954114158160493	0.23085526061840136
0.0017942942942942943	0.10455584311555723	0.1285460331690338	0.233101876284591
0.0017967967967967968	0.1077964190645545	0.1275532308595499	0.2353496499241044
0.0017992992992992994	0.11103342124371839	0.12656272621389306	0.23759614745761143
0.0018018018018018018	0.11426948892982577	0.12557451934101826	0.23984400827084404
0.0018043043043043043	0.11750260306662735	0.1245886055804025	0.24209120864702985
0.001806806806806807	0.12073360003299403	0.12360497089250032	0.24433857092549435
0.0018093093093093093	0.12396192073202224	0.12262361213633803	0.24658553286836027
0.0018118118118118118	0.12718737715128828	0.12164452633469992	0.24883190348598822
0.0018143143143143144	0.13040977213187674	0.12066770801090813	0.25107748014278486
0.0018168168168168168	0.13362889778183956	0.11969314676116986	0.25332204454300944
0.0018193193193193193	0.13684484066927452	0.11872084012715121	0.2555656807964257
0.001821821821821822	0.1400509733937179	0.11775077763625807	0.25780175102997593
0.0018243243243243243	0.14326532145295867	0.11678295661246751	0.2600482780654262
0.0018268268268268268	0.1464660908424617	0.11581736783480184	0.26228345867726355
0.0018293293293293294	0.14966827657101786	0.11485400952747139	0.26452228609848927
0.0018318318318318318	0.15286319761652295	0.11389287323764885	0.2667560708541718
0.0018343343343343343	0.15605343462005763	0.11293395084059342	0.26898738546065104
0.001836836836836837	0.15923864226928744	0.11197723149774864	0.2712158737670361
0.0018393393393393393	0.16241858780983517	0.11102271647980823	0.2734413042896434
0.0018418418418418418	0.16559303448716098	0.11007115674928128	0.27566419123644226
0.0018443443443443444	0.16876174180413794	0.10912027018037945	0.2778820119845174
0.0018468468468468468	0.17192447005971087	0.10817231364175171	0.28009678370146257
0.0018493493493493493	0.17508097767530853	0.10722653076616129	0.2823075084414698
0.001851851851851852	0.17823101587916554	0.10628291582152266	0.28451393170068817
0.0018543543543543544	0.18137434451189005	0.10534146217330233	0.28671580668519236
0.0018568568568568568	0.18451070650842383	0.10440215694688346	0.2889128634553073
0.0018593593593593594	0.18763985803337194	0.10346500083357554	0.2911048588669475
0.0018618618618618619	0.19076154248830712	0.10252997898739248	0.2932915214756996
0.0018643643643643643	0.19387550575391746	0.10159708552347749	0.29547259127739495
0.001866866866866867	0.19698154568537615	0.10066631708932904	0.2976478627747052
0.0018693693693693694	0.2000792482372462	0.09973766315975272	0.29981691139699895
0.0018718718718718718	0.2031685321947744	0.09881111677373959	0.301979648968514
0.0018743743743743744	0.20624906477675609	0.0978866725600782	0.3041357373368343
0.0018768768768768769	0.2093205879534025	0.09696431519564923	0.3062849031490517
0.0018793793793793793	0.21238285321383743	0.09604404812564911	0.3084269013394865
0.001881881881881882	0.21543559311580368	0.0951258498126928	0.31056144292849647
0.0018843843843843844	0.2184785556362208	0.09420972779245852	0.3126882834286793
0.0018868868868868868	0.22151147714216432	0.0932956626160517	0.314807139758216
0.0018893893893893894	0.22453409377116307	0.09238365265932558	0.31691774643048864
0.0018918918918918919	0.22754615081068783	0.09147368806286989	0.3190198388735577
0.0018943943943943943	0.2305473729525864	0.09056576285683579	0.3211131358094222
0.001896896896896897	0.2335375159990341	0.08965986046934987	0.323197376468384
0.0018993993993993994	0.23651632065959857	0.0887559821871027	0.3252723028467013
0.0019019019019019018	0.23948350393749965	0.08785411654784561	0.32733762048534526
0.0019044044044044044	0.24243883292242838	0.08695425247791434	0.32939308540034273
0.0019069069069069069	0.2453820400554149	0.08605638773537466	0.3314384277907896
0.0019094094094094093	0.24831286713574538	0.08516050722703146	0.33347337436277685
0.001911911911911912	0.2512310464928636	0.08426660501332536	0.33549765150618893
0.0019144144144144144	0.2541363274141597	0.08337467616351704	0.3375110035776767
0.001916916916916917	0.2570284693488865	0.0824847060955642	0.3395131754444507
0.0019194194194194195	0.2599071919854825	0.08159669083762942	0.34150388282311195
0.0019219219219219219	0.2627722730805529	0.08071061704892205	0.34348289012947497
0.0019244244244244245	0.2656234277106577	0.0798264807785938	0.3454499084892515
0.001926926926926927	0.2684604289851331	0.07894426845903722	0.34740469744417035
0.0019294294294294294	0.2712830159728753	0.07806397581077643	0.3493469917836517
0.001931931931931932	0.27409093755364683	0.07718558922492261	0.35127652677856946
0.0019344344344344345	0.2768839618000507	0.07630910209763116	0.35319306389768185
0.0019369369369369369	0.2796618373032328	0.0754345047265261	0.3550963420297589
0.0019394394394394395	0.2824243245751104	0.07456178548413621	0.35698611005924663
0.001941941941941942	0.2851711789800276	0.07369094109211508	0.3588621200721427
0.0019444444444444444	0.2879021655359021	0.07282195455809799	0.36072412009400007
0.001946946946946947	0.29061703701617	0.07195482304178193	0.3625718600579519
0.0019494494494494495	0.2933155747696278	0.0710895318944158	0.3644051066640436
0.001951951951951952	0.2959975333303365	0.07022607510817742	0.3662236084385139
0.0019544544544544545	0.29866269765806036	0.06936444022566876	0.3680271378837291
0.001956956956956957	0.3013108245855894	0.06850461990822594	0.3698154444938153
0.0019594594594594594	0.30394170240484863	0.0676465995528098	0.37158830195765846
0.001961961961961962	0.30655510569913913	0.06679037301641107	0.3733454787155502
0.0019644644644644643	0.30915081388289656	0.06593593010612728	0.37508674398902386
0.001966966966966967	0.31172859264204134	0.06508326005662646	0.3768118526986678
0.0019694694694694695	0.3142882585880662	0.0642323503762629	0.3785206089643291
0.001971971971971972	0.3168295896149444	0.06338319353655311	0.38021278315149754
0.0019744744744744744	0.31935408465801235	0.06253577631901829	0.38188986097703065
0.001976976976976977	0.3218563497116244	0.06169014867337806	0.3835464983850025
0.0019794794794794797	0.3243414459051072	0.06084612503498185	0.38518757094008904
0.001981981981981982	0.32680736660376464	0.06000386580008729	0.38681123240385196
0.0019844844844844845	0.32925392700978473	0.05916330336159733	0.38841723037138204
0.001986986986986987	0.33168095219745247	0.058324429458774425	0.3900053816562269
0.0019894894894894894	0.3340882430092163	0.057487228260914944	0.39157547127013126
0.001991991991991992	0.3364756125257611	0.0566516931126918	0.3931273056384529
0.0019944944944944947	0.33884287744375047	0.05581780647249905	0.39466068391624953
0.001996996996996997	0.3411898640226209	0.05498556188082086	0.3961754259034418
0.0019994994994994996	0.3435163845954146	0.054154946045383616	0.39767133064079824
0.002002002002002002	0.34582226915703235	0.05332594564562033	0.39914821480265267
0.0020045045045045044	0.34810736412219767	0.0524985481459033	0.400605912268101
0.002007007007007007	0.35037148733414536	0.05167274541336154	0.4020442327475069
0.0020095095095095097	0.3526144761022867	0.050848520732269996	0.40346299683455666
0.002012012012012012	0.35483618701664277	0.0500258619308229	0.4048620489474657
0.0020145145145145146	0.3570364463854026	0.049204755853044735	0.40624120223844734
0.002017017017017017	0.359215108023233	0.04838519470268587	0.40760030272591885
0.0020195195195195194	0.36137202948645725	0.04756715818426157	0.4089391876707188
0.002022022022022022	0.36350706627701346	0.04675063642166323	0.4102577026986767
0.0020245245245245247	0.3656200788375404	0.04593563981247418	0.41155571865001456
0.002027027027027027	0.36771092233483216	0.04512090838075867	0.4128318307155908
0.0020295295295295296	0.3697794748890762	0.044310089081942707	0.4140895639710189
0.002032032032032032	0.3718256063530297	0.04350030370772453	0.4153259100607542
0.0020345345345345344	0.3738492002202037	0.04268909899343175	0.41653829921363544
0.002037037037037037	0.3758501135023917	0.04188264120218642	0.41773275470457816
0.0020395395395395397	0.37782698452966507	0.041076230689761795	0.41890321521942686
0.002042042042042042	0.37978349531319766	0.04027132380544433	0.420054819118642
0.0020445445445445446	0.38171572330025333	0.0394678011362041	0.42118352443645746
0.002047047047047047	0.38362485750748904	0.03866565118743024	0.4222905086949193
0.0020495495495495494	0.38551076092128556	0.0378648540678171	0.42337561498910264
0.002052052052052052	0.3873733685818485	0.03706539584975315	0.42443876443160167
0.0020545545545545547	0.38921256577337177	0.03626726161213848	0.42547982738551027
0.002057057057057057	0.39102829049508964	0.03547043421078876	0.4264987247058784
0.0020595595595595596	0.392820419885452	0.03467501895590717	0.4274954388413592
0.002062062062062062	0.39458890553255294	0.03388064905808745	0.4284695545906404
0.0020645645645645644	0.39633366290521127	0.033087461342945476	0.42942112424815676
0.002067067067067067	0.39805461422271593	0.03229578325849096	0.4303503974812069
0.0020695695695695697	0.39975169729757887	0.031505282485162	0.43125697978274086
0.002072072072072072	0.4014248445658685	0.03071588961301762	0.43214073417888615
0.0020745745745745746	0.4030739824587865	0.02992762313107404	0.43300160558986056
0.002077077077077077	0.4046990747875786	0.029140827360914133	0.4338399021484927
0.0020795795795795794	0.40630004139511294	0.02835535301445735	0.4346553944095703
0.002082082082082082	0.4078768709635114	0.027570161891576545	0.4354470328550879
0.0020845845845845847	0.40942950220350394	0.026786528517582193	0.4362160307210861
0.002087087087087087	0.4109578899354931	0.026003742900450485	0.4369616328359436
0.0020895895895895896	0.412461990416437	0.02522248452483902	0.437684474941276
0.002092092092092092	0.4139417821307047	0.02444204015026328	0.438383822280968
0.0020945945945945945	0.41539723449638916	0.023662644679317606	0.43905987917570677
0.0020970970970970973	0.416828321653347	0.02288422493010742	0.43971254658345443
0.0020995995995995997	0.4182350238317123	0.022106586494251363	0.44034161032596364
0.002102102102102102	0.4196173211670591	0.02133066443336006	0.44094798560041915
0.0021046046046046046	0.42097520167072794	0.020554624865076504	0.4415298265358044
0.002107107107107107	0.4223086544313945	0.019780106505205283	0.44208876093659977
0.0021096096096096095	0.4236176729960533	0.019006347201591587	0.4426240201976449
0.0021121121121121123	0.42490225699699524	0.01823344576817841	0.44313570276517367
0.0021146146146146147	0.4261624058325357	0.017461379960661973	0.44362378579319767
0.002117117117117117	0.4273981259902853	0.01669012169976986	0.44408824769005517
0.0021196196196196196	0.4286094264551627	0.015919646412275737	0.4445290728674384
0.002122122122122122	0.429796318671879	0.015149926240344525	0.4449462449122235
0.0021246246246246245	0.4309588189630054	0.014380932856635133	0.44533975181964053
0.0021271271271271273	0.4320969485259897	0.013612641416441348	0.44570958994243104
0.0021296296296296298	0.43321072695952184	0.012845050571795288	0.44605577753131714
0.002132132132132132	0.43430018579044577	0.01207798687463817	0.44637817266508395
0.0021346346346346346	0.43536535204452975	0.01131169409261865	0.4466770461371484
0.002137137137137137	0.43640626008011574	0.010545895549963885	0.4469521556300796
0.0021396396396396395	0.43742294746340266	0.009780691395970091	0.44720363885937275
0.0021421421421421423	0.43841545392652753	0.00901592898571519	0.4474313829122427
0.0021446446446446448	0.4393838235418008	0.008251690984306566	0.44763551452610734
0.002147147147147147	0.44032810260289007	0.007487831951233835	0.4478159345541239
0.0021496496496496496	0.441248342437567	0.006724518607853603	0.4479728610454206
0.002152152152152152	0.44214443482476296	0.005961499249605689	0.44810593407436866
0.0021546546546546545	0.44301691899069295	0.005198810433384861	0.44821572942407784
0.0021571571571571573	0.44386537210242194	0.0044364000250786345	0.44830177212750055
0.0021596596596596598	0.4446900191209849	0.003674215254126466	0.44836423437511136
0.002162162162162162	0.44549092497408027	0.0029121986663300818	0.44840312364041035
0.0021646646646646646	0.4462681577468528	0.0021502806070548526	0.44841843835390766
0.002167167167167167	0.44702179224816996	0.0013883859752412966	0.4484101782234113
0.0021696696696696695	0.4477518992089632	0.0006192406151003668	0.44837113982406357
0.0021721721721721723	0.4484585576088775	0	0.4484585576088775
0.0021746746746746748	0.4491418501158861	0	0.4491418501158861
0.002177177177177177	0.4498018578462824	0	0.4498018578462824
0.0021796796796796796	0.4504386674630252	0	0.4504386674630252
0.002182182182182182	0.45105236624930506	0	0.45105236624930506
0.0021846846846846845	0.45164304690185963	0	0.45164304690185963
0.0021871871871871874	0.4522108022042062	0	0.4522108022042062
0.0021896896896896898	0.45275573061606733	0	0.45275573061606733
0.002192192192192192	0.45327792796178	0	0.45327792796178
0.0021946946946946946	0.4537774986004618	0	0.4537774986004618
0.002197197197197197	0.4542545436530043	0	0.4542545436530043
0.0021996996996996995	0.4547091709446609	0	0.4547091709446609
0.0022022022022022024	0.45514149008041044	0	0.45514149008041044
0.002204704704704705	0.45555160687619534	0	0.45555160687619534
0.002207207207207207	0.4559396380587691	0	0.4559396380587691
0.0022097097097097096	0.4563056986475683	0	0.4563056986475683
0.002212212212212212	0.4566499014703885	0	0.4566499014703885
0.0022147147147147145	0.45697237175439237	0	0.45697237175439237
0.0022172172172172174	0.45727322763909006	0	0.45727322763909006
0.00221971971971972	0.45755258905155566	0	0.45755258905155566
0.0022222222222222222	0.45781058622021853	0	0.45781058622021853
0.0022247247247247246	0.4580473450410138	0	0.4580473450410138
0.002227227227227227	0.458262991294305	0	0.458262991294305
0.00222972972972973	0.4584576570374539	0	0.4584576570374539
0.0022322322322322324	0.45863147458238046	0	0.45863147458238046
0.002234734734734735	0.45878457737799155	0	0.45878457737799155
0.0022372372372372372	0.4589170986834509	0	0.4589170986834509
0.0022397397397397397	0.45902918140660615	0	0.45902918140660615
0.002242242242242242	0.4591209581638873	0	0.4591209581638873
0.002244744744744745	0.45919257118717155	0	0.45919257118717155
0.0022472472472472474	0.4592441593363972	0	0.4592441593363972
0.00224974974974975	0.4592758705148028	0	0.4592758705148028
0.0022522522522522522	0.45928784448053334	0	0.45928784448053334
0.0022547547547547547	0.4592802265994002	0	0.4592802265994002
0.002257257257257257	0.45925316604848815	0	0.45925316604848815
0.00225975975975976	0.45920680911912126	0	0.45920680911912126
0.0022622622622622624	0.4591413037916645	0	0.4591413037916645
0.002264764764764765	0.45905680280324723	0	0.45905680280324723
0.0022672672672672672	0.45895345184972947	0	0.45895345184972947
0.0022697697697697697	0.4588314083962566	0	0.4588314083962566
0.002272272272272272	0.4586908241713605	0	0.4586908241713605
0.002274774774774775	0.4585318508478408	0	0.4585318508478408
0.0022772772772772774	0.45835464632470263	0	0.45835464632470263
0.00227977977977978	0.4581593603803551	0	0.4581593603803551
0.0022822822822822822	0.4579461573128535	0	0.4579461573128535
0.0022847847847847847	0.457715189315636	0	0.457715189315636
0.002287287287287287	0.45746661301385355	0	0.45746661301385355
0.00228978978978979	0.45720059040273014	0	0.45720059040273014
0.0022922922922922924	0.4569172791978651	0	0.4569172791978651
0.002294794794794795	0.45661683853913065	0	0.45661683853913065
0.0022972972972972973	0.4562994288269287	0	0.4562994288269287
0.0022997997997997997	0.4559652109907129	0	0.4559652109907129
0.002302302302302302	0.45561434370500314	0	0.45561434370500314
0.002304804804804805	0.45524699371679306	0	0.45524699371679306
0.0023073073073073074	0.45486331675033354	0	0.45486331675033354
0.00230980980980981	0.4544634801849717	0	0.4544634801849717
0.0023123123123123123	0.4540476434108931	0	0.4540476434108931
0.0023148148148148147	0.4536159705104072	0	0.4536159705104072
0.002317317317317317	0.45316862462524704	0	0.45316862462524704
0.00231981981981982	0.452705767140143	0	0.452705767140143
0.0023223223223223224	0.4522275631989268	0	0.4522275631989268
0.002324824824824825	0.45173417303635666	0	0.45173417303635666
0.0023273273273273273	0.4512257659455058	0	0.4512257659455058
0.0023298298298298297	0.4507025006645969	0	0.4507025006645969
0.002332332332332332	0.45016454375346765	0	0.45016454375346765
0.002334834834834835	0.4496120545512018	0	0.4496120545512018
0.0023373373373373374	0.44904520127408826	0	0.44904520127408826
0.00233983983983984	0.4484641438210847	0	0.4484641438210847
0.0023423423423423423	0.4478690486001425	0	0.4478690486001425
0.0023448448448448447	0.4472600756496704	0	0.4472600756496704
0.0023473473473473476	0.4466373899083415	0	0.4466373899083415
0.00234984984984985	0.44600115376899474	0	0.44600115376899474
0.0023523523523523524	0.4453515286705549	0	0.4453515286705549
0.002354854854854855	0.4446886768779553	0	0.4446886768779553
0.0023573573573573573	0.44401276215748325	0	0.44401276215748325
0.0023598598598598597	0.4433239437597229	0	0.4433239437597229
0.0023623623623623626	0.4426223865761639	0	0.4426223865761639
0.002364864864864865	0.44190824820733415	0	0.44190824820733415
0.0023673673673673674	0.4411816893217379	0	0.4411816893217379
0.00236986986986987	0.44044287174909924	0	0.44044287174909924
0.0023723723723723723	0.4396919542953685	0	0.4396919542953685
0.0023748748748748747	0.4389290959322775	0	0.4389290959322775
0.0023773773773773776	0.4381544544585247	0	0.4381544544585247
0.00237987987987988	0.4373681883326727	0	0.4373681883326727
0.0023823823823823824	0.4365704579132076	0	0.4365704579132076
0.002384884884884885	0.4357614160595915	0	0.4357614160595915
0.0023873873873873873	0.43494122032954163	0	0.43494122032954163
0.0023898898898898897	0.4341100293931995	0	0.4341100293931995
0.0023923923923923926	0.4332679942296017	0	0.4332679942296017
0.002394894894894895	0.4324152742162326	0	0.4324152742162326
0.0023973973973973974	0.4315520186308809	0	0.4315520186308809
0.0023998998998999	0.4306783824111284	0	0.4306783824111284
0.0024024024024024023	0.42979451822786546	0	0.42979451822786546
0.0024049049049049047	0.42890057678296445	0	0.42890057678296445
0.0024074074074074076	0.4279967117295171	0	0.4279967117295171
0.00240990990990991	0.42708306947149915	0	0.42708306947149915
0.0024124124124124124	0.4261598021155817	0	0.4261598021155817
0.002414914914914915	0.4252270601435736	0	0.4252270601435736
0.0024174174174174173	0.4242849863321217	0	0.4242849863321217
0.0024199199199199197	0.4233337304723213	0	0.4233337304723213
0.0024224224224224226	0.42237343972645813	0	0.42237343972645813
0.002424924924924925	0.4214042573388833	0	0.4214042573388833
0.0024274274274274274	0.42042632890338494	0	0.42042632890338494
0.00242992992992993	0.4194397982257153	0	0.4194397982257153
0.0024324324324324323	0.4184448099233363	0	0.4184448099233363
0.0024349349349349347	0.41744150110565603	0	0.41744150110565603
0.0024374374374374376	0.41643001620049935	0	0.41643001620049935
0.00243993993993994	0.4154104934534426	0	0.4154104934534426
0.0024424424424424425	0.41438307445585015	0	0.41438307445585015
0.002444944944944945	0.41334789534551075	0	0.41334789534551075
0.0024474474474474473	0.41230509220881967	0	0.41230509220881967
0.0024499499499499497	0.4112548027639422	0	0.4112548027639422
0.0024524524524524526	0.4101971626679499	0	0.4101971626679499
0.002454954954954955	0.40913230493621766	0	0.40913230493621766
0.0024574574574574575	0.4080603635442174	0	0.4080603635442174
0.00245995995995996	0.40698147063396134	0	0.40698147063396134
0.0024624624624624623	0.40589575754002943	0	0.40589575754002943
0.0024649649649649647	0.4048033541135697	0	0.4048033541135697
0.0024674674674674676	0.40370439001750263	0	0.40370439001750263
0.00246996996996997	0.40259899308280184	0	0.40259899308280184
0.0024724724724724725	0.4014872905235677	0	0.4014872905235677
0.002474974974974975	0.400369408568847	0	0.400369408568847
0.0024774774774774773	0.39924547212315337	0	0.39924547212315337
0.00247997997997998	0.3981156053140241	0	0.3981156053140241
0.0024824824824824826	0.3969799312669852	0	0.3969799312669852
0.002484984984984985	0.3958385714330271	0	0.3958385714330271
0.0024874874874874875	0.3946916472383384	0	0.3946916472383384
0.00248998998998999	0.39353927778694425	0	0.39353927778694425
0.0024924924924924923	0.39238158241084814	0	0.39238158241084814
0.002494994994994995	0.39121867866463067	0	0.39121867866463067
0.0024974974974974976	0.3900506826607784	0	0.3900506826607784
0.0025	0.38887771039329816	0	0.38887771039329816