2.8182385634883956e-6	0.4063231732416141
7.24242032789167e-6	0.40625447377858337
0.000011666758751931212	0.4061847878171327
0.000016091259655572606	0.4061141162218262
0.000020515928858997075	0.4060424598577153
0.000024940772182300813	0.40596981959221423
0.0000293657954460087	0.4058961962948008
0.00003379100447085748	0.40582159083701375
0.000038216405078102315	0.405746004092434
0.000042642003089478254	0.40566943693669294
0.00004706780432735622	0.40559189024744247
0.000051493814614838465	0.40551336490436
0.00005592003977582794	0.4054338617891373
0.00006034648563514803	0.4053533817854699
0.00006477315801865792	0.4052719257790499
0.00006920006275328899	0.405189494657553
0.0000736272056672097	0.4051060893106323
0.00007805459258986274	0.4050217106299149
0.00008248222935212261	0.4049363595089891
0.00008691012178632475	0.4048500368433847
0.00009133827572643753	0.4047627435305761
0.00009576669700807856	0.4046744804699853
0.00010019539146869573	0.40458524856294376
0.00010462436494759402	0.4044950487127069
0.00010905362328606596	0.4044038818244353
0.00011348317232749153	0.40431174880518805
0.00011791301791744144	0.40421865056391715
0.00012234316590372619	0.40412458801145545
0.00012677362213657487	0.40402956206049606
0.000131204392468651	0.4039335736256174
0.00013563548275522178	0.40383662362324346
0.0001400668988541857	0.4037387129716404
0.00014449864662625199	0.40363984259091296
0.0001489307319349578	0.4035400134030052
0.0001533631606468305	0.4034392263316681
0.00015779593863144594	0.4033374823024682
0.00016222907176155032	0.4032347822427925
0.0001666625659131432	0.40313112708179444
0.00017109642696559193	0.4030265177504341
0.00017553066080172003	0.4029209551814424
0.00017996527330791032	0.40281444030931723
0.00018440027037421754	0.4027069740703161
0.0001888356578944282	0.4025985574024553
0.0001932714417662124	0.4024891912454938
0.00019770762789119624	0.40237887654090787
0.00020214422217505396	0.4022676142319303
0.0002065812305276291	0.4021554052634805
0.00021101865886302855	0.4020422505822137
0.00021545651309971936	0.4019281511364608
0.00021989479916062536	0.401813107876259
0.0002243335229732481	0.401697121753335
0.00022877269046974255	0.4015801937210767
0.0002332123075870492	0.40146232473455
0.0002376523802669594	0.40134351575047167
0.00024209291445625357	0.40122376772719825
0.00024653391610677866	0.40110308162474606
0.0002509753911755694	0.4009814584047842
0.0002554173456249274	0.4008588990305444
0.0002598597854225477	0.4007354044669185
0.0002643027165416215	0.40061097568041304
0.00026874614496091354	0.4004856136390993
0.00027319007666490373	0.4003593193126799
0.00027763451764385613	0.4002320936724026
0.00028207947389394966	0.40010393769111585
0.00028652495141736673	0.39997485234322855
0.0002909709562224081	0.39984483860468867
0.000295417494323597	0.3997138974530008
0.00029986457174177914	0.3995820298672684
0.000304312194504231	0.39944923682802574
0.0003087603686447716	0.3993155193174085
0.00031320910020385823	0.3991808783190319
0.0003176583952287034	0.39904531481806005
0.0003221082597733803	0.3989088298010899
0.00032655869989892285	0.3987714242562849
0.00033100972167344496	0.3986330991732203
0.00033546133117224095	0.39849385554301714
0.00033991353447789435	0.3983536943582293
0.00034436633768038564	0.39821261661283736
0.00034881974687721393	0.39807062330235143
0.0003532737681734866	0.39792771542362587
0.0003577284076820463	0.3977838939750585
0.0003621836715235631	0.39763915995638793
0.00036663956582667277	0.39749351436879204
0.00037109609672805315	0.3973469582148974
0.0003755532703725736	0.39719949249869435
0.00038001109291336605	0.39705111822556705
0.00038446957051197097	0.3969018364023067
0.00038892870933843226	0.3967516480370832
0.0003933885155714173	0.3966005541394077
0.0003978489953983209	0.3964485557201857
0.0004023101550153939	0.3962956537916658
0.00040677200062784664	0.3961418493674282
0.00041123453844996025	0.39598714346242875
0.00041569777470521483	0.3958315370929164
0.00042016171562639316	0.3956750312764763
0.00042462636745570556	0.395517627032014
0.00042909173644489296	0.3953593253797335
0.00043355782885536005	0.39520012734115234
0.0004380246509582848	0.39504003393904513
0.0004424922090347272	0.3948790461975105
0.0004469605093757644	0.3947171651419253
0.0004514295582826013	0.39455439179886276
0.0004558993620666834	0.3943907271962508
0.00046036992704983113	0.39422617236322754
0.0004648412595643424	0.39406072833014355
0.00046931336595313055	0.39389439612862603
0.0004737862525698258	0.39372717679155816
0.0004782599257789205	0.39355907135294577
0.00048273439195587077	0.3933900808481121
0.00048720965748722716	0.3932202063135487
0.0004916857287707659	0.3930494487869175
0.0004961626122155933	0.39287780930708877
0.0005006403142422919	0.3927052889141684
0.0005051188412830264	0.39253188864932964
0.0005095981997816807	0.3923576095550095
0.0005140783961939811	0.39218245267475355
0.0005185594369876202	0.3920064190532895
0.0005230413286423902	0.391829509736473
0.0005275240776502971	0.39165172577127677
0.00053200769051571	0.3914730682058517
0.0005364921737554674	0.3912935380894232
0.0005409775338990267	0.3911131364723874
0.0005454637774885779	0.39093186440617583
0.0005499509110791816	0.3907497229433647
0.0005544389412389063	0.3905667131376268
0.0005589278745489451	0.3903828360437155
0.0005634177176037674	0.3901980927174088
0.0005679084770112367	0.3900124842156373
0.0005724001593927455	0.38982601159634434
0.000576892771383366	0.38963867591856255
0.0005813863196319584	0.38945047824232887
0.000585880810801337	0.38926141962870436
0.000590376251568384	0.3890715011398841
0.0005948726486241925	0.388880723839003
0.0005993700086742126	0.3886890887902147
0.0006038683384383804	0.38849659705873707
0.0006083676446512645	0.3883032497107468
0.000612867934062198	0.38810904781342376
0.0006173692134354285	0.3879139924349381
0.0006218714895502574	0.38771808464446944
0.0006263747692011728	0.3875213255121376
0.0006308790591980081	0.38732371610909244
0.0006353843663660732	0.3871252575072894
0.000639890697546312	0.3869259507798378
0.0006443980595954283	0.3867257970006536
0.0006489064593860521	0.3865247972446788
0.0006534159038068752	0.38632295258770505
0.0006579263997628073	0.38612026410650535
0.0006624379541751176	0.3859167328787499
0.000666950573981581	0.38571235998303965
0.0006714642661366372	0.38550714649888795
0.0006759790376115511	0.385301093506605
0.0006804948953945308	0.38509420208756057
0.0006850118464909198	0.3848864733238647
0.000689529897923326	0.38467790829855103
0.0006940490567317863	0.384468508095561
0.0006985693299739216	0.38425827379962046
0.0007030907247250874	0.3840472064963739
0.0007076132480785376	0.38383530727229487
0.0007121369071455834	0.383622577214693
0.0007166617090557461	0.38340901741174044
0.0007211876609569238	0.38319462895236267
0.0007257147700155521	0.38297941292640136
0.0007302430434167602	0.3827633704244425
0.0007347724883645397	0.3825465025379142
0.0007393031120819106	0.38232881035905814
0.0007438349218110787	0.3821102949808058
0.0007483679248136116	0.38189095749705626
0.0007529021283705923	0.3816707990023386
0.0007574375397828055	0.38144982059201915
0.0007619741663708891	0.3812280233622129
0.0007665120154755169	0.38100540840982056
0.0007710510944575661	0.38078197683243536
0.0007755914106982891	0.3805577297284775
0.000780132971599482	0.38033266819706274
0.0007846757845836718	0.3801067933380416
0.0007892198570942817	0.3798801062519783
0.0007937651965958086	0.37965260804025797
0.0007983118105740055	0.37942429980480785
0.0008028597065360606	0.37919518264837476
0.0008074088920107773	0.3789652576744311
0.0008119593745487462	0.3787345259870912
0.0008165111617225451	0.37850298869113586
0.0008210642611269037	0.3782706468920627
0.0008256186803789108	0.3780375016960403
0.0008301744271181768	0.37780355420996253
0.0008347315090070395	0.37756880554130234
0.0008392899337307425	0.3773332567981686
0.0008438497089976329	0.37709690908940974
0.0008484108425393458	0.37685976352450185
0.0008529733421109987	0.3766218212134883
0.0008575372154913841	0.3763830832671323
0.0008621024704831784	0.3761435507967625
0.0008666691149131133	0.37590322491434625
0.0008712371566321969	0.37566210673245104
0.0008758066035158985	0.3754201973642757
0.0008803774634643554	0.37517749792360433
0.0008849497444025754	0.3749340095247995
0.0008895234542806365	0.3746897332828321
0.0008940986010738985	0.37444467031328793
0.000898675192783192	0.3741988217322341
0.0009032532374350554	0.3739521886564094
0.0009078327430819189	0.3737047722030526
0.0009124137178023228	0.3734565734899584
0.000916996169701134	0.37320759363552314
0.0009215801069097491	0.3729578337586827
0.00092616553758633	0.37270729497878785
0.0009307524699159932	0.372455978415953
0.0009353409121110503	0.3722038851905737
0.000939930872411219	0.3719510164238001
0.0009445223590838434	0.37169737323706287
0.0009491153804241225	0.3714429567525226
0.0009537099447553235	0.37118776809267223
0.000958306060429029	0.3709318083806184
0.0009629037358253376	0.37067507873987765
0.0009675029793531227	0.37041758029451455
0.0009721037994502368	0.3701593141690805
0.0009767062045837641	0.36990028148854753
0.0009813102032502471	0.36964048337832334
0.0009859158039759242	0.3693799209643988
0.000990523015316969	0.36911859537319136
0.0009951318458597286	0.3688565077314819
0.0009997423042209695	0.36859365916657216
0.0010043543990481164	0.36833005080621034
0.0010089681390194958	0.36806568377855253
0.0010135835328446002	0.3678005592121925
0.0010182005892643165	0.36753467823612235
0.0010228193170511884	0.36726804197977697
0.0010274397250096667	0.36700065157307665
0.0010320618219763608	0.36673250814619046
0.0010366856168203139	0.3664636128298511
0.001041311118443233	0.3661939667550339
0.0010459383357797765	0.36592357105327716
0.0010505672777978055	0.36565242685632193
0.0010551979534986447	0.3653805352964858
0.0010598303719173605	0.3651078975062248
0.001064464542123025	0.3648345146186149
0.0010691004732189897	0.3645603877669491
0.0010737381743431518	0.364285518084943
0.001078377654668241	0.3640099067064941
0.0010830189234020949	0.3637335547661077
0.0010876619897879358	0.36345646339849963
0.0010923068631046508	0.3631786337387436
0.0010969535526670893	0.36290006692218946
0.0011016020678263354	0.3626207640845962
0.001106252417970005	0.3623407263619992
0.0011109046125225388	0.3620599548908097
0.001115558660945493	0.36177845080766424
0.0011202145727378424	0.3614962152495501
0.0011248723574362692	0.36121324935378646
0.0011295320246154695	0.360929554257922
0.0011341935838884635	0.3606451310998463
0.001138857044906896	0.3603599810177806
0.001143522417361344	0.3600741051500934
0.0011481897109816264	0.3597875046355593
0.0011528589355371364	0.3595001806131631
0.0011575301008371302	0.3592121342221445
0.0011622032167310698	0.35892336660208846
0.0011668782931089346	0.35863387889275405
0.0011715553399015497	0.35834367223413155
0.001176234367080909	0.35805274776662444
0.0011809153846605166	0.3577611066306585
0.0011855984026957016	0.3574687499670362
0.0011902834312839772	0.3571756789167939
0.0011949704805653634	0.35688189462112263
0.0011996595607227344	0.3565873982214686
0.0012043506819821622	0.35629219085958075
0.001209043854613268	0.3559962736772705
0.0012137390889295655	0.35569964781669045
0.0012184363952888265	0.35540231442014825
0.0012231357840934308	0.3551042746301366
0.0012278372657907207	0.35480552958935335
0.0012325408508733736	0.3545060804407861
0.0012372465498797758	0.35420592832739467
0.0012419543733943634	0.3539050743924773
0.0012466643320480327	0.35360351977956334
0.0012513764365184826	0.3533012656322829
0.0012560906975306193	0.3529983130943348
0.0012608071258569313	0.35269466330974447
0.0012655257323178598	0.35239031742257515
0.0012702465277822234	0.3520852765772332
0.0012749695231675747	0.3517795419180421
0.0012796947294406193	0.3514731145896525
0.0012844221576176153	0.35116599573667306
0.0012891518187647657	0.3508581865041894
0.0012938837239986362	0.35054968803694914
0.001298617884486565	0.35024050148027897
0.0013033543114470746	0.34993062797936053
0.0013080930161502961	0.34962006867965567
0.001312834009918385	0.34930882472658653
0.0013175773041259604	0.3489968972657385
0.0013223229102005186	0.3486842874429666
0.0013270708396228798	0.3483709964041278
0.0013318211039276254	0.34805702529502275
0.001336573714703536	0.3477423752617845
0.0013413286835940446	0.3474270474506179
0.0013460860222976852	0.34711104300759554
0.0013508457425685438	0.346794363079235
0.0013556078562167247	0.34647700881175175
0.0013603723751088087	0.3461589813517799
0.0013651393111683249	0.3458402818458114
0.0013699086763762289	0.3455209114405356
0.0013746804827713638	0.3452008712825662
0.0013794547424509534	0.344880162518773
0.0013842314675710978	0.3445587862959652
0.0013890106703472393	0.34423674376096897
0.0013937923630546805	0.34391403606081566
0.0013985765580290755	0.3435906643424786
0.0014033632676669326	0.34326662975297834
0.0014081525044261323	0.34294193343942453
0.001412944280826442	0.3426165765489801
0.0014177386094500189	0.3422905602287654
0.0014225355029419617	0.3419638856260049
0.0014273349740108216	0.341636553887888
0.001432137035429145	0.341308566161731
0.0014369417000340153	0.3409799235947996
0.0014417489807275932	0.34065062733438645
0.0014465588904776685	0.34032067852788683
0.0014513714423182314	0.3399900783224858
0.001456186649350016	0.33965882786563373
0.0014610045247410721	0.3393269283046821
0.0014658250817273528	0.3389943807869281
0.001470648333613278	0.3386611864598382
0.0014754742937723247	0.3383273464706225
0.001480302975647622	0.3379928619668257
0.001485134392752541	0.3376577340955559
0.0014899685586713023	0.33732196400430975
0.0014948054870595892	0.3369855528404428
0.0014996451916451572	0.33664850175111194
0.0015044876862284513	0.33631081188366774
0.001509332984683244	0.33597248438539534
0.0015141811009572641	0.3356335204035437
0.0015190320490728372	0.33529392108527245
0.001523885843127544	0.33495368757772903
0.0015287424972948492	0.3346128210282156
0.0015336020258247896	0.33427132258363434
0.0015384644430446273	0.33392919339116983
0.0015433297633595294	0.33358643459781534
0.0015481980012532438	0.333243047350689
0.0015530691712887952	0.3328990327965357
0.0015579432881091778	0.3325543920822868
0.0015628203664380589	0.33220912635483624
0.0015677004210804919	0.3318632367609975
0.0015725834669236267	0.33151672444741176
0.00157746951893745	0.33116959056081136
0.001582358592175499	0.3308218362477758
0.0015872507017756247	0.3304734626548547
0.0015921458629607251	0.3301244709285606
0.0015970440910395105	0.3297748622152409
0.0016019454014072623	0.329424637661289
0.0016068498095466162	0.3290737984129924
0.0016117573310283333	0.3287223456165388
0.0016166679815120993	0.32837028041804445
0.0016215817767473236	0.3280176039634987
0.0016264987325739346	0.327664317398935
0.0016314188649232172	0.327310421870261
0.0016363421898186112	0.3269559185232803
0.0016412687233765741	0.32660080850357176
0.0016461984818074108	0.3262450929569003
0.001651131481416117	0.3258887730288265
0.001656067738603262	0.32553184986466943
0.0016610072698658464	0.3251743246098894
0.0016659500917981863	0.32481619840974446
0.001670896221092811	0.32445747240936823
0.001675845674541355	0.32409814775386947
0.001680798469035474	0.3237382255882193
0.0016857546215677715	0.32337770705721375
0.0016907141492327187	0.3230165933057322
0.001695677069227609	0.32265488547840837
0.0017006433988535025	0.32229258471984285
0.0017056131555161994	0.32192969217442396
0.0017105863567272025	0.32156620898654914
0.0017155630201047165	0.32120213630052186
0.0017205431633746354	0.32083747526042244
0.0017255268043715583	0.3204722270102213
0.0017305139610397974	0.3201063926940755
0.0017355046514344317	0.31973997345555194
0.0017404988937223273	0.31937297043846596
0.0017454967061832126	0.31900538478636165
0.0017504981072107404	0.31863721764280156
0.0017555031153135541	0.3182684701510536
0.0017605117491164117	0.3178991434543975
0.0017655240273612629	0.3175292386960183
0.0017705399689083865	0.31715875701879764
0.001775559592737512	0.31678769956579045
0.0017805829179489792	0.3164160674796543
0.0017856099637648798	0.31604386190316014
0.0017906407495302426	0.315671083978787
0.0017956752947142236	0.3152977348489718
0.001800713618911294	0.3149238156560255
0.001805755741842467	0.31454932754220627
0.0018108016833565293	0.3141742716495181
0.0018158514634312771	0.31379864911998395
0.0018209051021747813	0.3134224610953163
0.001825962619826666	0.31304570871742016
0.001831024036759395	0.3126683931277281
0.0018360893734795844	0.3122905154678805
0.0018411586506293192	0.3119120768791648
0.0018462318889874885	0.3115330785028752
0.001851309109471157	0.31115352148002434
0.0018563903331369218	0.31077340695176664
0.0018614755811823063	0.31039273605904544
0.0018665648749471705	0.31001150994252413
0.0018716582359151245	0.3096297297429823
0.0018767556857149873	0.30924739660094
0.0018818572461222253	0.30886451165687323
0.0018869629390604425	0.3084810760510739
0.0018920727866028803	0.30809709092381865
0.0018971868109739268	0.30771255741528
0.0019023050345506462	0.3073274766654313
0.0019074274798643385	0.3069418498141228
0.0019125541696021207	0.306555678001277
0.0019176851266085053	0.3061689623665069
0.0019228203738870255	0.30578170404945143
0.0019279599346018637	0.30539390418963624
0.0019331038320795123	0.30500556392641803
0.0019382520898104444	0.30461668439911443
0.0019434047314508234	0.30422726674697353
0.0019485617808242058	0.30383731210909015
0.0019537232619233117	0.3034468216244669
0.0019588891989117635	0.3030557964320908
0.0019640596161258875	0.30266423767077316
0.0019692345380765324	0.30227214647928075
0.0019744139894508927	0.30187952399636653
0.0019795979951143777	0.30148637136058326
0.0019847865801124985	0.30109268971041464
0.0019899797696727745	0.3006984801844672
0.001995177589206668	0.30030374392098996
0.002000380064311546	0.2999084820584078
0.002005587220772683	0.29951269573483535
0.002010799084565253	0.29911638608858615
0.002016015681856385	0.298719554257781
0.0020212370390072336	0.2983222013805061
0.0020264631825750697	0.2979243285947464
0.002031694139315417	0.2975259370384886
0.002036929936184192	0.297127027849743
0.0020421706003399126	0.2967276021662963
0.0020474161591458877	0.2963276611261396
0.00205266664017248	0.2959272058670048
0.0020579220711993743	0.2955262375266754
0.002063182480217891	0.29512475724301873
0.0020684478954333266	0.29472276615376636
0.0020737183452673173	0.29432026539667433
0.002078993858360258	0.2939172561094732
0.0020842744635737372	0.29351373942983755
0.0020895601899930064	0.29310971649560347
0.0020948510669294997	0.29270518844442556
0.002100147123923371	0.2923001564140839
0.0021054483907460776	0.2918946215424169
0.002110754897402998	0.2914885849671526
0.002116066674136089	0.2910820478260576
0.002121383751426577	0.29067501125709994
0.002126706159997697	0.29026747639804584
0.002132033930817451	0.2898594443869616
0.0021373670951014365	0.2894509163618156
0.0021427056843156857	0.28904189346057485
0.0021480497301795735	0.28863237682144904
0.0021533992646687434	0.288222367582688
0.0021587543200180916	0.28781186688239807
0.0021641149287247967	0.2874008758589715
0.002169481123551377	0.28698939565104165
0.002174852937528823	0.2865774273970815
0.0021802304039597303	0.28616497223566445
0.0021856135564215476	0.2857520313056751
0.002191002428769792	0.28533860574609127
0.0021963970551413794	0.28492469669584375
0.002201797469957975	0.28451030529426447
0.0022072037079293914	0.28409543268062604
0.002212615804057059	0.28368007999435635
0.0022180337936375206	0.2832642483754497
0.0022234577122660078	0.28284793896351434
0.002228887595840062	0.28243115289869547
0.0022343234805631924	0.2820138913212962
0.0022397654029486253	0.28159615537173793
0.002245213399823078	0.28117794619081327
0.002250667508330622	0.28075926491939807
0.002256127765936578	0.28034011269864556
0.00226159421043149	0.2799204906701315
0.002267066879935159	0.2795003999754454
0.0022725458129007393	0.27907984175651623
0.0022780310481188906	0.2786588171558616
0.002283522624722012	0.2782373273158514
0.0022890205821885306	0.27781537337950724
0.002294524960347273	0.27739295648991935
0.0023000357993818816	0.276970077790867
0.0023055531398353366	0.2765467384261428
0.002311077022614515	0.276122939540087
0.002316607488994858	0.2756986822773609
0.002322144580625084	0.2752739677831332
0.002327688339532	0.2748487972028683
0.002333238808125379	0.2744231716824887
0.002338796029202935	0.2739970923683087
0.0023443600459553482	0.2735705604073391
0.0023499309019714147	0.27314357694677893
0.0023555086412432443	0.2727161431345205
0.002361093308171569	0.272288260118746
0.00236668494757114	0.27185992904851863
0.002372283604676192	0.2714311510730565
0.002377889325146032	0.2710019273424655
0.0023835021550706968	0.27057225900721793
0.0023891221409767264	0.27014214721856666
0.0023947493298330158	0.2697115931282007
0.002400383769056799	0.26928059788855774
0.0024060255065196825	0.26884916265282566
0.0024116745905538553	0.2684172885746498
0.002417331069958335	0.2679849768086332
0.002422994994005373	0.2675522285098316
0.0024286664124469467	0.26711904483438853
0.0024343453755213762	0.26668542693891667
0.002440031933960054	0.2662513759809941
0.002445726138994289	0.2658168931189669
0.0024514280423622863	0.2653819795120459
0.002457137696316224	0.2649466363203347
0.0024628551536295096	0.26451086470465024
0.002468580467604088	0.26407466582705663
0.0024743136920779597	0.26363804085030607
0.002480054881432781	0.26320099093827626
0.002485804090601635	0.26276351725573777
0.0024915613750769224	0.26232562096860773
0.0024973267909184087	0.26188730324376047
0.0025031003947614244	0.2614485652491576
0.0025088822438251936	0.26100940815409235
0.0025146723959213577	0.26056983312872756
0.0025204709094625967	0.2601298413447161
0.0025262778434714897	0.25968943397455296
0.002532093257589474	0.2592486121923368
0.0025379172120860004	0.25880737717338226
0.0025437497678678744	0.25836573009415154
0.002549590986488757	0.2579236721325616
0.0025554409301588436	0.25748120446819533
0.002561299661754748	0.2570383282815865
0.0025671672448295633	0.2565950447551025
0.0025730437436231103	0.2561513550725543
0.0025789292230724153	0.255707260419216
0.002584823748822342	0.25526276198209735
0.002590727387236502	0.2548178609496085
0.002596640205408304	0.2543725585122575
0.002602562271172264	0.2539268558618469
0.002608493653115559	0.25348075419224847
0.002614434420589753	0.25303425469895957
0.0026203846437228007	0.2525873585796179
0.0026263443934313015	0.25214006703334924
0.002632313741432951	0.25169238126176874
0.002638292760259302	0.2512443024681597
0.0026442815232687435	0.25079583185799237
0.0026502801046597705	0.2503469706387919
0.0026562885794845265	0.24989772002037328
0.0026623070236625984	0.24944808121475093
0.0026683355139951264	0.2489980554362846
0.0026743741281792105	0.24854764390163822
0.0026804229448225965	0.24809684782982797
0.002686482043458674	0.2476456684426176
0.002692551504561832	0.2471941069639299
0.0026986314095630687	0.24674216462073023
0.0027047218408660055	0.24628984264227807
0.002710822881863199	0.24583714226094
0.002716934616952826	0.24538406471154955
0.0027230571315557273	0.24493061123209933
0.002729190512132801	0.24447678306354106
0.00273533484620282	0.24402258144967448
0.0027414902223605953	0.2435680076376103
0.0027476567302955612	0.2431130628776743
0.0027538344608107894	0.24265774842328858
0.002760023505842389	0.2422020655315088
0.002766223958479367	0.24174601546273894
0.002772435912983938	0.24128959948073714
0.002778659464812279	0.24083281885323465
0.0027848947106357672	0.240375674851554
0.0027911417483626913	0.23991816875086244
0.0027974006771604846	0.23946030183008557
0.0028036715974784484	0.2390020753725065
0.002809954611071	0.23854349066540964
0.0028162498210214932	0.2380845490001049
0.0028225573317665724	0.23762525167263787
0.0028288772491210958	0.23716559998326728
0.002835209680303676	0.2367055952368346
0.0028415547339628016	0.23624523874305445
0.002847912520203595	0.2357845318164074
0.002854283150615225	0.2353234757761048
0.0028606667382989645	0.2348620719467188
0.0028670633978969415	0.23440032165793995
0.0028734732456215844	0.2339382262448113
0.002879896399285813	0.23347578704776678
0.002886332978333939	0.23301300541309192
0.00289278310387338	0.23254988269255875
0.0028992468987071207	0.23208642024421994
0.002905724487367034	0.23162261943187915
0.002912215996148001	0.23115848162588562
0.002918721553142935	0.23069400820267
0.002925241288278685	0.23022920054562648
0.002931775333352849	0.22976406004469546
0.0029383238220715715	0.22929858809675321
0.0029448868900882907	0.2288327861058272
0.0029514646750435232	0.22836665548331173
0.002958057316605677	0.22790019764819014
0.0029646649565129627	0.22743341402678371
0.002971287738616399	0.22696630605388676
0.002977925808923992	0.2264988751720955
0.002984579315646077	0.2260311228323662
0.0029912484092419235	0.22556305049430292
0.0029979332424675746	0.22509465962637887
0.0030046339704250255	0.2246259517060943
0.0030113507506127355	0.22415692822024338
0.0030180837429775046	0.22368759066518942
0.003024833109968073	0.22321794054714822
0.0030315990165896752	0.2227479793824504
0.0030383816304606487	0.22227770869773802
0.003045181121870456	0.22180713003043684
0.0030519976638393466	0.2213362449289075
0.003058831432179774	0.22086505495268852
0.0030656826055596195	0.2203935616730237
0.003072551365567174	0.21992176667321145
0.0030794378967781283	0.21944967154846284
0.0030863423868244867	0.21897727790696692
0.0030932650264655403	0.2185045873696548
0.003100206009660972	0.21803160173697236
0.00310716553363042	0.21755832258807462
0.003114143798992609	0.21708475076542483
0.0031211410097550284	0.21661088920742555
0.003128157373455253	0.2161367389911307
0.0031351931012315397	0.21566230189948132
0.003142248407910401	0.2151875796557529
0.003149323512096999	0.2147125739990616
0.003156418636268399	0.21423728668560874
0.0031635340068697504	0.2137617194888371
0.003170669854413598	0.2132858742000356
0.0031778264135823527	0.21280975262890106
0.0031850039233341358	0.21233335660395522
0.00319220262701209	0.2118566879732537
0.0031994227724572544	0.21137974860501446
0.0032066646121252534	0.21090254038806977
0.003213928403206844	0.21042506523265903
0.0032212144077525557	0.20994732507104857
0.003228522892801553	0.20946932185819567
0.003235854130514934	0.20899105757230063
0.003243208398313604	0.2085125342160913
0.00325058597902095	0.20803375381676806
0.0032579871610105525	0.20755471842748172
0.0032654122383590227	0.2070754301280233
0.0032728615110043918	0.20659589102517464
0.003280335284910118	0.2061161032544326
0.0032878338722350147	0.20563606898016384
0.0032953575915094214	0.2051557903970373
0.003302906767817807	0.20467526973092567
0.003310481732988176	0.20419450923961688
0.0033180828257884983	0.20371351121441358
0.003325710392130608	0.20323227798097593
0.0033333647852817846	0.20275081190017905
0.003341046366084459	0.20226911537016878
0.003348755503184447	0.20178719082663016
0.003356492573267991	0.20130504074471892
0.0033642579613082217	0.20082266764039922
0.0033720520608212924	0.20034007407146073
0.003379875274132843	0.1998572626395763
0.0033877280126551478	0.19937423599130094
0.0033956106971755958	0.19889099682001116
0.003403523758157009	0.19840754786763057
0.0034114676360504077	0.19792389192602844
0.0034194427816208665	0.19744003183916595
0.003427449656287138	0.19695597050503502
0.0034354887324757515	0.19647171087739257
0.003443560493990372	0.19598725596793307
0.0034516654363971615	0.19550260884894827
0.0034598040674271202	0.19501777265460316
0.003467976907396192	0.19453275058431957
0.0034761844896441913	0.19404754590470913
0.0034844273609935697	0.19356216195258305
0.003492706082229124	0.19307660213709332
0.003501021228599826	0.1925908699433068
0.003509373390344003	0.1921049689347117
0.0035177631732392933	0.191618902756583
0.0035261911991787205	0.1911326751394722
0.0035346581067744725	0.19064628990223548
0.003543164551991036	0.19015975095602974
0.0035517112088094	0.18967306230817202
0.0035602987699242593	0.189186228066052
0.0035689279474762476	0.188699252441437
0.003577599473821297	0.18821213975482715
0.003586314102339537	0.18772489444059046
0.003595072608286221	0.18723752105128005
0.0036038757896873328	0.1867500242633483
0.0036127244682828204	0.1862624088828239
0.0036216194905205855	0.18577467985051482
0.003630561728604563	0.18528684224851308
0.0036395520816005756	0.18479890130719911
0.003648591476603866	0.18431086241115885
0.003657680869972607	0.18382273110726588
0.0036668212486319343	0.18333451311197022
0.0036760136314535554	0.18284621431965162
0.003685259070716296	0.1823578408113029
0.0036945586536535112	0.1818693988637392
0.0037039135040937343	0.18138089495908785
0.0037133247842014725	0.18089233579572966
0.0037227936963258232	0.1804037282987766
0.0037323214849650996	0.17991507963215628
0.003741909438856436	0.17942639721115863
0.003751558893200434	0.17893768871542876
0.003761271232031335	0.17844896210379735
0.0037710478907448837	0.1779602256288996
0.0037808903587965704	0.17747148785381303
0.003790800182584713	0.1769827576694158
0.003800778968533938	0.17649404431293864
0.0038108283863963373	0.17600535738790518
0.0038209501727900935	0.17551670688594903
0.003831146134994653	0.17502810320925352
0.003841418155028567	0.17453955719582873
0.0038517681940337506	0.17405108014617882
0.003862198296995801	0.17356268385175283
0.0038727105978321645	0.1730743806263328
0.003883307324883836	0.17258618333953227
0.00389399080685031	0.17209810545286666
0.00390476347921238	0.1716101610597239
0.0039156278911926055	0.1711223649273893
0.003926586713309531	0.17063473280203914
0.003937642745538708	0.17014728083454134
0.003948798926446531	0.16966002484022075
0.003960058342652053	0.16917298474738543
0.003971424239659706	0.16868617852675943
0.003982900033463572	0.16819962624428889
0.003994489323318061	0.16771334895140558
0.004006195905764134	0.16722736888990458
0.004018023790065205	0.16674170958773352
0.004029977215229932	0.1662563959644726
0.004042060668825661	0.16577145444869437
0.00405427890781832	0.165286913107895
0.004066636981711898	0.16480280179235293
0.004079140258305377	0.16431915229637817
0.004091794452438209	0.16383599853790157
0.004104605658159117	0.16335337675966213
0.004117580384830091	0.1628713257555645
0.004130725597769955	0.16238988712557154
0.004144048764155245	0.16190910556381205
0.0041575579050337295	0.16142902918569274
0.004171261654475644	0.16094970990018365
0.004185169327097238	0.16047120383495891
0.004199290995451559	0.1599935718247141
0.00421363757910776	0.15951687997348032
0.004228220947650907	0.1590412003054627
0.004243054040356528	0.15856661152224827
0.004258151005961658	0.158093199887872
0.004273527366816692	0.15762106026973316
0.00428920021282484	0.15715029736900926
0.004305188432053126	0.15668102718545396
0.004321512986861212	0.15621337877365327
0.004338197247032528	0.1557474963630078
0.004355267394981844	0.15528354193933283
0.004372752923063073	0.1548216984166492
0.004390687249927006	0.154362173571272
0.004409108492724134	0.1539052049761061
0.004428060446192813	0.1534510662625484
0.004447593840686694	0.1530000751737029
0.004467767982872392	0.152552604077525
0.004488652931748958	0.15210909392248387
0.004510332440285055	0.15167007312172492
0.004532908020091403	0.15123618366929073
0.0045565047022356805	0.1508082181884306
0.00458127944875461	0.15038717407617735
0.004607433877728888	0.14997433548579697
0.004635234359046404	0.14957140291210164
0.004665045484954574	0.14918070921334012
0.004697389728990986	0.14880560499595555
0.004733063768276967	0.14845121069789058
0.004773395558356959	0.1481260801940329
0.00482093148776845	0.14784665162420682
0.00488201233662772	0.1476539484938458
0.004994823180069044	0.1477956787852299
0.005086421060187447	0.14839108728498043
0.0051990299777339875	0.14971847674487757
0.005259909129083699	0.1507106951629881
0.005307243589345534	0.1516154480390076
0.005347374138611877	0.15247375638857308
0.005382847165397827	0.15330205585442194
0.005414990625226874	0.15410889780710563
0.005444601195200863	0.15489940017350415
0.005472201348839336	0.15567691104161882
0.005498155678373072	0.1564437607449395
0.005522730553674766	0.15720164724689295
0.00554612759281131	0.15795185216291918
0.005568503757807043	0.15869537034531145
0.005589984079718623	0.15943299186717372
0.005610670070147153	0.1601653561658608
0.005630645482053023	0.16089298909156607
0.005649980374428388	0.16161632902458448
0.005668734053934307	0.16233574575849583
0.0056869572509202215	0.16305155445658742
0.005704693760121596	0.1637640261646907
0.005721981698687367	0.16447339586493975
0.005738854485268062	0.1651798687377192
0.005755341612218651	0.16588362509552787
0.00577146926195623	0.166584824318004
0.005787260804267864	0.16728360802319203
0.005802737201518091	0.16798010264929467
0.005817917341780119	0.16867442157549734
0.005832818314964551	0.16936666687736276
0.005847455643430441	0.17005693079194395
0.00586184347592473	0.17074529694892263
0.005875994751734051	0.17143184141103826
0.00588992134045583	0.17211663355945972
0.005903634161672753	0.17279973685089597
0.00591714328795264	0.17348120946875104
0.005930458033927662	0.1741611048856687
0.005943587033685192	0.17483947235142902
0.005956538308291301	0.17551635731869328
0.005969319324941984	0.17619180181528965
0.005981937048976705	0.1768658447711179
0.005994397989779215	0.17753852230659264
0.006006708241421172	0.17820986798770816
0.006018873518766052	0.17887991305216677
0.006030899189638023	0.17954868661093734
0.0060427903035673676	0.18021621582814978
0.006054551617547393	0.1808825260815525
0.006066187619173948	0.1815476411074126
0.006077702547485272	0.18221158313030753
0.006089100411775468	0.1828743729799464
0.0061003850086172205	0.18353603019738837
0.006111559937297755	0.18419657313097265
0.006122628613845035	0.18485601889488334
0.006133594283798402	0.185514384744056
0.006144460033812897	0.18617168380648097
0.006155228802491887	0.18682793184023866
0.006165903389848975	0.1874831425075798
0.006176486466441756	0.18813732829773622
0.006186980581532852	0.18879050125899874
0.006197388170644118	0.18944267276310778
0.0062077115625171365	0.19009385354881345
0.0062179529855359355	0.19074405376066228
0.0062281145736620075	0.1913932829856902
0.0062381983719259826	0.1920415502871504
0.006248206341515744	0.19268886423529685
0.006258140364496789	0.19333523293659563
0.006268002248196743	0.193980664060523
0.006277793729282064	0.19462516486389247
0.006287516477554912	0.19526874221464208
0.006297172099490649	0.19591140261295448
0.006306762141539222	0.19655315221136754
0.006316288093208686	0.19719399683358374
0.0063257513899482466	0.19783394199199691
0.006335153415846543	0.1984729929036159
0.006344495506159414	0.19911115450600606
0.006353778949680185	0.19974843147095864
0.006363004990964196	0.2003848282183023
0.0063721748324184644	0.20102034892846393
0.0063812896362663045	0.20165499755392494
0.006390350526395898	0.20228877783095459
0.006399358590101099	0.2029216932894412
0.006408314879722108	0.203553747263038
0.006417220414192826	0.2041849428984176
0.006426076180501436	0.20481528316399142
0.006434883135069968	0.20544477085795415
0.00644364220505838	0.20607340861653495
0.006452354289597982	0.2067011989204651
0.006461020260959056	0.2073281441030005
0.006469640965656609	0.20795424635594495
0.006478217225498516	0.20857950773549047
0.0064867498385794906	0.20920393016880923
0.006495239580224278	0.20982751545946854
0.006503687203883291	0.2104502652922006
0.006512093441983524	0.2110721812386483
0.006520459006737414	0.2116932647616704
0.006528784590912244	0.21231351722000796
0.006537070868562348	0.21293293987253462
0.006545318495726291	0.2135515338824975
0.006553528111091096	0.2141693003213993
0.0065617003366253415	0.21478624017233008
0.006569835778182962	0.21540235433400934
0.00657793502607933	0.21601764362395923
0.006585998655641128	0.21663210878148736
0.00659402722773162	0.21724575047131295
0.006602021289252406	0.21785856928570668
0.0066099813736231845	0.21847056574795212
0.006617908001240446	0.2190817403145697
0.006625801679916434	0.21969209337849707
0.006633662905299244	0.2203016252704093
0.006641492161275162	0.22091033626217077
0.006649289920353995	0.22151822656852896
0.006657056644038452	0.2221252963491488
0.006664792783178224	0.22273154571094889
0.006672498778309599	0.22333697471002556
0.0066801750599813185	0.22394158335317269
0.006687822049067346	0.22454537160007493
0.006695440157067167	0.2251483393649799
0.006703029786394256	0.2257504865179815
0.006710591330653254	0.22635181288721723
0.006718125174906367	0.22695231825974466
0.006725631695929581	0.22755200238345663
0.006733111262459015	0.2281508649685164
0.006740564235428051	0.22874890568800912
0.006747990968195515	0.2293461241803522
0.006755391806765362	0.2299425200495901
0.00676276708999831	0.23053809286693774
0.006770117149815681	0.23113284217224392
0.006777442311395838	0.23172676747451096
0.006784742893363605	0.23231986825332765
0.006792019207972862	0.23291214396000426
0.006799271561282657	0.23350359401802986
0.006806500253327216	0.23409421782489223
0.006813705578279908	0.23468401475205658
0.006820887824611576	0.23527298414642397
0.006828047275243464	0.2358611253313375
0.006835184207694848	0.23644843760664028
0.006842298894225751	0.23703492025039544
0.006849391601974796	0.23762057251904165
0.00685646259309249	0.2382053936483169
0.006863512124870091	0.23878938285400042
0.006870540449864244	0.23937253933265484
0.006877547816017534	0.23995486226212365
0.006884534466775138	0.24053635080236485
0.006891500641197736	0.24111700409603998
0.006898446574070793	0.24169682126896946
0.006905372496010393	0.24227580143087424
0.006912278633565721	0.242853943675914
0.006919165209318359	0.24343124708313965
0.006926032441978491	0.2440077107174124
0.006932880546478101	0.2445833336290603
0.006939709734061382	0.24515811476963414
0.006946520212372349	0.24573205385752372
0.006953312185525385	0.2463051484792399
0.0069600858542465385	0.24687739856044486
0.006966841415863249	0.24744880316680826
0.006973579064443455	0.2480193610873589
0.006980298990855139	0.2485890712880281
0.006987001382839436	0.24915793272406767
0.006993686425081611	0.2497259443411135
0.007000354299279982	0.2502931050747504
0.007007005184212833	0.25085941385142
0.007013639255803493	0.251424869588751
0.007020256687183495	0.2519894711956634
0.0070268576487539786	0.25255321757277793
0.0070334423082454136	0.25311610761290404
0.007040010830775634	0.2536781402011478
0.007046563378906078	0.25423931421531343
0.007053100112696981	0.25479962852620963
0.007059621189760522	0.255359081997916
0.007066126765312788	0.2559176734880429
0.00707261699222432	0.2564754018479807
0.007079092021069254	0.2570322659232605
0.007085552000173186	0.2575882645538245
0.00709199707565974	0.2581433965742095
0.007098427391495935	0.2586976608134051
0.007104843089536348	0.25925105609609705
0.007111244309566115	0.2598035812418433
0.007117631189342835	0.2603552350658144
0.007124003864637395	0.26090601637898186
0.007130362469273726	0.26145592398830103
0.007136707135167575	0.26200495669688506
0.007143037992364268	0.26255311330396747
0.007149355169075545	0.26310039260577056
0.00715565879171545	0.2636467933948886
0.007161948984935344	0.2641923144611876
0.007168225871658036	0.26473695459126767
0.007174489573111085	0.265280712569418
0.007180740208859277	0.26582358717706
0.007186977896836306	0.26636557719349707
0.007193202753375704	0.26690668139571916
0.007199414893241006	0.2674468985586759
0.007205614429655196	0.2679862274553226
0.007211801474329461	0.2685246668571951
0.007217976137491236	0.26906221553399146
0.007224138527911621	0.26959887225389595
0.00723028875293213	0.2701346357839809
0.00723642691849082	0.2706695048901493
0.007242553129147795	0.27120347833698094
0.007248667488110172	0.27173655488858367
0.0072547700972564085	0.27226873330803825
0.007260861057160108	0.27280001235761886
0.007266940467113277	0.27333039079943505
0.0072730084251490575	0.27385986739498647
0.007279065028063935	0.274388440905489
0.007285110371439451	0.274916110091808
0.007291144549663452	0.2754428737151107
0.007297167655950823	0.2759687305363733
0.00730317978236381	0.2764936793165819
0.007309181019831847	0.27701771881725773
0.007315171458170996	0.2775408478000433
0.0073211511861029305	0.2780630650270299
0.0073271202912735135	0.278584369261053
0.007333078860270986	0.2791047592653501
0.007339026978643737	0.2796242338038656
0.007344964730917737	0.2801427916416505
0.007350892200613547	0.2806604315442495
0.007356809470263028	0.2811771522785918
0.007362716621425627	0.28169295261223126
0.007368613734704386	0.28220783131435434
0.007374500889761576	0.2827217871549327
0.007380378165334027	0.2832348189055409
0.007386245639248109	0.2837469253390578
0.007392103388434462	0.2842581052297544
0.0073979514889423595	0.2847683573534821
0.007403790015953816	0.2852776804876454
0.0074096190437974024	0.285786073411439
0.007415438645961769	0.28629353490571235
0.007421248895108911	0.2868000637532492
0.007427049863087161	0.28730565873830355
0.007432841620943917	0.28781031864765455
0.007438624238938126	0.28831404226959134
0.007444397786552517	0.28881682839477024
0.007450162332505579	0.28931867581574455
0.0074559179447633425	0.2898195833275823
0.007461664690550877	0.2903195497270948
0.0074674026363635996	0.2908185738138581
0.007473131847978379	0.29131665438952287
0.007478852390464366	0.29181379025830234
0.007484564328193681	0.29230998022675875
0.007490267724851854	0.29280522310388374
0.007495962643448089	0.2932995177016337
0.0075016491463253164	0.29379286283402406
0.007507327295170067	0.29428525731803223
0.007512997151022158	0.29477669997344713
0.007518658774284192	0.29526718962261084
0.007524312224730892	0.2957567250905794
0.007529957561518236	0.29624530520565023
0.007535594843192458	0.29673292879857777
0.007541224127698852	0.2972195947033905
0.0075468454723904305	0.2977053017567675
0.007552458934036427	0.2981900487986366
0.007558064568830628	0.2986738346719762
0.00756366243239957	0.2991566582227399
0.007569252579810572	0.29963851830014365
0.007574835065579656	0.30011941375645046
0.0075804099436792656	0.30059934344730205
0.007585977267545922	0.3010783062312922
0.007591537090087674	0.301556300970666
0.007597089463691474	0.3020333265307799
0.007602634440230371	0.3025093817803706
0.007608172071070622	0.3029844655915829
0.007613702407078655	0.3034585768399243
0.007619225498627905	0.30393171440454486
0.007624741395605556	0.30440387716773665
0.0076302501474191506	0.30487506401569153
0.00763575180300307	0.3053452738378353
0.0076412464108249365	0.30581450552745787
0.007646734018891888	0.30628275798119864
0.0076522146747567315	0.30675003009943147
0.007657688425524027	0.30721632078631383
0.007663155317856033	0.30768162894948425
0.007668615397978577	0.3081459535005016
0.007674068711686808	0.3086092933544239
0.007679515304350876	0.3090716474304463
0.007684955220921484	0.30953301465111915
0.007690388505935386	0.3099933939432135
0.007695815203520766	0.3104527842370968
0.007701235357402523	0.31091118446723487
0.007706649010907516	0.3113685935716611
0.007712056206969659	0.3118250104925935
0.007717456988134976	0.3122804341761317
0.007722851396566561	0.312734863572372
0.007728239474049467	0.31318829763526296
0.0077336212619954865	0.31364073532288095
0.007738996801447895	0.31409217559726066
0.007744366133086091	0.31454261742468637
0.007749729297230169	0.3149920597751218
0.0077550863338454335	0.3154405016230144
0.007760437282546803	0.3158879419466224
0.007765782182603204	0.31633437972871287
0.0077711210729418286	0.31677981395568794
0.007776453992152386	0.3172242436184513
0.007781780978491243	0.31766766771215715
0.00778710206988552	0.31811008523587414
0.007792417303937129	0.3185514951930761
0.007797726717926729	0.31899189659150956
0.007803030348817643	0.31943128844300206
0.007808328233259694	0.31986966976381737
0.007813620407592994	0.3203070395743961
0.007818906907851685	0.3207433968994284
0.007824187769767588	0.3211787407683088
0.007829463028773838	0.3216130702141201
0.00783473272000844	0.32204638427473403
0.007839996878317788	0.32247868199237145
0.007845255538260092	0.3229099624133863
0.007850508734108813	0.3233402245888065
0.007855756499855994	0.3237694675738544
0.007860998869215577	0.32419769042812563
0.007866235875626655	0.3246248922158585
0.007871467552256668	0.32505107200571737
0.007876693932004564	0.32547622887052063
0.007881915047503935	0.3259003618877135
0.007887130931126052	0.3263234701394383
0.007892341614982897	0.3267455527120729
0.007897547130930155	0.3271666086964543
0.007902747510570133	0.327586637188127
0.007907942785254658	0.32800563728708687
0.007913132986087932	0.3284236080976885
0.00791831814392934	0.32884054872911456
0.007923498289396213	0.329256458294826
0.007928673452866571	0.32967133591303127
0.007933843664481804	0.3300851807065231
0.007939008954149332	0.33049799180252276
0.007944169351545221	0.3309097683328896
0.007949324886116754	0.3313205094342082
0.007954475587084987	0.3317302142474607
0.007959621483447248	0.33213888191842533
0.007964762603979606	0.33254651159744775
0.007969898977239325	0.33295310243948595
0.00797503063156725	0.33335865360418376
0.007980157595090185	0.33376316425570074
0.007985279895723238	0.33416663356297305
0.007990397561172124	0.3345690606996899
0.00799551061893543	0.33497044484395483
0.00800061909630687	0.33537078517881963
0.008005723020377494	0.3357700808918159
0.00801082241803787	0.3361683311752402
0.008015917315980248	0.33656553522614435
0.008021007740700666	0.33696169224622735
0.008026093718501062	0.3373568014419213
0.008031175275491333	0.33775086202422494
0.008036252437591382	0.3381438732091504
0.008041325230533122	0.33853583421716343
0.008046393679862478	0.33892674427373554
0.008051457810941324	0.33931660260875623
0.008056517648949442	0.33970540845707903
0.008061573218886411	0.34009316105831555
0.008066624545573504	0.34047985965669464
0.008071671653655542	0.3408655035012807
0.008076714567602722	0.34125009184594546
0.008081753311712448	0.34163362394922764
0.008086787910111087	0.34201609907452124
0.008091818386755767	0.3423975164899942
0.008096844765436094	0.3427778754685273
0.008101867069775887	0.3431571752878142
0.008106885323234862	0.34353541523039943
0.008111899549110317	0.3439125945835416
0.008116909770538784	0.3442887126392799
0.008121916010497658	0.3446637686945941
0.00812691829180681	0.3450377620510348
0.008131916637130187	0.34541069201515495
0.00813691106897738	0.3457825578982978
0.008141901609705165	0.34615335901651173
0.00814688828151905	0.3465230946906647
0.008151871106474784	0.34689176424654683
0.008156850106479858	0.347259367014682
0.008161825303294961	0.3476259023304924
0.008166796718535457	0.3479913695340575
0.00817176437367283	0.3483557679705378
0.008176728290036073	0.34871909698973635
0.008181688488813134	0.34908135594617584
0.008186644991052278	0.3494425441994981
0.008191597817663465	0.34980266111399094
0.008196546989419703	0.3501617060589132
0.008201492526958381	0.35051967840809467
0.008206434450782597	0.35087657754056534
0.008211372781262462	0.35123240283979446
0.008216307538636392	0.351587153694437
0.008221238743012367	0.3519408294977716
0.008226166414369207	0.35229342964807014
0.008231090572557812	0.35264495354829284
0.00823601123730238	0.352995400606314
0.008240928428201644	0.3533447702348416
0.008245842164730038	0.35369306185150917
0.00825075246623892	0.35404027487859974
0.008255659351957718	0.35438640874349475
0.00826056284099509	0.3547314628781068
0.00826546295234009	0.35507543671951586
0.00827035970486327	0.35541832970943366
0.008275253117317811	0.3557601412944403
0.008280143208340645	0.35610087092609854
0.008285029996453508	0.356440518060613
0.008289913500064049	0.35677908215917753
0.0082947937374669	0.35711656268765096
0.008299670726844705	0.35745295911713504
0.008304544486269187	0.3577882709230381
0.00830941503370217	0.3581224975859384
0.008314282386996597	0.3584556385912532
0.008319146563897527	0.35878769342910877
0.00832400758204316	0.35911866159448347
0.008328865458965789	0.35944854258732006
0.00833372021209279	0.35977733591227673
0.008338571858747592	0.3601050410789223
0.00834342041615061	0.36043165760149964
0.008348265901420198	0.3607571849992877
0.008353108331573576	0.36108162279631
0.008357947723527754	0.3614049705213751
0.008362784094100439	0.36172722770819726
0.008367617460010931	0.36204839389528304
0.008372447837881023	0.3623684686258411
0.008377275244235871	0.36268745144816067
0.008382099695504871	0.3630053419151816
0.008386921208022518	0.36332213958453313
0.008391739798029258	0.36363784401896265
0.008396555481672329	0.36395245478587573
0.00840136827500659	0.3642659714574651
0.008406178193995362	0.36457839361068384
0.008410985254511222	0.36488972082742743
0.008415789472336819	0.3651999526943414
0.008420590863165676	0.3655090888028769
0.00842538944260297	0.3658171287492539
0.008430185226166318	0.36612407213445214
0.008434978229286553	0.3664299185643719
0.008439768467308477	0.3667346676495949
0.008444555955491626	0.36703831900552414
0.008449340709011021	0.36734087225238155
0.008454122742957893	0.36764232701507077
0.008458902072340435	0.3679426829234394
0.008463678712084506	0.368241939611982
0.008468452677034369	0.36854009671993676
0.008473223981953385	0.36883715389132743
0.008477992641524722	0.3691331107752028
0.008482758670352046	0.36942796702501396
0.008487522082960216	0.36972172229915873
0.008492282893795947	0.37001437626062417
0.008497041117228514	0.370305928577505
0.008501796767550387	0.3705963789222447
0.008506549858977901	0.3708857269722367
0.008511300405651926	0.3711739724096398
0.008516048421638486	0.37146111492128175
0.008520793920929418	0.3717471541987123
0.008525536917443002	0.372032089938165
0.008530277425024577	0.37231592184083423
0.008535015457447169	0.37259864961243744
0.00853975102841211	0.3728802729632688
0.008544484151549648	0.37316079160877835
0.008549214840419522	0.37344020526865374
0.008553943108511599	0.3737185136676635
0.008558668969246426	0.37399571653499647
0.008563392435975845	0.37427181360472583
0.008568113521983544	0.3745468046155524
0.008572832240485653	0.37482068931074913
0.008577548604631294	0.37509346743855443
0.008582262627503152	0.37536513875164057
0.00858697432211803	0.37563570300744825
0.008591683701427388	0.3759051599680979
0.008596390778317904	0.37617350940029426
0.008601095565612005	0.37644075107551284
0.008605798076068394	0.3767068847698162
0.008610498322382606	0.3769719102639947
0.008615196317187497	0.3772358273433996
0.008619892073053784	0.3774986357980388
0.008624585602490561	0.3777603354226067
0.008629276917945792	0.3780209260164309
0.008633966031806833	0.3782804073833461
0.008638652956400927	0.3785387793319757
0.008643337703995679	0.3787960416755152
0.008648020286799571	0.3790521942316378
0.008652700716962447	0.37930723682283346
0.008657379006575967	0.37956116927603567
0.008662055167674114	0.3798139914229105
0.00866672921223365	0.3800657030994757
0.008671401152174586	0.3803163041467068
0.008676070999360637	0.380565794409736
0.0086807387655997	0.3808141737386611
0.008685404462644286	0.38106144198790626
0.008690068102191991	0.3813075990164319
0.008694729695885924	0.3815526446880129
0.008699389255315153	0.3817965788708018
0.008704046792015162	0.3820394014373834
0.008708702317468245	0.3822811122650575
0.008713355843103983	0.38252171123571127
0.008718007380299627	0.3827611982355886
0.00872265694038055	0.3829995731556292
0.008727304534620653	0.38323683589099355
0.008731950174242777	0.38347298634184185
0.008736593870419118	0.3837080244123264
0.008741235634271635	0.38394195001146497
0.008745875476872448	0.38417476305256926
0.008750513409244246	0.3844064634536329
0.00875514944236066	0.38463705113687685
0.008759783587146701	0.38486652602919996
0.0087644158544791	0.3850948880618385
0.008769046255186716	0.3853221371706679
0.008773674800050932	0.3855482732959096
0.008778301499805989	0.385773296382159
0.008782926365139426	0.3859972063785136
0.008787549406692385	0.38622000323867867
0.008792170635060034	0.3864416869205571
0.008796790060791902	0.3866622573865852
0.008801407694392244	0.3868817146036293
0.00880602354632041	0.38710005854295043
0.008810637626991203	0.38731728918016284
0.008815249946775216	0.38753340649542295
0.008819860515999197	0.38774841047311487
0.008824469344946396	0.3879623011021031
0.00882907644385689	0.38817507837566345
0.008833681822927956	0.3883867422913674
0.008838285492314375	0.3885972928511538
0.0088428874621288	0.38880673006147204
0.008847487742442055	0.3890150539328874
0.0088520863432835	0.38922226448049013
0.008856683274641324	0.38942836172368783
0.00886127854646289	0.38963334568613417
0.00886587216865507	0.3898372163958958
0.00887046415108451	0.390039973885348
0.008875054503578006	0.390241618191112
0.008879643235922795	0.3904421493542547
0.008884230357866852	0.39064156741999606
0.008888815879119213	0.3908398724378963
0.008893399809350281	0.3910370644618548
0.008897982158192127	0.3912331435499746
0.008902562935238788	0.3914281097646632
0.008907142150046569	0.39162196317263814
0.008911719812134327	0.3918147038447808
0.008916295930983795	0.3920063318562848
0.008920870516039832	0.3921968472865366
0.008925443576710749	0.392386250219245
0.008930015122368571	0.3925745407422872
0.008934585162349332	0.39276171894778145
0.008939153705953348	0.3929477849319161
0.00894372076244551	0.39313273879536614
0.008948286341055555	0.39331658064281827
0.008952850450978335	0.39349931058322085
0.008957413101374097	0.3936809287295463
0.008961974301368754	0.393861435199214
0.008966534060054154	0.39404083011355595
0.00897109238648834	0.39421911359827894
0.00897564928969582	0.39439628578304464
0.008980204778667835	0.39457234680184783
0.008984758862362604	0.3947472967926551
0.008989311549705595	0.39492113589773925
0.008993862849589782	0.39509386426332466
0.0089984127708759	0.39526548203983114
0.009002961322392679	0.3954359893818117
0.009007508512937117	0.3956053864478932
0.00901205435127472	0.39577367340080327
0.009016598846139751	0.39594085040732585
0.009021142006235472	0.39610691763832867
0.009025683840234389	0.3962718752688289
0.009030224356778485	0.39643572347781003
0.009034763564479482	0.3965984624482762
0.00903930147191905	0.3967600923674077
0.009043838087649067	0.39692061342638474
0.009048373420191836	0.3970800258203626
0.009052907478040323	0.3972383297485244
0.009057440269658398	0.3973955254141333
0.009061971803481048	0.3975516130243725
0.00906650208791461	0.3977065927905467
0.009071031131337002	0.3978604649277692
0.009075558942097944	0.39801322965537017
0.009080085528519173	0.3981648871964045
0.009084610898894674	0.39831543777814243
0.009089135061490899	0.3984648816315491
0.009093658024546975	0.39861321899178764
0.009098179796274928	0.3987604500978295
0.0091027003848599	0.39890657519257594
0.009107219798460348	0.3990515945229065
0.00911173804520828	0.39919550833961825
0.009116255133209426	0.3993383168973509
0.009120771070543503	0.39948002045475456
0.00912528586526436	0.3996206192742725
0.009129799525400235	0.39976011362226926
0.009134312058953922	0.399898503769007
0.009138823473903	0.4000357899886026
0.009143333778200018	0.40017197255901593
0.009147842979772704	0.4003070517620866
0.00915235108652416	0.4004410278834855
0.009156858106333054	0.4005739012127393
0.009161364047053828	0.40070567204314017
0.009165868916516887	0.40083634067189244
0.009170372722528793	0.40096590739993726
0.009174875472872443	0.40109437253200025
0.009179377175307289	0.40122173637669667
0.009183877837569496	0.40134799924640446
0.00918837746737216	0.4014731614571903
0.009192876072405466	0.4015972233289486
0.009197373660336896	0.4017201851853301
0.0092018702388114	0.40184204735377227
0.009206365815451593	0.4019628101654337
0.009210860397857918	0.4020824739551505
0.009215353993608838	0.4022010390615117
0.009219846610261028	0.4023185058269414
0.009224338255349525	0.4024348745973902
0.00922882893638793	0.4025501457226153
0.009233318660868576	0.4026643195560512
0.009237807436262697	0.40277739645481647
0.009242295270020615	0.4028893767796558
0.009246782169571897	0.40300026089506674
0.009251268142325545	0.4031100491691359
0.00925575319567015	0.40321874197362795
0.009260237336974075	0.40332633968392734
0.009264720573585615	0.4034328426791166
0.009269202912833169	0.4035382513417422
0.009273684362025407	0.40364256605815585
0.009278164928451427	0.4037457872182032
0.009282644619380937	0.40384791521534175
0.009287123442064399	0.40394895044665186
0.00929160140373321	0.40404889331272037
0.009296078511599845	0.4041477442178038
0.009300554772858042	0.40424550356964284
0.009305030194682925	0.40434217177955895
0.009309504784231206	0.4044377492624131
0.009313978548641312	0.40453223643658054
0.009318451495033558	0.4046256337240289
0.009322923630510288	0.4047179415501624
0.009327394962156047	0.40480916034393455
0.009331865497037722	0.40489929053784784
0.00933633524220471	0.4049883325677462
0.009340804204689048	0.4050762868731342
0.009345272391505585	0.40516315389688384
0.009349739809652133	0.40524893408534063
0.009354206466109597	0.405333627888326
0.009358672367842144	0.4054172357590859
0.009363137521797344	0.4054997581543636
0.009367601934906308	0.40558119553424316
0.009372065614083868	0.40566154836232005
0.009376528566228667	0.40574081710545423
0.009380990798223368	0.4058190022341168
0.009385452316934738	0.4058961042220097
0.009389913129213844	0.4059721235462842
0.00939437324189615	0.40604706068742835
0.0093988326618017	0.40612091612932666
0.009403291395735229	0.4061936903592197
0.009407749450486315	0.4062653838677047
0.009412206832829527	0.40633599714866886
0.009416663549524536	0.40640553069938457
0.009421119607316295	0.40647398502044757
0.009425575012935141	0.40654136061567314
0.009430029773096944	0.40660765799228643
0.009434483894503253	0.40667287766078797
0.009438937383841413	0.40673702013491864
0.00944339024778472	0.4068000859317299
0.009447842492992535	0.406862075571489
0.009452294126110428	0.4069229895778045
0.009456745153770325	0.4069828284774816
0.0094611955825906	0.40704159280055774
0.009465645419176253	0.4070992830803068
0.009470094670119012	0.4071558998532699
0.00947454334199747	0.40721144365912537
0.009478991441377222	0.40726591504081344
0.009483438974810986	0.40731931454441833
0.009487885948838723	0.4073716427192593
0.009492332369987783	0.40742290011781
0.00949677824477304	0.40747308729569354
0.009501223579696976	0.4075222048117211
0.009505668381249848	0.40757025322779783
0.009510112655909805	0.4076172331090693
0.009514556410143007	0.407663145023698
0.009518999650403738	0.4077079895430222
0.00952344238313455	0.40775176724151047
0.009527884614766393	0.40779447869670377
0.009532326351718698	0.4078361244891999
0.009536767600399548	0.407876705202787
0.009541208367205763	0.40791622142422473
0.009545648658523037	0.40795467374336913
0.00955008848072607	0.4079920627531719
0.009554527840178654	0.4080283890495999
0.009558966743233832	0.40806365323161486
0.00956340519623399	0.4080978559013058
0.009567843205510984	0.40813099766370586
0.009572280777386265	0.40816307912686395
0.009576717918170996	0.40819410090187014
0.009581154634166148	0.40822406360277336
0.009585590931662651	0.40825296784661813
0.009590026816941485	0.40828081425341634
0.009594462296273806	0.4083076034461478
0.009598897375921048	0.4083333360507633
0.009603332062135074	0.40835801269612
0.009607766361158244	0.408381634014051
0.009612200279223567	0.4084042006393002
0.009616633822554791	0.40842571320951904
0.009621066997366529	0.4084461723653021
0.009625499809864364	0.4084655787501114
0.009629932266244976	0.40848393301030295
0.009634364372696234	0.4085012357951327
0.009638796135397318	0.40851748775673025
0.009643227560518844	0.40853268955004735
0.009647658654222938	0.40854684183292855
0.0096520894226634	0.40855994526608486
0.009656519871985753	0.4085720005129751
0.009660950008327413	0.4085830082399946
0.009665379837817758	0.4085929691162538
0.009669809366578245	0.408601883813753
0.009674238600722527	0.4086097530072568
0.009678667546356568	0.40861657737428436
0.009683096209578726	0.40862235759520454
0.009687524596479893	0.4086270943530871
0.009691952713143569	0.40863078833383637
0.009696380565646	0.40863344022604237
0.009700808160056267	0.4086350507210785
0.009705235502436392	0.40863562051301394
0.00970966259884146	0.408635150298723
0.009714089455319702	0.4086336407776887
0.009718516077912628	0.4086310926521606
0.009722942472655104	0.40862750662709046
0.009727368645575477	0.4086228834101014
0.009731794602695671	0.40861722371148695
0.009736220350031306	0.408610528244238
0.009740645893591773	0.4086027977239658
0.009745071239380376	0.40859403286897483
0.00974949639339439	0.40858423440017555
0.009753921361625218	0.4085734030411171
0.009758346150058455	0.4085615395180168
0.009762770764673988	0.4085486445596439
0.009767195211446146	0.408534718897391
0.00977161949634374	0.4085197632652657
0.009776043625330208	0.40850377839985225
0.009780467604363715	0.4084867650403039
0.009784891439397226	0.40846872392835276
0.00978931513637864	0.408449655808277
0.009793738701250871	0.4084295614269097
0.009798162139951962	0.40840844153363814
0.009802585458415173	0.4083862968803559
0.009807008662569098	0.4083631282215063
0.009811431758337747	0.4083389363140135
0.009815854751640665	0.4083137219173357
0.009820277648393026	0.4082874857934087
0.009824700454505713	0.4082602287066524
0.009829123175885466	0.4082319514239705
0.00983354581843492	0.40820265471473316
0.009837968388052763	0.4081723393507652
0.009842390890633783	0.40814100610633414
0.009846813332069016	0.408108655758168
0.009851235718245813	0.4080752890853965
0.00985565805504794	0.40804090686958694
0.00986008034835571	0.40800550989472284
0.00986450260404602	0.40796909894717837
0.009868924827992521	0.4079316748157282
0.009873347026065661	0.4078932382915357
0.009877769204132813	0.40785379016813317
0.009882191368058357	0.40781333124141134
0.009886613523703795	0.40777186230963747
0.00989103567692783	0.4077293841734169
0.009895457833586476	0.40768589763569196
0.009899879999533165	0.40764140350173844
0.009904302180618808	0.40759590257915246
0.009908724382691936	0.4075493956778394
0.009913146611598773	0.40750188361001566
0.009917568873183333	0.40745336719017544
0.009921991173287546	0.4074038472351106
0.009926413517751292	0.4073533245638917
0.009930835912412578	0.40730179999784455
0.009935258363107569	0.407249274360555
0.009939680875670723	0.4071957484778604
0.009944103455934867	0.4071412231778392
0.009948526109731334	0.4070856992907937
0.009952948842889983	0.4070291776492532
0.009957371661239363	0.4069716590879546
0.009961794570606803	0.40691314444384186
0.009966217576818464	0.40685363455605544
0.009970640685699481	0.40679313026591046
0.009975063903074068	0.4067316324169096
0.009979487234765529	0.4066691418547166
0.009983910686596518	0.4066056594271551
0.009988334264388865	0.40654118598419925
0.009992757973964045	0.4064757223782452
0.00999718182114292	0.4064092694622284