1.992804212801098e-6	0.40584933467525924
5.121220059623491e-6	0.40575276787939213
8.249784829267654e-6	0.40565522928374037
0.000011378499615468356	0.4055567198258081
0.000014507365511823431	0.4054572404434147
0.000017636383611659638	0.4053567920765662
0.000020765555008218713	0.40525537566715575
0.00002389488079450793	0.4051529921589626
0.00002702436206342508	0.4050496424976305
0.000030153999907697586	0.4049453276306792
0.00003328379541993205	0.4048400485074728
0.000036413749692595104	0.40473380607922277
0.00003954386381802047	0.4046266012989818
0.00004267413888843912	0.40451843512162666
0.00004580457599597836	0.40440930850385803
0.00004893517623264848	0.4042992224041811
0.000052065940690398	0.40418817778290406
0.00005519687046106242	0.4040761756021311
0.0000583279666364299	0.4039632168257523
0.0000614592303081961	0.4038493024194226
0.00006459066256802614	0.4037344333505649
0.00006772226450750337	0.4036186105883733
0.00007085403721820373	0.4035018351037752
0.00007398598179163762	0.40338410786944406
0.00007711809931930827	0.403265429859784
0.00008025039089268993	0.40314580205092027
0.00008338285760326402	0.40302522542069275
0.00008651550054248579	0.40290370094864725
0.00008964832080183969	0.4027812296160136
0.00009278131947280568	0.4026578124057289
0.00009591449764690676	0.40253345030239973
0.00009904785641566944	0.40240814429229693
0.00010218139687068684	0.40228189536335585
0.00010531512010358144	0.4021547045051723
0.00010844902720603773	0.4020265727089716
0.00011158311926980044	0.4018975009676209
0.0001147173973866886	0.40176749027562697
0.00011785186264859436	0.4016365416290889
0.00012098651614750429	0.40150465602573493
0.00012412135897549778	0.40137183446488733
0.0001272563922247593	0.40123807794745786
0.00013039161698758894	0.4011033874759417
0.00013352703435639513	0.40096776405441586
0.00013666264542372457	0.4008312086885219
0.00013979845128226433	0.4006937223854438
0.0001429344530248333	0.40055530615394375
0.00014607065174441374	0.4004159610042933
0.00014920704853414827	0.40027568794832397
0.0001523436444873476	0.40013448799936563
0.0001554804406974955	0.39999236217227724
0.0001586174382582684	0.3998493114834302
0.00016175463826353288	0.39970533695068006
0.00016489204180736362	0.3995604395933849
0.0001680296499840366	0.3994146204323741
0.00017116746388805745	0.39926788048994166
0.00017430548461415057	0.3991202207898645
0.00017744371325728388	0.39897164235739313
0.0001805821509126599	0.3988221462191669
0.00018372079867573688	0.3986717334033059
0.00018685965764224372	0.39852040493936847
0.00018999872890815988	0.39836816185830165
0.00019313801356976134	0.3982150051925059
0.00019627751272359076	0.39806093597574954
0.00019941722746649892	0.3979059552432259
0.0002025571588956307	0.3977500640315102
0.00020569730810844562	0.39759326337854095
0.00020883767620272282	0.39743555432363603
0.00021197826427656763	0.397276937907535
0.00021511907342841924	0.3971174151722317
0.00021826010475706572	0.396956987161143
0.00022140135936164133	0.39679565491899066
0.0002245428383416457	0.39663341949186653
0.00022768454279694736	0.3964702819271198
0.00023082647382779105	0.39630624327348746
0.00023396863253481162	0.3961413045809432
0.0002371110200190379	0.39597546690082824
0.00024025363738189822	0.3958087312857405
0.00024339648572523442	0.3956410987895277
0.00024653956615131603	0.3954725704673894
0.00024968287976282914	0.3953031473756938
0.0002528264276629097	0.3951328305721743
0.0002559702109551252	0.39496162111572913
0.0002591142307435152	0.3947895200665191
0.00026225848813256456	0.39461652848597667
0.0002654029842272481	0.3944426474367204
0.00026854772013300423	0.3942678779825878
0.0002716926969557707	0.39409222118864323
0.0002748379158019791	0.3939156781211574
0.0002779833777785701	0.3937382498475619
0.0002811290839929935	0.39355993743650675
0.0002842750355532277	0.39338074195781003
0.0002874212335677856	0.39320066448244256
0.0002905676791457105	0.3930197060825757
0.0002937143733966073	0.39283786783149494
0.00029686131743063147	0.39265515080364843
0.0003000085123585113	0.3924715560746243
0.00030315595929154295	0.3922870847211359
0.0003063036593416153	0.39210173782103125
0.0003094516136212074	0.39191551645324063
0.0003125998232433964	0.391728421697839
0.0003157482893218761	0.391540454636005
0.0003188970129709597	0.39135161634993687
0.0003220459953055833	0.3911619079230098
0.00032519523744133	0.3909713304396332
0.0003283447404944196	0.39077988498525323
0.0003314945055817341	0.39058757264641497
0.0003346445338208118	0.390394394510742
0.0003377948263298733	0.39020035166680744
0.0003409453842278147	0.39000544520432057
0.00034409620863422183	0.3898096762139861
0.0003472473006693891	0.3896130457875013
0.00035039866145430846	0.3894155550175947
0.00035355029211070005	0.38921720499805507
0.0003567021937610026	0.38901799682356125
0.000359854367528393	0.38881793158987943
0.0003630068145367971	0.3886170103937082
0.0003661595359108877	0.38841523433275155
0.00036931253277610807	0.3882126045056643
0.0003724658062586652	0.38800912201204374
0.0003756193574855573	0.3878047879524865
0.0003787731875845617	0.3875996034284891
0.00038192729768426624	0.3873935695425407
0.00038508168891405954	0.3871866873979919
0.00038823636240414855	0.38697895809915883
0.0003913913192855738	0.3867703827512795
0.0003945465606902018	0.3865609624604945
0.0003977020877507552	0.38635069833379454
0.00040085790160080694	0.386139591479146
0.000404014003374789	0.3859276430053496
0.00040717039420801773	0.3857148540221215
0.00041032707523667864	0.38550122564000455
0.0004134840475978609	0.3852867589703895
0.00041664131242955145	0.38507145512562474
0.00041979887087064224	0.3848553152188212
0.00042295672406095317	0.38463834036393324
0.0004261148731412296	0.3844205316758028
0.0004292733192531582	0.3842018902700537
0.00043243206353936985	0.3839824172631372
0.00043559110714345723	0.38376211377231734
0.00043875045120998253	0.3835409809156926
0.0004419100968844762	0.38331901981212396
0.0004450700453134653	0.38309623158132594
0.00044823029764446456	0.38287261734364403
0.00045139085502600407	0.38264817822039804
0.00045455171860761697	0.3824229153335405
0.0004577128895398695	0.38219682980587183
0.00046087436897435964	0.3819699227608675
0.00046403615806373173	0.38174219532280557
0.00046719825796168456	0.38151364861668563
0.0004703606698229745	0.3812842837682617
0.0004735233948034334	0.3810541019040234
0.0004766864340599872	0.38082310415108095
0.0004798497887506357	0.3805912916374259
0.0004830134600344975	0.38035866549161573
0.00048617744907179404	0.3801252268429541
0.000489341757023874	0.37989097682147344
0.0004925063850532195	0.3796559165578181
0.000495671334323449	0.37942004718337063
0.000498836605999336	0.3791833698301676
0.0005020022012468199	0.3789458856309039
0.0005051681212330051	0.3787075957189604
0.0005083343671261845	0.3784685012282958
0.0005115009400958394	0.3782286032936057
0.0005146678413126543	0.3779879030501548
0.0005178350719485245	0.37774640163387213
0.0005210026331765706	0.3775041001813236
0.0005241705261711431	0.3772609998295877
0.0005273387521078378	0.37701710171653285
0.000530507312163498	0.37677240698048164
0.0005336762075162365	0.3765269167604147
0.0005368454393454332	0.3762806321958858
0.000540015008831756	0.37603355442705627
0.0005431849171571657	0.3757856845946033
0.0005463551655049281	0.3755370238398529
0.0005495257550596181	0.37528757330464946
0.0005526966870071428	0.3750373341313937
0.0005558679625347406	0.3747863074630247
0.000559039582830995	0.374534494443121
0.0005622115490858441	0.3742818962156308
0.0005653838624905977	0.3740285139251388
0.0005685565242379426	0.3737743487167808
0.0005717295355219459	0.3735194017361543
0.0005749028975380808	0.3732636741293482
0.0005780766114832219	0.3730071670429879
0.0005812506785556733	0.372749881624191
0.0005844250999551584	0.3724918190206238
0.0005875998768828487	0.3722329803803527
0.0005907750105413629	0.37197336685190235
0.0005939505021347866	0.37171297958435723
0.0005971263528686734	0.37145181972725094
0.0006003025639500641	0.37118988843050715
0.0006034791365874871	0.3709271868445885
0.0006066560719909913	0.37066371612034615
0.0006098333713721247	0.37039947740908924
0.0006130110359439757	0.37013447186254983
0.0006161890669211638	0.3698687006329101
0.0006193674655198591	0.3696021648727594
0.0006225462329577941	0.36933486573508656
0.0006257253704542698	0.3690668043733084
0.0006289048792301754	0.3687979819412763
0.0006320847605079799	0.36852839959314515
0.0006352650155117744	0.3682580584835591
0.0006384456454672571	0.3679869597674847
0.0006416266516017522	0.36771510460026274
0.0006448080351442263	0.36744249413765645
0.0006479897973252882	0.3671691295357861
0.0006511719393772203	0.36689501195100976
0.0006543544625339647	0.36662014254026454
0.0006575373680311531	0.3663445224605911
0.0006607206571061145	0.36606815286960037
0.0006639043309978789	0.365791034925007
0.0006670883909472005	0.3655131697850689
0.0006702728381965547	0.3652345586081994
0.0006734576739901696	0.36495520255324165
0.0006766428995740126	0.36467510277926735
0.0006798285161958295	0.3643942604457148
0.0006830145251051301	0.36411267671232483
0.000686200927553219	0.36383035273907893
0.0006893877247931979	0.36354728968621147
0.0006925749180799808	0.363263488714356
0.0006957625086703043	0.36297895098438926
0.0006989504978227398	0.3626936776573709
0.0007021388867977064	0.3624076698946955
0.0007053276768574814	0.36212092885802205
0.0007085168692662076	0.3618334557092328
0.0007117064652899227	0.36154525161046425
0.0007148964661965502	0.36125631772406774
0.0007180868732559232	0.3609666552126506
0.0007212776877397923	0.3606762652391231
0.0007244689109218358	0.360385148966459
0.0007276605440776874	0.36009330755800933
0.0007308525884849222	0.3598007421771843
0.0007340450454230927	0.3595074539877703
0.0007372379161737304	0.3592134441535707
0.0007404312020203543	0.3589187138387787
0.0007436249042484915	0.35862326420754204
0.0007468190241456886	0.3583270964244379
0.0007500135630015211	0.35803021165407606
0.0007532085221076023	0.3577326110613001
0.0007564039027576043	0.3574342958109522
0.0007595997062472689	0.3571352670682891
0.0007627959338744164	0.3568355259985923
0.0007659925869389565	0.3565350737673122
0.0007691896667429109	0.3562339115399886
0.0007723871745904144	0.35593204048237903
0.0007755851117877346	0.35562946176032917
0.000778783479643284	0.3553261765398701
0.0007819822794676312	0.3550221859870692
0.000785181512573518	0.35471749126815394
0.000788381180275866	0.3544120935494921
0.0007915812838917894	0.35410599399749115
0.0007947818247406188	0.35379919377870767
0.0007979828041439048	0.353491694059837
0.000801184223425432	0.3531834960075316
0.0008043860839112299	0.35287460078865546
0.0008075883869296002	0.3525650095700913
0.0008107911338111095	0.35225472351878384
0.0008139943258886189	0.35194374380182597
0.0008171979644972897	0.3516320715862948
0.0008204020509745998	0.351319708039303
0.0008236065866603531	0.35100665432817857
0.0008268115728967021	0.3506929116200797
0.000830017011028145	0.35037848108234504
0.0008332229024015605	0.35006336388234854
0.0008364292483662063	0.34974756118742534
0.0008396360502737369	0.3494310741649663
0.0008428433094782185	0.3491139039824669
0.0008460510273361426	0.34879605180728984
0.0008492592052064366	0.34847751880693717
0.0008524678444504843	0.34815830614886834
0.0008556769464321378	0.34783841500052864
0.0008588865125177236	0.347517846529367
0.0008620965440760631	0.3471966019029218
0.0008653070424785006	0.34687468228850493
0.0008685180090988809	0.3465520888535626
0.0008717294453136079	0.34622882276556716
0.0008749413525016204	0.3459048851918933
0.000878153732044434	0.3455802772997808
0.0008813665853261455	0.3452550002565891
0.0008845799137334327	0.3449290552295152
0.0008877937186556029	0.344602443385887
0.0008910080014845715	0.34427516589275087
0.0008942227636148988	0.34394722391726984
0.0008974380064438013	0.34361861862636256
0.0009006537313711583	0.3432893511872072
0.0009038699397995341	0.3429594227664493
0.0009070866331341915	0.34262883453109183
0.0009103038127831037	0.34229758764779017
0.0009135214801569754	0.34196568328326643
0.0009167396366692482	0.3416331226039954
0.0009199582837361303	0.34129990677640193
0.000923177422776594	0.3409660369669644
0.0009263970552124025	0.3406315143419532
0.0009296171824681241	0.34029634006737053
0.0009328378059711417	0.3399605153093331
0.0009360589271516765	0.33962404123381223
0.0009392805474427977	0.339286919006438
0.000942502668280438	0.3389491497930587
0.0009457252911034117	0.3386107347590122
0.0009489484173534276	0.33827167506982875
0.0009521720484751057	0.33793197189068175
0.0009553961859160008	0.33759162638671847
0.0009586208311266004	0.3372506397227934
0.0009618459855603522	0.33690901306379045
0.0009650716506736908	0.33656674757431215
0.0009682978279260259	0.3362238444187558
0.0009715245187797829	0.3358803047614957
0.0009747517247004094	0.33553612976662484
0.0009779794471563884	0.33519132059805634
0.000981207687619262	0.33484587841956515
0.0009844364475636476	0.3344998043947482
0.0009876657284672388	0.33415309968693546
0.0009908955318108452	0.3338057654593252
0.0009941258590783907	0.3334578028748532
0.0009973567117569397	0.3331092130963469
0.0010005880913367116	0.3327599972863495
0.0010038199993110922	0.332410156607198
0.001007052437176654	0.3320596922210934
0.0010102854064331836	0.3317086052897949
0.0010135189085836798	0.3313568969750835
0.001016752945134378	0.3310045684384034
0.0010199875175947771	0.3306516208409072
0.0010232226274776435	0.3302980553436697
0.0010264582762990317	0.329943873107273
0.0010296944655783066	0.32958907529238246
0.001032931196838153	0.3292336630589907
0.0010361684716045962	0.3288776375672248
0.0010394062914070266	0.3285209999768238
0.001042644657778209	0.3281637514470851
0.0010458835722542957	0.3278058931372428
0.0010491230363748564	0.32744742620621686
0.001052363051682888	0.32708835181263674
0.0010556036197248318	0.32672867111478965
0.0010588447420506056	0.32636838527069645
0.0010620864202135945	0.3260074954382676
0.0010653286557706916	0.3256460027747665
0.0010685714502823105	0.3252839084374696
0.0010718148053124013	0.3249212135832045
0.001075058722428466	0.3245579193686559
0.0010783032032015822	0.32419402694988025
0.001081548249206421	0.32382953748284593
0.0010847938620212629	0.3234644521232176
0.0010880400432280188	0.3230987720263097
0.001091286794412244	0.32273249834699713
0.0010945341171631662	0.322365632239968
0.0010977820130736895	0.32199817485948784
0.0011010304837404303	0.3216301273595127
0.0011042795307637256	0.3212614908936839
0.001107529155747654	0.3208922666152017
0.0011107793603000538	0.32052245567702614
0.0011140301460325474	0.32015205923172996
0.0011172815145605525	0.3197810784315019
0.001120533467503309	0.3194095144281708
0.001123786006483898	0.31903736837315305
0.00112703913312925	0.31866464141761275
0.0011302928490701844	0.31829133471229804
0.0011335471559414056	0.31791744940755856
0.0011368020553815445	0.31754298665322583
0.00114005754903317	0.3171679475990105
0.0011433136385427978	0.31679233339412244
0.0011465703255609317	0.31641614518723005
0.0011498276117420654	0.31603938412683125
0.0011530854987447123	0.3156620513609173
0.0011563439882314262	0.31528414803704646
0.001159603081868815	0.3149056753024373
0.0011628627813275645	0.3145266343038589
0.0011661230882824664	0.3141470261875882
0.0011693840044124236	0.31376685209966443
0.0011726455314004848	0.31338611318556125
0.0011759076709338576	0.3130048105903954
0.001179170424703935	0.31262294545874547
0.0011824337944063082	0.31224051893486926
0.001185697781740799	0.311857532162598
0.0011889623884114716	0.3114739862852078
0.0011922276161266594	0.3110898824455306
0.0011954934665989758	0.31070522178623455
0.0011987599415453573	0.3103200054490704
0.0012020270426870603	0.30993423457568253
0.0012052947717497017	0.3095479103070993
0.0012085631304632747	0.3091610337840145
0.0012118321205621578	0.3087736061464784
0.0012151017437851623	0.30838562853419316
0.0012183720018755324	0.3079971020864056
0.0012216428965809768	0.30760802794170267
0.0012249144296536888	0.3072184072384696
0.0012281866028503756	0.30682824111433515
0.0012314594179322666	0.3064375307066606
0.001234732876665146	0.3060462771521473
0.001238006980819379	0.3056544815870717
0.001241281732169923	0.3052621451472044
0.0012445571324963577	0.30486926896787464
0.0012478331835829113	0.3044758541837732
0.0012511098872184758	0.3040819019292133
0.0012543872451966321	0.30368741333780797
0.0012576652593156781	0.30329238954295323
0.001260943931378647	0.3028968316771805
0.001264223263193337	0.30250074087281187
0.0012675032565723286	0.3021041182614136
0.0012707839133330044	0.3017069649741394
0.0012740652352975894	0.3013092821414478
0.0012773472242931573	0.3009110708935105
0.0012806298821516659	0.30051233235986125
0.0012839132107099773	0.30011306766933094
0.001287197211809877	0.29971327795042324
0.0012904818872981141	0.29931296433094745
0.0012937672390264043	0.2989121279382244
0.0012970532688514694	0.29851076989894376
0.0013003399786350608	0.29810889133932456
0.0013036273702439836	0.2977064933850252
0.0013069154455501134	0.29730357716104616
0.0013102042064304278	0.29690014379179863
0.0013134936547670405	0.29649619440128977
0.0013167837924472105	0.2960917301127473
0.0013200746213633768	0.29568675204894
0.0013233661434131818	0.2952812613320379
0.0013266583604994988	0.29487525908355416
0.0013299512745304522	0.2944687464244638
0.0013332448874194558	0.29406172447517015
0.0013365392010852167	0.29365419435541906
0.001339834217451794	0.2932461571843514
0.001343129938448594	0.2928376140805725
0.001346426366010409	0.2924285661619918
0.0013497235020774527	0.29201901454594326
0.0013530213485953696	0.2916089603492101
0.0013563199075152753	0.29119840468783886
0.0013596191807937784	0.2907873486772595
0.0013629191703930091	0.2903757934324657
0.0013662198782806421	0.28996374006754405
0.001369521306429925	0.2895511896961824
0.0013728234568197192	0.2891381434311971
0.0013761263314345047	0.28872460238501285
0.0013794299322644245	0.28831056766928437
0.001382734261305308	0.28789604039503736
0.0013860393205586937	0.2874810216725997
0.0013893451120318703	0.2870655126116951
0.0013926516377378868	0.28664951432145325
0.0013959588996956013	0.28623302791016875
0.0013992668999296934	0.2858160544857039
0.0014025756404706987	0.2853985951550352
0.0014058851233550377	0.2849806510245464
0.001409195350625047	0.2845622232000506
0.0014125063243290085	0.2841433127865708
0.001415818046521167	0.2837239208884881
0.0014191305192617794	0.2833040486094841
0.0014224437446171293	0.28288369705250466
0.0014257577246595597	0.2824628673199592
0.0014290724614675096	0.28204156051338536
0.0014323879571255355	0.2816197777337315
0.0014357042137243456	0.28119752008128807
0.001439021233360829	0.28077478865551314
0.0014423390181380873	0.2803515845551682
0.0014456575701654638	0.2799279088784654
0.0014489768915585796	0.27950376272267013
0.0014522969844393521	0.27907914718457544
0.001455617850936041	0.27865406336010823
0.0014589394931832664	0.27822851234441354
0.0014622619133220533	0.27780249523207784
0.001465585113499851	0.27737601311692517
0.0014689090958705708	0.27694906709183187
0.0014722338625946193	0.27652165824912545
0.001475559415838922	0.276093787680534
0.001478885757776973	0.2756654564767871
0.00148221289058884	0.27523666572785777
0.001485540816461231	0.2748074165231517
0.0014888695375874933	0.27437770995128746
0.00149219905616767	0.2739475470999508
0.0014955293744085233	0.2735169290563109
0.0014988604945235667	0.27308585690656956
0.0015021924187331045	0.2726543317361522
0.001505525149264258	0.2722223546300911
0.0015088586883510039	0.27178992667209906
0.0015121930382342112	0.27135704894544055
0.0015155282011616645	0.27092372253255703
0.0015188641793881105	0.2704899485150144
0.00152220097517528	0.27005572797373223
0.0015255385907919359	0.2696210619886925
0.0015288770285139	0.269185951639114
0.001532216290624084	0.2687503980035754
0.0015355563794125328	0.2683144021596091
0.001538897297176461	0.26787796518399776
0.001542239046220277	0.2674410881530001
0.0015455816288556291	0.2670037721416272
0.001548925047401435	0.2665660182243951
0.0015522693041839267	0.2661278274747471
0.0015556144015366734	0.2656892009656358
0.0015589603418006306	0.2652501397688546
0.0015623071273241681	0.26481064495553625
0.0015656547604631131	0.2643707175959172
0.0015690032435807797	0.26393035875949716
0.0015723525790480124	0.2634895695148199
0.0015757027692432208	0.263048350929611
0.0015790538165524207	0.26260670407069353
0.0015824057233692625	0.26216463000426365
0.001585758492095082	0.2617221297953808
0.0015891121251389278	0.26127920450843506
0.0015924666249176032	0.2608358552067398
0.0015958219938557129	0.26039208295307525
0.001599178234385683	0.2599478888089749
0.0016025353489478198	0.2595032738354045
0.0016058933399903353	0.25905823909224135
0.001609252209969396	0.2586127856386486
0.0016126119613491504	0.25816691453272317
0.0016159725966017888	0.2577206268317711
0.0016193341182075547	0.25727392359228657
0.0016226965286548173	0.25682680586964707
0.0016260598304400863	0.2563792747185682
0.0016294240260680637	0.2559313311925939
0.001632789118051683	0.2554829763446801
0.0016361551089121525	0.2550342112265781
0.0016395220011789927	0.25458503688927947
0.0016428897973900785	0.2541354543828026
0.001646258500091686	0.25368546475625764
0.0016496281118385183	0.253235069057844
0.0016529986351937814	0.2527842683346512
0.001656370072729183	0.2523330636331384
0.0016597424270250124	0.2518814559985726
0.0016631157006701581	0.2514294464754135
0.001666489896262168	0.2509770361070621
0.0016698650164072818	0.25052422593607
0.0016732410637204783	0.25007101700392675
0.0016766180408255235	0.24961741035115106
0.001679995950355002	0.24916340701748915
0.0016833747949503847	0.24870900804144094
0.001686754577262039	0.24825421446081652
0.0016901352999493088	0.2477990273120801
0.001693516965680539	0.24734344763104243
0.0016968995771331197	0.24688747645245165
0.001700283136993545	0.24643111480989097
0.0017036676479574504	0.24597436373603204
0.0017070531127296557	0.24551722426279504
0.001710439534024219	0.24505969742062889
0.0017138269145644798	0.24460178423930756
0.0017172152570830996	0.2441434857475203
0.0017206045643221252	0.24368480297284068
0.0017239948390330097	0.24322573694194785
0.0017273860839766971	0.24276628868025757
0.0017307783019236348	0.24230645921254151
0.0017341714956538331	0.24184624956211476
0.0017375656679569308	0.241385660751525
0.0017409608216322197	0.24092469380207998
0.0017443569594886984	0.24046334973428699
0.0017477540843451413	0.24000162956718074
0.0017511521990301179	0.23953953431922254
0.001754551306382069	0.23907706500746417
0.0017579514092493384	0.2386142226479877
0.0017613525104902307	0.23815100825572172
0.0017647546129730691	0.23768742284460667
0.001768157719576231	0.2372234674274504
0.0017715618331882045	0.23675914301600595
0.00177496695670765	0.23629445062086893
0.001778373093043442	0.23582939125146216
0.0017817802451147139	0.23536396591634423
0.001785188415850935	0.23489817562258428
0.0017885976081919361	0.23443202137653332
0.0017920078250879769	0.23396550418304382
0.0017954190694997962	0.23349862504617014
0.0017988313443986653	0.2330313849684876
0.0018022446527664472	0.23256378495167418
0.0018056589975956325	0.23209582599624543
0.0018090743818894217	0.2316275091013696
0.0018124908086617562	0.23115883526522607
0.0018159082809373805	0.2306898054848332
0.0018193268017519084	0.23022042075585067
0.0018227463741518626	0.22975068207300314
0.0018261670011947375	0.2292805904297209
0.001829588685949058	0.22881014681805406
0.001833011431494433	0.22833935222916824
0.0018364352409216142	0.22786820765288454
0.0018398601173325473	0.22739671407782514
0.0018432860638404427	0.2269248724912293
0.0018467130835698238	0.2264526838794192
0.0018501411796565798	0.2259801492273575
0.001853570355248036	0.22550726951856095
0.0018570006135030137	0.2250340457356641
0.0018604319575918763	0.22456047885981023
0.0018638643906966003	0.22408656987088404
0.0018672979160108327	0.22361231974766926
0.0018707325367399458	0.2231377294676214
0.0018741682561011096	0.22266280000671168
0.001877605077323341	0.2221875323398926
0.001881043003647572	0.2217119274407363
0.0018844820383267082	0.22123598628151978
0.0018879221846256969	0.22075970983312226
0.0018913634458215772	0.2202830990653165
0.00189480582520356	0.21980615494627703
0.0018982493260730738	0.2193288784431797
0.0019016939517438438	0.21885127052154493
0.001905139705541944	0.21837333214583013
0.0019085865908058676	0.2178950642788258
0.0019120346108865943	0.21741646788232183
0.0019154837691476435	0.2169375439165388
0.0019189340689651578	0.2164582933403188
0.0019223855137279506	0.2159787171111458
0.0019258381068375865	0.21549881618516042
0.0019292918517084417	0.21501859151717764
0.0019327467517677708	0.21453804406024768
0.0019362028104557745	0.21405717476652736
0.0019396600312256752	0.2135759845864306
0.0019431184175437673	0.2130944744689436
0.0019465779728895089	0.2126126453616696
0.0019500387007555713	0.21213049821081062
0.001953500604647923	0.21164803396107745
0.0019569636880858877	0.21116525355570118
0.0019604279546021636	0.21068215793643985
0.0019638934077431214	0.21019874804358815
0.001967360051068549	0.2097150248159604
0.001970827888151915	0.20923098919080002
0.0019742969225804217	0.2087466421039436
0.0019777671579550536	0.20826198448967248
0.0019812385978906504	0.20777701728064207
0.001984711246016014	0.20729174140807027
0.0019881851059739284	0.20680615780174635
0.0019916601814212735	0.20632026738957035
0.001995136476029091	0.205834071098217
0.0019986139934826553	0.20534756985256372
0.0020020927374815507	0.20486076473202963
0.002005572711731981	0.2043736565935927
0.0020090539199772326	0.2038862455873099
0.002012536365953142	0.20339853381689438
0.002016020053417288	0.20291052162188133
0.0020195049861419664	0.20242220998874433
0.002022991167914239	0.20193359983137643
0.0020264786025360093	0.201444692061554
0.002029967293824128	0.20095548758963983
0.002033457245610452	0.20046598732424747
0.0020369484617419414	0.19997619217231066
0.002040440946080718	0.19948610303909547
0.002043934702504162	0.1989957208280592
0.0020474297349050022	0.1985050464409637
0.0020509260471913743	0.19801408077789437
0.0020544236432869286	0.19752282473709437
0.0020579225271308977	0.1970312792150964
0.00206142270267819	0.1965394451066701
0.002064924173899462	0.19604732330479008
0.0020684269447812176	0.1955549147004742
0.0020719310193258863	0.19506222018328212
0.0020754364015519032	0.1945692406405356
0.002078943095493827	0.19407597695794582
0.0020824511052023736	0.19358243001947611
0.0020859604347445476	0.1930886007068554
0.0020894710882037263	0.19259448990034875
0.002092983069679724	0.19210009847802667
0.002096496383288903	0.19160542731619573
0.00210001103316426	0.1911104772892972
0.0021035270234555136	0.19061524926959295
0.0021070443583291877	0.1901197441276405
0.002110563041968728	0.18962396273202284
0.0021140830785745697	0.18912790594904935
0.002117604472364232	0.18863157464353025
0.002121127227572439	0.18813496967783788
0.00212465134845117	0.18763809191247097
0.0021281768392697998	0.18714094220601404
0.0021317037043151557	0.1866435214147434
0.0021352319478916424	0.18614583039314897
0.0021387615743213217	0.18564786999340988
0.002142292587944009	0.18514964106568318
0.0021458249931173854	0.18465114445813038
0.0021493587942170876	0.18415238101656925
0.0021528939956368025	0.1836533515847517
0.0021564306017883743	0.1831540570043709
0.0021599686171018995	0.18265449811479983
0.002163508046025837	0.18215467575315267
0.002167048893027093	0.18165459075471166
0.002170591162591143	0.18115424395197302
0.0021741348592221317	0.1806536361755543
0.0021776799874429534	0.180152768253649
0.002181226551795385	0.1796516410123728
0.002184774556840177	0.17915025527518658
0.002188324007157174	0.17864861186352607
0.002191874907345389	0.178146711596314
0.002195427262023144	0.17764455529012785
0.002198981075828166	0.17714214375934215
0.0022025363534176885	0.17663947781568382
0.0022060930994685737	0.17613655826852573
0.0022096513186774117	0.17563338592487854
0.0022132110157606294	0.1751299615892484
0.0022167721954546252	0.17462628606366148
0.002220334862515851	0.1741223601475302
0.0022238990217209368	0.1736181846380181
0.0022274646778668154	0.17311376032941533
0.00223103183577082	0.17260908801355296
0.0022346005002708033	0.17210416847992155
0.0022381706762252727	0.17159900251506152
0.0022417423685134733	0.17109359090285742
0.0022453155820355408	0.1705879344249679
0.002248890321712583	0.17008203385990586
0.002252466592486835	0.1695758899837462
0.002256044399321754	0.16906950356970557
0.002259623747202157	0.16856287538827988
0.002263204641134323	0.16805600620722894
0.0022667870861461364	0.16754889679155718
0.0022703710872872	0.16704154790322948
0.0022739566496289484	0.1665339603016567
0.002277543778264792	0.16602613474314828
0.002281132478310243	0.1655180719811876
0.0022847227549030085	0.1650097727664263
0.0022883146132031797	0.1645012378463292
0.0022919080583932855	0.16399246796568068
0.0022955030956784872	0.1634834638660088
0.002299099730286665	0.16297422628589853
0.0023026979674685795	0.16246475596091783
0.0023062978124979688	0.16195505362350646
0.002309899270671575	0.16144512000290334
0.002313502347309825	0.1609349558254504
0.0023171070477561208	0.1604245618140054
0.002320713377377543	0.15991393868835702
0.002324321341564844	0.1594030871651692
0.0023279309457325753	0.15889200795764852
0.0023315421953192363	0.1583807017758093
0.0023351550957874255	0.15786916932637426
0.0023387696526239485	0.1573574113125021
0.002342385871339991	0.15684542843430613
0.002346003757471243	0.15633322138818265
0.0023496233165780493	0.15582079110289915
0.0023532445542295377	0.15530813816906658
0.0023568674760663815	0.15479526211318087
0.0023604920877090406	0.15428216540356368
0.002364118394817914	0.15376884784910505
0.002367746403078774	0.1532553102324946
0.0023713761182029276	0.1527415532252857
0.002375007545927378	0.15222757749544635
0.002378640692014936	0.15171338370729665
0.0023822755622544163	0.15119897252118603
0.002385912162460766	0.15068434459372906
0.002389550498475234	0.1501695005778646
0.0023931905761655115	0.14965444112240253
0.0023968324014258906	0.14913916687236659
0.002400475980177447	0.14862367846886282
0.002404121318368156	0.14810797654891547
0.0024077684219730965	0.14759206174556683
0.0024114172969945716	0.14707593468780097
0.0024150679494623056	0.1465595960003969
0.002418720385433592	0.1460430463040176
0.002422374610993449	0.14552628621520924
0.002426030632254813	0.14500931634613579
0.0024296884553586685	0.14449213730476296
0.0024333480864742562	0.14397474969475413
0.0024370095317991984	0.14345715411533216
0.0024406727975597163	0.1429393511613212
0.002444337890010764	0.14242134142301
0.0024480048154362243	0.14190312548636366
0.0024516735801490795	0.1413847039327061
0.002455344190491565	0.1408660773385808
0.0024590166528353882	0.1403472462761243
0.002462690973581861	0.1398282113126967
0.002466367159162117	0.13930897301081405
0.0024700452160372694	0.1387895319283737
0.0024737251506986003	0.1382698886182444
0.002477406969667742	0.13775004362845178
0.0024810906794968703	0.13722999750215545
0.0024847762867688757	0.13670975077741043
0.002488463798097563	0.13618930398729745
0.0024921532201278357	0.1356686576595887
0.002495844559535891	0.13514781231717313
0.0024995378230293934	0.13462676847759622
0.0025032330173476993	0.1341055266529386
0.002506930149262019	0.13358408735030555
0.0025106292255756358	0.1330624510711673
0.002514330253124086	0.1325406183115621
0.002518033238775382	0.13201858956201012
0.0025217381894301807	0.1314963653076454
0.002525445112022002	0.130973946027748
0.0025291540135174433	0.13045133219602487
0.0025328649009163586	0.1299285242803774
0.0025365777812520955	0.12940552274287936
0.0025402926615916608	0.1288823280398051
0.0025440095490359806	0.12835894062148911
0.002547728450720068	0.1278353609320962
0.0025514493738132624	0.12731158940980386
0.0025551723255194283	0.12678762648673503
0.0025588973130771854	0.12626347258871665
0.002562624343760102	0.1257391281352958
0.0025663534248769487	0.12521459353955566
0.0025700845637718823	0.12468986920834102
0.0025738177678247026	0.12416495554204618
0.0025775530444510407	0.12363985293416352
0.0025812904011026138	0.1231145617719026
0.0025850298452674485	0.12258908243542867
0.0025887713844700887	0.12206341529850234
0.0025925150262718507	0.12153756072762484
0.002596260778271037	0.12101151908257313
0.0026000086481031883	0.1204852907160403
0.0026037586434413153	0.11995887597352305
0.002607510771996117	0.11943227519347745
0.002611265041516247	0.11890548870704525
0.00261502145978855	0.11837851683776342
0.0026187800346382786	0.11785135990216368
0.0026225407739291027	0.11732401820884317
0.002626303685564406	0.11679649205905446
0.0026300687774859716	0.11626878174608576
0.0026338360576752544	0.11574088755579233
0.0026376055341533755	0.11521280976564231
0.002641377214981401	0.11468454864568114
0.00264515110826057	0.11415610445737222
0.00264892722213258	0.11362747745425628
0.0026527055647798223	0.11309866788176104
0.0026564861444256706	0.11256967626632862
0.0026602689693063235	0.11204050271931729
0.0026640540477815802	0.11151114604349086
0.0026678413881736783	0.11098160861603122
0.0026716309988725215	0.11045188958953098
0.0026754228883103023	0.10992198928699431
0.0026792170649618135	0.10939190789299448
0.002683013537344708	0.10886164558306259
0.002686812314019786	0.10833120252361489
0.0026906134035912885	0.10780057887173539
0.002694416814707153	0.10726977477517535
0.0026982225560593306	0.10673879037190155
0.0027020306363840486	0.1062076257905239
0.0027058410644621223	0.105676281149758
0.0027096538491192413	0.1051447565584269
0.0027134689992262583	0.10461305211541355
0.0027172865236994984	0.10408116790944984
0.002721106431501053	0.10354910401901721
0.002724928731639078	0.10301686051225808
0.0027287534331681147	0.10248443744676672
0.0027325805451893907	0.10195183486953291
0.0027364100768511057	0.10141905281687358
0.0027402420373487993	0.10088609131398267
0.00274407643592561	0.10035295037538643
0.002747913281872617	0.09981963000406825
0.002751752584529174	0.09928613019204324
0.002755594353283206	0.09875245091948634
0.0027594385975715516	0.09821859215553713
0.002763285326880286	0.09768455385705395
0.002767134550745063	0.09715033596945866
0.0027709862787514174	0.09661593842580239
0.0027748405205351386	0.0960813611471832
0.0027786972857825917	0.09554660404230148
0.0027825565842310583	0.09501166700734064
0.0027864184256690848	0.09447654992592021
0.002790282819936833	0.09394125266868397
0.0027941497769264243	0.09340577509359126
0.0027980193065822987	0.09287011704522784
0.0028018914189015596	0.09233427835496352
0.002805766123934349	0.09179825884061946
0.002809643431784208	0.09126205830662265
0.0028135233526084234	0.0907256765432341
0.002817405896618413	0.09018911332703747
0.0028212910740800985	0.08965236842025101
0.0028251788953142735	0.08911544157066098
0.0028290693706969714	0.08857833251178317
0.0028329625106598665	0.08804104096222289
0.002836858325690648	0.08750356662568878
0.0028407568263333982	0.08696590919073018
0.002844658023189006	0.08642806833055573
0.002848561926915524	0.08589004370305961
0.002852468548228617	0.08535183495011887
0.0028563778979019067	0.08481344169797476
0.002860289986767425	0.08427486355650855
0.002864204825715976	0.08373610011934758
0.0028681224256976	0.08319715096346883
0.0028720427977214375	0.08265801564922708
0.002875965952858082	0.0821186937197793
0.002879891902237247	0.0815791847012031
0.002883820657049967	0.08103948810203383
0.0028877522285485754	0.08049960341299092
0.0028916866280471716	0.07995953010696283
0.0028956238669220276	0.07941926794653263
0.0028995639565675586	0.0788788162531491
0.002903506908568106	0.07833817295413646
0.002907452734450302	0.07779733969395312
0.00291140144584346	0.07725631477436319
0.0029153530544413168	0.07671509768761178
0.0029193075720024587	0.07617368777431532
0.002923265010350821	0.07563208435534365
0.002927225381376119	0.07509028673124785
0.00293118869703435	0.07454829418195394
0.0029351549693482333	0.07400610596678221
0.002939124210407732	0.07346372132389511
0.0029430964323704945	0.0729211394702175
0.002947071647462373	0.07237835960089192
0.0029510498679778904	0.07183538088932631
0.0029550311062807593	0.07129220248642285
0.0029590153748043605	0.07074882352084118
0.0029630026860522646	0.07020524309816056
0.002966993052598733	0.06966146030089292
0.002970986487089231	0.06911747418798728
0.002974983002240958	0.06857328379463799
0.002978982610843339	0.068028888131983
0.002982985325758592	0.06748428618631012
0.002986991159922238	0.06693947691948042
0.0029910001263436393	0.06639445926800137
0.002995012238106545	0.0658492321428061
0.002999027508369625	0.06530379442895239
0.003003045950367054	0.06475814498525828
0.0030070675774090333	0.06421228264389618
0.0030110924028823667	0.0636662062100839
0.003015120440251027	0.0631199144615177
0.003019151703056737	0.06257340614822106
0.0030231862049195247	0.06202667999188162
0.0030272239595383246	0.06147973468574444
0.003031264980691572	0.06093256889397648
0.0030353092822377665	0.06038518125136445
0.0030393568781161093	0.05983757036276924
0.003043407782347071	0.05928973480282847
0.0030474620090330477	0.05874167311528903
0.0030515195723589297	0.0581933838130349
0.0030555804865920284	0.057644865376998415
0.0030596447660854818	0.05709611625617805
0.0030637124252748974	0.05654713486690486
0.003067783478681548	0.05599791959235967
0.003071857940912423	0.05544846908245058
0.003075935826596599	0.05489878155625474
0.0030800171506294573	0.054348853865387146
0.0030841019278254845	0.0537986863651473
0.0030881901731405477	0.05324827626863406
0.00309228190161949	0.05269762187261614
0.0030963771283967893	0.05214672131596081
0.0031004758686972384	0.051595572700550076
0.003104578137836681	0.05104417409044556
0.0031086839512226502	0.05049252351166989
0.0031127933243551183	0.04994061895138903
0.003116906272827194	0.049388458357514715
0.003121022812325839	0.048836039637839154
0.0031251429586325956	0.04828336065981986
0.003129266727624323	0.04773041895367904
0.003133394135348448	0.04717721232735657
0.00313752519776321	0.04662373989330489
0.003141659931074577	0.04606999759962561
0.0031457983515501917	0.045515983843446774
0.0031499404755474416	0.04496169720337956
0.0031540863192604943	0.04440713486914715
0.0031582358997624817	0.04385228931769693
0.003162389233485829	0.04329716546853262
0.0031665463371993562	0.042741757240168876
0.003170707227774921	0.04218606243559524
0.003174871922188214	0.04163007838482144
0.003179040437519617	0.041073802368282036
0.0031832127909549785	0.04051723161661132
0.0031873889997865047	0.03996036330906126
0.003191569081413572	0.03940319457343052
0.003195753053343604	0.03884572248490168
0.0031999409331929006	0.038287944065392335
0.0032041327386875375	0.037729856282363326
0.0032083284876642344	0.037171456048596854
0.0032125281980712422	0.03661274022061738
0.0032167318879692372	0.036053705598284046
0.0032209395755322372	0.03549434892373375
0.00322515127904848	0.03493466688056612
0.0032293670169214104	0.03437465609253697
0.003233586807670552	0.03381431312315918
0.003237810669932472	0.03325363447436794
0.00324203862246174	0.03269261658554586
0.003246270684131868	0.03213125583265508
0.0032505068739363	0.03156954852727736
0.0032547472109893706	0.03100749091517827
0.0032589917145273164	0.030445079175621458
0.0032632404039092604	0.02988230942030618
0.0032674932986182254	0.029319177691891466
0.003271750418262155	0.02875567996323998
0.0032760117825749342	0.028191812136166037
0.003280277411417428	0.027627570040161125
0.003284547324778574	0.027062949431119795
0.0032888215427763733	0.02649794599073725
0.003293100085659004	0.02593255532441354
0.003297382973805916	0.025366772960476833
0.0033016702277288918	0.02480059434894762
0.0033059618680731664	0.024234014859972366
0.003310257915618544	0.023667029782708755
0.003314558391280539	0.023099634323776527
0.003318863316111471	0.022531823606116146
0.0033231727113016813	0.02196359266718977
0.0033274865981806523	0.02139493645796336
0.003331804998218168	0.020825849841278044
0.0033361279330255383	0.02025632759012926
0.0033404554243568023	0.019686364386353995
0.0033447874941099037	0.019115954819267908
0.0033491241643279187	0.0185450933836006
0.0033534654572003417	0.017973774478151055
0.0033578113950642977	0.017401992404170466
0.0033621620004057836	0.01682974136365231
0.003366517295860985	0.0162570154573887
0.0033708773042175695	0.015683808683499733
0.003375242048415932	0.015110114935538163
0.003379611551550594	0.014535928000503621
0.0033839858368714952	0.013961241557190055
0.0033883649277853443	0.013386049174219363
0.003392748847856949	0.012810344308158682
0.0033971376208106504	0.012234120301233631
0.0034015312705316667	0.011657370379823256
0.0034059298210674356	0.011080087652087551
0.003410333296629035	0.010502265105867515
0.0034147417215926656	0.009923895606132972
0.0034191551205012814	0.009344971892888052
0.0034235735180662493	0.008765486578979232
0.0034279969391688416	0.00818543214869896
0.003432425408861135	0.0076048009566879226
0.0034368589523658937	0.0070235852256238206
0.0034412975950770404	0.006441777038807019
0.0034457413625666126	0.005859368328432486
0.003450190280598433	0.005276350881250231
0.003454644375122327	0.004692716379627064
0.003459103672208566	0.004108456398073782
0.003463568198060299	0.0035235622047373977
0.003468037979409772	0.0029380248874397584
0.0034725130428645305	0.0023518358239303823
0.003476993414838711	0.0017649857985684609
0.0034814791228693696	0.0011774653047437
0.00348597019401581	0.0005892651948007994
0.006649138126211526	0.0007951996006294012
0.006653367908679507	0.001588960131985339
0.006657592641304735	0.002381800018553335
0.00666181235018316	0.003173729852148831
0.006666027061897463	0.003964760712927928
0.006670236801915715	0.004754903292253418
0.006674441595910507	0.00554416748452037
0.006678641469681661	0.006332563579089192
0.00668283644851416	0.007120101625624421
0.006687026557569297	0.007906791263947879
0.00669121182189289	0.00869264199185077
0.006695392266353516	0.009477663169715517
0.006699567915637082	0.010261863965044126
0.006703738794259713	0.0110452533447614
0.006707904926574369	0.011827840090983996
0.006712066336771211	0.012609632810970196
0.006716223048877634	0.013390639940184842
0.006720375086759044	0.014170869743728913
0.006724522474120288	0.014950330318173631
0.006728665234507293	0.01572902959446985
0.006732803391308519	0.016506975340727495
0.006736936967756506	0.017284175165614247
0.006741065986929091	0.018060636521145233
0.006745190471750805	0.018836366705842263
0.0067493104449940534	0.019611372866723757
0.006753425929280589	0.020385662002351174
0.006757536947082686	0.02115924096533131
0.006761643520724475	0.02193211646493303
0.00676574567238319	0.02270429506928182
0.006769843424090455	0.02347578320800533
0.006773936797733518	0.02424658717475772
0.006778025815056457	0.025016713129172825
0.00678211049766145	0.02578616709945623
0.006786190867009927	0.026554954984663228
0.0067902669444237975	0.027323082556853024
0.006794338751086582	0.028090555462875845
0.006798406308044677	0.028857379227133027
0.006802469636208393	0.0296235592533911
0.006806528756353167	0.03038910082652942
0.006810583689120699	0.031154009114839315
0.006814634455020048	0.0319182891721995
0.006818681074428725	0.03268194593942896
0.006822723567593848	0.03344498424669425
0.006826761954633163	0.03420740881503066
0.0068307962555361765	0.034969224258413985
0.006834826490165177	0.03573043508524775
0.006838852678256317	0.036491045700460085
0.006842874839420631	0.0372510604071553
0.006846892993145068	0.03801048340764785
0.006850907158793587	0.03876931880627521
0.006854917355608039	0.03952757061019808
0.006858923602709277	0.04028524273110693
0.006862925919098095	0.0410423389869298
0.006866924323656238	0.04179886310351035
0.0068709188351473195	0.04255481871561811
0.006874909472217878	0.04331020936892998
0.0068788962533982475	0.044065038521454394
0.006882879197103494	0.044819309544449036
0.006886858321634445	0.04557302572434973
0.00689083364517851	0.04632619026405878
0.006894805185810649	0.047078806284109376
0.006898772961494265	0.047830876823975535
0.00690273699008211	0.04858240484386682
0.006906697289317143	0.04933339322526312
0.00691065387683346	0.0500838447726727
0.006914606770157127	0.050833762214728434
0.00691855598670706	0.05158314820561049
0.006922501543795845	0.05233200532559434
0.006926443458630666	0.05308033608317804
0.006930381748314035	0.05382814291538133
0.006934316429844705	0.054575428189351315
0.006938247520118451	0.05532219420323848
0.006942175035928899	0.05606844318776363
0.006946098993968311	0.05681417730631634
0.006950019410828425	0.05755939865708772
0.006953936303001198	0.05830410927337679
0.006957849686879624	0.05904831055346833
0.006961759578758473	0.05979200912789676
0.006965665994600952	0.06053519681654225
0.006969568951026936	0.061277882194819444
0.006973468463745849	0.0620200674940229
0.0069773645486739646	0.06276175307756458
0.006981257221624036	0.06350293955532609
0.006985146498366903	0.06424363083562205
0.006989032394413084	0.06498382656921262
0.006992914925373268	0.0657235281648111
0.006996794106692115	0.06646273740675533
0.007000669953723412	0.06720145562737939
0.0070045424817308235	0.0679396841066401
0.007008411705888535	0.06867742407241499
0.00701227764128197	0.0694146767016749
0.007016140302908471	0.07015144312102803
0.007019999705677938	0.07088772440782899
0.007023855864413528	0.07162352159048231
0.007027708793852308	0.07235883564957571
0.0070315585086458895	0.07309366735527026
0.0070354050233611114	0.07382801893703667
0.007039248352427538	0.07456188840057379
0.007043088510359744	0.07529527846543747
0.007046925511410094	0.07602819001402507
0.00705075936981285	0.0767606233514518
0.007054590099720635	0.07749257914349593
0.007058417715205576	0.07822405801336307
0.007062242230257419	0.07895506054234763
0.007066063658788108	0.07968558727083087
0.007069882014629605	0.08041563869826936
0.007073697311535226	0.08114521528467097
0.007077509563180209	0.08187431745057085
0.007081318783162307	0.08260294557794033
0.007085124985002374	0.08333110001060101
0.007088928182144913	0.08405878105497058
0.007092728387958673	0.0847859889804825
0.007096525615737197	0.08551272402045353
0.007100319878699347	0.0862389863722409
0.007104111189989898	0.08696477619814753
0.007107899562680061	0.08769009362563877
0.007111685009768034	0.08841493874811901
0.007115467544179511	0.08913931162536033
0.0071192471787682515	0.0898632122840629
0.007123023926316576	0.09058664071835873
0.007126797799535891	0.09130959689023115
0.007130568811067208	0.09203208072982605
0.0071343369734816735	0.09275409213671147
0.007138102299281034	0.0934756309793246
0.007141864800898183	0.0941966970960526
0.007145624490697627	0.09491729029565331
0.007149381380975999	0.0956374103575285
0.007153135483962522	0.09635705703240438
0.007156886811819528	0.09707623004233025
0.0071606353766429185	0.09779492908181864
0.0071643811904626336	0.0985131538175086
0.007168124265243141	0.09923090388921613
0.007171864612883896	0.0999481789098868
0.007175602245219801	0.10066497846634237
0.007179337174021677	0.10138130211940542
0.0071830694109967135	0.1020971494046547
0.0071867989677889075	0.10281251983241772
0.007190525855979527	0.10352741288819682
0.007194250087087576	0.10424182803345415
0.0071979716725701776	0.1049557645289353
0.007201690623823057	0.10566922323272193
0.007205406952142212	0.10638220052721588
0.0072091206688843406	0.10709469777713228
0.007212831785219101	0.10780671448180494
0.007216540312300951	0.10851824955229392
0.007220246261225045	0.10922930229023665
0.007223949643027671	0.10993987197593512
0.0072276504686866186	0.11064995786839221
0.00723134874912207	0.11135955920569802
0.0072350444951952055	0.11206867520566517
0.007238737717711365	0.11277730506568913
0.007242428427418518	0.1134854479635367
0.0072461166350082035	0.11419310305732558
0.007249802351115862	0.114900269486073
0.007253485586321275	0.11560694636957189
0.007257166351148908	0.11631313280937798
0.007260844656068324	0.11701882788831729
0.007264520511494542	0.11772403067144457
0.007268193927788421	0.11842874020602576
0.007271864915257016	0.11913295552179948
0.007275533484153963	0.11983667563134534
0.0072791996446798434	0.12053989953008534
0.007282863406982546	0.12124262619715584
0.0072865247811576064	0.12194485459521143
0.00729018377724858	0.12264658367053109
0.0072938404052474235	0.12334781235395706
0.007297494675094768	0.12404853956025937
0.00730114659668035	0.1247487641891861
0.007304796179843311	0.1254484851252747
0.007308443434372541	0.12614770123831534
0.007312088370007021	0.12684641138315855
0.007315730996436179	0.12754461440065407
0.00731937132330019	0.12824230911728016
0.007323009360190334	0.12893949434571209
0.0073266451166493045	0.12963616888490284
0.007330278602171539	0.13033233152026139
0.007333909826203566	0.13102798102426436
0.007337538798144273	0.13172311615591623
0.00734116552734528	0.1324177356620164
0.007344790023111203	0.13311183827604833
0.007348412294700023	0.13380542271986154
0.007352032351323333	0.13449848770261627
0.007355650202146696	0.13519103192196427
0.007359265856289925	0.13588305406330148
0.0073628793228273795	0.13657455280095337
0.007366490610788292	0.13726552679758638
0.007370099729157039	0.13795597470482632
0.007373706686873447	0.13864589516336764
0.007377311492833089	0.13933528680306786
0.007380914155887566	0.14002414824324325
0.007384514684844797	0.1407124780928067
0.00738811308846931	0.14140027495041727
0.007391709375482526	0.1420875374047807
0.0073953035545630185	0.1427742640347297
0.0073988956343468346	0.1434604534092414
0.007402485623427731	0.14414610408817055
0.007406073530357467	0.14483121462169812
0.007409659363646074	0.14551578355095193
0.007413243131762127	0.14619980940802507
0.00741682484313302	0.1468832907162829
0.007420404506145209	0.14756622599047872
0.007423982129144506	0.14824861356475594
0.0074275577204363005	0.14893045333257868
0.007431131288260294	0.14961174090437704
0.007434702840895569	0.15029247664567041
0.007438272386499521	0.15097265918567218
0.007441839933218567	0.1516522866055875
0.0074454054891600055	0.1523313573636382
0.007448969062392256	0.15300986991081547
0.0074525306609451265	0.15368782269114803
0.007456090292810032	0.15436521414084678
0.007459647965940271	0.15504204268986027
0.007463203688251242	0.15571830676061418
0.007466757467620945	0.15639400476929438
0.007470309311889191	0.15706913512516
0.007473859228859415	0.15774369623138423
0.007477407226297849	0.15841768648428886
0.007480953311934006	0.15909110427459489
0.007484497493460916	0.1597639479866458
0.007488039778535381	0.1604362159988092
0.007491580174778176	0.16110790668385852
0.007495118689774272	0.16177901840878428
0.007498655331073088	0.16244954953496016
0.007502190106188693	0.16311949841863732
0.007505723022600025	0.16378886341025317
0.007509254087751122	0.1644576428555814
0.007512783309051325	0.16512583509490156
0.0075163106938755195	0.16579343846402606
0.007519836249564307	0.16646045129349632
0.007523359983424268	0.16712687190919884
0.007526881902728132	0.16779269863266366
0.007530402014715016	0.16845792978078167
0.007533920326590607	0.1691225636660668
0.007537436845527386	0.1697865985966511
0.007540951578664829	0.17045003287662167
0.007544464533109612	0.17111286480612656
0.007547975715935791	0.17177509268115065
0.0075514851341850495	0.17243671479383607
0.007554992794866841	0.173097729432686
0.007558498704958632	0.173758134882543
0.007562002871406065	0.17441792942463624
0.00756550530112318	0.1750771113369041
0.007569006000992587	0.1757356788936411
0.007572504977865662	0.1763936303661323
0.007576002238562747	0.17705096402249554
0.007579497789873321	0.1777076781278111
0.007582991638556206	0.1783637709438715
0.007586483791339746	0.17901924073006842
0.0075899742549219796	0.17967408574276184
0.00759346303597084	0.1803283042354592
0.00759695014112433	0.18098189445943624
0.007600435576990698	0.18163485466319412
0.007603919350148627	0.18228718309291586
0.007607401467147401	0.18293887799231076
0.007610881934507092	0.1835899376029452
0.007614360758718729	0.18424036016428919
0.007617837946244475	0.18489014391348726
0.00762131350351779	0.18553928708591538
0.0076247874369436254	0.18618778791489934
0.007628259752898558	0.18683564463182012
0.007631730457731013	0.1874828554666168
0.007635199557761362	0.18812941864730923
0.0076386670592821495	0.18877533240019853
0.007642132968558234	0.18942059495029942
0.00764559729182694	0.19006520452107886
0.007649060035298254	0.1907091593346494
0.0076525212051549475	0.19135245761173092
0.007655980807552779	0.19199509757184832
0.007659438848620602	0.1926370774334825
0.007662895334460577	0.19327839541384478
0.007666350271148296	0.19391904972924057
0.007669803664732945	0.1945590385950857
0.007673255521237467	0.1951983602258049
0.007676705846658702	0.1958370128350393
0.0076801546469675575	0.19647499463576207
0.007683601928109138	0.19711230384016276
0.007687047696002917	0.19774893865987603
0.007690491956542882	0.19838489730617132
0.007693934715597661	0.1990201779895157
0.007697375979010704	0.1996547789201856
0.007700815752600405	0.20028869830820148
0.0077042540421602655	0.20092193436303515
0.0077076908534590115	0.20155448529404665
0.007711126192240768	0.20218634931058072
0.007714560064225185	0.2028175244810655
0.007717992475107573	0.20344801015439562
0.007721423430544379	0.2040778022002118
0.007724852936213249	0.20470690034691358
0.007728280997721363	0.20533530293331198
0.007731707620668117	0.20596300786026503
0.007735132810629263	0.2065900133377462
0.007738556573157046	0.2072163175756563
0.007741978913780362	0.2078419187847155
0.007745399838004842	0.20846681517579843
0.007748819351313032	0.20909100496030508
0.007752237459164514	0.2097144863503037
0.007755654166996012	0.210337257558199
0.00775906948022155	0.21095931679717922
0.007762483404232712	0.21158066228130376
0.007765895944398198	0.21220129222497333
0.007769307106064819	0.2128212048437115
0.0077727168945570455	0.21344039835377995
0.0077761253151772715	0.21405887097228735
0.007779532373205941	0.21467662091734882
0.0077829380739016735	0.21529364640819346
0.007786342422501399	0.21590994566477023
0.007789745424220446	0.21652551690851243
0.007793147084252708	0.21714035836168893
0.00779654740777073	0.21775446824788156
0.007799946399925839	0.21836784479200524
0.007803344065848277	0.21898048621996027
0.007806740410647296	0.2195923907593613
0.007810135439411279	0.22020355663891383
0.00781352915720788	0.22081398208880032
0.007816921569084109	0.22142366534071645
0.00782031268006647	0.22203260462790267
0.007823702495161058	0.22264079818497934
0.007827091019353692	0.22324824424850503
0.00783047825761	0.22385494105606787
0.007833864214875568	0.22446088684749502
0.007837248896076014	0.22506607986430469
0.007840632306117118	0.22567051834933707
0.007844014449884938	0.22627420054755676
0.007847395332245901	0.22687712470591254
0.007850774958046921	0.22747928907280968
0.007854153332115513	0.2280806918989342
0.007857530459259876	0.22868133143678904
0.007860906344269027	0.229281205940881
0.007864280991912902	0.22988031366770031
0.00786765440694244	0.23047865287591576
0.007871026594089711	0.23107622182639792
0.007874397558067993	0.23167301878184937
0.00787776730357191	0.23226904200739254
0.007881135835277513	0.23286428977039686
0.007884503157842367	0.23345876034027196
0.00788786927590568	0.23405245198911173
0.007891234194088385	0.2346453629908889
0.007894597916993254	0.23523749162221444
0.007897960449204981	0.23582883616189856
0.007901321795290284	0.23641939489166947
0.007904681959798009	0.23700916609500836
0.007908040947259226	0.23759814805839471
0.007911398762187315	0.23818633907076675
0.007914755409078074	0.23877373742344973
0.00791811089240981	0.2393603414105067
0.007921465216643426	0.23994614932873867
0.007924818386222518	0.24053115947733633
0.007928170405573485	0.24111537015834014
0.00793152127910559	0.24169877967661677
0.007934871011211077	0.24228138633949517
0.007938219606265262	0.24286318845745464
0.007941567068626596	0.24344418434346193
0.007944913402636797	0.24402437231348856
0.007948258612620895	0.2446037506865732
0.007951602702887361	0.24518231778410396
0.007954945677728177	0.24576007193103977
0.007958287541418911	0.24633701145491949
0.007961628298218826	0.24691313468625772
0.007964967952370972	0.24748843995890424
0.007968306508102232	0.24806292560943902
0.00797164396962345	0.24863658997758772
0.00797498034112951	0.24920943140636123
0.007978315626799383	0.24978144824151025
0.007981649830796264	0.25035263883247544
0.007984982957267626	0.2509230015314045
0.007988315010345293	0.2514925346937879
0.007991645994145554	0.2520612366786434
0.007994975912769212	0.2526291058477194
0.007998304770301697	0.2531961405665056
0.00800163257081312	0.25376233920360075
0.00800495931835837	0.2543277001309298
0.00800828501697718	0.2548922217237932
0.008011609670694218	0.25545590236094357
0.008014933283519168	0.25601874042442335
0.008018255859446795	0.2565807342997887
0.008021577402457033	0.2571418823760913
0.008024897916515065	0.25770218304574194
0.008028217405571383	0.25826163470469976
0.008031535873561884	0.25882023575246516
0.008034853324407933	0.2593779845919982
0.008038169762016455	0.2599348796301575
0.008041485190279985	0.2604909192768066
0.008044799613076758	0.261046101854604
0.008048113034270788	0.2616004265201252
0.008051425457704806	0.2621538901773301
0.008054736887229423	0.26270649223690956
0.008058047326658645	0.2632582312101118
0.00806135677980031	0.26380910532943286
0.008064665250448383	0.26435911303089915
0.00806797274238304	0.2649082527540129
0.008071279259370736	0.26545652294249045
0.008074584805164275	0.2660039220434211
0.008077889383502868	0.2665504485078633
0.008081192998112226	0.26709610079084
0.00808449565270462	0.26764087735110415
0.00808779735097893	0.26818477665123786
0.008091098096620753	0.2687277971578466
0.00809439789330248	0.2692699373413588
0.008097696744683181	0.26981119567614553
0.008100994654408986	0.27035157064055154
0.008104291626112937	0.2708910607168873
0.008107587663415098	0.27142966439142807
0.00811088276992264	0.2719673801544062
0.00811417694922988	0.2725042065001304
0.008117470204918379	0.2730401419270179
0.008120762540556976	0.2735751849375404
0.008124053959701871	0.27410933403783216
0.00812734446589669	0.2746425877387755
0.00813063406267253	0.27517494455489827
0.00813392275354804	0.27570640300493887
0.008137210542029486	0.27623696161182976
0.008140497431610794	0.27676661890268356
0.008143783425773632	0.27729537340877314
0.008147068527987458	0.27782322366529627
0.008150352741709593	0.2783501682121011
0.00815363607038527	0.2788762055928481
0.008156918517447707	0.2794013343557806
0.008160200086318153	0.2799255530529783
0.008163480780405961	0.2804488602411971
0.008166760603108645	0.28097125448111243
0.008170039557811929	0.28149273433794875
0.008173317647889821	0.2820132983811155
0.008176594876704654	0.28253294518434124
0.008179871247607166	0.28305167332557274
0.008183146763936538	0.2835694813874351
0.008186421429020457	0.28408636795664866
0.008189695246175181	0.2846023316242323
0.008192968218705587	0.28511737098579326
0.00819624034990524	0.28563148464133414
0.00819951164305642	0.28614467119496256
0.008202782101430214	0.286656929255666
0.008206051728286552	0.2871682574366032
0.00820932052687426	0.28767865435521817
0.008212588500431123	0.2881881186338027
0.008215855652183938	0.28869664889891355
0.008219121985348564	0.28920424378160653
0.008222387503129976	0.28971090191725957
0.008225652208722333	0.2902166219461549
0.008228916105309004	0.29072140251285916
0.008232179196062648	0.2912252422663348
0.008235441484145244	0.2917281398603966
0.008238702972708163	0.29223009395318233
0.008241963664892212	0.2927311032074037
0.008245223563827673	0.2932311662905692
0.008248482672634389	0.29373028187453476
0.008251740994421764	0.2942284486357393
0.008254998532288869	0.29472566525554267
0.008258255289324444	0.2952219304194975
0.008261511268606988	0.29571724281820777
0.008264766473204782	0.29621160114645173
0.008268020906175948	0.2967050041041652
0.008271274570568499	0.2971974503954775
0.008274527469420393	0.2976889387294968
0.008277779605759567	0.2981794678199277
0.008281030982604002	0.29866903638509246
0.008284281602961765	0.2991576431480627
0.00828753146983105	0.299645286836564
0.008290780586200235	0.3001319661831602
0.00829402895504793	0.3006176799250485
0.008297276579343012	0.3011024268042923
0.008300523462044695	0.3015862055672717
0.008303769606102544	0.30206901496573435
0.008307015014456557	0.3025508537556705
0.008310259690037184	0.30303172069815826
0.008313503635765385	0.3035116145588132
0.008316746854552675	0.30399053410838395
0.008319989349301166	0.3044684781218911
0.008323231122903611	0.30494544537964446
0.008326472178243463	0.3054214346664722
0.008329712518194896	0.30589644477218175
0.008332952145622869	0.30637047449128724
0.008336191063383161	0.3068435226230483
0.008339429274322418	0.3073155879719832
0.008342666781278197	0.3077866693468771
0.008345903587079002	0.30825676556168125
0.008349139694544337	0.3087258754353145
0.00835237510648475	0.3091939977913491
0.008355609825701864	0.30966113145813867
0.008358843854988427	0.3101272752693296
0.008362077197128361	0.310592428063
0.008365309854896783	0.31105658868247704
0.008368541831060072	0.31151975597564496
0.008371773128375894	0.31198192879553605
0.008375003749593251	0.31244310600008457
0.008378233697452516	0.31290328645201443
0.008381462974685477	0.313362469019103
0.008384691584015384	0.3138206525739225
0.00838791952815697	0.31427783599415354
0.008391146809816522	0.3147340181621055
0.008394373431691885	0.3151891979654162
0.008397599396472536	0.3156433742964562
0.008400824706839595	0.3160965460525773
0.008404049365465887	0.3165487121361134
0.008407273375015964	0.3169998714543031
0.008410496738146155	0.3174500229195517
0.008413719457504595	0.3178991654488814
0.00841694153573128	0.3183472979646944
0.00842016297545808	0.31879441939405034
0.008423383779308803	0.3192405286692976
0.008426603949899218	0.3196856247275081
0.008429823489837092	0.32012970651085654
0.00843304240172224	0.32057277296664477
0.008436260688146542	0.3210148230469604
0.008439478351694006	0.3214558557091121
0.008442695394940773	0.32189586991516717
0.008445911820455192	0.3223348646325918
0.008449127630797816	0.32277283883341373
0.008452342828521472	0.3232097914951025
0.008455557416171279	0.32364572159989613
0.008458771396284682	0.3240806281353032
0.008461984771391503	0.3245145100935272
0.008465197544013963	0.32494736647209144
0.00846840971666672	0.3253791962734998
0.00847162129185691	0.32580999850533876
0.008474832272084173	0.32623977218010664
0.008478042659840694	0.32666851631548155
0.00848125245761124	0.327096229934125
0.008484461667873186	0.3275229120639685
0.008487670293096551	0.32794856173760073
0.008490878335744046	0.32837317799308574
0.008494085798271081	0.32879675987324736
0.00849729268312583	0.329219306426377
0.008500498992749236	0.32964081670530726
0.008503704729575066	0.33006128976829785
0.008506909896029927	0.33048072467875805
0.00851011449453332	0.3308991205048801
0.008513318527497643	0.3313164763201348
0.008516521997328257	0.3317327912031185
0.008519724906423493	0.3321480642373379
0.008522927257174696	0.33256229451156444
0.008526129051966256	0.3329754811195509
0.008529330293175638	0.33338762316009224
0.008532530983173412	0.33379871973748426
0.008535731124323289	0.3342087699604524
0.00853893071898215	0.33461777294328543
0.008542129769500088	0.33502572780536005
0.008545328278220408	0.33543263367090814
0.008548526247479702	0.33583848966956303
0.008551723679607845	0.33624329493584915
0.00855492057692803	0.3366470486093554
0.008558116941756835	0.3370497498350035
0.008561312776404187	0.3374513977628098
0.008564508083173456	0.3378519915475916
0.008567702864361456	0.338251530349446
0.00857089712225847	0.3386500133338127
0.008574090859148295	0.3390474396709814
0.008577284077308253	0.33944380853631534
0.00858047677900925	0.33983911911049647
0.008583668966515771	0.3402333705792491
0.008586860642085935	0.3406265621332347
0.008590051807971509	0.341018692968527
0.008593242466417942	0.3414097622860312
0.008596432619664406	0.34179976929196326
0.008599622269943794	0.3421887131976678
0.00860281141948278	0.3425765932194486
0.00860600007050183	0.34296340857877605
0.008609188225215232	0.34334915850236813
0.008612375885831138	0.3437338422218419
0.008615563054551568	0.34411745897411644
0.00861874973357245	0.34450000800116887
0.008621935925083661	0.34488148855007
0.008625121631269033	0.3452618998730537
0.00862830685430638	0.3456412412273311
0.008631491596367549	0.3460195118753528
0.008634675859618432	0.34639671108477676
0.008637859646218977	0.34677283812810966
0.008641042958323247	0.34714789228324966
0.00864422579807942	0.347521872832996
0.00864740816762983	0.34789477906533667
0.008650590069110994	0.3482666102734283
0.00865377150465363	0.34863736575548027
0.008656952476382684	0.34900704481483247
0.008660132986417358	0.34937564675977956
0.008663313036871147	0.34974317090402385
0.008666492629851842	0.3501096165660892
0.00866967176746158	0.3504749830698875
0.008672850451796846	0.3508392697441005
0.008676028684948522	0.3512024759227419
0.008679206469001888	0.35156460094493347
0.008682383806036675	0.3519256441547569
0.008685560698127058	0.3522856049014709
0.008688737147341712	0.35264448253947617
0.008691913155743816	0.3530022764281648
0.008695088725391075	0.3533589859321079
0.008698263858335782	0.35371461042096625
0.008701438556624776	0.35406914926942124
0.008704612822299534	0.35442260185727187
0.008707786657396159	0.354774967569469
0.008710960063945398	0.3551262457959684
0.008714133043972694	0.3554764359317927
0.008717305599498192	0.35582553737719325
0.008720477732536753	0.3561735495372608
0.008723649445098007	0.3565204718223679
0.008726820739186352	0.3568663036479419
0.008729991616800985	0.35721104443437535
0.008733162079935923	0.35755469360713643
0.008736332130580032	0.3578972505968707
0.008739501770717051	0.35823871483920233
0.0087426710023256	0.35857908577489794
0.008745839827379222	0.35891836284961404
0.008749008247846395	0.35925654551432906
0.008752176265690557	0.35959363322488713
0.008755343882870125	0.35992962544207135
0.008758511101338524	0.3602645216320128
0.008761677923044213	0.36059832126569796
0.008764844349930691	0.36093102381929937
0.00876801038393653	0.3612626287737587
0.0087711760269954	0.3615931356154304
0.008774341281036081	0.3619225438352955
0.0087775061479825	0.36225085292972375
0.008780670629753738	0.3625780623998933
0.008783834728264054	0.36290417175216494
0.00878699844542291	0.36322918049776604
0.008790161783134996	0.36355308815301784
0.008793324743300246	0.3638758942392492
0.008796487327813862	0.36419759828288767
0.00879964953856633	0.3645181998151717
0.008802811377443447	0.3648376983726079
0.008805972846326341	0.36515609349638517
0.008809133947091487	0.3654733847330239
0.008812294681610735	0.36578957163382414
0.008815455051751324	0.3661046537551019
0.008818615059375912	0.36641863065830677
0.008821774706342581	0.36673150190966575
0.008824933994504871	0.3670432670805375
0.008828092925711798	0.3673539257470768
0.008831251501807866	0.3676634774908235
0.008834409724633105	0.36797192189773914
0.008837567596023065	0.3682792585590888
0.00884072511780886	0.36858548707109945
0.008843882291817172	0.36889060703482285
0.008847039119870283	0.36919461805627923
0.008850195603786084	0.3694975197465703
0.008853351745378097	0.36979931172161934
0.008856507546455502	0.37009999360237034
0.00885966300882315	0.37039956501454063
0.008862818134281582	0.37069802558899134
0.00886597292462705	0.37099537496142365
0.008869127381651534	0.37129161277241873
0.00887228150714277	0.3715867386675582
0.00887543530288425	0.37188075229730566
0.008878588770655265	0.37217365331691055
0.0088817419122309	0.372465441386795
0.008884894729382076	0.37275611617210885
0.008888047223875551	0.3730456773427677
0.008891199397473943	0.3733341245738903
0.008894351251935754	0.37362145754532383
0.00889750278901538	0.3739076759417729
0.008900654010463143	0.37419277945277174
0.00890380491802529	0.3744767677728662
0.008906955513444028	0.3747596406014165
0.00891010579845753	0.3750413976426488
0.008913255774799967	0.37532203860561825
0.008916405444201511	0.3756015632041954
0.008919554808388363	0.37587997115722904
0.008922703869082761	0.3761572621883002
0.008925852628003009	0.37643343602586155
0.008929001086863493	0.37670849240323356
0.00893214924737469	0.37698243105846174
0.008935297111243192	0.37725525173458335
0.00893844468017172	0.37752695417932086
0.008941591955859148	0.3777975381451785
0.008944738940000514	0.37806700338948385
0.00894788563428704	0.3783353496746307
0.008951032040406147	0.37860257676743947
0.00895417816004147	0.3788686844397123
0.008957323994872885	0.37913367246786533
0.008960469546576517	0.3793975406334585
0.008963614816824762	0.3796602887224145
0.00896675980728629	0.37992191652563445
0.00896990451962608	0.38018242383880624
0.008973048955505434	0.38044181046230374
0.008976193116581979	0.38070007620123913
0.008979337004509707	0.38095722086542355
0.008982480620938964	0.3812132442696468
0.008985623967516485	0.3814681462332288
0.008988767045885405	0.38172192658007226
0.00899190985768528	0.38197458513925464
0.008995052404552097	0.38222612174408443
0.008998194688118293	0.38247653623296524
0.009001336710012763	0.38272582844871705
0.009004478471860892	0.38297399823904765
0.009007619975284556	0.3832210454562917
0.009010761221902152	0.38346696995734947
0.009013902213328599	0.3837117716040895
0.009017042951175358	0.38395545026280203
0.009020183437050461	0.3841980058045402
0.009023323672558505	0.38443943810502845
0.009026463659300684	0.38467974704456154
0.009029603398874797	0.3849189325081955
0.009032742892875265	0.38515699438555845
0.00903588214289315	0.3853939325709909
0.009039021150516162	0.38562974696337693
0.009042159917328681	0.3858644374662368
0.009045298444911774	0.3860980039877598
0.0090484367348432	0.38633044644074516
0.009051574788697435	0.3865617647424746
0.00905471260804569	0.38679195881499695
0.009057850194455905	0.38702102858490567
0.00906098754949279	0.3872489739832422
0.009064124674717827	0.3874757949458388
0.00906726157168928	0.3877014914129385
0.00907039824196222	0.387926063329488
0.009073534687088538	0.388149510644747
0.009076670908616953	0.38837183331290537
0.009079806908093032	0.3885930312922658
0.009082942687059201	0.38881310454606766
0.009086078247054765	0.38903205304183225
0.009089213589615916	0.389249876751576
0.009092348716275754	0.3894665756520954
0.009095483628564289	0.3896821497245163
0.009098618328008483	0.3898965989543527
0.009101752816132215	0.3901099233317904
0.009104887094456355	0.39032212285155843
0.009108021164498728	0.39053319751268956
0.009111155027774157	0.3907431473188685
0.009114288685794466	0.3909519722779445
0.009117422140068498	0.39115967240272415
0.009120555392102122	0.39136624770994366
0.009123688443398255	0.39157169822115867
0.009126821295456876	0.39177602396215905
0.00912995394977503	0.39197922496336474
0.009133086407846847	0.39218130125936135
0.009136218671163564	0.3923822528893566
0.009139350741213524	0.39258207989683425
0.009142482619482199	0.39278078232985975
0.009145614307452206	0.3929783602407819
0.0091487458066033	0.39317481368625684
0.009151877118412421	0.3933701427273812
0.00915500824435368	0.3935643474297975
0.009158139185898377	0.39375742786327506
0.00916126994451503	0.393949384102052
0.009164400521669369	0.3941402162247272
0.009167530918824354	0.3943299243142255
0.009170661137440202	0.39451850845775377
0.009173791178974372	0.39470596874699115
0.009176921044881613	0.3948923052777708
0.009180050736613952	0.39507751815033254
0.009183180255620706	0.395261607469255
0.00918630960334851	0.3954445733433361
0.009189438781241328	0.3956264158856627
0.009192567790740444	0.39580713521375965
0.009195696633284506	0.39598673144918384
0.009198825310309518	0.39616520471794203
0.00920195382324886	0.39634255515027683
0.00920508217353329	0.39651878288059406
0.00920821036259098	0.39669388804763284
0.0092113383918475	0.39686787079435726
0.009214466262725853	0.3970407312678921
0.009217593976646475	0.3972124696197255
0.009220721535027256	0.3973830860054102
0.009223848939283536	0.3975525805847542
0.009226976190828145	0.39772095352181686
0.009230103291071384	0.3978882049847723
0.00923323024142106	0.3980543351460105
0.00923635704328249	0.39821934418214155
0.009239483698058507	0.39838323227384725
0.009242610207149489	0.39854599960603093
0.009245736571953352	0.3987076463676949
0.009248862793865576	0.39886817275207237
0.009251988874279209	0.39902757895646845
0.00925511481458488	0.39918586518233595
0.009258240616170815	0.3993430316350983
0.009261366280422845	0.39949907852457367
0.009264491808724426	0.39965400606449264
0.009267617202456625	0.39980781447274805
0.009270742462998175	0.39996050397115657
0.00927386759172544	0.40011207478588573
0.009276992590012467	0.40026252714691113
0.009280117459230967	0.4004118612884851
0.009283242200750346	0.4005600774487094
0.00928636681593771	0.40070717586991833
0.009289491306157869	0.40085315679831274
0.00929261567277336	0.4009980204842974
0.00929573991714446	0.4011417671821208
0.00929886404062919	0.4012843971501219
0.009301988044583315	0.4014259106506674
0.00930511193036038	0.4015663079500896
0.009308235699311709	0.4017055893187136
0.009311359352786415	0.4018437550308115
0.009314482892131416	0.4019808053646298
0.009317606318691437	0.4021167406024565
0.00932072963380903	0.4022515610304323
0.009323852838824588	0.4023852669386073
0.009326975935076344	0.4025178586210974
0.009330098923900392	0.4026493363759047
0.009333221806630695	0.40277970050489253
0.009336344584599091	0.4029089513138371
0.00933946725913532	0.40303708911248187
0.009342589831567012	0.40316411421437326
0.009345712303219716	0.4032900269370643
0.0093488346754169	0.4034148276017978
0.009351956949479972	0.40353851653391926
0.009355079126728283	0.403661094062377
0.009358201208479135	0.40378256052022066
0.009361323196047808	0.4039029162440702
0.009364445090747544	0.40402216157462867
0.009367566893889588	0.4041402968562847
0.009370688606783178	0.4042573224372345
0.00937381023073556	0.4043732386695331
0.009376931767052002	0.40448804590903004
0.009380053217035793	0.4046017445152941
0.009383174581988285	0.4047143348517825
0.009386295863208858	0.4048258172856198
0.00938941706199497	0.4049361921877284
0.009392538179642146	0.40504545993280333
0.009395659217443987	0.4051536208992677
0.009398780176692205	0.4052606754692622
0.009401901058676599	0.4053666240286801
0.009405021864685094	0.4054714669671189
0.009408142596003725	0.4055752046779041
0.009411263253916675	0.4056778375579974
0.009414383839706268	0.40577936600814485
0.009417504354652982	0.4058797904326993
0.00942062480003546	0.40597911123966696
0.009423745177130526	0.40607732884081577
0.009426865487213177	0.40617444365154354
0.009429985731556626	0.4062704560908046
0.009433105911432265	0.40636536658125055
0.009436226028109732	0.4064591755491554
0.009439346082856863	0.40655188342444815
0.009442466076939755	0.40664349064064453
0.009445586011622731	0.40673399763480356
0.00944870588816838	0.40682340484760277
0.009451825707837555	0.40691171272342047
0.009454945471889386	0.4069989217100247
0.009458065181581292	0.4070850322588552
0.009461184838168976	0.40717004482489183
0.00946430444290646	0.40725395986666224
0.00946742399704607	0.4073367778461824
0.009470543501838466	0.4074184992290826
0.009473662958532638	0.40749912448444586
0.009476782368375925	0.4075786540848922
0.00947990173261401	0.4076570885065238
0.009483021052490954	0.40773442822900097
0.009486140329249184	0.40781067373530694
0.009489259564129514	0.4078858255120906
0.009492378758371138	0.40795988404935457
0.009495497913211675	0.40803284984056926
0.00949861702988714	0.40810472338268905
0.009501736109631974	0.40817550517603063
0.009504855153679048	0.40824519572443896
0.009507974163259677	0.40831379553509906
0.009511093139603627	0.40838130511863396
0.009514212083939117	0.4084477249890622
0.009517330997492846	0.4085130556637715
0.00952044988148998	0.4085772976635987
0.009523568737154183	0.4086404515126711
0.00952668756570761	0.4087025177385196
0.009529806368370928	0.4087634968720797
0.009532925146363317	0.4088233894474799
0.00953604390090248	0.4088821960023647
0.009539162633204661	0.4089399170775975
0.009542281344484649	0.4089965532173686
0.00954540003595578	0.40905210496919636
0.009548518708829955	0.4091065728838753
0.00955163736431765	0.4091599575155491
0.009554756003627917	0.40921225942155276
0.00955787462796841	0.409263479162584
0.009560993238545363	0.40931361730245464
0.009564111836563643	0.4093626744084393
0.00956723042322671	0.4094106510508912
0.009570348999736671	0.40945754780346333
0.009573467567294257	0.4095033652429946
0.009576586127098852	0.409548103949568
0.009579704680348487	0.4095917645064722
0.009582823228239865	0.4096343475001993
0.00958594177196836	0.4096758535203797
0.00958906031272801	0.4097162831598768
0.009592178851711576	0.40975563701472284
0.009595297390110488	0.4097939156840178
0.0095984159291149	0.40983111977011655
0.009601534469913683	0.4098672498784971
0.009604653013694425	0.4099023066177213
0.009607771561643462	0.40993629059950915
0.009610890114945867	0.4099692024386398
0.00961400867478546	0.4100010427530797
0.00961712724234484	0.4100318121638355
0.00962024581880536	0.4100615112949911
0.009623364405347157	0.41009014077371014
0.009626483003149167	0.4101177012302672
0.009629601613389103	0.41014419329791774
0.009632720237243505	0.41016961761302173
0.009635838875887717	0.41019397481492526
0.009638957530495906	0.41021726554605337
0.009642076202241072	0.4102394904518266
0.009645194892295065	0.4102606501806575
0.009648313601828567	0.4102807453839872
0.009651432332011132	0.41029977671619283
0.009654551084011182	0.4103177448347332
0.00965766985899601	0.41033465039992484
0.009660788658131794	0.41035049407509944
0.0096639074825836	0.4103652765265607
0.009667026333515407	0.4103789984235245
0.009670145212090097	0.4103916604381022
0.009673264119469472	0.410403263245436
0.009676383056814265	0.4104138075234784
0.009679502025284139	0.4104232939531176
0.009682621026037713	0.4104317232181761
0.009685740060232543	0.41043909600533024
0.009688859129025165	0.4104454130040881
0.009691978233571066	0.4104506749069251
0.009695097375024728	0.4104548824090974
0.009698216554539616	0.41045803620871474
0.00970133577326819	0.4104601370067651
0.00970445503236191	0.41046118550703264
0.009707574332971262	0.41046118241613405
0.009710693676245734	0.4104601284434891
0.009713813063333866	0.4104580243013236
0.009716932495383215	0.41045487070466874
0.009720051973540401	0.4104506683712995
0.009723171498951091	0.41044541802180107
0.00972629107276002	0.4104391203795061
0.00972941069611099	0.4104317761704899
0.009732530370146892	0.41042338612360596
0.009735650096009692	0.4104139509704096
0.009738769874840465	0.41040347144518585
0.009741889707779392	0.4103919482849527
0.009745009595965757	0.41037938222943776
0.00974812954053798	0.4103657740210238
0.009751249542633594	0.4103511244048208
0.009754369603389297	0.4103354341286386
0.009757489723940903	0.41031870394286796
0.00976060990542341	0.4103009346006704
0.009763730148970962	0.41028212685775534
0.009766850455716876	0.41026228147255495
0.009769970826793659	0.41024139920609837
0.009773091263333002	0.4102194808220019
0.009776211766465785	0.4101965270865642
0.00977933233732211	0.4101725387686167
0.009782452977031276	0.41014751663965804
0.009785573686721808	0.4101214614737039
0.009788694467521477	0.41009437404738486
0.009791815320557267	0.4100662551398601
0.009794936246955422	0.4100371055329242
0.009798057247841439	0.4100069260108112
0.00980117832434008	0.4099757173603541
0.009804299477575369	0.4099434803709183
0.009807420708670618	0.4099102158343715
0.009810542018748425	0.40987592454508187
0.009813663408930683	0.40984060729994615
0.009816784880338585	0.4098042648983117
0.009819906434092642	0.4097668981420486
0.009823028071312679	0.4097285078354627
0.009826149793117848	0.4096890947853297
0.00982927160062665	0.40964865980092197
0.009832393494956912	0.4096072036938938
0.00983551547722583	0.40956472727835275
0.00983863754854995	0.4095212313708494
0.009841759710045188	0.4094767167903411
0.009844881962826844	0.40943118435818326
0.009848004308009597	0.40938463489813864
0.00985112674670752	0.40933706923634466
0.009854249280034087	0.40928848820132246
0.009857371909102184	0.4092388926239762
0.009860494635024105	0.4091882833375448
0.009863617458911586	0.40913666117764397
0.009866740381875782	0.40908402698219976
0.009869863405027293	0.409030381591499
0.009872986529476175	0.4089757258481355
0.009876109756331936	0.40892006059701386
0.009879233086703553	0.4088633866853503
0.009882356521699468	0.4088057049626553
0.009885480062427624	0.40874701628072097
0.00988860370999543	0.4086873214936099
0.009891727465509809	0.4086266214576722
0.009894851330077191	0.40856491703148645
0.009897975304803507	0.4085022090758967
0.009901099390794225	0.4084384984539895
0.009904223589154335	0.40837378603106844
0.009907347900988368	0.4083080726746652
0.009910472327400397	0.40824135925452604
0.009913596869494053	0.408173646642593
0.009916721528372533	0.40810493571299283
0.009919846305138598	0.40803522734205555
0.009922971200894585	0.4079645224082744
0.009926096216742434	0.40789282179230657
0.009929221353783657	0.40782012637696935
0.009932346613119383	0.40774643704722435
0.009935471995850348	0.40767175469017075
0.009938597503076902	0.40759608019504223
0.009941723135899024	0.4075194144531778
0.009944848895416344	0.40744175835803864
0.009947974782728105	0.40736311280519066
0.009951100798933219	0.40728347869228004
0.009954226945130247	0.4072028569190394
0.00995735322241743	0.40712124838727654
0.009960479631892677	0.40703865400086686
0.009963606174653578	0.4069550746657349
0.009966732851797408	0.4068705112898559
0.009969859664421146	0.40678496478323956
0.009972986613621481	0.40669843605792655
0.009976113700494813	0.4066109260279781
0.00997924092613727	0.4065224356094568
0.00998236829164471	0.4064329657204363
0.009985495798112701	0.40634251728097676
0.009988623446636622	0.4062510912131221
0.009991751238311527	0.4061586884408914
0.009994879174232313	0.40606530989055084
0.009998007255493609	0.40597095648872994