0.	0.3923699204033901	0	0.3923699204033901
2.5025025025025024e-6	0.3911863889549221	0	0.3911863889549221
5.005005005005005e-6	0.3899980482867352	0	0.3899980482867352
7.507507507507507e-6	0.3888050110285957	0	0.3888050110285957
0.00001001001001001001	0.38760738894247415	0	0.38760738894247415
0.000012512512512512513	0.3864052924047037	0	0.3864052924047037
0.000015015015015015015	0.3851988314052489	0	0.3851988314052489
0.000017517517517517516	0.3839881138757069	0	0.3839881138757069
0.00002002002002002002	0.38277324753911496	0	0.38277324753911496
0.000022522522522522523	0.38155433801567035	0	0.38155433801567035
0.000025025025025025026	0.38033149118730286	0	0.38033149118730286
0.000027527527527527526	0.37910481086050046	0	0.37910481086050046
0.00003003003003003003	0.3778744000800113	0	0.3778744000800113
0.00003253253253253253	0.37664036086177893	0	0.37664036086177893
0.00003503503503503503	0.37540279398065557	0	0.37540279398065557
0.000037537537537537536	0.3741617992255298	0	0.3741617992255298
0.00004004004004004004	0.37291747541123016	0	0.37291747541123016
0.00004254254254254254	0.3716699196325164	0	0.3716699196325164
0.000045045045045045046	0.3704192305581952	0	0.3704192305581952
0.00004754754754754755	0.369165500814909	0	0.369165500814909
0.00005005005005005005	0.3679088267635466	0	0.3679088267635466
0.000052552552552552556	0.3666493002134877	0	0.3666493002134877
0.00005505505505505505	0.36538701487277536	0	0.36538701487277536
0.000057557557557557555	0.36412206327632723	0	0.36412206327632723
0.00006006006006006006	0.36285453343220564	0	0.36285453343220564
0.00006256256256256256	0.3615845137897225	0	0.3615845137897225
0.00006506506506506506	0.3603120944777256	0	0.3603120944777256
0.00006756756756756757	0.3590373602654698	0	0.3590373602654698
0.00007007007007007007	0.3577604025080395	0	0.3577604025080395
0.00007257257257257258	0.35648129931281414	0	0.35648129931281414
0.00007507507507507507	0.35520014181622445	0	0.35520014181622445
0.00007757757757757758	0.3539170055387267	0	0.3539170055387267
0.00008008008008008008	0.35263197788534173	0	0.35263197788534173
0.00008258258258258259	0.3513451374828148	0	0.3513451374828148
0.00008508508508508508	0.35005656633060517	0	0.35005656633060517
0.00008758758758758758	0.3487663406688673	0	0.3487663406688673
0.00009009009009009009	0.34747453924808613	0	0.34747453924808613
0.00009259259259259259	0.3461812402436298	0	0.3461812402436298
0.0000950950950950951	0.34488651806390336	0	0.34488651806390336
0.0000975975975975976	0.3435904483104784	0	0.3435904483104784
0.0001001001001001001	0.3422931029681419	0	0.3422931029681419
0.0001026026026026026	0.3409945609278085	0	0.3409945609278085
0.00010510510510510511	0.3396948871550886	0	0.3396948871550886
0.00010760760760760761	0.33839415842139453	0	0.33839415842139453
0.0001101101101101101	0.3370924394978012	0	0.3370924394978012
0.00011261261261261261	0.3357898054504863	0	0.3357898054504863
0.00011511511511511511	0.3344863191106074	0	0.3344863191106074
0.00011761761761761762	0.33318205165944786	0	0.33318205165944786
0.00012012012012012012	0.33187706840375	0	0.33187706840375
0.00012262262262262261	0.3305714333872587	0	0.3305714333872587
0.00012512512512512512	0.3292652111735472	0	0.3292652111735472
0.00012762762762762763	0.32795846623123365	0	0.32795846623123365
0.00013013013013013012	0.32665126105876485	0	0.32665126105876485
0.00013263263263263263	0.3253436576977746	0	0.3253436576977746
0.00013513513513513514	0.3240357172416076	0	0.3240357172416076
0.00013763763763763765	0.32272749774735005	0	0.32272749774735005
0.00014014014014014013	0.3214190632415227	0	0.3214190632415227
0.00014264264264264264	0.3201104659349737	0	0.3201104659349737
0.00014514514514514515	0.3188017677623815	0	0.3188017677623815
0.00014764764764764766	0.3174930221404618	0	0.3174930221404618
0.00015015015015015014	0.3161842862258097	0	0.3161842862258097
0.00015265265265265265	0.3148756151841248	0	0.3148756151841248
0.00015515515515515516	0.3135670623302693	0	0.3135670623302693
0.00015765765765765765	0.3122586795997768	0	0.3122586795997768
0.00016016016016016016	0.31095051965587245	0	0.31095051965587245
0.00016266266266266267	0.3096426383674945	0	0.3096426383674945
0.00016516516516516518	0.3083350796251213	0	0.3083350796251213
0.00016766766766766766	0.3070278984770016	0	0.3070278984770016
0.00017017017017017017	0.3057211404272454	0	0.3057211404272454
0.00017267267267267268	0.3044148580288928	0	0.3044148580288928
0.00017517517517517516	0.3031090953883606	0	0.3031090953883606
0.00017767767767767767	0.30180389988086037	0	0.30180389988086037
0.00018018018018018018	0.3004993181389882	0	0.3004993181389882
0.0001826826826826827	0.2991953926907238	0	0.2991953926907238
0.00018518518518518518	0.2978921724434521	0	0.2978921724434521
0.00018768768768768769	0.29658969670173096	0	0.29658969670173096
0.0001901901901901902	0.2952880126231656	0	0.2952880126231656
0.0001926926926926927	0.29398715788509205	0	0.29398715788509205
0.0001951951951951952	0.29268717990419907	0	0.29268717990419907
0.0001976976976976977	0.2913881130453336	0	0.2913881130453336
0.0002002002002002002	0.2900900012235556	0	0.2900900012235556
0.0002027027027027027	0.28879288210220716	0	0.28879288210220716
0.0002052052052052052	0.28749679510075754	0	0.28749679510075754
0.0002077077077077077	0.2862017774050919	0	0.2862017774050919
0.00021021021021021022	0.2849078671084271	0	0.2849078671084271
0.0002127127127127127	0.2836151024820098	0	0.2836151024820098
0.00021521521521521522	0.2823235151125036	0	0.2823235151125036
0.00021771771771771773	0.28103314402315716	0	0.28103314402315716
0.0002202202202202202	0.27974402141015775	0	0.27974402141015775
0.00022272272272272272	0.2784561823183396	0	0.2784561823183396
0.00022522522522522523	0.27716966045092506	0	0.27716966045092506
0.00022772772772772774	0.27588448881555283	0	0.27588448881555283
0.00023023023023023022	0.274600696932157	0	0.274600696932157
0.00023273273273273273	0.2733183169144684	0	0.2733183169144684
0.00023523523523523524	0.27203738344696565	0	0.27203738344696565
0.00023773773773773772	0.27075792092019263	0	0.27075792092019263
0.00024024024024024023	0.269479964362054	0	0.269479964362054
0.00024274274274274274	0.2682035381091471	0	0.2682035381091471
0.00024524524524524523	0.2669286730258829	0	0.2669286730258829
0.00024774774774774777	0.2656553964135889	0	0.2656553964135889
0.00025025025025025025	0.2643837358426852	0	0.2643837358426852
0.00025275275275275273	0.2631137179405591	0	0.2631137179405591
0.00025525525525525527	0.2618453655316077	0	0.2618453655316077
0.00025775775775775775	0.26057871106356373	0	0.26057871106356373
0.00026026026026026023	0.2593137739970275	0	0.2593137739970275
0.00026276276276276277	0.25805057999236475	0	0.25805057999236475
0.00026526526526526525	0.25678915408257796	0	0.25678915408257796
0.0002677677677677678	0.25552951841756755	0	0.25552951841756755
0.0002702702702702703	0.25427169679171063	0	0.25427169679171063
0.00027277277277277276	0.25301571064727363	0	0.25301571064727363
0.0002752752752752753	0.2517615833152406	0	0.2517615833152406
0.0002777777777777778	0.25050933398403824	0	0.25050933398403824
0.00028028028028028026	0.249258985209233	0	0.249258985209233
0.0002827827827827828	0.24801055769495167	0	0.24801055769495167
0.0002852852852852853	0.24676407011013157	0	0.24676407011013157
0.00028778778778778776	0.24551954080930155	0	0.24551954080930155
0.0002902902902902903	0.24427699130294186	0	0.24427699130294186
0.0002927927927927928	0.24303643743231662	0	0.24303643743231662
0.0002952952952952953	0.2417978987296499	0	0.2417978987296499
0.0002977977977977978	0.24056139356425843	0	0.24056139356425843
0.0003003003003003003	0.23932693755099851	0	0.23932693755099851
0.0003028028028028028	0.2380945482744807	0	0.2380945482744807
0.0003053053053053053	0.23686424041371934	0	0.23686424041371934
0.0003078078078078078	0.23563603055450189	0	0.23563603055450189
0.00031031031031031033	0.23440993576519317	0	0.23440993576519317
0.0003128128128128128	0.23318596748333234	0	0.23318596748333234
0.0003153153153153153	0.23196414388536707	0	0.23196414388536707
0.00031781781781781783	0.2307444756114265	0	0.2307444756114265
0.0003203203203203203	0.2295269794300185	0	0.2295269794300185
0.0003228228228228228	0.22831166683644394	0	0.22831166683644394
0.00032532532532532533	0.22709855154399963	0	0.22709855154399963
0.0003278278278278278	0.2258876453715067	0	0.2258876453715067
0.00033033033033033035	0.22467895960275358	0	0.22467895960275358
0.00033283283283283284	0.22347251049671846	0	0.22347251049671846
0.0003353353353353353	0.22226830334304912	0	0.22226830334304912
0.00033783783783783786	0.22106635359420668	0	0.22106635359420668
0.00034034034034034034	0.21986666970708355	0	0.21986666970708355
0.0003428428428428428	0.21866926398656714	0	0.21866926398656714
0.00034534534534534536	0.21747414239817706	0	0.21747414239817706
0.00034784784784784784	0.216281318517654	0	0.216281318517654
0.0003503503503503503	0.21509080125717944	0	0.21509080125717944
0.00035285285285285286	0.2139025983342468	0	0.2139025983342468
0.00035535535535535535	0.21271671877785442	0	0.21271671877785442
0.0003578578578578579	0.21153317050850054	0	0.21153317050850054
0.00036036036036036037	0.21035196093733047	0	0.21035196093733047
0.00036286286286286285	0.20917310056776825	0	0.20917310056776825
0.0003653653653653654	0.2079965929815162	0	0.2079965929815162
0.00036786786786786787	0.20682244998763435	0	0.20682244998763435
0.00037037037037037035	0.20565067355089814	0	0.20565067355089814
0.0003728728728728729	0.20448127257081	0	0.20448127257081
0.00037537537537537537	0.20331425276988394	0	0.20331425276988394
0.00037787787787787786	0.20214961858129585	0	0.20214961858129585
0.0003803803803803804	0.20098737887904544	0	0.20098737887904544
0.0003828828828828829	0.19982753607106798	0	0.19982753607106798
0.0003853853853853854	0.19867009752384532	0	0.19867009752384532
0.0003878878878878879	0.19751506532788127	0	0.19751506532788127
0.0003903903903903904	0.19636244663341623	0	0.19636244663341623
0.0003928928928928929	0.195212243287639	0	0.195212243287639
0.0003953953953953954	0.19406446031111743	0	0.19406446031111743
0.0003978978978978979	0.19291910384022712	0	0.19291910384022712
0.0004004004004004004	0.19177617425353882	0	0.19177617425353882
0.0004029029029029029	0.19063567557485064	0	0.19063567557485064
0.0004054054054054054	0.1894976104801368	0	0.1894976104801368
0.0004079079079079079	0.18836198132787482	0	0.18836198132787482
0.0004104104104104104	0.18722879452720861	0	0.18722879452720861
0.0004129129129129129	0.18609804681258216	0	0.18609804681258216
0.0004154154154154154	0.18496974464898314	0	0.18496974464898314
0.0004179179179179179	0.1838438911858799	0	0.1838438911858799
0.00042042042042042044	0.18272048243288913	0	0.18272048243288913
0.00042292292292292293	0.18159952154740203	0	0.18159952154740203
0.0004254254254254254	0.18048101062616562	0	0.18048101062616562
0.00042792792792792795	0.17936495262267377	0	0.17936495262267377
0.00043043043043043043	0.17825133808209123	0	0.17825133808209123
0.0004329329329329329	0.17714018906692716	0	0.17714018906692716
0.00043543543543543545	0.17603148711324787	0	0.17603148711324787
0.00043793793793793793	0.17492524346163746	0	0.17492524346163746
0.0004404404404404404	0.1738214429895217	0	0.1738214429895217
0.00044294294294294295	0.17272010945319313	0	0.17272010945319313
0.00044544544544544544	0.17162121546880066	0	0.17162121546880066
0.000447947947947948	0.17052478703952192	0	0.17052478703952192
0.00045045045045045046	0.16943079788620596	0	0.16943079788620596
0.00045295295295295294	0.16833926320242654	0	0.16833926320242654
0.0004554554554554555	0.1672501824920039	0	0.1672501824920039
0.00045795795795795796	0.16616355303311856	0	0.16616355303311856
0.00046046046046046044	0.1650793699807151	0	0.1650793699807151
0.000462962962962963	0.16399762824092826	0.0012261789161294044	0.16522380715705767
0.00046546546546546546	0.16291833520088508	0.004524076743523261	0.16744241194440834
0.00046796796796796795	0.16184147986571037	0.007778719762585183	0.16962019962829555
0.0004704704704704705	0.1607670755199866	0.011033696752204813	0.1718007722721914
0.00047297297297297297	0.15969509752112926	0.01428906514638351	0.17398416266751277
0.00047547547547547545	0.15862556947063136	0.017544871940346544	0.1761704414109779
0.000477977977977978	0.157558465442837	0.020801154780629966	0.17835962022346696
0.00048048048048048047	0.15649379124774843	0.024057938025021316	0.18055172927276975
0.000482982982982983	0.15543155344516596	0.027315237427801738	0.1827467908729677
0.0004854854854854855	0.15437173797546536	0.030573062171568233	0.1849448001470336
0.000487987987987988	0.1533143496473033	0.0338314043761478	0.18714575402345113
0.0004904904904904905	0.15225937633665199	0.037090257404195734	0.18934963374084773
0.000492992992992993	0.1512068181269237	0.040349592412488304	0.191556410539412
0.0004954954954954955	0.15015667898891832	0.04360938481423583	0.19376606380315414
0.000497997997997998	0.14910894736831246	0.04686959303856153	0.19597854040687399
0.0005005005005005005	0.1480636263581525	0.050130170803466205	0.19819379716161872
0.000503003003003003	0.14702070589384095	0.053391061073755366	0.20041176696759633
0.0005055055055055055	0.14598018735889137	0.05665220094813368	0.20263238830702507
0.000508008008008008	0.14494206062659726	0.05991351942606534	0.2048555800526626
0.0005105105105105105	0.1439063216536018	0.06317493256664075	0.20708125422024254
0.000513013013013013	0.14287297632727444	0.06643636110274428	0.20930933743001873
0.0005155155155155155	0.1418420119392332	0.06969770572119662	0.21153971766042984
0.000518018018018018	0.14081342795212562	0.07295886761508028	0.2137722955672059
0.0005205205205205205	0.13978721894255222	0.07621974274654582	0.21600696168909805
0.000523023023023023	0.13876337812629463	0.07948021039014594	0.21824358851644057
0.0005255255255255255	0.13774190455231197	0.08274014805600435	0.22048205260831633
0.0005280280280280281	0.13672278831409823	0.08599943833744776	0.222722226651546
0.0005305305305305305	0.1357060260947869	0.08925793400717137	0.2249639601019583
0.000533033033033033	0.1346916186605	0.0925155123599327	0.22720713102043272
0.0005355355355355356	0.13367955484065477	0.09577201754115217	0.22945157238180694
0.000538038038038038	0.13266983420709294	0.09902730197221345	0.23169713617930637
0.0005405405405405405	0.13166244912060612	0.1022812034101662	0.23394365253077232
0.0005430430430430431	0.13065739155858283	0.1055335635199796	0.23619095507856241
0.0005455455455455455	0.12965465921885572	0.10878421767562643	0.23843887689448215
0.000548048048048048	0.12865424780351153	0.11203299517189459	0.2406872429754061
0.0005505505505505506	0.12765615345189418	0.11527971544989855	0.24293586890179275
0.000553053053053053	0.1266603604228381	0.11852419674214318	0.24518455716498128
0.0005555555555555556	0.12566687280094638	0.12176625692183479	0.24743312972278117
0.0005580580580580581	0.12467568135940804	0.12500569807185893	0.24968137943126698
0.0005605605605605605	0.12368677947128874	0.1282423350886333	0.25192911455992206
0.0005630630630630631	0.12270016804491657	0.13147596294335004	0.25417613098826664
0.0005655655655655656	0.12171583046348386	0.13470638179433514	0.256422212257819
0.000568068068068068	0.12073376890819751	0.13793337359773905	0.2586671425059366
0.0005705705705705706	0.11975397531142548	0.14115674460190744	0.2609107199133329
0.0005730730730730731	0.11877643796579607	0.1443762687094438	0.2631527066752399
0.0005755755755755755	0.11780116032626732	0.14759173483823934	0.26539289516450665
0.0005780780780780781	0.11682813059838099	0.15080291950173816	0.2676310501001191
0.0005805805805805806	0.11585733732399472	0.15400960021396856	0.2698669375379633
0.000583083083083083	0.1148887804756222	0.15721154751254887	0.2721003279881711
0.0005855855855855856	0.11392245139610044	0.1604085358643682	0.2743309872604687
0.0005880880880880881	0.11295834418595975	0.1636003280179393	0.27655867220389907
0.0005905905905905906	0.11199645476805951	0.16678669415433972	0.27878314892239925
0.0005930930930930931	0.11103677644663074	0.16996738638926018	0.2810041628358909
0.0005955955955955956	0.11007929551334997	0.1731421747396554	0.28322147025300537
0.0005980980980980981	0.10912400832726514	0.1763108248093541	0.2854348331366192
0.0006006006006006006	0.10817091763757847	0.17947307778674057	0.28764399542431907
0.0006031031031031031	0.10721999719246872	0.18262867619064327	0.289848673383112
0.0006056056056056056	0.10627125803374445	0.1857774040329779	0.29204866206672236
0.0006081081081081081	0.10532468052544901	0.18891899096454304	0.29424367148999203
0.0006106106106106106	0.10438026755387486	0.19205319465180454	0.2964334622056794
0.0006131131131131132	0.10343800539532368	0.19517974350748282	0.2986177489028065
0.0006156156156156156	0.10249788245912785	0.1982984105024648	0.30079629296159266
0.0006181181181181181	0.10155990545564046	0.20140893182486141	0.3029688372805019
0.0006206206206206207	0.10062405222796215	0.2045110400467629	0.3051350922747251
0.0006231231231231231	0.09969032537911153	0.20760448155921502	0.30729480693832656
0.0006256256256256256	0.0987587123494324	0.21068901170763116	0.30944772405706356
0.0006281281281281282	0.09782920240893199	0.21376436157061657	0.31159356397954857
0.0006306306306306306	0.09690179620193534	0.21683027165802282	0.31373206785995816
0.0006331331331331331	0.09597648352805847	0.2198864744352279	0.3158629579632864
0.0006356356356356357	0.0950532550805249	0.22293273189075516	0.31798598697128005
0.0006381381381381381	0.09413210038494114	0.2259687760203477	0.32010087640528884
0.0006406406406406406	0.09321301751651753	0.22899431132118997	0.32220732883770753
0.0006431431431431432	0.09229599193022453	0.23200912947416494	0.3243051214043895
0.0006456456456456456	0.09138102504329426	0.23501295220680496	0.3263939772500992
0.0006481481481481481	0.09046809422938529	0.2380055144117816	0.3284736086411669
0.0006506506506506507	0.08955720524632278	0.24098653780181833	0.3305437430481411
0.0006531531531531532	0.08864834538513278	0.24395578761608908	0.3326041330012218
0.0006556556556556556	0.0877414994174802	0.24691302233713272	0.3346545217546129
0.0006581581581581582	0.08683667019374956	0.24985794117722798	0.33669461137097756
0.0006606606606606607	0.08593383997531238	0.2527902947561707	0.3387241347314831
0.0006631631631631631	0.08503300921711122	0.25570985609946334	0.34074286531657455
0.0006656656656656657	0.08413415683056222	0.258616348620373	0.3427505054509352
0.0006681681681681682	0.08323728422765499	0.2615095163370166	0.34474680056467155
0.0006706706706706706	0.08234238470089564	0.2643891044655176	0.3467314891664133
0.0006731731731731732	0.08144944184611659	0.26725488326499947	0.34870432511111604
0.0006756756756756757	0.08055845046092575	0.2701065712611194	0.35066502172204517
0.0006781781781781781	0.07966940068603486	0.272943918661719	0.35261331934775386
0.0006806806806806807	0.0787822822405624	0.2757667060958812	0.3545489883364436
0.0006831831831831832	0.07789709094515328	0.27857466138182657	0.35647175232697986
0.0006856856856856856	0.0770138096495107	0.281367554711357	0.3583813643608677
0.0006881881881881882	0.0761324380324932	0.28414514263988755	0.36027758067238075
0.0006906906906906907	0.07525296224412965	0.2869071831880478	0.36216014543217745
0.0006931931931931931	0.0743753707879247	0.2896534009992872	0.36402877178721194
0.0006956956956956957	0.07349966260423414	0.2923836191022704	0.3658832817065045
0.0006981981981981982	0.07262581592659703	0.29509758015745396	0.367723396084051
0.0007007007007007007	0.07175383338367554	0.2977950263653946	0.36954885974907015
0.0007032032032032032	0.07088369461923137	0.30047575257677595	0.37135944719600733
0.0007057057057057057	0.07001539551117017	0.3031395229690798	0.37315491848024995
0.0007082082082082082	0.06914892694653535	0.3057861273488819	0.37493505429541724
0.0007107107107107107	0.06828427420855337	0.30841529916664717	0.37669957337520055
0.0007132132132132132	0.06742143283283124	0.3110268754918577	0.37844830832468895
0.0007157157157157158	0.06656039056289913	0.3136205888673748	0.38018097943027396
0.0007182182182182182	0.06570113486533563	0.31619624863734813	0.38189738350268376
0.0007207207207207207	0.064843656865904	0.318753647442985	0.383597304308889
0.0007232232232232233	0.06398794512058593	0.32129256839619363	0.38528051351677955
0.0007257257257257257	0.06313399314838108	0.32381277658678137	0.38694676973516245
0.0007282282282282282	0.06228178474051711	0.3263141225655906	0.3885959073061077
0.0007307307307307308	0.061431314202401284	0.32879636358232284	0.3902276777847241
0.0007332332332332332	0.06058256221392681	0.3312593118594857	0.39184187407341253
0.0007357357357357357	0.05973552691786358	0.3337028024633819	0.3934383293812455
0.0007382382382382383	0.05889019188811757	0.3361265889161203	0.39501678080423785
0.0007407407407407407	0.058046549111183336	0.3385305181811214	0.39657706729230474
0.0007432432432432432	0.05720458267066931	0.34091440249421	0.3981189851648793
0.0007457457457457458	0.056364285342014354	0.34327807886470596	0.39964236420672034
0.0007482482482482482	0.055525642422008054	0.3456213168717685	0.40114695929377653
0.0007507507507507507	0.05468864307449778	0.3479439750021418	0.4026326180766396
0.0007532532532532533	0.053853273340934316	0.3502458909909966	0.40409916433193094
0.0007557557557557557	0.053019525542606895	0.352526877054162	0.40554640259676894
0.0007582582582582582	0.052187382628313024	0.3547868068617324	0.40697418949004543
0.0007607607607607608	0.05135683498543213	0.357025459416109	0.40838229440154117
0.0007632632632632632	0.050527867038184994	0.35924272161460097	0.409770588652786
0.0007657657657657658	0.0497004709897896	0.3614384409506445	0.41113891194043406
0.0007682682682682683	0.048874628403533724	0.36361243296881907	0.4124870613723528
0.0007707707707707708	0.04805032691597289	0.3657645847661346	0.4138149116821075
0.0007732732732732733	0.047227557695957996	0.36789476240457214	0.41512232010053013
0.0007757757757757758	0.04640629869343434	0.37000278309551976	0.4164090817889541
0.0007782782782782783	0.045586544866693286	0.3720885533106806	0.41767509817737386
0.0007807807807807808	0.04476828001980688	0.3741519295236175	0.41892020954342435
0.0007832832832832833	0.04395148350920984	0.3761927891544429	0.42014427266365273
0.0007857857857857858	0.04313615078545738	0.3782110032832622	0.4213471540687196
0.0007882882882882883	0.042322258035758877	0.38020645148437027	0.42252870952012916
0.0007907907907907908	0.04150979643028306	0.38217901829855827	0.42368881472884135
0.0007932932932932933	0.04069875031678843	0.3841286089718459	0.42482735928863435
0.0007957957957957958	0.03988910111312661	0.3860550966463608	0.4259441977594874
0.0007982982982982983	0.03908083665544372	0.38795839049107084	0.42703922714651454
0.0008008008008008008	0.03827394032986349	0.389838398771854	0.4281123391017175
0.0008033033033033033	0.03746839415136678	0.39169499883179937	0.42916339298316614
0.0008058058058058058	0.03666418458239842	0.393528118488092	0.4301923030704904
0.0008083083083083083	0.03586129197002092	0.39533768152579546	0.4311989734958164
0.0008108108108108108	0.03505969948443727	0.39712358793762226	0.4321832874220595
0.0008133133133133133	0.03425939400450386	0.3988857608704839	0.4331451548749877
0.0008158158158158158	0.033460353901775874	0.40062413257517426	0.43408448647695014
0.0008183183183183183	0.03266256417258555	0.40233863006436826	0.4350011942369538
0.0008208208208208208	0.03186600257565683	0.4040291829100845	0.43589518548574135
0.0008233233233233233	0.031070655715882956	0.40569572203440774	0.4367663777502907
0.0008258258258258258	0.030276502812006185	0.40733819596779863	0.4376146987798048
0.0008283283283283283	0.02948352164504923	0.40895656385630924	0.4384400855013585
0.0008308308308308308	0.028691699141745578	0.4105507455604821	0.4392424447022277
0.0008333333333333334	0.027901010360232147	0.41212072625505874	0.44002173661529087
0.0008358358358358358	0.027111436833863408	0.4136664322964573	0.4407778691303207
0.0008383383383383384	0.026322957805903782	0.4151878370812532	0.44151079488715694
0.0008408408408408409	0.025535554420786564	0.4166849070451073	0.4422204614658939
0.0008433433433433433	0.024749201413898723	0.41815762918846877	0.4429068306023675
0.0008458458458458459	0.023963879941445904	0.4196059270948195	0.44356980703626536
0.0008483483483483484	0.02317956596727318	0.42102983034095853	0.4442093963082317
0.0008508508508508508	0.022396237971891792	0.4224292895909699	0.4448255275628617
0.0008533533533533534	0.021613871616775072	0.42380428398870507	0.44541815560548015
0.0008558558558558559	0.020832445288673604	0.4251548253151971	0.4459872706038707
0.0008583583583583583	0.020051934530754108	0.42648089287975066	0.44653282741050476
0.0008608608608608609	0.019272313715672246	0.42778246632908695	0.4470547800447592
0.0008633633633633634	0.018493558783253608	0.42905958046981885	0.44755313925307244
0.0008658658658658658	0.01771564428565409	0.43031221908407863	0.4480278633697327
0.0008683683683683684	0.016938543376669682	0.43154038472005846	0.4484789280967281
0.0008708708708708709	0.016162229978268935	0.4327440800064113	0.44890630998468023
0.0008733733733733733	0.01538667716643762	0.4339233361039108	0.4493100132703484
0.0008758758758758759	0.014611855414022627	0.4350781650590627	0.4496900204730853
0.0008783783783783784	0.013837739213448772	0.43620858611029817	0.45004632532374694
0.0008808808808808808	0.01306429753975917	0.43731462729840753	0.4503789248381667
0.0008833833833833834	0.012291501672815421	0.4383963120019624	0.4506878136747778
0.0008858858858858859	0.011519321408874203	0.4394536738860406	0.4509729952949148
0.0008883883883883883	0.010747726023696943	0.44048674620769623	0.4512344722313932
0.0008908908908908909	0.009976683338038868	0.441495569669516	0.45147225300755484
0.0008933933933933934	0.0092061617613954	0.44248018344218076	0.45168634520357615
0.000895895895895896	0.008436127238311423	0.44344063693195607	0.4518767641702675
0.0008983983983983984	0.0076665472488382765	0.4443769718081489	0.45204351905698714
0.0009009009009009009	0.006897386435560117	0.44528924668302183	0.4521866331185819
0.0009034034034034035	0.006128610196627536	0.4461775082546091	0.45230611845123664
0.0009059059059059059	0.005360181922022376	0.44704182012740795	0.4524020020494303
0.0009084084084084084	0.004592065160008947	0.44788223950175954	0.45247430466176847
0.000910910910910911	0.0038242215108164964	0.4486988340712126	0.4525230555820291
0.0009134134134134134	0.003056612713878709	0.4494916659289102	0.4525482786427889
0.0009159159159159159	0.002289198967812739	0.4502608115183913	0.452550010486204
0.0009184184184184185	0.00152194000240936	0.4510063365355066	0.45252827653791594
0.0009209209209209209	0.0007532638413411297	0.4517283206689232	0.4524815845102643
0.0009234234234234234	0	0.4524268414166051	0.4524268414166051
0.000925925925925926	0	0.45310198060614604	0.45310198060614604
0.0009284284284284284	0	0.45375382092213057	0.45375382092213057
0.0009309309309309309	0	0.45438245203105754	0.45438245203105754
0.0009334334334334335	0	0.4549879585676794	0.4549879585676794
0.0009359359359359359	0	0.45557044169340905	0.45557044169340905
0.0009384384384384384	0	0.4561299830494877	0.4561299830494877
0.000940940940940941	0	0.4566666926614547	0.4566666926614547
0.0009434434434434434	0	0.45718065754313786	0.45718065754313786
0.0009459459459459459	0	0.45767199231046035	0.45767199231046035
0.0009484484484484485	0	0.4581407901564217	0.4581407901564217
0.0009509509509509509	0	0.4585871683029602	0.4585871683029602
0.0009534534534534534	0	0.45901122484333445	0.45901122484333445
0.000955955955955956	0	0.45941308194238056	0.45941308194238056
0.0009584584584584585	0	0.45979284239696283	0.45979284239696283
0.0009609609609609609	0	0.4601506314232888	0.4601506314232888
0.0009634634634634635	0	0.4604865567797985	0.4604865567797985
0.000965965965965966	0	0.46080074870508536	0.46080074870508536
0.0009684684684684684	0	0.4610933180738208	0.4610933180738208
0.000970970970970971	0	0.46136440032822706	0.46136440032822706
0.0009734734734734735	0	0.4616141098323099	0.4616141098323099
0.000975975975975976	0	0.4618425805188696	0.4618425805188696
0.0009784784784784785	0	0.4620499387598776	0.4620499387598776
0.000980980980980981	0	0.4622363163459002	0.4622363163459002
0.0009834834834834836	0	0.46240184271407714	0.46240184271407714
0.000985985985985986	0	0.4625466609721075	0.4625466609721075
0.0009884884884884884	0	0.4626708951562543	0.4626708951562543
0.000990990990990991	0	0.4627746914271144	0.4627746914271144
0.0009934934934934935	0	0.4628581828465113	0.4628581828465113
0.000995995995995996	0	0.46292151392948594	0.46292151392948594
0.0009984984984984986	0	0.46296482372158815	0.46296482372158815
0.001001001001001001	0	0.4629882569572583	0.4629882569572583
0.0010035035035035034	0	0.4629919517819711	0.4629919517819711
0.001006006006006006	0	0.46297606519605594	0.46297606519605594
0.0010085085085085085	0	0.4629407342976389	0.4629407342976389
0.001011011011011011	0	0.46288611226660487	0.46288611226660487
0.0010135135135135136	0	0.4628123447312905	0.4628123447312905
0.001016016016016016	0	0.4627195829390216	0.4627195829390216
0.0010185185185185184	0	0.4626079797534608	0.4626079797534608
0.001021021021021021	0	0.46247768492496916	0.46247768492496916
0.0010235235235235235	0	0.46232885335866925	0.46232885335866925
0.001026026026026026	0	0.4621616391790763	0.4621616391790763
0.0010285285285285286	0	0.46197619428778613	0.46197619428778613
0.001031031031031031	0	0.46177267987663984	0.46177267987663984
0.0010335335335335334	0	0.46155124667754277	0.46155124667754277
0.001036036036036036	0	0.46131205351386595	0.46131205351386595
0.0010385385385385385	0	0.4610552603716475	0.4610552603716475
0.001041041041041041	0	0.4607810245588939	0.4607810245588939
0.0010435435435435436	0	0.4604895068439099	0.4604895068439099
0.001046046046046046	0	0.4601808610490921	0.4601808610490921
0.0010485485485485487	0	0.4598552535381501	0.4598552535381501
0.001051051051051051	0	0.4595128436240243	0.4595128436240243
0.0010535535535535535	0	0.45915379075375207	0.45915379075375207
0.0010560560560560562	0	0.45877825457531274	0.45877825457531274
0.0010585585585585586	0	0.4583864036175044	0.4583864036175044
0.001061061061061061	0	0.4579783936777903	0.4579783936777903
0.0010635635635635637	0	0.4575543911585891	0.4575543911585891
0.001066066066066066	0	0.45711455479770446	0.45711455479770446
0.0010685685685685685	0	0.4566590525200746	0.4566590525200746
0.0010710710710710712	0	0.4561880412323705	0.4561880412323705
0.0010735735735735736	0	0.45570169172963954	0.45570169172963954
0.001076076076076076	0	0.45520016013192155	0.45520016013192155
0.0010785785785785787	0	0.4546836158269983	0.4546836158269983
0.001081081081081081	0	0.45415221840878905	0.45415221840878905
0.0010835835835835835	0	0.4536061330523102	0.4536061330523102
0.0010860860860860862	0	0.4530455210214354	0.4530455210214354
0.0010885885885885886	0	0.4524705501054997	0.4524705501054997
0.001091091091091091	0	0.4518813789323131	0.4518813789323131
0.0010935935935935937	0	0.45127817551477123	0.45127817551477123
0.001096096096096096	0	0.45066109460435677	0.45066109460435677
0.0010985985985985985	0	0.4500303110643558	0.4500303110643558
0.0011011011011011012	0	0.44938597403908304	0.44938597403908304
0.0011036036036036036	0	0.4487282570592995	0.4487282570592995
0.001106106106106106	0	0.44805731808876076	0.44805731808876076
0.0011086086086086087	0	0.4473733182789822	0.4473733182789822
0.0011111111111111111	0	0.4466764162858719	0.4466764162858719
0.0011136136136136135	0	0.44596678159719766	0.44596678159719766
0.0011161161161161162	0	0.44524456611846686	0.44524456611846686
0.0011186186186186186	0	0.44450993643132225	0.44450993643132225
0.001121121121121121	0	0.44376305096850027	0.44376305096850027
0.0011236236236236237	0	0.443004065489438	0.443004065489438
0.0011261261261261261	0	0.4422331436506465	0.4422331436506465
0.0011286286286286285	0	0.44145044220347424	0.44145044220347424
0.0011311311311311312	0	0.4406561180023281	0.4406561180023281
0.0011336336336336336	0	0.43985033039088667	0.43985033039088667
0.001136136136136136	0	0.4390332346128864	0.4390332346128864
0.0011386386386386387	0	0.4382049865323326	0.4382049865323326
0.0011411411411411411	0	0.43736574559084845	0.43736574559084845
0.0011436436436436436	0	0.43651566173767414	0.43651566173767414
0.0011461461461461462	0	0.43565489362446314	0.43565489362446314
0.0011486486486486486	0	0.43478359061490623	0.43478359061490623
0.001151151151151151	0	0.433901910779369	0.433901910779369
0.0011536536536536537	0	0.4330100027046638	0.4330100027046638
0.0011561561561561561	0	0.43210802055818975	0.43210802055818975
0.0011586586586586586	0	0.4311961108804308	0.4311961108804308
0.0011611611611611612	0	0.43027442881373906	0.43027442881373906
0.0011636636636636636	0	0.42934312078415743	0.42934312078415743
0.001166166166166166	0	0.4284023355447781	0.4284023355447781
0.0011686686686686687	0	0.427452219778588	0.427452219778588
0.0011711711711711711	0	0.42649292587536175	0.42649292587536175
0.0011736736736736738	0	0.4255245932301784	0.4255245932301784
0.0011761761761761762	0	0.42454737240370116	0.42454737240370116
0.0011786786786786786	0	0.4235614005742096	0.4235614005742096
0.0011811811811811813	0	0.42256682986042576	0.42256682986042576
0.0011836836836836837	0	0.42156379440411734	0.42156379440411734
0.0011861861861861861	0	0.42055244527004776	0.42055244527004776
0.0011886886886886888	0	0.4195329151454045	0.4195329151454045
0.0011911911911911912	0	0.41850534755903557	0.41850534755903557
0.0011936936936936936	0	0.4174698804818078	0.4174698804818078
0.0011961961961961963	0	0.4164266521823205	0.4164266521823205
0.0011986986986986987	0	0.41537579736748637	0.41537579736748637
0.0012012012012012011	0	0.4143174562174563	0.4143174562174563
0.0012037037037037038	0	0.4132517613513291	0.4132517613513291
0.0012062062062062062	0	0.41217884750100864	0.41217884750100864
0.0012087087087087087	0	0.4110988474413162	0.4110988474413162
0.0012112112112112113	0	0.41001189461225146	0.41001189461225146
0.0012137137137137137	0	0.4089181186932404	0.4089181186932404
0.0012162162162162162	0	0.40781764962075157	0.40781764962075157
0.0012187187187187188	0	0.40671061756929056	0.40671061756929056
0.0012212212212212212	0	0.40559714965240234	0.40559714965240234
0.0012237237237237237	0	0.40447737337130163	0.40447737337130163
0.0012262262262262263	0	0.4033514147001558	0.4033514147001558
0.0012287287287287287	0	0.4022193982671807	0.4022193982671807
0.0012312312312312312	0	0.4010814484912715	0.4010814484912715
0.0012337337337337338	0	0.39993768800702223	0.39993768800702223
0.0012362362362362362	0	0.39878823868525937	0.39878823868525937
0.0012387387387387387	0	0.3976332210078044	0.3976332210078044
0.0012412412412412413	0	0.3964727550405527	0.3964727550405527
0.0012437437437437437	0	0.39530695899173124	0.39530695899173124
0.0012462462462462462	0	0.3941359510826361	0.3941359510826361
0.0012487487487487488	0	0.3929598471571504	0.3929598471571504
0.0012512512512512512	0	0.391778762897059	0.391778762897059
0.0012537537537537537	0	0.39059281264829815	0.39059281264829815
0.0012562562562562563	0	0.38940210942544917	0.38940210942544917
0.0012587587587587587	0	0.38820676605791804	0.38820676605791804
0.0012612612612612612	0	0.38700689301096136	0.38700689301096136
0.0012637637637637638	0	0.38580260077172074	0.38580260077172074
0.0012662662662662662	0	0.38459399785197307	0.38459399785197307
0.0012687687687687687	0	0.3833811924736824	0.3833811924736824
0.0012712712712712713	0	0.3821642913248715	0.3821642913248715
0.0012737737737737737	0	0.3809434004264725	0.3809434004264725
0.0012762762762762762	0	0.3797186237839906	0.3797186237839906
0.0012787787787787788	0	0.378490065452949	0.378490065452949
0.0012812812812812813	0	0.377257827766349	0.377257827766349
0.0012837837837837837	0	0.3760220118793518	0.3760220118793518
0.0012862862862862863	0	0.37478271904755084	0.37478271904755084
0.0012887887887887888	0	0.3735400472300838	0.3735400472300838
0.0012912912912912912	0	0.3722940956988682	0.3722940956988682
0.0012937937937937938	0	0.371044960907627	0.371044960907627
0.0012962962962962963	0	0.3697927387814858	0.3697927387814858
0.001298798798798799	0	0.3685375260196605	0.3685375260196605
0.0013013013013013013	0	0.3672794115886672	0.3672794115886672
0.0013038038038038038	0	0.3660184983054527	0.3660184983054527
0.0013063063063063064	0	0.3647548650977647	0.3647548650977647
0.0013088088088088088	0	0.36348861400149374	0.36348861400149374
0.0013113113113113113	0	0.3622198265841336	0.3622198265841336
0.001313813813813814	0	0.3609485985998978	0.3609485985998978
0.0013163163163163163	0	0.35967501205421226	0.35967501205421226
0.0013188188188188188	0	0.3583991562044062	0.3583991562044062
0.0013213213213213214	0	0.3571211144596815	0.3571211144596815
0.0013238238238238238	0	0.35584097298458156	0.35584097298458156
0.0013263263263263263	0	0.35455881547042256	0.35455881547042256
0.001328828828828829	0	0.35327472429083395	0.35327472429083395
0.0013313313313313313	0	0.35198878061692157	0.35198878061692157
0.0013338338338338338	0	0.3507010638017037	0.3507010638017037
0.0013363363363363364	0	0.34941165564915455	0.34941165564915455
0.0013388388388388388	0	0.3481206300821577	0.3481206300821577
0.0013413413413413413	0	0.3468280723142842	0.3468280723142842
0.001343843843843844	0	0.3455340502631154	0.3455340502631154
0.0013463463463463464	0	0.34423864677945215	0.34423864677945215
0.0013488488488488488	0	0.34294193097918274	0.34294193097918274
0.0013513513513513514	0	0.34164397842976624	0.34164397842976624
0.0013538538538538539	0	0.34034486066867153	0.34034486066867153
0.0013563563563563563	0	0.3390446518608172	0.3390446518608172
0.001358858858858859	0	0.33774341890978543	0.33774341890978543
0.0013613613613613614	0	0.3364412352969285	0.3364412352969285
0.0013638638638638638	0	0.3351381654584087	0.3351381654584087
0.0013663663663663664	0	0.3338342797388933	0.3338342797388933
0.0013688688688688689	0	0.3325296455178496	0.3325296455178496
0.0013713713713713713	0	0.33122432540123675	0.33122432540123675
0.001373873873873874	0	0.3299183905678279	0.3299183905678279
0.0013763763763763764	0	0.3286118986355009	0.3286118986355009
0.0013788788788788788	0	0.32730491733292544	0.32730491733292544
0.0013813813813813814	0	0.3259975048742072	0.3259975048742072
0.0013838838838838839	0	0.32468972681125274	0.32468972681125274
0.0013863863863863863	0	0.3233816406694361	0.3233816406694361
0.001388888888888889	0	0.3220733057137097	0.3220733057137097
0.0013913913913913914	0	0.32076478200374264	0.32076478200374264
0.0013938938938938938	0	0.31945612549263386	0.31945612549263386
0.0013963963963963964	0	0.3181473976342266	0.3181473976342266
0.0013988988988988989	0	0.3168386492887059	0.3168386492887059
0.0014014014014014013	0	0.31552993873959967	0.31552993873959967
0.001403903903903904	0	0.3142213186227024	0.3142213186227024
0.0014064064064064064	0	0.3129128457219365	0.3129128457219365
0.0014089089089089088	0	0.3116045684694436	0.3116045684694436
0.0014114114114114115	0	0.31029654170876547	0.31029654170876547
0.0014139139139139139	0	0.30898881547366214	0.30898881547366214
0.0014164164164164163	0	0.3076814397304765	0.3076814397304765
0.001418918918918919	0	0.30637446540687474	0.30637446540687474
0.0014214214214214214	0	0.30506793949690186	0.30506793949690186
0.001423923923923924	0	0.3037619090967902	0.3037619090967902
0.0014264264264264265	0	0.30245642326251193	0.30245642326251193
0.0014289289289289289	0	0.3011515286791906	0.3011515286791906
0.0014314314314314315	0	0.29984726923456256	0.29984726923456256
0.001433933933933934	0	0.2985436920633107	0.2985436920633107
0.0014364364364364364	0	0.2972408391460558	0.2972408391460558
0.001438938938938939	0	0.2959387543278749	0.2959387543278749
0.0014414414414414415	0	0.29463747922430694	0.29463747922430694
0.001443943943943944	0	0.29333705732820736	0.29333705732820736
0.0014464464464464465	0	0.2920375294362503	0.2920375294362503
0.001448948948948949	0	0.2907389338463339	0.2907389338463339
0.0014514514514514514	0	0.2894413153426358	0.2894413153426358
0.001453953953953954	0	0.2881447056234745	0.2881447056234745
0.0014564564564564565	0	0.28684915099463987	0.28684915099463987
0.001458958958958959	0	0.2855546829087971	0.2855546829087971
0.0014614614614614615	0	0.28426133966765144	0.28426133966765144
0.001463963963963964	0	0.2829691589449526	0.2829691589449526
0.0014664664664664664	0	0.28167817549234464	0.28167817549234464
0.001468968968968969	0	0.280388424301458	0.280388424301458
0.0014714714714714715	0	0.2790999397311929	0.2790999397311929
0.001473973973973974	0	0.277812755758113	0.277812755758113
0.0014764764764764766	0	0.27652690351117387	0.27652690351117387
0.001478978978978979	0	0.2752424175657888	0.2752424175657888
0.0014814814814814814	0	0.27395932922466426	0.27395932922466426
0.001483983983983984	0	0.2726776683312367	0.2726776683312367
0.0014864864864864865	0	0.2713974669481726	0.2713974669481726
0.001488988988988989	0	0.27011875253403594	0.27011875253403594
0.0014914914914914916	0	0.2688415575143195	0.2688415575143195
0.001493993993993994	0	0.26756590783728446	0.26756590783728446
0.0014964964964964964	0	0.2662918349330438	0.2662918349330438
0.001498998998998999	0	0.26501936127019815	0.26501936127019815
0.0015015015015015015	0	0.26374851898828877	0.26374851898828877
0.001504004004004004	0	0.2624793312016001	0.2624793312016001
0.0015065065065065066	0	0.26121182635924395	0.26121182635924395
0.001509009009009009	0	0.2599460262518781	0.2599460262518781
0.0015115115115115114	0	0.25868195625761153	0.25868195625761153
0.001514014014014014	0	0.2574196455533263	0.2574196455533263
0.0015165165165165165	0	0.25615911030326394	0.25615911030326394
0.001519019019019019	0	0.25490038043084756	0.25490038043084756
0.0015215215215215216	0	0.25364347323333397	0.25364347323333397
0.001524024024024024	0	0.2523884137532035	0.2523884137532035
0.0015265265265265264	0	0.25113522307628233	0.25113522307628233
0.001529029029029029	0	0.2498839221106703	0.2498839221106703
0.0015315315315315315	0	0.24863453082963952	0.24863453082963952
0.001534034034034034	0	0.2473870681744207	0.2473870681744207
0.0015365365365365366	0	0.24614155861449974	0.24614155861449974
0.001539039039039039	0	0.2448980162167314	0.2448980162167314
0.0015415415415415416	0	0.24365646358193568	0.24365646358193568
0.001544044044044044	0	0.24241691557244469	0.24241691557244469
0.0015465465465465465	0	0.24117939200110128	0.24117939200110128
0.0015490490490490492	0	0.23994390912481384	0.23994390912481384
0.0015515515515515516	0	0.2387104822411254	0.2387104822411254
0.001554054054054054	0	0.23747913327383413	0.23747913327383413
0.0015565565565565567	0	0.23624987179738044	0.23624987179738044
0.001559059059059059	0	0.23502271826203783	0.23502271826203783
0.0015615615615615615	0	0.2337976834299821	0.2337976834299821
0.0015640640640640642	0	0.23257478709042206	0.23257478709042206
0.0015665665665665666	0	0.23135403897711165	0.23135403897711165
0.001569069069069069	0	0.23013545546888764	0.23013545546888764
0.0015715715715715717	0	0.22891904978537952	0.22891904978537952
0.001574074074074074	0	0.22770483300274064	0.22770483300274064
0.0015765765765765765	0	0.22649282161919976	0.22649282161919976
0.0015790790790790792	0	0.22528302476109785	0.22528302476109785
0.0015815815815815816	0	0.22407545609968024	0.22407545609968024
0.001584084084084084	0	0.22287012517150298	0.22287012517150298
0.0015865865865865867	0	0.22166704584864957	0.22166704584864957
0.001589089089089089	0	0.2204662277777191	0.2204662277777191
0.0015915915915915915	0	0.21926767962584998	0.21926767962584998
0.0015940940940940942	0	0.2180714162818108	0.2180714162818108
0.0015965965965965966	0	0.21687744338592163	0.21687744338592163
0.001599099099099099	0	0.2156857719391473	0.2156857719391473
0.0016016016016016017	0	0.2144964101319551	0.2144964101319551
0.001604104104104104	0	0.21330936653684726	0.21330936653684726
0.0016066066066066065	0	0.21212465335401376	0.21212465335401376
0.0016091091091091092	0	0.21094227332459636	0.21094227332459636
0.0016116116116116116	0	0.20976223816224593	0.20976223816224593
0.001614114114114114	0	0.20858455329233394	0.20858455329233394
0.0016166166166166167	0	0.2074092272669458	0.2074092272669458
0.0016191191191191191	0	0.20623626605746842	0.20623626605746842
0.0016216216216216215	0	0.2050656747425318	0.2050656747425318
0.0016241241241241242	0	0.20389746483284038	0.20389746483284038
0.0016266266266266266	0	0.2027316370545013	0.2027316370545013
0.001629129129129129	0	0.20156820028148045	0.20156820028148045
0.0016316316316316317	0	0.20040715818984356	0.20040715818984356
0.0016341341341341341	0	0.1992485156832238	0.1992485156832238
0.0016366366366366365	0	0.1980922806258044	0.1980922806258044
0.0016391391391391392	0	0.19693845308721758	0.19693845308721758
0.0016416416416416416	0	0.19578704323764032	0.19578704323764032
0.001644144144144144	0	0.19463804979774443	0.19463804979774443
0.0016466466466466467	0	0.19349147970139538	0.19349147970139538
0.0016491491491491491	0	0.19234733466126713	0.19234733466126713
0.0016516516516516516	0	0.19120561884694767	0.19120561884694767
0.0016541541541541542	0	0.19006633815109178	0.19006633815109178
0.0016566566566566566	0	0.18892949172735898	0.18892949172735898
0.001659159159159159	0	0.18779508357067873	0.18779508357067873
0.0016616616616616617	0	0.1866631158825858	0.1866631158825858
0.0016641641641641641	0	0.18553359157837931	0.18553359157837931
0.0016666666666666668	0	0.18440650980185883	0.18440650980185883
0.0016691691691691692	0	0.18328187626843948	0.18328187626843948
0.0016716716716716716	0	0.18215969304510163	0.18215969304510163
0.0016741741741741743	0	0.18103995432677247	0.18103995432677247
0.0016766766766766767	0	0.17992266840362026	0.17992266840362026
0.0016791791791791791	0	0.17880784342320125	0.17880784342320125
0.0016816816816816818	0	0.17769545883392288	0.17769545883392288
0.0016841841841841842	0	0.17658553472170288	0.17658553472170288
0.0016866866866866866	0	0.17547805668768815	0.17547805668768815
0.0016891891891891893	0	0.17437303627250947	0.17437303627250947
0.0016916916916916917	0	0.17327047140620297	0.17327047140620297
0.0016941941941941941	0	0.1721703529285796	0.1721703529285796
0.0016966966966966968	0	0.1710726967932225	0.1710726967932225
0.0016991991991991992	0	0.16997748283188005	0.16997748283188005
0.0017017017017017016	0	0.168884732464627	0.168884732464627
0.0017042042042042043	0	0.1677944250202958	0.1677944250202958
0.0017067067067067067	0	0.16670656517597196	0.16670656517597196
0.0017092092092092091	0	0.16562115529561977	0.16562115529561977
0.0017117117117117118	0	0.1645381922754231	0.1645381922754231
0.0017142142142142142	0.0028990994472606188	0.16345767815058604	0.16635677759784664
0.0017167167167167166	0.006151360782433182	0.16237960347122474	0.16853096425365793
0.0017192192192192193	0.009406162886414802	0.16130397489957	0.1707101377859848
0.0017217217217217217	0.012661329274526309	0.16023078063187798	0.1728921099064043
0.0017242242242242242	0.01591691242415265	0.1591600281701555	0.17507694059430817
0.0017267267267267268	0.019172952632405205	0.15809170551086793	0.17726465814327313
0.0017292292292292292	0.02242948142345242	0.15702582580027935	0.17945530722373176
0.0017317317317317317	0.025686522502522333	0.155962369758262	0.18164889226078434
0.0017342342342342343	0.02894408402923491	0.15490133830128602	0.18384542233052092
0.0017367367367367367	0.03220216789954787	0.15384273831600068	0.18604490621554853
0.0017392392392392392	0.0354607675953291	0.15278655663033702	0.18824732422566612
0.0017417417417417418	0.03871986487272389	0.15173279456048758	0.19045265943321146
0.0017442442442442442	0.04197943413671723	0.15068145144846617	0.1926608855851834
0.0017467467467467467	0.04523944174124401	0.1496325138352556	0.1948719555764996
0.0017492492492492493	0.04849983927458481	0.14858599022298208	0.1970858294975669
0.0017517517517517517	0.051760582909133886	0.14754186566451125	0.19930244857364512
0.0017542542542542542	0.05502160293170487	0.14650014351436322	0.20152174644606807
0.0017567567567567568	0.058282841403347226	0.14546082052412096	0.20374366192746818
0.0017592592592592592	0.06154421807772233	0.1444238946398526	0.20596811271757495
0.0017617617617617617	0.06480565227364318	0.1433893566965968	0.20819500897024
0.0017642642642642643	0.06806704954870336	0.14235720186147585	0.21042425141017923
0.0017667667667667667	0.07132831682381688	0.14132742621882552	0.2126557430426424
0.0017692692692692692	0.07458934827115593	0.14030002915465717	0.2148893774258131
0.0017717717717717718	0.0778500305111097	0.13927500236024903	0.21712503287135873
0.0017742742742742742	0.08111024834307402	0.13825234536912742	0.21936259371220146
0.0017767767767767767	0.08436988311206121	0.13723204907495903	0.22160193218702023
0.0017792792792792793	0.08762879436374299	0.1362141131602776	0.22384290752402058
0.0017817817817817817	0.09088684991285678	0.1351985345489263	0.22608538446178308
0.0017842842842842842	0.09414391191271103	0.13418529555092576	0.22832920746363677
0.0017867867867867868	0.09739981579366583	0.13317440478804146	0.2305742205817073
0.0017892892892892893	0.1006544283218673	0.13216584915590063	0.23282027747776793
0.001791791791791792	0.10390758531455964	0.13115963041156412	0.23506721572612377
0.0017942942942942943	0.10715912060906894	0.1301557352486335	0.23731485585770246
0.0017967967967967968	0.11040885447188005	0.12915416347467523	0.23956301794655527
0.0017992992992992994	0.11365662796950503	0.128154909691661	0.24181153766116603
0.0018018018018018018	0.11690224919295414	0.1271579617464703	0.24406021093942443
0.0018043043043043043	0.12014554685370446	0.1261633290383057	0.24630887589201017
0.001806806806806807	0.12338632260688137	0.12517098793766746	0.24855731054454883
0.0018093093093093093	0.1266243880681772	0.12418094403010432	0.2508053320982815
0.0018118118118118118	0.12985953763611707	0.12319319225400095	0.253052729890118
0.0018143143143143144	0.13309158553826406	0.12220771290137995	0.255299298439644
0.0018168168168168168	0.13632031472517897	0.12122451957931885	0.2575448343044978
0.0018193193193193193	0.13954553045279194	0.12024358628851373	0.25978911674130567
0.001821821821821822	0.1427670001033381	0.11926492375176584	0.26203192385510393
0.0018243243243243243	0.14598453019606378	0.11828851566563522	0.264273045861699
0.0018268268268268268	0.14919787638801787	0.11731435684219757	0.26651223323021545
0.0018293293293293294	0.15240683941619657	0.11634244881943735	0.26874928823563393
0.0018318318318318318	0.1556111839158086	0.11537277681734923	0.27098396073315784
0.0018343343343343343	0.15881068215930413	0.11440533628473468	0.2732160184440388
0.001836836836836837	0.16200509071010177	0.11344012367684318	0.27544521438694497
0.0018393393393393393	0.16519420499292378	0.1124771311552074	0.27767133614813116
0.0018418418418418418	0.16837776514670422	0.11151633924337774	0.27989410439008194
0.0018443443443443444	0.171555546111023	0.11055776322212982	0.2821133093331528
0.0018468468468468468	0.17472728273905327	0.10960138066189286	0.28432866340094615
0.0018493493493493493	0.17789275660746315	0.10864718870981967	0.28653994531728283
0.001851851851851852	0.18105172311802867	0.10769518710889738	0.28874691022692606
0.0018543543543543544	0.18420392161324367	0.10674535583599662	0.29094927744924026
0.0018568568568568568	0.18734910172840122	0.10579769912165729	0.2931468008500585
0.0018593593593593594	0.1904870282178412	0.10485220217378009	0.2953392303916213
0.0018618618618618619	0.19361743725050273	0.10390886183514701	0.29752629908564976
0.0018643643643643643	0.19674009081759625	0.10296767518781601	0.29970776600541227
0.001866866866866867	0.1998547036037731	0.10202862515874463	0.3018833287625177
0.0018693693693693694	0.20296104625265105	0.10109170792480157	0.3040527541774526
0.0018718718718718718	0.20605886088054148	0.10015692207930653	0.306215782959848
0.0018743743743743744	0.20914788529130882	0.09922424916258485	0.30837213445389366
0.0018768768768768769	0.21222784616876178	0.0982936931666881	0.3105215393354499
0.0018793793793793793	0.21529850297571274	0.09736524268515931	0.31266374566087207
0.001881881881881882	0.21835960526355666	0.09643888026298426	0.31479848552654094
0.0018843843843843844	0.2214108720102056	0.09551461360914354	0.31692548561934913
0.0018868868868868868	0.22445203436784172	0.09459242105332395	0.31904445542116566
0.0018893893893893894	0.22748286451705546	0.09367230182975478	0.32115516634681024
0.0018918918918918919	0.23050309630799756	0.09275425301492042	0.323257349322918
0.0018943943943943943	0.23351244176053376	0.09183825173099182	0.32535069349152557
0.001896896896896897	0.23651064586788834	0.0909243041667251	0.3274349500346134
0.0018993993993993994	0.23949747903887617	0.09001239840382348	0.32950987744269966
0.0019019019019019018	0.24247266606737913	0.0891025196636111	0.3315751857309902
0.0019044044044044044	0.24543592609331907	0.08819466802494264	0.3336305941182617
0.0019069069069069069	0.24838702759967993	0.0872888327767586	0.33567586037643854
0.0019094094094094093	0.25132570912671887	0.08638500178975436	0.3377107109164732
0.001911911911911912	0.25425171069017305	0.08548317137935307	0.3397348820695261
0.0019144144144144144	0.25716474874444223	0.08458333247267467	0.3417480812171169
0.001916916916916917	0.2600646165305434	0.0836854735636543	0.3437500900941977
0.0019194194194194195	0.2629510317543241	0.08278958976856077	0.3457406215228849
0.0019219219219219219	0.2658237417100586	0.08189566417022985	0.3477194058802885
0.0019244244244244245	0.26868248692646673	0.08100370024472289	0.3496861871711896
0.001926926926926927	0.271527048970663	0.08011367861272709	0.35164072758339004
0.0019294294294294294	0.2743571499639367	0.07922559621080556	0.3535827461747422
0.001931931931931932	0.2771725529056754	0.07833944459414885	0.3555119974998242
0.0019344344344344345	0.2799730195263724	0.07745520941154053	0.35742822893791293
0.0019369369369369369	0.2827582827935752	0.07657288884064954	0.35933117163422473
0.0019394394394394395	0.2855281138819479	0.07569246148130204	0.3612205753632499
0.001941941941941942	0.2882822800180819	0.07481393255951901	0.36309621257760094
0.0019444444444444444	0.291020543936868	0.0739372851141953	0.3649578290510633
0.001946946946946947	0.29374263908880516	0.07306250312369034	0.3668051422124955
0.0019494494494494495	0.2964483778612322	0.07218959517630559	0.36863797303753776
0.001951951951951952	0.29913750240739445	0.07131853049458699	0.3704560329019814
0.0019544544544544545	0.30180978106996187	0.07044931734232918	0.37225909841229105
0.001956956956956957	0.3044649860739124	0.06958193234094459	0.37404691841485704
0.0019594594594594594	0.3071028982992498	0.06871637513757067	0.3758192734368205
0.001961961961961962	0.30972329801907794	0.06785263190409775	0.3775759299231757
0.0019644644644644643	0.3123259623318286	0.06699068746806591	0.3793166497998945
0.001966966966966967	0.31491070269290905	0.06613054124692583	0.38104124393983485
0.0019694694694694695	0.31747724459289844	0.06527217376330473	0.3827494183562032
0.001971971971971972	0.3200254230572668	0.06441558161497322	0.38444100467224
0.0019744744744744744	0.3225550214963205	0.06356075376548427	0.38611577526180474
0.001976976976976977	0.32506584424277674	0.06270767115831569	0.3877735154010924
0.0019794794794794797	0.32755763750186156	0.06185633367137431	0.3894139711732359
0.001981981981981982	0.3300302701168353	0.06100672094062278	0.39103699105745804
0.0019844844844844845	0.33248350258023035	0.060158831751437554	0.3926423343316679
0.001986986986986987	0.3349171518819503	0.0593126486436686	0.3942298005256189
0.0019894894894894894	0.33733106143652264	0.0584681585542001	0.39579921999072276
0.001991991991991992	0.33972499011479884	0.05762535707781095	0.3973503471926098
0.0019944944944944947	0.3420987765623552	0.05678422458003229	0.3988830011423875
0.001996996996996997	0.34445224261654533	0.05594475690230016	0.4003969995188455
0.0019994994994994996	0.3467852408796431	0.055106935223009364	0.40189217610265243
0.002002002002002002	0.349097540368649	0.054270753614095044	0.40336829398274404
0.0020045045045045044	0.3513890252169012	0.05343619776301876	0.40482522297991996
0.002007007007007007	0.3536594816339429	0.05260325223302669	0.4062627338669696
0.0020095095095095097	0.35590879429158107	0.0517719089673096	0.40768070325889066
0.002012012012012012	0.3581367802165247	0.05094215359746911	0.4090789338139938
0.0020145145145145146	0.3603432829726057	0.050113970893990806	0.4104572538665965
0.002017017017017017	0.36252815709270503	0.04928735345255392	0.41181551054525894
0.0020195195195195194	0.36469125676811975	0.04846228435841482	0.4131535411265346
0.002022022022022022	0.3668324281829556	0.047638748470418005	0.4144711766533736
0.0020245245245245247	0.36895154074311964	0.04681673878152141	0.41576827952464107
0.002027027027027027	0.3710484614733703	0.045996235592101545	0.4170446970654718
0.0020295295295295296	0.37312305152858166	0.045177225532123645	0.41830027706070533
0.002032032032032032	0.3751751787035779	0.04435969763465671	0.4195348763382346
0.0020345345345345344	0.37720472614540035	0.04354363494052304	0.4207483610859234
0.002037037037037037	0.3792115668462993	0.04272902548844451	0.4219405923347438
0.0020395395395395397	0.3811955985656185	0.04191585042346185	0.4231114489890804
0.002042042042042042	0.38315669170687294	0.04110409845742985	0.4242607901643028
0.0020445445445445446	0.38509474585359804	0.04029375344930624	0.4253884993029043
0.002047047047047047	0.38700965121583414	0.03948479872825768	0.4264944499440918
0.0020495495495495494	0.388901310640926	0.03867722036834801	0.427578531009274
0.002052052052052052	0.3907696170023684	0.037870998612239186	0.4286406156146076
0.0020545545545545547	0.392614509731345	0.03706612286977513	0.4296806326011201
0.002057057057057057	0.3944358594502358	0.03626257146279559	0.4306984309130314
0.0020595595595595596	0.3962336064119405	0.03546033351543306	0.43169393992737354
0.002062062062062062	0.3980076457274015	0.03465938723080618	0.4326670329582077
0.0020645645645645644	0.39975793241389806	0.03385971522219677	0.43361764763609484
0.002067067067067067	0.4014843755126198	0.033061302347010386	0.43454567785963016
0.0020695695695695697	0.4031868995677752	0.032264130369665765	0.43545102993744095
0.002072072072072072	0.404865450736297	0.03146817842589899	0.436333629162196
0.0020745745745745746	0.40651998807571676	0.0306734299242333	0.43719341799995004
0.002077077077077077	0.408150404158419	0.029879867133882018	0.43803027129230104
0.0020795795795795794	0.40975668690805067	0.029087468376750296	0.438844155284801
0.002082082082082082	0.41133876382983253	0.028296215568777153	0.4396349793986097
0.0020845845845845847	0.41289660732934824	0.02750608595902523	0.44040269328837345
0.002087087087087087	0.4144301750563733	0.02671706325706975	0.44114723831344305
0.0020895895895895896	0.41593942856699817	0.025929124561212054	0.4418685531282102
0.002092092092092092	0.41742430854483953	0.025142246588659024	0.4425665551334986
0.0020945945945945945	0.41888482585002174	0.024356412574921736	0.44324123842494345
0.0020970970970970973	0.4203209377904919	0.023571597182665275	0.44389253497315717
0.0020995995995995997	0.4217325982921889	0.022787779425270955	0.44452037771745984
0.002102102102102102	0.4231198422130848	0.02200493561043773	0.44512477782352255
0.0021046046046046046	0.4244826215364779	0.021223043882443674	0.4457056654189216
0.002107107107107107	0.42582091015763046	0.02044207711445177	0.44626298727208225
0.0021096096096096095	0.4271347404391937	0.019662015440915875	0.4467967558801096
0.0021121121121121123	0.4284240894303965	0.01888283018388566	0.44730691961428215
0.0021146146146146147	0.4296889612996377	0.01810449842800749	0.44779345972764517
0.002117117117117117	0.4309293515122007	0.01732699314394491	0.4482563446561456
0.0021196196196196196	0.43214528013782044	0.01655028928020901	0.44869556941802946
0.002122122122122122	0.4333367596140474	0.01577435919146715	0.4491111188055145
0.0021246246246246245	0.43450380315928055	0.014999175957777331	0.4495029791170579
0.0021271271271271273	0.43564642385272045	0.01422471098132211	0.44987113483404256
0.0021296296296296298	0.43676465249445506	0.013450935865266243	0.4502155883597213
0.002132132132132132	0.4378585078257337	0.012677820906487627	0.4505363287322213
0.0021346346346346346	0.4389280290149591	0.011905336974157634	0.4508333659891167
0.002137137137137137	0.439973240712974	0.011133453215935967	0.45110669392890995
0.0021396396396396395	0.44099418607573515	0.010362137264807416	0.45135632334054254
0.0021421421421421423	0.4419909000958533	0.009591359264239055	0.45158225936009233
0.0021446446446446448	0.4429634290276309	0.00882108557586522	0.4517845146034961
0.002147147147147147	0.44391181457924517	0.008051282529650759	0.45196309710889593
0.0021496496496496496	0.44483611438439524	0.007281916792783244	0.45211803117717847
0.002152152152152152	0.44573637256145826	0.006512952596103398	0.45224932515756167
0.0021546546546546545	0.44661265422521135	0.005744354992525049	0.4523570092177364
0.0021571571571571573	0.44746501093682234	0.004976087086508523	0.4524410980233309
0.0021596596596596598	0.44829351263048783	0.0042081113223446836	0.4525016239528325
0.002162162162162162	0.44909821701493047	0.003440390104535477	0.4525386071194659
0.0021646646646646646	0.44987919581213515	0.002672883907304087	0.4525520797194392
0.002167167167167167	0.45063651891359796	0.0019055528067362941	0.4525420717203343
0.0021696696696696695	0.45137026672228564	0.0011384927171558218	0.45250875943944147
0.0021721721721721723	0.4520805090264975	0.00035835370732941016	0.4524388627338269
0.0021746746746746748	0.4527673292612889	0	0.4527673292612889
0.002177177177177177	0.45343080937293634	0	0.45343080937293634
0.0021796796796796796	0.4540710334667814	0	0.4540710334667814
0.002182182182182182	0.4546880938330067	0	0.4546880938330067
0.0021846846846846845	0.45528207374494634	0	0.45528207374494634
0.0021871871871871874	0.4558530734827401	0	0.4558530734827401
0.0021896896896896898	0.4564011860628046	0	0.4564011860628046
0.002192192192192192	0.4569265124401872	0	0.4569265124401872
0.0021946946946946946	0.45742914926635675	0	0.45742914926635675
0.002197197197197197	0.4579092027599582	0	0.4579092027599582
0.0021996996996996995	0.45836677590538666	0	0.45836677590538666
0.0022022022022022024	0.4588019796967043	0	0.4588019796967043
0.002204704704704705	0.459214920717303	0	0.459214920717303
0.002207207207207207	0.45960571647592585	0	0.45960571647592585
0.0022097097097097096	0.4599744748932182	0	0.4599744748932182
0.002212212212212212	0.46032131929125253	0	0.46032131929125253
0.0022147147147147145	0.46064636404620163	0	0.46064636404620163
0.0022172172172172174	0.46094972964525316	0	0.46094972964525316
0.00221971971971972	0.4612315387920006	0	0.4612315387920006
0.0022222222222222222	0.4614919197498442	0	0.4614919197498442
0.0022247247247247246	0.461730992276328	0	0.461730992276328
0.002227227227227227	0.4619488911929507	0	0.4619488911929507
0.00222972972972973	0.4621457422040997	0	0.4621457422040997
0.0022322322322322324	0.46232167974879324	0	0.46232167974879324
0.002234734734734735	0.4624768342858254	0	0.4624768342858254
0.0022372372372372372	0.4626113415260822	0	0.4626113415260822
0.0022397397397397397	0.4627253409533195	0	0.4627253409533195
0.002242242242242242	0.46281896680028145	0	0.46281896680028145
0.002244744744744745	0.4628923602601799	0	0.4628923602601799
0.0022472472472472474	0.4629456624764917	0	0.4629456624764917
0.00224974974974975	0.46297901330380714	0	0.46297901330380714
0.0022522522522522522	0.46299256080853	0	0.46299256080853
0.0022547547547547547	0.4629864486663847	0	0.4629864486663847
0.002257257257257257	0.4629608204089472	0	0.4629608204089472
0.00225975975975976	0.46291582377727497	0	0.46291582377727497
0.0022622622622622624	0.4628516105202843	0	0.4628516105202843
0.002264764764764765	0.46276832614756097	0	0.46276832614756097
0.0022672672672672672	0.46266612711518373	0	0.46266612711518373
0.0022697697697697697	0.4625451564900338	0	0.4625451564900338
0.002272272272272272	0.46240557683397127	0	0.46240557683397127
0.002274774774774775	0.46224753225658366	0	0.46224753225658366
0.0022772772772772774	0.4620711858925616	0	0.4620711858925616
0.00227977977977978	0.4618766841875779	0	0.4618766841875779
0.0022822822822822822	0.46166419187932306	0	0.46166419187932306
0.0022847847847847847	0.46143385938919734	0	0.46143385938919734
0.002287287287287287	0.4611858487118407	0	0.4611858487118407
0.00228978978978979	0.46092031248171106	0	0.46092031248171106
0.0022922922922922924	0.4606374156842555	0	0.4606374156842555
0.002294794794794795	0.4603373126730684	0	0.4603373126730684
0.0022972972972972973	0.46002016886840413	0	0.46002016886840413
0.0022997997997997997	0.4596861370254929	0	0.4596861370254929
0.002302302302302302	0.4593353856150025	0	0.4593353856150025
0.002304804804804805	0.4589680710100089	0	0.4589680710100089
0.0023073073073073074	0.4585843588405597	0	0.4585843588405597
0.00230980980980981	0.4581844069042768	0	0.4581844069042768
0.0023123123123123123	0.4577683810669081	0	0.4577683810669081
0.0023148148148148147	0.45733644025983927	0	0.45733644025983927
0.002317317317317317	0.4568887507484545	0	0.4568887507484545
0.00231981981981982	0.456425474722954	0	0.456425474722954
0.0023223223223223224	0.4559467746823811	0	0.4559467746823811
0.002324824824824825	0.4554528132445426	0	0.4554528132445426
0.0023273273273273273	0.45494375675278337	0	0.45494375675278337
0.0023298298298298297	0.4544197640669632	0	0.4544197640669632
0.002332332332332332	0.45388100225750333	0	0.45388100225750333
0.002334834834834835	0.45332763445748575	0	0.45332763445748575
0.0023373373373373374	0.45275982244034596	0	0.45275982244034596
0.00233983983983984	0.45217773049053256	0	0.45217773049053256
0.0023423423423423423	0.4515815218465364	0	0.4515815218465364
0.0023448448448448447	0.45097135961317375	0	0.45097135961317375
0.0023473473473473476	0.45034740710296783	0	0.45034740710296783
0.00234984984984985	0.4497098251966545	0	0.4497098251966545
0.0023523523523523524	0.449058780451403	0	0.449058780451403
0.002354854854854855	0.4483944304686985	0	0.4483944304686985
0.0023573573573573573	0.44771694009986884	0	0.44771694009986884
0.0023598598598598597	0.4470264706189649	0	0.4470264706189649
0.0023623623623623626	0.4463231820680814	0	0.4463231820680814
0.002364864864864865	0.44560723787475975	0	0.44560723787475975
0.0023673673673673674	0.4448787938301525	0	0.4448787938301525
0.00236986986986987	0.4441380162015676	0	0.4441380162015676
0.0023723723723723723	0.44338505862899497	0	0.44338505862899497
0.0023748748748748747	0.4426200869797172	0	0.4426200869797172
0.0023773773773773776	0.441843253371477	0	0.441843253371477
0.00237987987987988	0.4410547213988911	0	0.4410547213988911
0.0023823823823823824	0.44025464374314255	0	0.44025464374314255
0.002384884884884885	0.43944318412340677	0	0.43944318412340677
0.0023873873873873873	0.4386204924855992	0	0.4386204924855992
0.0023898898898898897	0.43778672995003637	0	0.43778672995003637
0.0023923923923923926	0.4369420451133942	0	0.4369420451133942
0.002394894894894895	0.43608660269687	0	0.43608660269687
0.0023973973973973974	0.43522054750983125	0	0.43522054750983125
0.0023998998998999	0.43434403900662616	0	0.43434403900662616
0.0024024024024024023	0.43345722325750374	0	0.43345722325750374
0.0024049049049049047	0.4325602609707005	0	0.4325602609707005
0.0024074074074074076	0.43165329489626986	0	0.43165329489626986
0.00240990990990991	0.43073648270410514	0	0.43073648270410514
0.0024124124124124124	0.4298099682316796	0	0.4298099682316796
0.002414914914914915	0.4288739038602601	0	0.4288739038602601
0.0024174174174174173	0.4279284372815883	0	0.4279284372815883
0.0024199199199199197	0.42697371415929053	0	0.42697371415929053
0.0024224224224224226	0.42600988221447805	0	0.42600988221447805
0.002424924924924925	0.4250370858333803	0	0.4250370858333803
0.0024274274274274274	0.4240554714287865	0	0.4240554714287865
0.00242992992992993	0.42306518309065144	0	0.42306518309065144
0.0024324324324324323	0.4220663632396102	0	0.4220663632396102
0.0024349349349349347	0.42105915241188824	0	0.42105915241188824
0.0024374374374374376	0.4200436934688235	0	0.4200436934688235
0.00243993993993994	0.4190201252556019	0	0.4190201252556019
0.0024424424424424425	0.4179885925772747	0	0.4179885925772747
0.002444944944944945	0.41694922347496716	0	0.41694922347496716
0.0024474474474474473	0.41590216853317014	0	0.41590216853317014
0.0024499499499499497	0.41484755473941903	0	0.41484755473941903
0.0024524524524524526	0.4137855189289444	0	0.4137855189289444
0.002454954954954955	0.41271619904069945	0	0.41271619904069945
0.0024574574574574575	0.41163972567777324	0	0.41163972567777324
0.00245995995995996	0.41055623291498994	0	0.41055623291498994
0.0024624624624624623	0.4094658514811602	0	0.4094658514811602
0.0024649649649649647	0.4083687126777244	0	0.4083687126777244
0.0024674674674674676	0.40726494614324205	0	0.40726494614324205
0.00246996996996997	0.4061546799346768	0	0.4061546799346768
0.0024724724724724725	0.4050380421218355	0	0.4050380421218355
0.002474974974974975	0.40391515894037333	0	0.40391515894037333
0.0024774774774774773	0.40278615586641214	0	0.40278615586641214
0.00247997997997998	0.40165115766689313	0	0.40165115766689313
0.0024824824824824826	0.40051028706680414	0	0.40051028706680414
0.002484984984984985	0.3993636669581494	0	0.3993636669581494
0.0024874874874874875	0.39821141828803125	0	0.39821141828803125
0.00248998998998999	0.397053661777655	0	0.397053661777655
0.0024924924924924923	0.395890516056534	0	0.395890516056534
0.002494994994994995	0.39472209946225983	0	0.39472209946225983
0.0024974974974974976	0.39354852888870684	0	0.39354852888870684
0.0025	0.3923699204033901	0	0.3923699204033901