1.9706994937907156e-6	0.4018329976743739
5.064417238977212e-6	0.40173487229192034
8.15828602403849e-6	0.4016357863498793
0.0000112523068633012	0.40153574125573366
0.000014346480769385494	0.40143473761318293
0.00001744080875495246	0.40133277651277216
0.000020535291832140548	0.4012298588333144
0.00002362993101526243	0.4011259854665626
0.000026724727315549614	0.4010211576765201
0.00002981968175390811	0.40091537606397587
0.00003291479532457991	0.4008086417797121
0.00003601006905342965	0.4007009556483854
0.000039105503953856624	0.40059231886192914
0.00004220110103667223	0.40048273237256515
0.000045296861303325605	0.40037219703111365
0.00004839278577451925	0.4002607135955183
0.00005148887545954452	0.40014828340621506
0.00005458513137015288	0.4000349072783679
0.00005768155453568013	0.39992058628258853
0.00006077814593531585	0.39980532116152984
0.0000638749065925012	0.3996891132665462
0.00006697183752087788	0.3995719633581848
0.0000700689397317787	0.39945387240619745
0.00007316621423648068	0.3993348413065222
0.00007626366204147829	0.39921487127617905
0.00007936128414117528	0.39909396322688917
0.0000824590816157236	0.3989721179972512
0.00008555705540404867	0.3988493367035767
0.00008865520656898014	0.3987256205412985
0.00009175353606222129	0.3986009702980993
0.00009485204492329321	0.3984753866761634
0.00009795073416189337	0.39834887118809414
0.00010104960479653352	0.39822142455045206
0.00010414865782887746	0.3980930480081687
0.00010724789427073392	0.3979637420740036
0.0001103473151439989	0.39783350819233
0.00011344692144195407	0.3977023475146854
0.00011654671418363699	0.39757026049669364
0.00011964669439912906	0.3974372484163237
0.00012274686307404517	0.3973033124630563
0.00012584722122058095	0.3971684533029464
0.00012894776985379584	0.3970326724040449
0.00013204850998518451	0.3968959702692677
0.0001351494426365875	0.39675834822698663
0.0001382505688044018	0.3966198073023616
0.00014135188955137268	0.3964803484217386
0.0001444534058035115	0.3963399724380385
0.00014755511860757976	0.39619868076006426
0.0001506570289888558	0.39605647421768725
0.0001537591379419475	0.39591335384788673
0.00015686144649343898	0.3957693205510733
0.00015996395564620987	0.3956243757737689
0.00016306666641452633	0.3954785198997443
0.0001661695798392216	0.3953317527881858
0.00016927269688175607	0.395184080699594
0.00017237601859024454	0.39503549777138264
0.00017547954597154839	0.3948860103486924
0.0001785832800203806	0.3947356157674701
0.00018168722176884156	0.39458431681958106
0.00018479137223475318	0.39443211389666316
0.0001878957324148294	0.3942790105036701
0.00019100030333863796	0.3941250043348205
0.00019410508600099766	0.3939700981905756
0.00019721008144308236	0.3938142918021407
0.0002003152906717241	0.3936575883115884
0.00020342071467240413	0.3934999878252637
0.00020652635449415087	0.39334148974911504
0.00020963221115366366	0.3931820968648586
0.00021273828563318753	0.39302181100357425
0.0002158445789971325	0.3928606291677614
0.00021895109222085977	0.39269855961896616
0.00022205782640412154	0.3925355963683818
0.00022516478243387418	0.3923717445930656
0.00022827196138092238	0.3922070030535708
0.00023137936428339526	0.39204137387660826
0.00023448699213398185	0.3918748585455242
0.00023759484597331653	0.39170745647934646
0.00024070292681879996	0.39153917187757853
0.00024381123567397708	0.39137000078717404
0.0002469197735544577	0.3911999504282797
0.00025002854150033953	0.3910290162134091
0.0002531375405270522	0.39085720263332924
0.0002562467716465061	0.3906845108533308
0.00025935623588281716	0.3905109389825766
0.0002624659342558477	0.39033649118090225
0.00026557586778076553	0.39016116862106226
0.00026868603752234495	0.38998496875768324
0.00027179644444260776	0.3898078947312318
0.0002749070895909801	0.3896299503940354
0.00027801797397991775	0.3894511332361939
0.0002811290986767616	0.3892714440470258
0.0002842404646341822	0.38909088803867153
0.00028735207294108297	0.38890945998590953
0.000290463924588505	0.3887271684332168
0.0002935760206174912	0.38854400818793194
0.0002966883620144438	0.38835998411123973
0.00029980094986267606	0.3881750930005914
0.00030291378515898555	0.3879893423973457
0.00030602686895346234	0.3878027267827656
0.0003091402022255069	0.3876152540280999
0.0003122537860501762	0.38742691730106
0.00031536762144899024	0.387237723770371
0.0003184817094366464	0.38704767262402706
0.00032159605104426035	0.38685676572486416
0.0003247106473295685	0.3866650012583666
0.0003278254993832992	0.3864723833922785
0.000330940608066943	0.3862789139948543
0.00033405597450923127	0.38608459095149494
0.0003371715997358504	0.3858894150935478
0.00034028748478207325	0.38569339293926974
0.0003434036306855764	0.38549652005748675
0.00034652003846632475	0.3852987996330165
0.00034963670917394706	0.38510023153617556
0.0003527536438443793	0.38490081829507145
0.0003558708435224341	0.38470056044530737
0.00035898830922883045	0.384499461521136
0.00036210604200153263	0.384297518115558
0.0003652240428973023	0.38409473240439024
0.0003683423129684405	0.38389110956926203
0.00037146085319288564	0.38368664654648627
0.00037457966466562765	0.38348134520526583
0.00037769874841606294	0.38327520741590393
0.00038081810546063783	0.3830682347379199
0.0003839377368673145	0.38286042608109144
0.0003870576436762126	0.3826517853035965
0.0003901778269325064	0.3824423109955216
0.000393298287672913	0.38223200767027565
0.00039641902695445854	0.3820208729599237
0.00039954004582674576	0.38180890774248816
0.00040266134531195287	0.38159611785365843
0.0004057829264861951	0.38138249797344836
0.00040890479040661443	0.381168053910483
0.00041202693809528327	0.38095278625330614
0.00041514937060076776	0.3807366955941722
0.0004182720889674919	0.3805197808883109
0.0004213950942868658	0.3803020446612053
0.0004245183876188565	0.3800834917681767
0.0004276419699556552	0.3798641159478602
0.00043076584237051384	0.37964392430627625
0.00043389000594667917	0.3794233539322676
0.00043701445096360766	0.37920220080660516
0.00044013919987380277	0.3789782606765549
0.00044326424320321686	0.3787550251953583
0.00044638958180483776	0.37853076217054066
0.00044951521686179653	0.3783056882538184
0.00045264114940242386	0.37807980111325035
0.000455767380497049	0.37785310947043965
0.00045889391121058803	0.37762560876283313
0.00046202074258744536	0.37739730155129964
0.00046514787572986423	0.377168186825946
0.0004682753116828993	0.3769382703724365
0.00047140305151767713	0.3767075518649969
0.0004745310962885534	0.37647602771878297
0.00047765944706882224	0.37624370468474716
0.0004807881049368832	0.3760105814604585
0.00048391707095213235	0.37577665964092266
0.0004870463462076546	0.3755419411431237
0.0004901759317294082	0.37530642693473654
0.0004933058286301881	0.37507011506841315
0.0004964360379702572	0.374833011324419
0.0004995665608455815	0.37459511345355917
0.0005026973982994511	0.37435642434378574
0.0005058285514024983	0.3741169439947318
0.0005089600213242879	0.3738766749764511
0.0005120918089861357	0.37363561665664385
0.0005152239156247273	0.3733937712789416
0.0005183563422382002	0.3731511404605685
0.0005214890898883364	0.3729077238880136
0.0005246221595436467	0.37266352573988243
0.0005277555525877626	0.3724185412460369
0.0005308892699867426	0.3721727767930511
0.0005340233129687274	0.3719262333706329
0.0005371576820696232	0.3716789094127105
0.0005402923791421688	0.37143080781070253
0.0005434274045038816	0.37118192795961036
0.0005465627600431407	0.37093227274267815
0.0005496984460339559	0.3706818447452186
0.0005528344643969824	0.37043064051606717
0.0005559708156254113	0.3701786645238315
0.000559107500988967	0.3699259187158331
0.0005622445214346417	0.3696724025071628
0.0005653818783718551	0.36941811689546805
0.0005685195727715853	0.3691630628713603
0.0005716576057171909	0.36890724333541003
0.0005747959785013352	0.36865065612675557
0.0005779346918327622	0.36839330697821693
0.0005810737470381414	0.36813519374562315
0.000584213145243197	0.36787631932433396
0.0005873528874766392	0.36761668252356244
0.000590492974885609	0.367356285283636
0.0005936334086065333	0.36709513207631633
0.0005967741897564023	0.36683321920877
0.000599915319407117	0.3665705505120908
0.0006030567986437134	0.3663071270021583
0.0006061986286714397	0.3660429500094913
0.0006093408106000308	0.3657780196197015
0.0006124833454486379	0.36551233590590604
0.0006156262344196134	0.365245904263773
0.0006187694785953082	0.364978721976268
0.0006219130790928069	0.36471079162212705
0.0006250570370716197	0.36444211485541805
0.0006282013536507073	0.3641726902117939
0.0006313460299098529	0.36390252182468474
0.0006344910670693969	0.3636316110420385
0.0006376364661693334	0.363359955792699
0.000640782228401988	0.3630875592738457
0.0006439283548620285	0.36281442469529646
0.0006470748466543761	0.36254054969003474
0.0006502217050976364	0.36226593622210274
0.0006533689312038435	0.3619905862552943
0.0006565165259735973	0.3617145020691844
0.000659664490721478	0.3614376825497908
0.0006628128265163117	0.36116012904356426
0.0006659615344851537	0.3608818450646597
0.0006691106158135969	0.36060282888905676
0.0006722600716403804	0.3603230834114135
0.0006754099031185641	0.3600426087579313
0.000678560111420652	0.35976140812895857
0.0006817106976306897	0.3594794807449784
0.0006848616629625887	0.359196825811575
0.0006880130084661092	0.3589134505113911
0.000691164735461963	0.3586293507083022
0.0006943168450122069	0.3583445277561263
0.000697469338306534	0.3580589873035785
0.0007006222164981	0.3577727252211963
0.0007037754806975479	0.3574857468445753
0.0007069291322635984	0.35719804927558096
0.0007100831720788655	0.3569096372322145
0.0007132376014431251	0.3566205099585827
0.0007163924213768781	0.35633066913050576
0.0007195476333537955	0.35604011612164393
0.0007227032384386192	0.3557488523070223
0.0007258592376971967	0.35545687845909
0.0007290156323835206	0.35516419444120517
0.0007321724236816436	0.3548708031385671
0.0007353296127036871	0.3545767065430285
0.0007384872007039227	0.3542819018020513
0.0007416451888189678	0.3539863963306984
0.000744803578276104	0.35369018669551566
0.0007479623702094688	0.3533932733762046
0.0007511215657754428	0.3530956592559954
0.0007542811663895701	0.35279734752727054
0.0007574411730128797	0.35249833657498475
0.0007606015868781375	0.352198628690188
0.0007637624092177103	0.35189822316118985
0.0007669236412488561	0.35159712377543095
0.0007700852841325726	0.3512953295288869
0.0007732473390846882	0.35099284480273363
0.0007764098072896111	0.3506896677122867
0.0007795726900082556	0.3503857987515979
0.0007827359884374949	0.3500812425973799
0.0007858997037127906	0.34977599707072854
0.000789063837090692	0.3494700665488744
0.0007922283898192434	0.349163447376714
0.0007953933630527736	0.34885614540698173
0.0007985587580998795	0.3485481599608631
0.0008017245760631214	0.34823949452190456
0.0008048908181960943	0.3479301439800035
0.0008080574859023786	0.3476201150590406
0.0008112245801519812	0.34730940797983684
0.0008143921022458905	0.34699802504025645
0.0008175600534333737	0.34668596234044696
0.0008207284349891666	0.3463732259954094
0.0008238972480978824	0.34605981653724666
0.0008270664940254493	0.34574573184747287
0.000830236173993421	0.3454309771517139
0.0008334062892411641	0.34511555210632394
0.0008365768410008193	0.3447994563637569
0.0008397478305496199	0.34448269368158213
0.0008429192591229554	0.34416526255031704
0.0008460911279655282	0.3438471664295135
0.0008492634383240758	0.34352840586265626
0.0008524361915350901	0.3432089808106335
0.0008556093886762712	0.34288889298321734
0.0008587830311375903	0.34256814438001393
0.0008619571201343146	0.34224673671524425
0.000865131656953478	0.3419246682188936
0.000868306642856846	0.3416019420496069
0.0008714820790906727	0.3412785613711455
0.0008746579669337869	0.3409545241370286
0.0008778343076357392	0.34062983177436207
0.0008810111025424513	0.3403044854178432
0.0008841883528757749	0.33997848909118994
0.0008873660599186968	0.33965184163175216
0.0008905442249674696	0.33932366983530854
0.0008937228735213975	0.33899440279127574
0.0008969019586141444	0.3386684173810124
0.0009000815054599673	0.3383387447532934
0.0009032615154465617	0.3380088585126461
0.0009064419898872833	0.3376783308683303
0.0009096229300609418	0.33734715982717756
0.0009128043375282018	0.33701534539463873
0.0009159862130843296	0.33668289243014604
0.0009191685582602157	0.3363498006638785
0.0009223513743897246	0.33601606925613353
0.0009255346627713877	0.3356817010693495
0.0009287184247231172	0.3353466969728283
0.0009319026615199194	0.3350101046894073
0.0009350874014068042	0.33467238573555413
0.0009382725921500679	0.3343384328901651
0.0009414582587519359	0.3340005891582768
0.0009446444084754798	0.3336620998369056
0.0009478310396833459	0.33332335986443873
0.0009510181536965796	0.3329839383189269
0.0009542057518677194	0.332643888753871
0.0009573938355072789	0.3323032154301494
0.0009605824059681933	0.33196191727009766
0.000963771464594895	0.3316199951619125
0.0009669610127238633	0.3312774522371865
0.0009701510516640911	0.3309342316116977
0.0009733415844586766	0.3305903561881793
0.000976532609311784	0.3302461122344661
0.0009797241290766402	0.32990106626064236
0.0009829161451624926	0.32955543179155644
0.0009861086587862784	0.3292091804912409
0.000989301671399558	0.3288623152018169
0.0009924951843263148	0.3285148398856303
0.0009956891989818966	0.32816674878757635
0.0009988837167157437	0.3278180500155973
0.0010020787388981532	0.3274687419867212
0.001005274266916044	0.3271188256082032
0.0010084703021209136	0.32676830234563875
0.001011666845939964	0.32641717145235194
0.0010148638997240526	0.32606543907487295
0.0010180614648604032	0.3257131020005099
0.0010212595427398592	0.32536016224807623
0.0010244581348525085	0.3250066190853985
0.0010276572431255535	0.32465315026868813
0.0010308568481136378	0.3242994364633339
0.0010340569905421164	0.3239414260520118
0.001037257673194935	0.3235847468931136
0.0010404588570073355	0.32323027850311653
0.0010436605633735178	0.32287281380841437
0.0010468627937363895	0.3225150964350829
0.0010500655494923936	0.3221567868792442
0.001053268831601874	0.3217978857959577
0.001056472642432883	0.321438397915072
0.0010596769829464123	0.32107831794339287
0.0010628818546642188	0.32071765195184476
0.001066087258834077	0.32035640060844234
0.0010692931969905168	0.31999456215328237
0.0010724996705728886	0.3196321410279915
0.0010757066810229362	0.31926913736406215
0.001078914229759565	0.31890555210781135
0.0010821223182902275	0.31854138378479097
0.0010853309480219394	0.31817663950597874
0.0010885401204278962	0.3178113145967535
0.0010917498369647101	0.3174454129463131
0.0010949600991039365	0.3170798263701383
0.0010981708816729197	0.316714126385026
0.001101382239037041	0.3163438635223725
0.00110459414647106	0.3159761040646049
0.0011078066053112445	0.3156073343170691
0.0011110196170943196	0.31523799540537883
0.0011142331833307692	0.31486808537315447
0.0011174473054948216	0.31449744403499336
0.0011206619900452687	0.31412615164199753
0.0011238772285714275	0.3137550323208594
0.0011270930275165388	0.3133827764565713
0.001130309389032111	0.3130100397981624
0.0011335263133080565	0.3126367380821922
0.0011367438025122604	0.3122628772642982
0.001139961858144997	0.3118884562169875
0.0011431804818125791	0.3115135515933739
0.0011463996725553404	0.3111381267961145
0.001149619436638218	0.3107618018571381
0.0011528397732429876	0.31038518970522416
0.0011560606839019615	0.31000798524023737
0.0011592821701403005	0.30963022640261034
0.0011625042335167092	0.309251915209058
0.0011657268755394948	0.30887305575215607
0.0011689500977643834	0.3084936443551685
0.0011721739017671827	0.30811368303779085
0.0011753982890729934	0.30773317562616626
0.00117862326124228	0.30735212181673693
0.0011818488199371643	0.3069705228561639
0.0011850749665130043	0.30658837845092146
0.0011883017026654997	0.3062056296848756
0.001191529031829623	0.30582231142158134
0.0011947569517776293	0.3054387260654346
0.0011979854659951456	0.3050543863640698
0.0012012145761057208	0.3046695368361031
0.001204444283650039	0.3042841526889647
0.0012076745902460638	0.3038982854296507
0.0012109054957582439	0.3035119090555554
0.001214137005268837	0.30312475034851777
0.0012173691187121007	0.30273725411411284
0.0012206018375035379	0.3023491986421549
0.0012238351633835098	0.30196061000486646
0.0012270690979262386	0.30157149426193436
0.001230303642777501	0.30118184864035696
0.0012335387995501784	0.3007916761673067
0.0012367745698665356	0.3004009773517626
0.0012400109553619364	0.3000097537123417
0.0012432479576850763	0.29961800425941926
0.0012464855784920252	0.2992257340155064
0.0012497238193678532	0.29883294124905035
0.0012529626820040893	0.2984396274814795
0.0012562021681340875	0.29804579348572013
0.0012594422792430989	0.29765144227436435
0.0012626830170738746	0.2972565741263397
0.001265924383298292	0.29686115642815614
0.0012691663806110992	0.2964652089350008
0.0012724090086058378	0.2960688934073164
0.0012756522700035377	0.2956719505190306
0.0012788961665056889	0.29527451088105655
0.0012821406998022276	0.294876585522196
0.0012853858707710724	0.2944781755126607
0.0012886316823311488	0.2940791486603226
0.001291878136315258	0.2936796492088981
0.0012951252337721102	0.29327967420933626
0.0012983729765356305	0.292879187289044
0.0013016213663257451	0.2924781960865466
0.0013048704048373224	0.29207670335089847
0.0013081200938192923	0.2916747069649195
0.0013113704349976428	0.29127221088929695
0.0013146214300796583	0.2908692161709038
0.001317873080834923	0.29046572095456474
0.0013211253890040226	0.290061729192148
0.0013243783563173493	0.2896572419353151
0.0013276319842991885	0.2892522578276135
0.0013308862752148373	0.28884678057274465
0.0013341412305447285	0.28844080978357806
0.0013373968520556572	0.2880343484373621
0.0013406531415441059	0.2876273944803157
0.001343910100783419	0.2872199518424352
0.0013471677315344353	0.2868120211086257
0.001350426035620992	0.2864036159268636
0.0013536850142966063	0.2859947345399527
0.0013569446703765931	0.2855852979855078
0.0013602050051741072	0.285175430469863
0.0013634660205654435	0.2847650726088005
0.0013667277181849222	0.28435423163178136
0.0013699901000075888	0.28394291168186137
0.001373253167769895	0.283531114285237
0.0013765169231255553	0.2831188445277028
0.0013797813682266495	0.2827063949337033
0.0013830464938490747	0.2822936520378031
0.0013863123236775485	0.28187898096921105
0.0013895788487057463	0.28146462462469246
0.0013928460820601687	0.2810494632613338
0.0013961140029952659	0.2806353210189352
0.001399382624801677	0.28021856221208225
0.001402651983277445	0.2798009914370476
0.0014059220122434224	0.2793874189245318
0.0014091927475782765	0.2789699178022937
0.0014124641911374802	0.2785524434958701
0.0014157363448502062	0.2781345018780215
0.0014190092105879893	0.27771609772672934
0.0014222827904102169	0.2772972291472976
0.0014255570859445278	0.27687789746783487
0.0014288320992345204	0.27645810470431603
0.0014321078321950173	0.2760378512683619
0.001435384286804701	0.2756175299620389
0.0014386614512548624	0.27519694591151184
0.00144193935468102	0.27477415955293916
0.0014452179855231663	0.2743522677048738
0.0014484973457192583	0.27392972972588614
0.0014517774372075196	0.2735066045772213
0.0014550582666723751	0.27308295671987187
0.0014583398267225057	0.2726594567312753
0.0014616221239421331	0.27223504337419496
0.0014649051608205596	0.2718102456354783
0.0014681889383800183	0.2713849994209488
0.0014714734591606924	0.270959306294244
0.0014747587249917473	0.2705331664804125
0.0014780447379906076	0.27010657998411813
0.0014813315001083768	0.26967955171440233
0.0014846190133888766	0.2692520783437964
0.001487907279870911	0.26882416344124765
0.0014911963015255573	0.2683958074672624
0.0014944860803909406	0.2679670106645118
0.0014977766185615112	0.26753777636950754
0.0015010679180090941	0.2671081035062695
0.0015043599808209438	0.2666779936485109
0.0015076528090481743	0.26624744727194455
0.0015109464048463012	0.2658164666071076
0.0015142407701093103	0.26538505169899096
0.0015175359070295235	0.26495320215525636
0.0015208318175189135	0.26452092891952994
0.001524128503275369	0.26408822050271386
0.0015274259675072412	0.2636550808810418
0.001530724211721942	0.26322151596833304
0.0015340232379038355	0.26278752084647095
0.0015373230483508758	0.26235310077058077
0.0015406236451104881	0.26191825494489307
0.0015439250302940973	0.26148298602435854
0.0015472272060409796	0.2610472934402088
0.0015505301746342446	0.26061117813082363
0.001553833937938092	0.2601746431765249
0.0015571384982682975	0.2597376858865418
0.0015604438577624675	0.2593003118966067
0.0015637500185790732	0.258863643017356
0.0015670569406769728	0.2584271245950099
0.001570364710548031	0.2579851481531472
0.0015736732882167443	0.25754666403214593
0.0015769826760693856	0.2571072098443037
0.0015802928761435597	0.25666726205701423
0.0015836038937098453	0.2562268599257323
0.00158691572487459	0.25578641554066955
0.0015902283771900394	0.25534527712059796
0.001593541848405392	0.25490376959356004
0.001596856143021897	0.2544618543665178
0.00160017126323571	0.25401953344470163
0.0016034872112852224	0.253576807793482
0.0016068039894687992	0.2531336754785724
0.0016101216000459478	0.2526901409947497
0.0016134400434918764	0.25224620469115344
0.001616759325701112	0.25179850074724286
0.0016200795772945626	0.25134868157724694
0.001623400541597979	0.250913525614875
0.0016267223497076916	0.2504663314848358
0.0016300450038979114	0.2500203988359189
0.0016333685066425067	0.2495740653423407
0.0016366928600229141	0.24912734666874517
0.0016400180666247153	0.24868379424478096
0.0016433439883393336	0.24824168364125254
0.0016466709061572458	0.24778317399011104
0.0016499986847019897	0.2473366339956839
0.0016533273255501348	0.246887963184898
0.001656656831345488	0.24643887378929175
0.0016599872045552216	0.24598940964999774
0.001663318447115597	0.24553957432583765
0.0016666505619211843	0.2450893273835118
0.0016699835509197218	0.24463872238208503
0.0016733174168997924	0.24418770709089382
0.001676652162184885	0.2437363169771017
0.0016799877890668678	0.24328455163015694
0.0016833243001323755	0.24283239878050608
0.001686661697642955	0.24237978523117906
0.0016899999878315563	0.24192673439011447
0.0016933391660294388	0.24147371574461932
0.0016966792378736357	0.24102001743078763
0.0017000202063079755	0.2405659632917807
0.001703362074384545	0.24011155482749985
0.001706704842980238	0.23965677212512615
0.001710048515447402	0.2392016090251498
0.001713393094394301	0.23874560042199666
0.0017167386015695494	0.23828898709190693
0.0017200849998044348	0.23783411839498814
0.0017234323130201393	0.2373772495472719
0.0017267805426780852	0.2369202379180602
0.0017301296915211157	0.23646285181809498
0.001733479762008604	0.23600511012670236
0.0017368307573032169	0.23554700103620194
0.0017401826787111399	0.23508852808001154
0.001743535529453001	0.23462969287301136
0.0017468893121221924	0.23417049702694487
0.0017502440292975286	0.23371097618546535
0.0017535996821328877	0.2332516016101031
0.0017569562555910718	0.23279194934395195
0.0017603137922540951	0.2323298592771755
0.0017636722737592188	0.23186912102078225
0.001767031703158545	0.23140776325287662
0.0017703920827095564	0.23094606923577404
0.0017737534154861785	0.2304839548073416
0.0017771157058814396	0.2300214869195088
0.0017804789525172893	0.2295588620513194
0.0017838431604441146	0.22909571426587
0.0017872083320314297	0.22863225850355023
0.0017905744701175847	0.22816844824696125
0.001793941577397651	0.2277043182049241
0.00179730965661903	0.22723985157404672
0.0018006787106964648	0.22677489801390752
0.0018040487412135148	0.2263098942043808
0.0018074197448973337	0.2258440052475711
0.0018107917671433555	0.22537662189691188
0.0018141647476766411	0.2249123647857489
0.0018175387168023367	0.2244454789875161
0.0018209136773331626	0.22397856127120994
0.0018242896320745726	0.2235113108213133
0.0018276665837539483	0.22304372384215795
0.0018310445352939515	0.22257579299540844
0.0018344234895886842	0.22210752530722525
0.0018378034493758124	0.22163892775950098
0.0018411844176262422	0.22116999127731646
0.0018445663971266588	0.22070072283757755
0.0018479493906918157	0.2202311258359616
0.0018513334013661434	0.2197611859858166
0.001854718432093287	0.21929091731807163
0.00185810448572246	0.21882032320710396
0.001861491565083747	0.2183494035130973
0.0018648796732926368	0.2178781458506567
0.001868268812992165	0.21740594718637157
0.0018716590162054063	0.21693308489972454
0.001875050228558369	0.2164627264079777
0.001878442481428036	0.2159898648817085
0.0018818357773737735	0.21551698411969517
0.0018852301204879455	0.21504378052560963
0.0018886255131732796	0.21457026089743028
0.001892021958484318	0.21409641655220768
0.0018954194598873723	0.21362225428332232
0.0018988180195091936	0.213147777428833
0.0019022176379627775	0.21267297228647666
0.001905618324343665	0.21219785583766548
0.001909020078483835	0.21172242969009536
0.0019124229036693236	0.21124668024438117
0.0019158268029538011	0.21077061762121493
0.001919231779578749	0.21029424009189368
0.0019226378364390775	0.209818244196711
0.0019260449443617021	0.2093422738743616
0.0019294531710722896	0.20886293649364437
0.001932862487557206	0.20838565725348715
0.0019362728970463902	0.2079077281902369
0.00193968440275234	0.20742949243303832
0.001943097007761482	0.20695095657116597
0.0019465107153538211	0.20647211233047394
0.0019499255287124758	0.2059960331551103
0.0019533413020387303	0.20552118924966659
0.0019567583357615265	0.20503229308578858
0.001960176484926227	0.20455375382082164
0.0019635957529537717	0.20407131846630716
0.0019670162445782585	0.20358962995219876
0.0019704376584563205	0.20311795808013802
0.0019738603025344415	0.20262948532772243
0.0019772840783834874	0.20214896525724935
0.00198070898970369	0.20166710371534333
0.001984135039573323	0.20118495992254945
0.001987562231553025	0.2007025115199587
0.0019909905688608636	0.20021977771159616
0.0019944200549475858	0.19973674582017284
0.0019978506932632092	0.19925342068745014
0.0020012824869420505	0.1987698165876852
0.0020047154396827653	0.1982859052075488
0.002008149554881947	0.1978017102700561
0.0020115848359387742	0.19731723025319103
0.0020150212880206872	0.19683246054799047
0.0020184589113030563	0.19634739659589753
0.0020218977107779794	0.19586206026026562
0.0020253376900040755	0.19537634647091282
0.002028778856997005	0.1948902852082235
0.00203222120735005	0.1944042999291151
0.0020356647481335035	0.1939177885705778
0.002039109482771441	0.19343118717342092
0.002042555406936925	0.1929443909488831
0.00204600253918993	0.19245665745316112
0.0020494508762463723	0.19196911808565204
0.002052900421664121	0.19148124184899215
0.0020563511788429414	0.19099068164873412
0.002059803279188604	0.19049861615973787
0.0020632564724731703	0.190017064185269
0.0020667108886625223	0.18952689331355027
0.002070166531480149	0.1890376344446619
0.002073623404645865	0.18854810190375657
0.0020770815118758045	0.18805830030855192
0.0020805408567285116	0.18756822981425128
0.002084001443297227	0.18707788027239688
0.00208746327487957	0.18658727249213547
0.0020909263557236687	0.18609682774391198
0.0020943906648796394	0.18560635653987825
0.0020978562549304417	0.185113603376528
0.002101323106070607	0.18462214421984408
0.0021047912206987205	0.18413019652260437
0.002108260603685553	0.18363797571544757
0.0021117312583903325	0.18314550652379843
0.002115203189216345	0.1826527546454102
0.002118676399703326	0.18215976046881596
0.0021221508944037136	0.1816664984236098
0.0021256266762022845	0.18117296737562275
0.00212910374947315	0.18067918745105857
0.002132582118269853	0.18018514186728135
0.002136061786041007	0.17969083796043567
0.0021395427578408664	0.1791962815924067
0.0021430250377359535	0.17870146598664413
0.002146508627977344	0.17820639699842344
0.002149993534321785	0.17771107487403082
0.002153479760355548	0.1772154901677854
0.002156967309927202	0.17671966531593566
0.0021604561873643773	0.176223574331981
0.0021639463967059055	0.1757272381913417
0.002167437942023482	0.17523065575171268
0.002170930827366292	0.17473382044862518
0.00217442505722869	0.1742367271603378
0.002177920635387265	0.1737394019939501
0.002181417566334573	0.17324181405174946
0.002184915854119383	0.17274398664820712
0.002188415503119359	0.17224590929306666
0.0021919165174113494	0.1717475943642393
0.0021954189012975685	0.17124903011477663
0.002198922659026054	0.17075022222168557
0.0022024277951091793	0.17025116835652646
0.002205934313642897	0.1697518833896029
0.0022094422178181475	0.1692523399335649
0.002212951514306103	0.16875257386723855
0.0022164622076854446	0.16825393252780582
0.0022199742156746682	0.16775571610899034
0.0022234877135667223	0.1672497234624891
0.002227002701292943	0.1667477446589807
0.0022305190197273025	0.16625078364602686
0.0022340367559013463	0.16574891282762189
0.0022375559142946994	0.16524763308641377
0.0022410764894306625	0.16474604419219527
0.0022445985154452004	0.1642433603114019
0.0022481219717507654	0.1637416776300014
0.0022516468633297353	0.16323946220123958
0.002255173199813241	0.1627368192404511
0.002258700985787252	0.16223398922140303
0.0022622302257403392	0.16173093087367824
0.0022657609243526087	0.16122763710181043
0.00226929308648142	0.16072411207813955
0.002272826716481889	0.1602203722926412
0.002276361819456168	0.1597164007707013
0.0022798983996141623	0.15921219550761448
0.002283436462057537	0.1587077643192874
0.0022869760113988532	0.15820311858257124
0.0022905170520778942	0.15769824646343583
0.0022940595895292615	0.15719314114135308
0.002297603628428478	0.15668781759700479
0.002301149173295948	0.1561822786077615
0.0023046962293199807	0.15567650897229893
0.002308244800915358	0.1551705270998077
0.0023117948937120113	0.15466431195054928
0.002315346512065535	0.1541577375339851
0.0023188996715409263	0.15365088230795915
0.0023224543546924784	0.15314451682058527
0.0023260105799322293	0.1526372939856312
0.0023295683508602594	0.15213000576210495
0.0023331276730293423	0.15162249183950338
0.002336688550365247	0.15111476434743285
0.002340250988527672	0.15060682487495142
0.002343814992393998	0.15009867040720223
0.002347380567368612	0.1495902979835074
0.0023509477183290524	0.1490817217951441
0.0023545164506194823	0.14857292291192487
0.0023580867697243994	0.14806391322992127
0.002361658680236795	0.14755470448032407
0.0023652321876384092	0.14704527793164246
0.002368807297279734	0.14653564085461737
0.002372384014356013	0.14602579819530012
0.0023759623442047664	0.14551574707223996
0.0023795422920256304	0.14500548907957359
0.0023831238634574366	0.14449501699442488
0.002386707063582554	0.14398435111549146
0.0023902918979690916	0.1434734721436143
0.0023938783719697774	0.14296238718208557
0.0023974664910093976	0.14245109890497779
0.0024010562607580197	0.14193960564007316
0.0024046476862402692	0.14142791971759844
0.002408240773489896	0.14091601477390311
0.0024118355278339425	0.14040391814130415
0.0024154319547848376	0.13989161959482596
0.0024190300600265093	0.13937911647995085
0.0024226298492301627	0.13886641356143253
0.0024262313278799437	0.1383535155381838
0.0024298345017146486	0.13784041765213934
0.002433439376385654	0.13732712042935663
0.002437045957714669	0.1368136223287054
0.002440654251397711	0.1362999290582821
0.002444264263316302	0.13578603598252695
0.002447875999210013	0.13527194979124
0.0024514894646399167	0.13475767198770103
0.002455104665938357	0.13424318886474054
0.002458721608466193	0.13372852528430637
0.0024623402985143807	0.1332136524733824
0.0024659607419792564	0.1326985931519206
0.002469582944667639	0.1321833437794304
0.0024732069125929235	0.13166789890342595
0.0024768326518926085	0.13115226008316574
0.0024804601684567463	0.13063643573856137
0.0024840894684349892	0.13012041556891957
0.0024877205579761975	0.12960420309629148
0.0024913534432581125	0.12908780372949769
0.0024949881301000658	0.1285712208620699
0.002498624625136676	0.12805443862188912
0.00250226293439181	0.1275374720333504
0.002505903067669106	0.12702032062955673
0.002509545024076654	0.1265029801704578
0.002513188813746261	0.1259844872252656
0.002516834523522622	0.12546522926466866
0.0025204819647571767	0.12494988045234673
0.0025241313014546804	0.1244326812743535
0.0025277823838694025	0.12391650340467508
0.0025314354332031763	0.12339433423057253
0.0025350903620104098	0.12287614415891036
0.002538747202000472	0.12237587224001366
0.0025424042929317833	0.12188410442933499
0.0025460648606955094	0.12131071504327323
0.002549727314161017	0.12080069016068609
0.0025533916715113373	0.12028107674151857
0.0025570579396782234	0.11976147175891175
0.0025607261134796802	0.11922270788775748
0.002564397932250982	0.1186736660860662
0.00256806999306022	0.11820980353129819
0.0025717439827306825	0.11768009615132952
0.00257541993275292	0.11715904967837289
0.002579097827829772	0.1166384940068652
0.002582777681305129	0.1161174613196694
0.002586459500168029	0.11559628302212968
0.0025901432913716686	0.11507492590551459
0.002593829061943771	0.11455338965962296
0.002597516819002974	0.11403167483148771
0.0026012065693592477	0.11350978867913675
0.0026048983201994377	0.11298772077855997
0.0026085920788044207	0.11246547505121256
0.002612287851985175	0.11194305782321526
0.0026159856474080563	0.11142045556059439
0.0026196854718817273	0.11089768773627381
0.0026233873328494217	0.11037473843192491
0.0026270912375918713	0.10985161554070946
0.002630797193555223	0.10932831310851193
0.0026345052077811027	0.10880484453132923
0.002638215287954829	0.10828119504503819
0.0026419274413622775	0.10775737397301156
0.0026456416756045842	0.10723337468354373
0.0026493579982200225	0.10670920558252975
0.0026530764164925565	0.10618486476311967
0.002656796938321283	0.10566034338822607
0.002660519571132791	0.10513566596491147
0.002664244321713356	0.10459966224898357
0.00266797235743284	0.10406912266285646
0.002671700211670267	0.10359364058596535
0.0026754313666117985	0.10302965882757242
0.002679164670386216	0.10250961742796037
0.0026829001315697015	0.10198388958511156
0.002686637758406834	0.10145798831221357
0.0026903775584389686	0.10093192440920458
0.0026941195399113253	0.10040568132849376
0.002697863710691757	0.09987927203182324
0.0027016100787992836	0.09935268673832692
0.0027053586525388642	0.09882592885112271
0.0027091094397845407	0.09829900669962713
0.0027128624487780507	0.09777190992516958
0.0027166176875532706	0.09724464255144097
0.0027203751647622352	0.09671720077690783
0.0027241348884163488	0.09618959136530972
0.0027278968670060057	0.09566183757986563
0.002731661105456338	0.09513393034555394
0.002735427618727391	0.09460572301819431
0.002739196412130747	0.09407744395246763
0.0027429674939078936	0.09354898265546313
0.002746740872895148	0.0930203457775411
0.002750516557611534	0.09249154180666365
0.0027542945564903755	0.09196256572160885
0.0027580748784071353	0.09143341724552549
0.002761857531935596	0.09090410003948522
0.0027656425259173353	0.09037461114590406
0.0027694298690753173	0.08984495221028388
0.0027732195702528666	0.08931512161048885
0.0027770116385670116	0.08878511776102295
0.002780806082544478	0.08825494736327295
0.002784602911468406	0.0877245992721925
0.0027884021343455023	0.08719408330766526
0.0027922037600586216	0.08666339781417043
0.0027960077977691603	0.0861325331316232
0.0027998142575223718	0.0856014909126937
0.002803623146953773	0.08507030445412234
0.0028074344760289746	0.08453892739992934
0.0028112482539718892	0.08400738021326978
0.0028150644902580615	0.08347565829359421
0.002818883194265855	0.08294376308611762
0.002822704375486524	0.08241169657107088
0.002826528043142575	0.08187945773208488
0.0028303542071909022	0.08134703976432343
0.0028341828768692636	0.08081445505964882
0.002838014061815557	0.0802816927481377
0.0028418478224999546	0.07974875191720102
0.0028456840678182144	0.07921564462884183
0.002849522806308184	0.07868235738655778
0.0028533641501509964	0.07814898431038128
0.002857208045272179	0.07760253284710453
0.0028610563960849013	0.07704900482689471
0.0028649055052615492	0.07656607552623435
0.002868755268322471	0.07604557907953358
0.002872609533362068	0.07547255461076925
0.002876466412867198	0.07494440843510235
0.0028803259169624157	0.07440970712316818
0.0028841880558325194	0.07387482553725809
0.0028880528399469756	0.07333975384322255
0.002891920280932986	0.07280449947447647
0.002895790386553669	0.07226910577899114
0.002899663168280114	0.07173349986549496
0.002903538636737845	0.07119771602423154
0.002907416802770186	0.07066174759909007
0.002911297676601413	0.07012250825479718
0.0029151817680636827	0.06958155634767409
0.002919068097208769	0.06905405117478773
0.002922957178225825	0.06851574445778057
0.0029268490135571585	0.06797906697140828
0.0029307435961946336	0.06744208926473934
0.002934640914649159	0.06690502057037322
0.00293854105364925	0.0663671919230835
0.002942443987417799	0.06582949470045997
0.0029463497490888413	0.06529148209217465
0.0029502583060252155	0.06475384423149848
0.0029541696913627687	0.06421895247349095
0.002958083317293037	0.06368558945150318
0.002962000384112946	0.06313710454919992
0.0029659203131922186	0.06259995652338353
0.00296984311564249	0.06206098582908547
0.0029737688031262494	0.06152181610192299
0.002977697387309463	0.06098245206450415
0.002981628879454934	0.06044289274325067
0.0029855632914583615	0.05990313298629804
0.002989500634928056	0.05936317725016464
0.00299344092154305	0.05882302078465862
0.0029973841633567614	0.05828265977076628
0.00300133037243371	0.05774209967112859
0.003005279559819004	0.057201344069929876
0.003009231738218751	0.05666037441258106
0.0030131869195286496	0.05611920344293686
0.003017145115754334	0.05557782605011878
0.0030211063391192344	0.055036240293561835
0.0030250706018634236	0.05449444611278372
0.0030290379161431132	0.05395244225365502
0.00303300829434907	0.05341022632975729
0.003036981748878111	0.05286779815197241
0.003040958292052012	0.052325156371704054
0.003044937936425961	0.051782298542098856
0.0030489206945586503	0.05123922433920438
0.003052906578927604	0.050695932313683106
0.003056895602266894	0.05015241995166261
0.0030608877772905245	0.04960868678807439
0.0030648831166377507	0.04906473126619251
0.0030688816332044423	0.04852055079848855
0.0030728833398681026	0.04797614477205248
0.0030768882494309644	0.047431474625430445
0.003080896383963482	0.046886558637665894
0.0030849077381272915	0.04634157704278642
0.003088922334319483	0.04579623271463593
0.0030929401854938726	0.0452506733183363
0.003096961304866114	0.04470487802613631
0.0031009857054941107	0.044158846103509605
0.003105013400658817	0.04361257345632895
0.0031090444035755845	0.043066060140625674
0.0031130787275921268	0.04251930231309427
0.003117116386239922	0.04197229901944881
0.0031211573924951313	0.04142505030985018
0.003125201760208215	0.04087754557219307
0.0031292495036028024	0.04032979013706288
0.0031333006343057814	0.039781794203783326
0.003137355166645605	0.039233532304781125
0.0031414131143197377	0.03868501280806903
0.0031454744908327795	0.03813623339284047
0.0031495393098847934	0.037587190911498404
0.0031536075849319663	0.03703788418080823
0.0031576793296603212	0.03648830893034724
0.003161754557917358	0.035938462854999596
0.00316583328322351	0.03538834521670205
0.003169915519355412	0.03483795158275595
0.0031740012798584564	0.03428728121957671
0.00317809057854869	0.03373632912186296
0.003182183429105298	0.03318509411115236
0.003186279845210847	0.03263357306458068
0.003190379840488249	0.032081762565575475
0.003194483428783571	0.03152965934345627
0.0031985906236024165	0.030977262103895203
0.0032027014386160546	0.030424565676269923
0.003206815887657937	0.029871567112941675
0.003210933984029115	0.029318265665749296
0.0032150557412535794	0.028764655312748286
0.0032191811731471106	0.02821073179831083
0.003223310293048154	0.027656494832233234
0.0032274431141318424	0.027101939605538774
0.003231579650078673	0.026547060216496984
0.003235719914001659	0.025991860756225848
0.0032398639167181918	0.025436333051403224
0.003244011676319118	0.024880448032921627
0.003248163203262727	0.02432424294281694
0.0032523185107088764	0.023767691851374576
0.0032564776113560017	0.02321079459101893
0.0032606405179970415	0.02265354507237278
0.0032648072433212783	0.02209593950052944
0.003268977799675564	0.021537973105824795
0.0032731521997265106	0.020979639967060808
0.0032773304553230962	0.02042093740971926
0.003281512578653696	0.01986185762271844
0.0032856985817364716	0.019302395642884933
0.003289888476377327	0.018742546615926798
0.003294082273795476	0.01818230573642598
0.0032982799855025887	0.01762166475455321
0.0033024816228569925	0.017060634894477216
0.003306687184906072	0.01649918571782238
0.003310896717115115	0.015937241500259564
0.003315110195408879	0.015374994714740662
0.0033193276413121062	0.01481225640229953
0.0033235490651822974	0.01424887844939259
0.0033277746605607974	0.01368517232193911
0.003332003884380798	0.013121970904563098
0.003336237298276779	0.012556776356920636
0.0033404747268464484	0.011991863832037387
0.003344716179915971	0.011426380871525477
0.0033489616631565485	0.010860416345410167
0.0033532111855875	0.0102939510546066
0.0033574647546075584	0.009726980536423773
0.0033617223774658825	0.009159494341221664
0.0033659840607466636	0.008591481790460164
0.0033702498125072287	0.00802293297632324
0.003374519635238323	0.007453842415957544
0.0033787935361633474	0.006884190559224191
0.0033830715205627137	0.006313970314975033
0.003387353592717121	0.005743172255805943
0.003391639751850153	0.005171781829361145
0.0033959300118721297	0.004599777067243592
0.0034002243708612344	0.004027160989636
0.0034045228331014664	0.0034539126608596274
0.003408825397141046	0.0028800211452610666
0.0034131320667312097	0.0023054687255651364
0.00341744284238468	0.0011278966474393384
0.003428461242851821	0.00064280103901632
0.0034261916354615665	-0.00015213817758669986
0.006709942779089874	-0.000206952443625148
0.006707185545171107	0.0008743965284394873
0.0067179464156666615	0.001534264853229838
0.006721999907420419	0.003136094294624814
0.006726049540926653	0.003917635897597118
0.006730095316944806	0.0046982695866721515
0.006734137239680069	0.0054780176966260094
0.006738175308354496	0.006256893341093316
0.006742209527594965	0.0070349232399539744
0.006746239895819848	0.007812101530535728
0.006750266427446126	0.008588456344442186
0.0067542891219744645	0.009364005728738599
0.006758307984034081	0.010138760762570925
0.006762323019164105	0.010912729350547984
0.006766334234780154	0.011685936346987546
0.006770341633799282	0.012458387474852478
0.006774345224394244	0.013230094478881215
0.006778345013345909	0.014001070154920301
0.00678234100804319	0.014771326990166445
0.006786333216043475	0.015540869331646718
0.006790321646784751	0.016309721571863323
0.00679430630541344	0.01707776112630821
0.006798287202151747	0.01784614564766362
0.006802264172441613	0.018611779170866167
0.00680623774549091	0.019378057090543122
0.006810207410754851	0.02014384495042641
0.00681417335092827	0.020908717468731575
0.006818135576337455	0.021672874378314357
0.006822094108741222	0.022436570942968782
0.006826048923188264	0.02319954372478525
0.006830000065879475	0.023961894006308826
0.006833947535531986	0.02472366148546619
0.0068378913433799334	0.02548482920925107
0.006841831500822171	0.026245406707784462
0.006845768018913153	0.02700539882970601
0.0068497009093936405	0.02776481049228878
0.006853630184110213	0.028523646762979197
0.0068575558550573006	0.029281916583178556
0.006861477933931875	0.03003962191268094
0.006865396433204589	0.030796769127402118
0.006869311365028985	0.031553363039640424
0.006873222741852566	0.03230940713858172
0.0068771305763372466	0.03306490803446812
0.006881034880920891	0.033819864289721245
0.006884935668534637	0.03457430948661356
0.006888832949399681	0.03532819134211258
0.006892726741383299	0.03608154770997586
0.006896617054983728	0.03683438804152704
0.006900503903177993	0.037586705121065676
0.006904387299330323	0.038338505316673044
0.006908267256355149	0.03908979351286402
0.00691214378732165	0.03984056845521351
0.006916016905776372	0.04059083428025194
0.006919886624920783	0.041340597526256864
0.006923752957860749	0.04208985756710366
0.0069276159181244235	0.042838616767469175
0.006931475519083591	0.043586880514132634
0.006935331773957156	0.04433464892906822
0.006939184696259944	0.04508192482138819
0.006943034299411379	0.0458287112001696
0.006946880596770998	0.046575010677245635
0.006950723601701479	0.04732082322511813
0.006954563327746706	0.0480661540163406
0.006958399788084367	0.04881100242294901
0.006962232996297284	0.049555372843156656
0.00696606296558762	0.05029926465903856
0.006969889709466858	0.05104267938303197
0.006973713241289407	0.05178562119819168
0.006977533574320965	0.052528090097002315
0.006981350721901421	0.053270088741290765
0.006985164697247586	0.05401161867197451
0.006988975513701473	0.05475266692042475
0.006992783185247113	0.05549326645649382
0.006996587723476896	0.05623340182806537
0.007000389142160892	0.05697306419740072
0.007004187454805477	0.05771226637025487
0.007007982674199537	0.05845100668034948
0.007011774813531339	0.05918928482712923
0.007015563885854356	0.059927104432885854
0.007019349904035887	0.060664463829790426
0.007023132881195693	0.06140136698396699
0.007026912830039733	0.06213781330428422
0.007030689763434283	0.0628738294633162
0.007034463694188912	0.06360921354113892
0.007038234644449963	0.0643443670643234
0.007042002608394756	0.06507904392533218
0.007045767607859179	0.06581321775768358
0.007049529655485122	0.06654693929737246
0.0070532887638389665	0.06728020780263792
0.007057044945468494	0.06801302521185913
0.007060798212859552	0.06874539206719196
0.007064548578423003	0.06947730743252266
0.007068296054549401	0.07020877315196034
0.007072040653567305	0.07093978962795554
0.007075782387723862	0.07167035573930997
0.0070795212692695	0.07240047324495334
0.007083257310369497	0.0731301424167649
0.007086990523113858	0.07385936195713279
0.007090720919598406	0.07458813354882714
0.00709444851183497	0.075316457341787
0.007098173311751275	0.07604433187054749
0.007101895331291461	0.07677175821959709
0.007105614582298914	0.07749874177045962
0.007109331076408405	0.07822526371663405
0.007113044826035613	0.07895134765739015
0.007116755842073885	0.07967698719921205
0.007120464136306772	0.08040217340848851
0.007124169720528694	0.0811269099267502
0.007127872606271596	0.08185120165744918
0.0071315728048196095	0.08257504103791173
0.007135270327805849	0.08329843351949363
0.007138965186541169	0.08402137889705447
0.007142657392251326	0.08474386925648136
0.007146346956483634	0.08546370529395904
0.007150033890062785	0.08619869756137583
0.007153717614217013	0.0869130315589036
0.007157399328996718	0.08762924380403274
0.007161078446345884	0.08834897946018562
0.007164754999309116	0.0890690274598556
0.007168428954923505	0.08978845240936452
0.007172100346235003	0.09050785728970456
0.007175769177346941	0.09122603475411827
0.007179435472045529	0.0919438883162523
0.007183099220145614	0.09266113347848885
0.0071867604731893015	0.09338037794946306
0.007190419203876466	0.09408481125207024
0.007194075926129009	0.09480722022226287
0.007197729659712756	0.0955271043460137
0.007201380914630075	0.09624235620120287
0.007205029700679631	0.09695714710398796
0.0072086760286323446	0.09767148457375653
0.0072123199085217795	0.09838532079569025
0.007215961352400492	0.09909875280289591
0.007219600367434401	0.0998117205418441
0.0072232369652011665	0.1005242125042239
0.0072268711558894725	0.10123624051394246
0.007230502949654125	0.10193919271704163
0.00723413235639163	0.10270253318951728
0.0072377574877905615	0.10339470413275233
0.007241382193093257	0.10403592726608374
0.0072450063669799915	0.10477225342381354
0.00724862631208801	0.1054987914865208
0.007252243932548305	0.10620744152311802
0.0072558592760352805	0.10691574347694482
0.00725947225006892	0.10762356884969326
0.007263082865812258	0.10833093441713908
0.007266691232796939	0.10903782246544566
0.00727029731057152	0.10974423279466343
0.007273901108561658	0.1104501786389996
0.007277502635956307	0.11115564185382762
0.007281101902498281	0.1118606301942163
0.007284698917391321	0.11256514360836013
0.007288293689888487	0.11326917800633646
0.007291886229355501	0.11397273002364951
0.007295476545060674	0.11467580444939712
0.007299064646205402	0.11537837229049062
0.007302650542522389	0.11608049462163479
0.007306234241617868	0.11678212515605545
0.007309815753462746	0.11748326026760962
0.007313395087001695	0.11818391157493452
0.007316972251139395	0.11888407991084335
0.007320547254656427	0.11958375065393614
0.007324120106693342	0.12028293742623912
0.0073276908158736226	0.12098162981415615
0.007331259391185156	0.12167982856893729
0.0073348258412526705	0.12237753449312987
0.007338390174821035	0.1230747439927901
0.007341952400516261	0.12377145967336406
0.007345512526913626	0.12446767523448324
0.0073490705626048005	0.12516338967999271
0.0073526265163050475	0.12585860839958576
0.007356180396325397	0.12655331860996066
0.007359732211295973	0.1272475100084108
0.007363281969486567	0.1279413298406992
0.007366829676048752	0.12863446963679123
0.007370375345902322	0.12932712527748672
0.00737391898394822	0.13001930760559813
0.007377460598524718	0.1307109839931682
0.007381000197812228	0.13140214400668562
0.007384537789986923	0.13209279141811628
0.007388073383206279	0.13278291948583854
0.007391606985737998	0.13347254079590676
0.007395138605262308	0.1341616428274189
0.007398668249983229	0.1348502196850465
0.007402195928072174	0.13553828318353991
0.007405721647214882	0.13622581459750094
0.007409245415674411	0.13691283483054648
0.007412767240825921	0.1375993280683355
0.007416287130932654	0.13827789389194878
0.007419805094562652	0.13901512969880572
0.007423319979615425	0.13963330932206058
0.0074268352684801545	0.14032507054634438
0.00743034749430667	0.1410238581061849
0.00743385782448269	0.14170714881614097
0.007437366265863607	0.1423899267539
0.007440872825619196	0.14307215776575294
0.007444377511719738	0.14375385242065492
0.007447880331477176	0.14443501199483322
0.007451381292267232	0.14511562394544625
0.007454880401720834	0.1457956958896737
0.007458377667147339	0.1464752140665508
0.007461873096093041	0.1471541969929102
0.007465366695474461	0.14783262546021267
0.007468858473076617	0.14851050618716685
0.007472348435894778	0.14918782735003983
0.0074758365913981115	0.14986460901277096
0.007479322946416876	0.15054082385660347
0.0074828075085149725	0.151216488756856
0.007486290284519897	0.15189159400554578
0.007489771281743952	0.1525661331206469
0.007493250507274929	0.15324011881705696
0.007496727967940655	0.15391354015451195
0.007500203670896679	0.15458639517690137
0.00750367762307093	0.15525868307824764
0.007507149831465636	0.15593044703683528
0.007510620303046957	0.15660124284269128
0.007514089051158372	0.15727236290721405
0.007517556060488404	0.15795472267718358
0.0075210213625207445	0.1585487750554157
0.00752448664414725	0.1592562979665662
0.007527948502146278	0.1599497446138047
0.007531408676257822	0.16061726120578435
0.007534867161107628	0.16128444991860397
0.007538323963717343	0.16193849837761187
0.007541779102138792	0.1626767809514359
0.007545230985305989	0.1633057756625103
0.007548682757610602	0.16394578497444012
0.007552132922880237	0.16460936035498472
0.007555581430253571	0.16527789671304788
0.0075590281923704735	0.16593809394388875
0.007562473430426043	0.16659930497488268
0.007565917080207727	0.16725769960149883
0.007569359132991732	0.16792095450966754
0.0075727994873918255	0.16858283675164373
0.007576238230305802	0.16924282931584142
0.007579675364915937	0.16990221519505253
0.007583110904473067	0.17056099890518372
0.00758654485153226	0.17121917993713323
0.007589977212428133	0.17187673715882945
0.007593407993520944	0.17253369058661844
0.0075968372007127775	0.17319003458302126
0.00760026484018371	0.17384576083562112
0.007603690918142466	0.17450086355127958
0.007607115440796766	0.1751553553321333
0.007610538413977081	0.1758092238750183
0.007613959843902837	0.17646246601193002
0.007617379736599032	0.17711508790267325
0.007620798097978704	0.17776709316390138
0.007624214933865159	0.17841845051064742
0.007627630250641783	0.1790691971090666
0.0076310440537119845	0.17971929884266868
0.007634456349417323	0.18036877285580813
0.007637867143278858	0.18101761608239453
0.007641276441275549	0.18166581857480732
0.007644684249244183	0.18231338543130607
0.007648090572888528	0.1829603080198857
0.007651495418104735	0.1836065873384544
0.0076548987906407745	0.18425222164444294
0.007658300696156963	0.18489721620949578
0.007661701140249745	0.18554156376130176
0.007665100128646592	0.18618525694890128
0.0076684976670620365	0.18682829826667705
0.0076718937610635715	0.18747070024528859
0.007675288416085562	0.18811242563414482
0.007678681638128674	0.18875350836411575
0.0076820734322926194	0.18939393108182712
0.007685463804304696	0.1900336949971596
0.0076888527595006355	0.19067279556658848
0.007692240303606327	0.19131122238906303
0.007695626442132054	0.1919490000248486
0.007699011180118693	0.19258610061120732
0.007702394523323682	0.19322253272756065
0.007705776476988502	0.19385829328529364
0.0077091570465348475	0.19449338512124306
0.0077125362372081506	0.19512780072201377
0.007715914054416707	0.19576152950994194
0.007719290503437326	0.1963945952908668
0.00772266558948043	0.1970269815949092
0.007726039317819643	0.1976586717509965
0.00772941169386871	0.1982896898284171
0.007732782722552852	0.1989200161334632
0.007736152409225155	0.19954965364139193
0.007739520759128876	0.20017860539984456
0.007742887776724731	0.20080686838021053
0.0077462534682071595	0.20143442564941277
0.007749617838143374	0.20206148781228986
0.007752980890188274	0.2026870091233989
0.0077563426427874095	0.20331276582656874
0.007759703078624134	0.20393774039371307
0.0077630622132610246	0.20456182854427288
0.00776642005150647	0.20518519555781128
0.007769776598485846	0.20580786827891615
0.007773131858947925	0.2064298215602809
0.0077764858381409695	0.20705107455052368
0.007779838540707699	0.20767162270920309
0.00778318997177211	0.20829144543620082
0.007786540136017224	0.20891055085007668
0.0077898890384840444	0.20952895366375632
0.007793236683722272	0.21014663804108535
0.007796583076428912	0.21076359284744203
0.007799928222192511	0.21137981987723153
0.007803272125390853	0.2119953406104468
0.007806614790511919	0.21261013251932687
0.00780995622249616	0.21322418928855671
0.007813296426142768	0.21383751941792903
0.00781663540612394	0.2144501762993451
0.007819973167014263	0.21506184323157035
0.007823309718528867	0.21567238141225212
0.007826645065800436	0.21628380411227383
0.007829979188283475	0.21689335811329433
0.007833312120207372	0.2175020745821302
0.00783664385615479	0.21811113383946987
0.007839974400805397	0.21871331916779388
0.00784330384117124	0.21932165245694749
0.007846632018314646	0.21993481198613155
0.007849958932231942	0.2205373394078795
0.007853284755788652	0.22113998787175776
0.007856609411720266	0.2217436728567638
0.007859932904924437	0.22234662757734883
0.007863255236614559	0.2229488042780293
0.007866576413393913	0.2235502380809248
0.007869896439050693	0.22415090876727067
0.007873215318229706	0.22475081864729793
0.007876533055203265	0.22534995955918302
0.007879849654507602	0.2259483461429084
0.0078831651202675	0.22654596148056663
0.007886479456943315	0.2271428185712266
0.007889792668687487	0.22773888622030325
0.007893104760163383	0.22833420410861016
0.007896415735158585	0.22892873740933123
0.007899725598334241	0.22952249212154743
0.007903034353841541	0.23011547612628105
0.007906342005808947	0.23070769022206547
0.007909648558397582	0.23129910634263864
0.007912954016116186	0.231889757731815
0.007916258382679104	0.23247961443492535
0.007919561663336022	0.23306868811169013
0.007922863860211005	0.23365697777674727
0.007926164979251894	0.23424447513760538
0.007929465024590885	0.23483118837646125
0.007932763999053913	0.2354171092039365
0.007936061907390669	0.23600222742219068
0.007939358753745698	0.23658656425748037
0.00794265454130616	0.23717009286393603
0.007945949275703268	0.23775281410006263
0.007949242960263756	0.23833476062727005
0.00795253559869022	0.2389158792645712
0.007955827195413068	0.2394962140375615
0.00795911775399669	0.24007573217417025
0.007962407278085282	0.2406541530156989
0.007965695772840092	0.24123379297584094
0.007968983217243113	0.24181000339601436
0.007972269663991945	0.24238571568973413
0.007975555092257662	0.2429611751315838
0.007978839506306077	0.2435358337487467
0.007982122909761765	0.24410966395076034
0.00798540530672672	0.24468267835363797
0.007988686700882488	0.24525487619656786
0.007991967096071141	0.24582625093533483
0.007995246496130868	0.24639833950891327
0.007998524904895976	0.24695878450364375
0.008001802452377917	0.24753239026258478
0.008005078888657759	0.24810357250411347
0.008008354345171451	0.24867080512336928
0.008011628825439597	0.24923712959992506
0.008014902333142811	0.24980323295684523
0.00801817486511613	0.25036764977592074
0.008021446439958781	0.250931340954742
0.008024717053638396	0.2514944414699045
0.008027986709650265	0.2520563866904522
0.00803125541516439	0.2526179548366507
0.008034523165909264	0.25317859768068357
0.008037789970018984	0.2537382760684216
0.008041055831171803	0.25429712537018945
0.008044320750975678	0.2548551168683229
0.008047584736810028	0.2554122559974045
0.008050847790425376	0.25596854825535453
0.008054109915340316	0.25652399515437374
0.008057371115075816	0.25707856563773335
0.008060631393487219	0.2576322958060142
0.008063890753720758	0.2581851668076939
0.0080671491995617	0.25873717197581014
0.00807040673447607	0.2592883272334638
0.008073663361844077	0.2598386074129104
0.008076919085339765	0.26038804091531137
0.008080173908164432	0.260935263315433
0.008083427834170447	0.2614922405364052
0.008086680764666098	0.2620271046739643
0.008089933008502238	0.26257437851249016
0.008093184264055888	0.2631221266905658
0.008096434636271549	0.2636643770606601
0.008099684128643283	0.2642194568512991
0.008102932596375727	0.2647559824034301
0.008106180339920796	0.26529361093901294
0.00810942721373526	0.2658343055150705
0.008112673221231917	0.2663741156493116
0.008115918365726477	0.26691305162430706
0.008119162650409729	0.2674511046389136
0.0081224060786645	0.2679878340986113
0.008125648653855993	0.2685267135987324
0.00812889034697587	0.2690607832182188
0.008132131226127026	0.269594395294244
0.008135371262141882	0.27012800548592436
0.008138610458083267	0.2706607202833334
0.008141848817303867	0.27119254160509293
0.008145086343025678	0.2717234561985385
0.008148323038556443	0.2722534811958286
0.00815155891002115	0.2727826142519624
0.008154793954599348	0.27331083335961176
0.008158028178271244	0.2738381557869146
0.00816126158486648	0.2743645769973933
0.008164494177193256	0.2748900880472211
0.00816772595847135	0.2754146997849254
0.00817095693225385	0.2759384032730246
0.008174187100722334	0.276461586017821
0.008177416467591181	0.27698107611765926
0.008180645064416125	0.2775032666570479
0.008183872836934655	0.2780241124332072
0.008187099817329273	0.2785432597606742
0.008190326008274998	0.27906147816862303
0.008193551413247452	0.2795787832519573
0.008196776035052537	0.28009517498398917
0.008199999876795148	0.2806106488647849
0.008203222941485563	0.281125186830005
0.00820644523235139	0.281638806901019
0.00820966675221311	0.28215150457208643
0.008212887504237392	0.282663270789655
0.008216107491406499	0.283174116937555
0.008219326716617435	0.28368403396809205
0.008222545182928887	0.28419301279261516
0.008225762893370804	0.28470106259674177
0.008228979850849909	0.2852081880577033
0.008232196058194668	0.2857147711671713
0.008235411518544412	0.28621751366330084
0.008238626262295146	0.2867237243281819
0.008241840229304463	0.2872275346077878
0.008245053467345323	0.28772971873011377
0.008248265968771448	0.2882313362014953
0.00825147773508561	0.2887318328589856
0.00825468877441695	0.2892313993441417
0.008257899087104028	0.2897300568464866
0.008261108676084023	0.2902277612760782
0.008264317544150654	0.2907245714707407
0.008267525693929667	0.2912202151795897
0.008270733130458716	0.29171515568931433
0.00827393985278962	0.2922091441077213
0.008277145865343779	0.29270209569203703
0.00828035117131504	0.293194116890711
0.008283555773121959	0.2936848495679594
0.008286759673979831	0.29417678513604645
0.00828996285554679	0.294665134138792
0.008293165360767017	0.29515262701739725
0.00829636717465724	0.2956397988982296
0.008299568298510541	0.2961260543814599
0.00830276873505967	0.2966113484415515
0.008305968487022617	0.2970956790389027
0.008309167556489954	0.2975790441371366
0.008312365947466522	0.2980614392887493
0.008315563662100494	0.2985428793878072
0.008318760702924846	0.29902334065767916
0.00832195707282553	0.29950311489624515
0.008325152775651422	0.29997986363535045
0.00832834783098865	0.3004583016487732
0.008331542203966567	0.30093547072547217
0.008334735916661819	0.30141106837626946
0.008337928971775726	0.3018856799937677
0.008341121371265348	0.30235931338741395
0.008344313119244714	0.3028319936417227
0.008347504217334163	0.30330371891784613
0.008350694668535363	0.30377408263519906
0.008353884478886174	0.30424397880408055
0.008357073643721598	0.3047128178838102
0.008360262169438158	0.3051805706759437
0.008363450058445849	0.30564732916853393
0.008366637313466025	0.3061131088557844
0.008369823936878016	0.30657791035475696
0.00837300993134765	0.307041689339675
0.008376195299712126	0.3075045113772313
0.008379380044057744	0.30796630950910164
0.008382564167433668	0.30842713450481596
0.008385747671937333	0.3088869820320611
0.008388930560090014	0.3093457973875162
0.008392112834872805	0.3098014399691537
0.008395294498742305	0.3102715359597301
0.008398475414814997	0.3107206245117665
0.008401655865085391	0.3111710098165097
0.008404835711582018	0.3116248429288033
0.008408014957025008	0.31207768664611923
0.008411193603683547	0.3125295215959441
0.00841437165416632	0.3129824215141919
0.008417549110835868	0.3134198004847537
0.00842072610506345	0.313874957499583
0.008423902380110374	0.314326965979037
0.008427078070560446	0.31477376989913086
0.008430253175250693	0.3152195650853563
0.008433427698373635	0.31566435132913323
0.008436601642337315	0.3161081232680112
0.008439775009574414	0.3165508835493796
0.00844294780245009	0.3169926312158738
0.008446120023403399	0.31743336402352146
0.008449291672568136	0.31787313018884694
0.008452462756829973	0.3183115262636706
0.00845563327938292	0.3187493623110079
0.008458803236309247	0.3191861265430852
0.008461972633147952	0.3196217705760639
0.008465141472368308	0.3200557036937716
0.008468309756122575	0.32049346101795906
0.008471477445018142	0.3209239417186498
0.008474644625328117	0.3213541032337827
0.008477811257247734	0.3217846322939173
0.00848097734312455	0.3222141384558032
0.00848414288523134	0.3226426150583684
0.008487307885789861	0.3230700657594555
0.008490472347314126	0.32349648707689754
0.008493636271994568	0.32392187818723067
0.008496799662101623	0.32434624013627883
0.008499962519901582	0.32476956998918055
0.008503124847756402	0.3251918690831694
0.008506286647713687	0.3256131312856271
0.008509447922229954	0.32603336303692215
0.008512608674047526	0.3264525574052396
0.008515768904398608	0.3268707098637833
0.008518928615962042	0.327287834969756
0.008522087810915943	0.327703919609143
0.008525246491508057	0.3281189646616102
0.00852840466009331	0.3285329704717008
0.008531562318796775	0.32894593469683536
0.008534719469847763	0.32935785716296667
0.008537876115407446	0.32976873634995524
0.00854103225775227	0.3301785740043567
0.008544187898972225	0.33058736644885445
0.008547343041277135	0.3309951138195842
0.008550497686880047	0.3314018159897009
0.008553651837926115	0.33180746901893504
0.00855680549658715	0.3322120774463171
0.008559958665000204	0.33261563569854613
0.008563111345263157	0.33301814423344445
0.008566263539666507	0.3334196032427559
0.008569415249789571	0.33382001128145794
0.008572566478729459	0.33421944739331594
0.008575717228116054	0.3346172637913312
0.008578867504778803	0.33501476147863596
0.00858201730141578	0.3354111190674873
0.008585166624883244	0.3358062582523027
0.008588315477266026	0.33620010757609925
0.008591463860649073	0.33659455217254974
0.008594611763622455	0.33698580440151
0.008597759215313255	0.33737623768164454
0.008600906204368939	0.3377660903701335
0.00860405273273761	0.3381548827415664
0.008607198802526559	0.3385426148344988
0.0086103444156505	0.33892928473439327
0.008613489574471766	0.3393148913736511
0.008616634280888961	0.33969943762146165
0.008619778536924723	0.34008291821328984
0.008622922344639397	0.34046593587113516
0.008626065706071374	0.3408436721414589
0.008629208657226689	0.3412257849476628
0.008632351131877757	0.3416064135144876
0.008635493166492906	0.34198336304699156
0.008638634774083758	0.34236105934123884
0.00864177593405714	0.34273728299657147
0.008644916659906812	0.3431133960611959
0.008648056942664014	0.3434866729658643
0.008651196806272448	0.3438591019245539
0.00865433624143969	0.34423082106844005
0.008657475250574455	0.3446014756043241
0.00866061383537409	0.3449710599886122
0.008663751997994185	0.3453395730077742
0.008666889740160595	0.34570701028275025
0.008670027064067075	0.3460733637059286
0.008673163971569767	0.3464387058791563
0.008676300464101044	0.3468028869918187
0.008679436544646736	0.3471660033863934
0.008682572214603057	0.34752805784853313
0.008685707475941676	0.3478890345318388
0.008688842330569775	0.34824893341285695
0.008691976780413726	0.3486077504302866
0.008695110827408441	0.34896548876318945
0.008698244473422876	0.3493221455149264
0.008701377720675866	0.349677721859773
0.008704510570537576	0.3500322140385782
0.008707643025182695	0.35038562440692766
0.008710775086484168	0.35073795241801875
0.008713906756336428	0.3510891940350576
0.008717038036636598	0.35143935222934736
0.008720168929248463	0.35178842647727326
0.008723299436048793	0.35213641275284746
0.008726429558923091	0.35248331435604535
0.008729559299715296	0.3528291287324361
0.008732688660307806	0.35317384745652236
0.008735817642437036	0.3535175150273354
0.008738946247796876	0.3538601357165576
0.00874207447802909	0.35420153698825124
0.008745202336267487	0.35454187850106234
0.00874832982351688	0.35488115972243867
0.008751456941625133	0.3552193681773539
0.008754583692428418	0.3555563479979977
0.008757710078812231	0.3558924110410473
0.008760836100486887	0.35622736405865485
0.008763961760300226	0.3565611842196331
0.008767087060085634	0.35689391144226174
0.008770212001541815	0.3572255462159263
0.008773336586624844	0.357556085763374
0.00877646081707437	0.35788552999541823
0.008779584694639913	0.35821387793311427
0.008782708221177302	0.3585411324916724
0.008785831398407567	0.3588672885181066
0.008788954228154464	0.3591923480519622
0.00879207671215946	0.35951631014050134
0.008795198852208799	0.3598391750421873
0.00879832065006615	0.3601609400165002
0.00880144210749398	0.3604816092476082
0.008804563226230676	0.36080117639126197
0.008807684007975674	0.3611196112768502
0.00881080445462581	0.36143717885839877
0.008813924566089452	0.361753350268842
0.008817044347567391	0.3620684518657946
0.008820163799101194	0.36238251544739875
0.008823282922416525	0.3626954806105938
0.008826401719220694	0.36300737773398367
0.008829520191265344	0.36331791720996104
0.008832638342164125	0.36362767889784037
0.008835756169848432	0.36393630436979874
0.008838873677886813	0.364243753234436
0.008841990867894554	0.3645500964023279
0.008845107741795326	0.36485533517097213
0.008848224301174065	0.36515946901540225
0.008851340547717242	0.36546249925295715
0.008854456483114722	0.36576442231346207
0.008857572109069192	0.36606523677577524
0.00886068742727146	0.36636494796622854
0.008863802439364127	0.3666635520183083
0.008866917147034765	0.366961047530951
0.00887003155197252	0.3672573906557763
0.00887314565582743	0.36755294286038237
0.008876259457920784	0.36784698098699425
0.008879372964496212	0.3681399550311767
0.008882486175048021	0.36843190912696816
0.008885599091151726	0.36872275377406605
0.008888711714456925	0.36901249131957775
0.008891824045913647	0.36930111576471736
0.008894936088545255	0.36958872739928206
0.008898047843286067	0.36987455501044664
0.008901159316709808	0.3701601418654136
0.00890427050054569	0.37044451834686987
0.008907381401383465	0.3707275912462397
0.008910492020834222	0.37100955015640996
0.00891360236053633	0.37129039843582057
0.008916712422006302	0.3715696190092529
0.008919822207024636	0.37185133897863054
0.00892293169084843	0.37212726190786943
0.008926040927971373	0.3724026144407591
0.008929149893365601	0.37267789944461294
0.008932258588612178	0.37295207136479663
0.008935367015306976	0.37322512673427677
0.008938475175060993	0.37349707212648114
0.008941583069423959	0.3737679003114716
0.008944690700004207	0.37403761412297776
0.008947798068371158	0.37430621356330124
0.008950905176103115	0.37457369959236564
0.008954012024748811	0.37484006813590737
0.008957118615825349	0.37510532237638516
0.008960224951040966	0.3753694626605768
0.008963331031861631	0.3756324830327882
0.008966436860377621	0.37589439081187365
0.008969542437112869	0.3761551816192931
0.00897264776412623	0.3764148558392155
0.008975752842976673	0.37667381026153474
0.008978857675208413	0.3769288496208876
0.008981962282362149	0.3771860415328422
0.008985066625479661	0.37744435940045207
0.008988170707501235	0.37769725418719885
0.008991274567910145	0.3779494441119253
0.008994378189986161	0.37820130103182775
0.008997481574661176	0.3784520376427418
0.0090005847234314	0.3787016559864984
0.009003687637796682	0.378950154912612
0.009006790319292194	0.37919753934827777
0.009009892769393879	0.37944380336090905
0.009012994989628534	0.3796889490252284
0.009016096981503055	0.3799329758533179
0.009019198746520636	0.3801758840097482
0.009022300286169144	0.3804176765473045
0.009025401601925354	0.3806583453011708
0.009028502695327352	0.38089789816488967
0.009031603567813476	0.38113633178501394
0.009034704220821716	0.3813736441136166
0.00903780465599272	0.38160986913834355
0.009040904874711066	0.3818447614350024
0.009044004879941179	0.38207882301142104
0.00904710467006545	0.38231172438467936
0.009050204248144683	0.3825434404464527
0.009053303615663262	0.38277403813594135
0.009056402774077968	0.3830035151101226
0.009059501724869351	0.38323187161933664
0.009062600469477516	0.38345911018213064
0.009065699009353051	0.38368522717235987
0.009068797345968067	0.3839101622589959
0.009071895480762399	0.3841344124152295
0.009074993412054451	0.3843575243497752
0.009078091147564919	0.38457577017658445
0.009081188712225652	0.38479795098688335
0.009084286053983188	0.38501844405192764
0.009087383201115391	0.38523672176694085
0.009090480155043828	0.3854538792493914
0.009093576917210707	0.3856699168216967
0.009096673489045684	0.3858848325260396
0.009099769871974804	0.3860986286540411
0.009102866067163321	0.3863113068454798
0.009105962076511999	0.38652286287081417
0.009109057901219776	0.38673329806623624
0.009112153542703663	0.38694261605606145
0.009115249002314195	0.38715130721665125
0.009118344281422957	0.3873554031068871
0.009121439405703315	0.3875628691828318
0.00912453432811448	0.38776870400797125
0.009127629074299216	0.3879724199499208
0.009130723645656471	0.38817501572039503
0.009133818043566527	0.3883764940176447
0.00913691226943887	0.38857685162910444
0.009140006324622474	0.3887760886435818
0.00914310021053075	0.3889742048214284
0.009146193928547729	0.38917120388162907
0.00914928748002626	0.389367083613714
0.009152380866367235	0.3895618418215392
0.009155474088946184	0.38975548191976733
0.009158567149146627	0.38994800336297064
0.009161660048209131	0.39013940528719165
0.009164752787686426	0.3903296871636238
0.00916784536887235	0.3905188504534355
0.009170937793118561	0.39070689595905905
0.009174030061778665	0.39089382118021115
0.009177122176247308	0.3910796292564444
0.009180214137813529	0.39126431736045597
0.009183305947875036	0.3914478873222628
0.009186397607758539	0.39163034096881605
0.009189489118808472	0.391811673828538
0.009192580482388458	0.3919918897461881
0.009195671699847845	0.3921709895686353
0.009198762772477602	0.39234896783890316
0.009201853701657717	0.39252583042281247
0.009204944488589053	0.39270157618509316
0.009208035134867022	0.39287620634029563
0.00921112564162152	0.3930497147719892
0.00921421601022785	0.3932221087181186
0.009217306242053087	0.39339338572603516
0.009220396338353674	0.3935635480394988
0.009223486300476565	0.3937325905504047
0.009226576129770405	0.3939005188621712
0.009229665827447907	0.3940673295390212
0.009232755394938287	0.3942330265259678
0.009235844833513751	0.3943976060620596
0.009238934144477878	0.3945610690953344
0.009242023329146995	0.3947234192471135
0.00924511238877408	0.39488465310542853
0.009248201324730533	0.39504477330919435
0.009251290138267724	0.3952037771250935
0.00925437883068549	0.3953616668710894
0.009257467403219524	0.3955184415019174
0.009260555857408998	0.39567410435204653
0.009263644194274816	0.3958286533741938
0.009266732415160614	0.3959820868749934
0.009269820521432198	0.39613440585599624
0.009272908514330295	0.39628561569481763
0.00927599639512256	0.39643570964461045
0.009279084165086228	0.39658469244010774
0.009282171825513268	0.3967325634049677
0.0092852593776873	0.39687932087180505
0.009288346822821923	0.3970249665503012
0.009291434162286952	0.3971695011381284
0.009294521397453235	0.3973129246647136
0.0092976085292826	0.39745523716529296
0.009300695559189963	0.39759643834303837
0.009303782488310881	0.3977365306114976
0.00930686931816616	0.39787551029670315
0.009309956049864076	0.39801338220164817
0.009313042684665408	0.3981501419765763
0.009316129223883836	0.39828579579560186
0.009319215668669091	0.39842033897142737
0.009322302020425787	0.3985537715950335
0.009325388280236139	0.3986860998502175
0.009328474449389567	0.3988173173662623
0.00933156052913859	0.39894742662732413
0.009334646520770014	0.39907643010079424
0.009337732425482111	0.3992043258479143
0.009340818244524346	0.39933111533937016
0.009343903979128593	0.399456796985376
0.00934698963051163	0.3995813743093712
0.00935007519988503	0.39970484504424514
0.009353160688582175	0.39982720932551025
0.009356246097658788	0.3999484700089973
0.009359331428452662	0.4000686262046669
0.009362416682321916	0.4001876773765953
0.009365501860318013	0.4003056229937397
0.00936858696370603	0.4004224673030226
0.009371671993697553	0.40053820840489046
0.009374756951470102	0.4006528444213305
0.009377841838353454	0.4007663792796398
0.009380926655433301	0.4008788131430995
0.009384011403967645	0.40099014311624404
0.009387096085207073	0.401100372464829
0.009390180700297885	0.4012095010272506
0.009393265250460565	0.40131752763105244
0.009396349736950254	0.40142445692188916
0.009399434160838362	0.40153028464173096
0.009402518523474917	0.40163501238033256
0.009405602826055626	0.4017386417148971
0.009408687069680623	0.40184117286006377
0.009411771255570174	0.4019426063786308
0.00941485538495761	0.4020429397553618
0.009417939459062935	0.4021421787142484
0.00942102347899115	0.40224032004546906
0.00942410744593197	0.4023373633157622
0.009427191361161635	0.40243331151710826
0.009430275225827477	0.40252816317830425
0.009433359040907637	0.4026219223349505
0.009436442807934462	0.402714584426261
0.009439526527951795	0.40280615351097504
0.009442610202117226	0.40289662812794624
0.009445693831764319	0.4029860089033384
0.009448777417756305	0.40307429645843423
0.009451860961418769	0.4031614931396879
0.009454944463722668	0.40324759853842407
0.00945802792644726	0.40333260950912064
0.0094611113499761	0.40341653152355533
0.009464194736243834	0.40349936348958154
0.009467278085634336	0.40358110399746117
0.009470361400102276	0.40366175542984273
0.009473444680035203	0.4037413163758189
0.009476527927169279	0.40381979026429954
0.009479611142484695	0.40389717775167516
0.009482694327255492	0.4039734736504855
0.009485777482401743	0.40404868486727874
0.009488860609131252	0.40412280861435246
0.009491943708653984	0.40419584697254696
0.009495026782179825	0.4042677999349426
0.009498109830711884	0.4043386668214143
0.009501192855568578	0.40440845006369075
0.00950427585778818	0.4044771486349196
0.009507358838539672	0.40454476428809905
0.009510441798987489	0.4046112956608949
0.009513524740275154	0.4046767469364289
0.009516607663518174	0.40474111363995807
0.009519690569874967	0.4048043996333928
0.009522773460495225	0.40486660563639687
0.009525856336493296	0.40492773134930493
0.009528939199017147	0.40498777682306736
0.0095320220491957	0.4050467452276331
0.009535104888131089	0.4051046310755084
0.009538187717039811	0.4051614399960801
0.00954127053699423	0.40521717411250985
0.009544353349124549	0.4052718289887521
0.009547436154567384	0.4053254074903624
0.009550518954453486	0.40537790865256085
0.009553601749924857	0.4054293391501501
0.009556684542022548	0.40547969141907736
0.009559767331988706	0.4055289697480238
0.0095628501207833	0.40557694406810535
0.009565932909728223	0.40562546938945665
0.009569015689209244	0.4056708120134676
0.009572098481729482	0.40571533234299373
0.00957518127766646	0.4057592497494818
0.009578264078111593	0.4058020987043913
0.009581346884134421	0.4058438734214766
0.009584429696980984	0.4058845823873501
0.009587512517670335	0.4059242222240029
0.009590595347317364	0.40596279204607993
0.009593678187052064	0.4060002947762266
0.009596761037968403	0.406036731592187
0.0095998439011868	0.4060721036768817
0.00960292677779255	0.4061064066621617
0.009606009668915593	0.4061396480227888
0.009609092575612429	0.40617182336843355
0.009612175499039408	0.40620293358616827
0.009615258440281759	0.40623298301078054
0.009618341400413132	0.4062619686702918
0.00962142438056234	0.40628989388412484
0.009624507381799536	0.40631675638398906
0.009627590405230651	0.40634255915264794
0.009630673451949432	0.40636730236418744
0.009633756523068448	0.4063909858666975
0.009636839619634636	0.40641360951304667
0.009639922742811951	0.40643517837675214
0.009643005893626256	0.40645568880884975
0.009646089073194423	0.40647514034653986
0.00964917228262024	0.4064935384271944
0.009652255522961032	0.4065108811539595
0.00965533879531366	0.4065271698007011
0.009658422100751978	0.40654240354083077
0.009661505440367939	0.4065565843541258
0.009664588815251294	0.4065697107276931
0.009667672226505863	0.4065817891750591
0.009670755675142341	0.40659281467530867
0.009673839162308299	0.4066027882033979
0.00967692268898455	0.4066117138335286
0.009680006256387284	0.4066195914489909
0.009683089865535241	0.40662641852064163
0.00968617351751195	0.40663219880918017
0.009689257213363861	0.40663693221158426
0.009692340954185627	0.4066406214342822
0.009695424741033219	0.40664326081319196
0.00969850857500452	0.4066448593723543
0.009701592457133887	0.40664541071851407
0.009704676388544088	0.40664492249411005
0.00970776037025202	0.40664338866158917
0.00971084440334715	0.4066408144369924
0.009713928488888525	0.40663719659813924
0.009717012627975996	0.4066325424391425
0.009720096821632059	0.4066268448935973
0.009723181070940468	0.40662011128834247
0.009726265376962022	0.40661233804692276
0.009729349740770141	0.4066035262160879
0.009732434163429438	0.40659368028328474
0.009735518645935679	0.40658279810032355
0.009738603189435676	0.4065708782675346
0.009741687794973457	0.4065579253103476
0.009744772463578952	0.40654393987939247
0.00974785719630921	0.4065289195201105
0.009750941994248813	0.4065128680758066
0.009754026858430869	0.4064957862096896
0.009757111789916756	0.40647767113272426
0.009760196789774994	0.4064585294882546
0.009763281859003064	0.4064383556580631
0.009766366998737805	0.4064171556253609
0.009769452209974848	0.40639492691368245
0.009772537493782063	0.4063716720072457
0.009775622851211562	0.40634739125045927
0.009778708283301837	0.406322084323898
0.009781793791058663	0.40629575439423693
0.009784879375639807	0.40626839798934966
0.009787965038053882	0.4062400231879205
0.00979105077930654	0.4062106233333134
0.009794136600473515	0.4061802034109365
0.009797222502585346	0.40614876341555306
0.009800308486701768	0.40611630236391194
0.009803394553850158	0.4060828227582744
0.00980648070508958	0.4060483263769037
0.009809566941457733	0.4060128118700165
0.00981265326398977	0.40597628140513403
0.009815739673735358	0.40593873398945635
0.00981882617174121	0.4059001738873987
0.009821912759023218	0.40586059938329083
0.009824999436639803	0.4058200119668816
0.009828086205603255	0.40577841066214176
0.009831173066995054	0.40573580009909294
0.009834260021820869	0.4056921756561168
0.009837347071140562	0.4056475452446635
0.009840434215960593	0.4056019043346733
0.009843521457344897	0.4055552549669204
0.009846608796310738	0.4055075986434693
0.009849696233902671	0.4054589357780116
0.009852783771141526	0.4054092673447363
0.009855871409076903	0.40535859417875536
0.009858959148727732	0.4053069173277516
0.009862046991088235	0.4052542372483037
0.00986513493727974	0.4052005549662568
0.009868222988280467	0.40514587143295083
0.009871311145134965	0.4050901874994836
0.009874399408862325	0.405033503708494
0.009877487780495135	0.4049758214453551
0.009880576261052876	0.4049171411118415
0.009883664851567414	0.40485746392800875
0.00988675355308764	0.40479679058114115
0.009889842366624319	0.4047351216695063
0.00989293129319926	0.40467245862874623
0.009896020333850454	0.4046088021867363
0.009899109489593634	0.40454415277475486
0.009902198761457797	0.40447851177147776
0.009905288150472515	0.40441187981210797
0.009908377657656871	0.40434425806886065
0.009911467284032383	0.4042756469068068
0.009914557030600284	0.40420604751384254
0.00991764689844006	0.40413546099118136
0.009920736888520078	0.40406388802728577
0.009923827001935757	0.4039913293915432
0.009926917239641295	0.40391778613493057
0.009930007602673444	0.40384325923463266
0.00993309809205686	0.40376774935958953
0.009936188708814575	0.4036912575038821
0.009939279453966395	0.4036137845872753
0.009942370328529793	0.40353533174096323
0.009945461333509266	0.4034558995001892
0.009948552469959916	0.4033754890148558
0.00995164373888031	0.4032941011042673
0.00995473514128981	0.4032117368454605
0.009957826678207018	0.4031283967866908
0.009960918350645508	0.4030440820632383
0.009964010159631706	0.40295879371680715
0.009967102106182707	0.40287253268716344
0.009970194191312993	0.4027852996734174
0.009973286416027773	0.402697095744113
0.009976378781360644	0.4026079216403611
0.009979471288321815	0.40251777865554267
0.009982563937924715	0.4024266674174552
0.009985656731186383	0.40233458892768637
0.009988749669122578	0.4022415442007549
0.009991842752748517	0.40214753403911235
0.009994935983080308	0.4020525597327707
0.009998029361125814	0.4019566217670818