2.3383862660235406e-6	0.21395163180557852
6.009335548379368e-6	0.21389413720106715
9.680484384452604e-6	0.21383613434863297
0.000013351835394281459	0.21377762380683418
0.000017023391197908126	0.2137186061330537
0.000020695154415420474	0.213659081886197
0.000024367127666947945	0.21359905162628054
0.000028039313572716536	0.21353851591442283
0.00003171171475305959	0.21347747531284036
0.00003538433382844533	0.21341593038484633
0.000039057173419483196	0.21335388169483763
0.00004273023614699666	0.21329132980829116
0.00004640352463199478	0.21322827529176558
0.00005007704149573882	0.21316471871288606
0.00005375078935974991	0.21310066064034588
0.00005742477084583536	0.21303610164389597
0.00006109898857611483	0.21297104229434413
0.00006477344517305438	0.212905483163545
0.00006844814325948417	0.21283942482439933
0.00007212308545862496	0.21277286785084512
0.00007579827439411153	0.21270581281785214
0.00007947371269003336	0.2126382603014209
0.00008314940297093963	0.21257021087857003
0.00008682534786187843	0.21250166512733987
0.00009050154998842588	0.21243262362677862
0.00009417801197669715	0.21236308695693693
0.00009785473645338877	0.21229305569888096
0.00010153172604578731	0.2122225304346555
0.00010520898338181738	0.2121515117473051
0.00010888651109004695	0.2120800002208553
0.00011256431179972226	0.21200799644031754
0.00011624238814080257	0.21193550099167108
0.00011992074274396489	0.21186251446186338
0.00012359937824065102	0.21178903743881333
0.000127278297263089	0.21171507051139365
0.00013095750244430354	0.2116406142694306
0.000134636996418168	0.21156566930369958
0.00013831678181940076	0.21149023620592095
0.0001419968612836265	0.21141431556875098
0.00014567723744737227	0.21133790798577762
0.00014935791294810925	0.21126101405151504
0.00015303889042427179	0.2111836343614083
0.00015672017251529527	0.21110576951181265
0.00016040176186162038	0.2110274200999934
0.00016408366110474916	0.21094858672412967
0.00016776587288724957	0.21086926998330124
0.00017144839985278664	0.2107894704774774
0.00017513124464615495	0.2107091888075302
0.00017881440991329549	0.21062842557520967
0.00018249789830133154	0.21054718138315237
0.00018618171245859293	0.21046545683486712
0.00018986585503463836	0.21038325253474455
0.00019355032868029006	0.21030056908803038
0.00019723513604764586	0.2102174071008302
0.0002009202797901237	0.21013376718012045
0.00020460576256248428	0.21004964993371883
0.0002082915870208407	0.2099650559702893
0.0002119777558227082	0.20987998589933993
0.00021566427162702422	0.20979444033121963
0.00021935113709415993	0.20970841987710143
0.00022303835488597486	0.2096219251489827
0.00022672592766581756	0.20953495675969408
0.00023041385809857416	0.2094475153228923
0.0002341021488506723	0.20935960145300517
0.00023779080259013643	0.20927121576530433
0.00024147982198658742	0.20918235887586148
0.00024516920971129195	0.20909303140151958
0.00024885896843717157	0.20900323395996706
0.00025254910083884533	0.20891296716961183
0.0002562396095926488	0.2088222316496887
0.0002599304973766557	0.20873102802020366
0.00026362176687072796	0.2086393569019383
0.0002673134207565165	0.2085472189164293
0.0002710054617174992	0.20845461468598755
0.000274697892439018	0.20836154483367988
0.0002783907156082917	0.20826800998333778
0.00028208393391445074	0.2081740107595284
0.00028577755004856895	0.20807954778756596
0.0002894715667036812	0.20798462169351029
0.00029316598657481746	0.20788923310415577
0.0002968608123590358	0.20779338264702563
0.00030055604675543443	0.20769707095036866
0.00030425169246519284	0.20760029864316262
0.0003079477521916075	0.20750306635508706
0.000311644228640095	0.20740537471654838
0.0003153411245182433	0.2073072243586574
0.0003190384425358225	0.20720861591322595
0.00032273618540483104	0.2071095500127521
0.00032643435583950745	0.20701002729046034
0.0003301329565563729	0.20691004838022825
0.0003338319902742425	0.2068096139166381
0.0003375314597142734	0.20670872453495076
0.0003412313675999801	0.20660738087110195
0.00034493171665726796	0.20650558356169596
0.00034863250961445494	0.2064033332440055
0.0003523337492023199	0.2063006305559568
0.0003560354381540984	0.20619747613615555
0.00035973757920554827	0.20609387062384202
0.0003634401750949516	0.20598981465890728
0.00036714322856315343	0.20588530888188847
0.0003708467423535935	0.20578035393397937
0.00037455071921233197	0.20567495045697
0.0003782551618880777	0.20556909909332877
0.0003819600731322226	0.20546280048612445
0.00038566545569885743	0.20535605527903292
0.00038937131234482504	0.20524886411639792
0.0003930776458297209	0.20514122764311687
0.0003967844589159496	0.20503314650474358
0.00040049175436873745	0.20492462134741296
0.00040419953495616416	0.2048156528178771
0.0004079078034491984	0.2047062415634607
0.0004116165626217288	0.2045963882321009
0.00041532581525057947	0.20448609347232571
0.0004190355641155576	0.2043753579332183
0.00042274581199947876	0.20426418226448195
0.0004264565616881824	0.20415256711636037
0.00043016781597058506	0.204040513139676
0.00043387957763869547	0.2039280209858526
0.0004375918494876511	0.20381509130682401
0.0004413046343157399	0.20370172475512144
0.00044501793492444404	0.20358792198380068
0.00044873175411845877	0.2034736836464947
0.00045244609470573393	0.20335901039736656
0.0004561609594974927	0.20324390289113653
0.00045987635130827063	0.20312836178303342
0.0004635922729559474	0.20301238772886904
0.000467308727261771	0.20289598138491838
0.0004710257170503931	0.20277914340803022
0.00047474324514990034	0.20266187445558875
0.00047846131439184243	0.20254417518545037
0.0004821799276112719	0.20242604625601243
0.0004858990876467663	0.2023074883261408
0.000489618797340461	0.20218850205529781
0.0004933390595380823	0.20206908810334548
0.0004970598770889843	0.2019492471307129
0.000500781252846176	0.201828979798289
0.0005045031896663439	0.20170828676747632
0.0005082256904099053	0.2015871687001296
0.0005119487579410181	0.20146562625861886
0.0005156723951276346	0.20134366010576615
0.0005193966048415076	0.201221270904905
0.0005231213899582475	0.2010984593197932
0.0005268467533573438	0.2009752260146748
0.000530572697922196	0.20085157165428402
0.0005342992265401491	0.20072749690376365
0.000538026342102524	0.2006030024287489
0.0005417540475046577	0.2004780888953073
0.0005454823456459265	0.20035275696997124
0.000549211239429782	0.20022700731969376
0.0005529407317637902	0.20010084061187833
0.0005566708255596535	0.19997425751439873
0.0005604015237332569	0.19984725869548386
0.0005641328292046972	0.19971984482387353
0.0005678647448983015	0.19959201656869005
0.0005715972737426866	0.19946377459946552
0.0005753304186707755	0.19933511958617195
0.0005790641826198347	0.19920605219921805
0.0005827985685315137	0.19907657310937674
0.0005865335793518676	0.19894668298784138
0.0005902692180314058	0.19881638250622072
0.0005940054875251123	0.1986856723365259
0.000597742390792489	0.19855455315116466
0.0006014799307975918	0.1984230256229126
0.0006052181105090552	0.1982910904249438
0.0006089569329001407	0.19815874823083646
0.0006126964009487564	0.19802599971455564
0.0006164365176375042	0.19789284555038802
0.0006201772859537097	0.1977592864130807
0.0006239187088894596	0.1976253229776705
0.0006276607894416353	0.1974909559196306
0.0006314035306119476	0.19735618591475265
0.0006351469354069759	0.19722101363920616
0.0006388910068381982	0.19708543976949683
0.0006426357479220355	0.19694946498254529
0.0006463811616798776	0.19681308995555455
0.0006501272511381291	0.19667631536611038
0.0006538740193282398	0.19653914189213323
0.0006576214692867384	0.19640157021190155
0.0006613696040552788	0.19626360100401105
0.0006651184266806646	0.19612523494736922
0.0006688679402148986	0.19598647272127848
0.0006726181477152049	0.19584731500532968
0.0006763690522440844	0.19570776247943727
0.0006801206568693316	0.19556781582382052
0.000683872964664091	0.19542747571906252
0.0006876259787068794	0.1952867428460447
0.0006913797020816326	0.19514561788593643
0.0006951341378777393	0.1950041015202183
0.0006988892891900801	0.19486219443071728
0.0007026451591190622	0.19471989729950812
0.0007064017507706681	0.19457721080901597
0.0007101590672564791	0.1944341356419063
0.0007139171116937231	0.19429067248117704
0.0007176758872053123	0.1941468220101199
0.000721435396919884	0.1940025849122861
0.0007251956439718247	0.19385796187151952
0.0007289566315013376	0.19371295357194765
0.0007327183626544497	0.193567560697981
0.0007364808405830724	0.19342178393427903
0.0007402440684450341	0.1932756239658277
0.0007440080494041238	0.19312908147779315
0.0007477727866301229	0.19298215715569741
0.0007515382832988522	0.19283485168527395
0.000755304542592207	0.1926871657525173
0.0007590715676982027	0.19253910004369598
0.000762839361811018	0.1923906552453317
0.0007666079281310132	0.19224183204415657
0.0007703772698648066	0.19209263112720246
0.0007741473902252844	0.19194305318174493
0.0007779182924316589	0.1917930988952551
0.0007816899797095034	0.19164276895544446
0.0007854624552907968	0.19149206405033237
0.0007892357224139565	0.1913409848681103
0.0007930097843238976	0.1911895320971928
0.0007967846442720534	0.19103770642626783
0.0008005603055164376	0.19088550854421496
0.0008043367713216685	0.19073293914012948
0.0008081140449590307	0.19057999890335053
0.0008118921297064919	0.19042668852345018
0.0008156710288487746	0.1902730086901365
0.0008194507456773768	0.19011896009340615
0.0008232312834906323	0.18996454342344393
0.0008270126455937324	0.18980975937063854
0.0008307948352987965	0.18965460862554423
0.0008345778559248878	0.18949909187898137
0.0008383617107980848	0.18934320982192857
0.0008421464032514976	0.18918696314555536
0.0008459319366253376	0.18903035254124262
0.0008497183142669463	0.18887337870055518
0.0008535055395308366	0.18871604231522085
0.0008572936157787591	0.1885583440772221
0.0008610825463797179	0.18840028467863545
0.0008648723347100428	0.18824186481176738
0.0008686629841534185	0.18808308516909425
0.0008724544981009313	0.1879239464432828
0.0008762468799511233	0.18776444932711833
0.0008800401331100276	0.18760459451361639
0.0008838342609912237	0.18744438269593192
0.000887629267015878	0.18728381456739385
0.0008914251546127932	0.1871228908214757
0.0008952219272184574	0.18696161215181337
0.0008990195882770819	0.1867999792522175
0.000902818141240662	0.18663799281669272
0.0009066175895690094	0.1864756535392655
0.0009104179367298125	0.1863129621142554
0.000914219186198679	0.18614991923606172
0.0009180213414591804	0.18598652559924458
0.0009218244060029074	0.1858227818984962
0.0009256283833295172	0.18565868882862002
0.000929433276946775	0.18549424708465775
0.0009332390903706055	0.1853294573617009
0.0009370458271251592	0.185164320354985
0.0009408534907428284	0.18499883675992815
0.0009446620847643306	0.1848330072719903
0.0009484716127387313	0.1846668325868561
0.0009522820782235131	0.1845003134002669
0.0009560934847846233	0.18433345040815002
0.0009599058359965076	0.18416624430646272
0.0009637191354421814	0.18399869579135342
0.0009675333867132735	0.18383080555908957
0.0009713485934100761	0.1836625743060143
0.0009751647591415915	0.18349400272861313
0.0009789818875255958	0.1833250915234497
0.000982799982188679	0.18315584138725227
0.000986619046766306	0.18298625301677704
0.0009904390849028632	0.18281632710898177
0.0009942601002517167	0.18264606436081554
0.0009980820964752557	0.18247546546943746
0.0010019050772449595	0.18230453113201273
0.0010057290462414398	0.18213326204589805
0.001009554007154496	0.18196165890840987
0.0010133799636831728	0.1817897224171056
0.001017206919535817	0.18161745326954612
0.0010210348784301217	0.18144485216339387
0.001024863844093189	0.1812719197963968
0.001028693820261586	0.18109865686643203
0.0010325248106813926	0.1809250640713751
0.0010363568191082654	0.18075114210927481
0.001040189849307492	0.1805768916781799
0.0010440239050540404	0.18040231347627508
0.0010478589901326205	0.18022740820178587
0.0010516951083377399	0.18005217655303213
0.0010555322634737644	0.1798766192284042
0.0010593704593549673	0.1797007369263203
0.0010632096998055966	0.17952453034534904
0.001067049988659925	0.17934800018402644
0.001070891329762313	0.17917114714104562
0.0010747337269672564	0.17899397191514002
0.0010785771841394646	0.1788164752050721
0.0010824217051539015	0.17863865770962467
0.0010862672938958542	0.17846052012774608
0.0010901139542609896	0.1782820631584103
0.001093961690155412	0.17810328750059945
0.0010978105054957315	0.17792419385335115
0.0011016604042091112	0.17774478291579526
0.001105511390233343	0.17756505538716882
0.001109363467516894	0.17738501196656756
0.0011132166400189818	0.17720465335328198
0.0011170709117096231	0.17702398024665997
0.0011209262865697015	0.17684299334602308
0.0011247827685910382	0.17666169335075893
0.001128640361776439	0.17648008096029785
0.0011324990701397667	0.17629815687411435
0.001136358897706002	0.17611592179170976
0.0011402198485113097	0.17593337641262535
0.0011440819266030978	0.175750521436468
0.0011479451360400864	0.1755673575628154
0.00115180948089237	0.17538388549131065
0.0011556749652414766	0.17520010592166102
0.0011595415931804516	0.17501601955354243
0.0011634093688138994	0.17483162708668631
0.0011672782962580631	0.17464692922084277
0.0011711483796408907	0.17446192665585572
0.001175019623102104	0.1742766200914437
0.0011788920307932468	0.1740910102274682
0.0011827656068777808	0.17390509776381136
0.0011866403555311294	0.17371888340030692
0.0011905162809407641	0.1735323678368636
0.0011943933873062543	0.1733455517733327
0.001198271678839349	0.17315843590967345
0.0012021511597640497	0.17297102094585673
0.0012060318343166626	0.1727833075817634
0.0012099137067458844	0.17259529651739555
0.001213796781312866	0.1724069884526887
0.001217681062291286	0.1722183840876794
0.0012215665539674113	0.1720294841222644
0.0012254532606401898	0.17184028925650965
0.0012293411866212984	0.17165080019044623
0.0012332303362352348	0.17146101762399926
0.0012371207138193712	0.17127094225720424
0.0012410123237240455	0.1710805747900831
0.0012449051703126214	0.17088991592269914
0.001248799257961575	0.170698966354977
0.0012526945910605494	0.17050772678696335
0.0012565911740124514	0.17031619791872266
0.0012604890112335105	0.1701243804501982
0.0012643881071533608	0.1699322750814109
0.0012682884662151158	0.16973988251240005
0.0012721900928754448	0.16954720344311813
0.00127609299160465	0.16935423857358936
0.0012799971668867407	0.16916098860375034
0.0012839026232195122	0.1689674542336153
0.0012878093651146304	0.16877363616312638
0.001291717397097701	0.16857953509222973
0.0012956267237083444	0.16838515172089505
0.0012995373495002915	0.1681904867490035
0.001303449279041447	0.1679955408765222
0.0013073625169139817	0.16780031480333682
0.0013112770677144044	0.16760480922925625
0.0013151929360536458	0.16740902485426332
0.001319110126557139	0.16721296237814895
0.0013230286438649069	0.16701662250075758
0.0013269484926316344	0.16682000592190316
0.0013308696775267647	0.1666231133413757
0.001334792203234566	0.16642594545896675
0.0013387160744542305	0.1662285029744194
0.0013426412958999505	0.16603078658744458
0.0013465678723010046	0.1658327969978018
0.0013504958084018417	0.16563453490511973
0.0013544251089621724	0.16543600100911393
0.00135835577875705	0.16523719600938358
0.0013622878225769536	0.16503812060554326
0.001366221245227887	0.16483877549720294
0.001370156051531453	0.16463916138388557
0.0013740922463249532	0.16443927896515445
0.001378029834461466	0.1642391289405053
0.0013819688208099497	0.16403871200934927
0.0013859092102553158	0.1638380288712339
0.0013898510076985299	0.1636370802254985
0.0013937942180566965	0.1634358667715496
0.0013977388462631623	0.16323438920870936
0.0014016848972675912	0.1630326482363262
0.0014056323760360725	0.16283064455367297
0.0014095812875511934	0.16262837885999076
0.0014135316368121599	0.1624258518544923
0.0014174834288348684	0.16222306423642074
0.0014214366686520047	0.16202001670481786
0.0014253913613131548	0.16181670995886663
0.0014293475118848731	0.16161314469760554
0.0014333051254508053	0.1614093216200985
0.0014372642071117682	0.16120524142533854
0.0014412247619858545	0.16100090481229223
0.0014451867952085245	0.1607963124798632
0.001449150311932721	0.16059146512693795
0.0014531153173289383	0.16038636345239035
0.001457081816585358	0.1601810081549749
0.0014610498149079196	0.15997539993350202
0.001465019317520436	0.15976953948667924
0.0014689903296646982	0.1595634275132064
0.001472962856600563	0.15935706471167685
0.0014769369036060685	0.15915045178073375
0.0014809124759775343	0.15894358941893585
0.0014848895790296602	0.15873647832476695
0.001488868218095642	0.15852911919672114
0.0014928483985272654	0.15832151273321085
0.0014968301256950154	0.15811365963263435
0.0015008134049881877	0.15790556059330596
0.0015047982418149874	0.15769721631357045
0.001508784641602647	0.15748862749160866
0.0015127726097975266	0.15727979482565427
0.001516762151865224	0.15707071901387976
0.0015207532732906918	0.15686140075439028
0.0015247459795783374	0.1566518407452425
0.0015287402762521397	0.15644203968444098
0.0015327361688557666	0.1562319982699816
0.0015367336629526797	0.15602171719980706
0.0015407327641262405	0.1558111971717492
0.0015447334779798475	0.15560043888362626
0.001548735810137027	0.1553894430332862
0.001552739766241563	0.1551782103184173
0.0015567453519576087	0.1549667414366889
0.0015607525729697978	0.15475503708578753
0.0015647614349833753	0.15454309796323418
0.0015687719437243054	0.15433092476661447
0.0015727841049393884	0.15411851819341377
0.001576797924396395	0.15390587894103175
0.001580813407884167	0.15369300770688482
0.0015848305612127577	0.15347990518830473
0.001588849390213534	0.15326657208259722
0.0015928699007393258	0.15305300908693528
0.0015968920986645222	0.1528392168985825
0.0016009159898852108	0.15262519621462542
0.0016049415803192973	0.15241094773216832
0.0016089688759066412	0.1521964721482046
0.0016129978826091712	0.15198177015976863
0.0016170286064110168	0.15176684246375097
0.0016210610533186343	0.15155168975704436
0.0016250952293609424	0.15133631273647877
0.0016291311405894507	0.15112071209883124
0.0016331687930783816	0.15090488854076103
0.0016372081929248163	0.15068884275902344
0.0016412493462488113	0.15047257545016665
0.0016452922591935508	0.15025608731081744
0.0016493369379254584	0.15003937903743683
0.0016533833886343554	0.1498224513264836
0.0016574316175335775	0.14960530487440374
0.0016614816308601276	0.14938794037746359
0.001665533434874796	0.14917035853207494
0.0016695870358623235	0.14895256003440427
0.001673642440131512	0.1487345455806481
0.0016776996540153835	0.14851631586695863
0.0016817586838713283	0.1482978715894166
0.0016858195360812186	0.1480792134441005
0.0016898822170515863	0.14786034212686483
0.0016939467332137412	0.14764125833373834
0.0016980130910239236	0.147421962760576
0.0017020812969634615	0.14720245610314822
0.0017061513575389036	0.14698273905722656
0.0017102232792821713	0.14676281231857424
0.0017142970687507087	0.14654267658276676
0.0017183727325276344	0.14632233254541702
0.0017224502772218908	0.14610178090209133
0.0017265297094683956	0.14588102234822695
0.001730611035928195	0.14566005757935244
0.00173469426328862	0.14543888729075088
0.0017387793982634352	0.1452175121777749
0.0017428664475929998	0.14499593293566954
0.0017469554180444312	0.14477415025970006
0.0017510463164117443	0.14455216484497052
0.0017551391495160343	0.14432997738660636
0.0017592339242056179	0.14410758857962533
0.0017633306473562058	0.14388499911905414
0.0017674293258710563	0.1436622096997783
0.00177152996668115	0.14343922101674902
0.0017756325767453451	0.14321603376469857
0.0017797371630505494	0.14299264863846492
0.0017838437326118787	0.1427690663326684
0.001787952292472838	0.14254528754207899
0.0017920628497054805	0.14232131296116282
0.00179617541141058	0.14209714328456086
0.001800289984717802	0.14187277920671826
0.0018044065767858762	0.14164822142205907
0.0018085251948027831	0.1414234706248993
0.001812645845985902	0.14119852750963768
0.001816768537582215	0.14097339277045393
0.0018208932768684649	0.14074806710159604
0.0018250200711513486	0.14052255119715187
0.0018291489277676826	0.1402968457512321
0.0018332798540845964	0.14007095145782594
0.0018374128574997113	0.1398448690109273
0.001841547945441316	0.1396185991043944
0.0018456851253685661	0.13939214243211623
0.001849824404771661	0.13916549968784597
0.0018539657911720282	0.13893867156528159
0.0018581092921225247	0.13871165875816951
0.0018622549152076113	0.13848446196002925
0.0018664026680435643	0.138257081864433
0.0018705525582786411	0.13802951916486417
0.0018747045935933043	0.1378017745547263
0.001878858781700392	0.1375738487274294
0.0018830151303453342	0.13734574237619335
0.0018871736473063355	0.13711745619429522
0.0018913343403945877	0.13688899087490106
0.0018954972174544573	0.13666034711115893
0.0018996622863637082	0.1364315255960527
0.001903829555033678	0.13620252702254965
0.0019079990314095116	0.13597335208365416
0.0019121707234703504	0.13574400147214252
0.001916344639229541	0.13551447588084045
0.0019205207867348598	0.1352847760024542
0.0019246991740687071	0.13505490252966554
0.001928879809348325	0.134824856155012
0.0019330627007260234	0.13459463757105872
0.0019372478563893785	0.13436424747025888
0.0019414352845614597	0.13413368654494465
0.0019456249935010485	0.13390295548752892
0.0019498169915028597	0.13367205499016505
0.0019540112868977584	0.13344098574509083
0.0019582078880529866	0.13320974844435854
0.0019624068033723963	0.1329783437800541
0.0019666080412966617	0.13274677244413918
0.0019708116103035202	0.1325150351284468
0.0019750175189079946	0.13228313252485985
0.0019792257756626364	0.13205106532507938
0.0019834363891577432	0.1318188342207716
0.001987649368021614	0.13158643990349772
0.0019918647209207652	0.13135388306485912
0.001996082456560189	0.1311211643961992
0.0020003025836835757	0.1308882845889196
0.002004525111073574	0.13065524433429065
0.0020087500475520245	0.1304220443234645
0.002012977401980207	0.13018868524757976
0.0020172071832590937	0.12995516779769775
0.0020214394003295866	0.12972149266473185
0.0020256740621727846	0.12948766053949806
0.0020299111778102293	0.1292536721128631
0.002034150756304158	0.12901952807542613
0.0020383928067577643	0.12878522911782744
0.00204263733831546	0.1285507759305565
0.002046884360163127	0.128316169204038
0.0020511338815283908	0.12808140962857875
0.0020553859116808795	0.12784649789441224
0.002059640459932492	0.12761143469166256
0.002063897535637668	0.12737622071036517
0.002068157148193655	0.12714085664050706
0.0020724193070407924	0.12690534317183658
0.0020766840216627698	0.12666968099411868
0.0020809513015869153	0.12643387079702612
0.0020852211563844804	0.12619791327000515
0.0020894935956709067	0.12596180910253862
0.0020937686291061116	0.12572555898395046
0.0020980462663947957	0.12548916360335619
0.0021023265172866973	0.12525262364990197
0.002106609391576907	0.12501593981253753
0.0021108948991061536	0.12477911278017338
0.0021151830497610938	0.12454214324146974
0.002119473853474613	0.12430503188510945
0.0021237673202261255	0.12406777939950414
0.002128063460041871	0.12383038647310748
0.0021323622829952293	0.12359285379411189
0.0021366637992070144	0.1233551820506793
0.002140968018845783	0.12311737193072989
0.0021452749521281597	0.12287942412215465
0.002149584609319126	0.12264133931268587
0.002153897000732366	0.1224031181898084
0.0021582121367305623	0.12216476144106053
0.0021625300277257147	0.1219262697536451
0.002166850684179485	0.12168764381476206
0.0021711741166035013	0.12144888431132492
0.0021755003355597	0.12120999193022124
0.002179829351660647	0.12097096735814662
0.0021841611755698703	0.12073181128156946
0.0021884958180022128	0.12049252438688633
0.0021928332897241452	0.12025310736027778
0.002197173601554131	0.12001356088775193
0.002201516764362956	0.11977388565520786
0.002205862789074078	0.1195340823482431
0.0022102116866639814	0.11929415165242546
0.0022145634681625236	0.11905409425304374
0.0022189181446532896	0.11881391083521495
0.00222327572727396	0.11857360208389278
0.002227636227216655	0.1183331686838291
0.0022319996557283134	0.11809261131953377
0.0022363660241110487	0.11785193067538292
0.0022407353437225276	0.11761112743548155
0.002245107625976336	0.11737020228378978
0.002249482882342353	0.11712915590403548
0.0022538611243471335	0.11688798897966454
0.002258242363574293	0.11664670219395942
0.002262626611664884	0.11640529622996913
0.0022670138803177523	0.11616377177049862
0.002271404181290072	0.11592212949813732
0.002275797526397518	0.11568037009515429
0.0022801939275148217	0.11543849424369622
0.0022845933965761163	0.11519650262555603
0.002288995945575358	0.1149543959222886
0.0022934015865667223	0.1147121748151929
0.0022978103316650066	0.11446983998535612
0.0023022221930460735	0.11422739211344794
0.0023066371829472397	0.11398483188002795
0.002311055313667699	0.1137421599652452
0.0023154765975689703	0.11349937704898588
0.002319901047075289	0.1132564838108879
0.0023243286746740693	0.11301348093015703
0.002328759492916329	0.11277036908585164
0.002333193514417117	0.11252714895662351
0.0023376307518559697	0.11228382122076803
0.002342071217977349	0.11204038655632007
0.002346514925591097	0.11179684564092271
0.002350961887572871	0.11155319915191161
0.00235541211686464	0.11130944776618015
0.002359865626475095	0.11106559216045342
0.002364322429480163	0.11082163301085113
0.002368782539023432	0.11057757099325229
0.002373245968316653	0.11033340678312109
0.0023777127306402047	0.11008914105560319
0.0023821828393435674	0.10984477448528215
0.002386656307845834	0.10960030774641331
0.0023911331496361604	0.1093557415129178
0.0023956133782742956	0.10911107645817317
0.002400097007391043	0.10886631325511344
0.0024045840506888004	0.10862145257636682
0.0024090745219420297	0.1083764950939198
0.0024135684349977857	0.10813144147941857
0.0024180658037762323	0.10788629240402724
0.0024225666422711535	0.10764104853831603
0.0024270709645504694	0.10739571055253418
0.0024315787847567823	0.10715027911628727
0.0024360901171078986	0.10690475489867371
0.0024406049758973693	0.106659138568374
0.002445123375495019	0.10641343079335935
0.0024496453303475096	0.10616763224125032
0.002454170854978878	0.10592174357891686
0.0024586999639910952	0.10567576547278526
0.0024632326720646414	0.10542969858861982
0.0024677689939590396	0.105183543591638
0.002472308944513457	0.10493730114641436
0.0024768525386472608	0.10469097191691228
0.002481399791360614	0.10444455656646627
0.002485950717735038	0.10419805575774527
0.0024905053329340363	0.10395147015272653
0.002495063652203658	0.10370480041281441
0.0024996256908731153	0.10345804719858973
0.0025041914643553855	0.10321121116999724
0.002508760988147833	0.10296429298625703
0.0025133342778328083	0.10271729330587154
0.002517911349078281	0.10247021278653981
0.0025224922176384744	0.10222305208522285
0.0025270768993544863	0.1019758118581192
0.002531665410154937	0.1017284927605442
0.0025362577660566063	0.10148109544712791
0.0025408539831651028	0.10123362057154982
0.002545454077675495	0.1009860687867014
0.002550058065872594	0.10073844074458425
0.002554665964133202	0.10049073709632791
0.002559277788924433	0.10024295849211061
0.002563893556805941	0.09999510558130739
0.0025685132844302325	0.09974717901213283
0.0025731369885433567	0.09949917943210683
0.002577764685985598	0.09925110748757439
0.002582396393692193	0.09900296382389683
0.0025870321286940406	0.09875474908554907
0.002591671908118414	0.0985064639157466
0.002596315749189693	0.09825810895686855
0.0026009636692300975	0.09800968484998873
0.002605615685660422	0.09776119223525347
0.002610271816000784	0.09751263175158129
0.002614932077871373	0.09726400403672891
0.002619596488993221	0.09701530972728083
0.002624265067188954	0.0967665494586817
0.0026289378303835783	0.09651772386506827
0.002633614796605261	0.09626883357928853
0.0026382959839861067	0.09601987923310955
0.002642981410762966	0.0957708614567327
0.002647671095278237	0.09552178087914184
0.0026523650559806718	0.09527263812801676
0.0026570633114261903	0.09502343382963607
0.002661765880278725	0.09477416860870196
0.0026664727813110333	0.09452484308866618
0.0026711840334055505	0.094275457891403
0.002675899655555244	0.09402601363732445
0.0026806196668644543	0.0937765109452818
0.0026853440865497818	0.09352695043253345
0.002690072933941819	0.0932773327148148
0.002694806228482543	0.09302765840613418
0.002699543989731453	0.09277792811892889
0.00270428623736297	0.09252814246387071
0.0027090329911682205	0.09227830204985066
0.002713784271055953	0.09202840748421752
0.0027185400970534666	0.0917784591869728
0.0027233004893355184	0.09152845786156898
0.002728065468112549	0.091278405033196
0.0027328350538017893	0.09102829980442946
0.002737609266914165	0.09077814352633562
0.0027423881280839064	0.09052793670057521
0.0027471716580695356	0.09027767992092654
0.002751959877754861	0.0900273737790071
0.0027567528081499744	0.08977701886439508
0.002761550470392261	0.08952661576449605
0.002766352885747419	0.08927616506446194
0.002771160075610496	0.08902566734726138
0.002775972061506913	0.08877512319348853
0.002780788865093524	0.08852453318147455
0.0027856105081596927	0.08827389788710027
0.0027904370126283326	0.08802321788377956
0.0027952684005570073	0.08777249374256528
0.002800104694139023	0.08752172603181171
0.0028049459157045323	0.08727091531738547
0.0028097920877216327	0.08702006216246912
0.0028146432327975186	0.08676916712757594
0.0028194993736795947	0.08651823077038695
0.002824360533256636	0.08626725364592534
0.0028292267345599565	0.08601623630616721
0.0028340980007645457	0.08576517930033413
0.002838974355190297	0.08551408317454727
0.002843855821303176	0.08526294847192406
0.0028487424227164296	0.0850117757324839
0.0028536341831918105	0.08476056549311207
0.0028585311266408155	0.08450931828737751
0.002863433277125915	0.08425803464562368
0.002868340658861825	0.08400671509478239
0.002873253296216768	0.08375536015841861
0.0028781712137137573	0.08350397035655525
0.0028830944360318973	0.08325254620558502
0.0028880229880077052	0.08300108821839008
0.0028929568946363953	0.08274959690402371
0.0028978961810732676	0.08249807276775199
0.0029028408726350153	0.08224651631103655
0.0029077909948011147	0.08199492803135307
0.002912746573215196	0.08174330842212985
0.00291770763368644	0.08149165797267094
0.0029226742021909863	0.081239977168176
0.0029276463048733448	0.0809882664894116
0.0029326239680478555	0.08073652641294314
0.0029376072182001243	0.08048475741075345
0.0029425960819884937	0.0802329599503266
0.0029475905862455325	0.07998113449450373
0.0029525907579795313	0.07972928150136684
0.0029575966243760195	0.07947740142424534
0.0029626082127992897	0.07922549471139424
0.002967625550793965	0.07897356180619952
0.002972648666086533	0.07872160314679341
0.0029776775865869554	0.07846961916609649
0.0029827123403902587	0.07821761029172354
0.0029877529557781274	0.07796557694577333
0.0029927994612205704	0.07771351954478103
0.0029978518853775544	0.07746143849971791
0.003002910257100662	0.07720933421557918
0.003007974605434796	0.07695720709153639
0.0030130449596198726	0.07670505752065615
0.003018121349092552	0.0764528858900154
0.003023203803487977	0.07620069258016533
0.003028292352641519	0.07594847796536147
0.003033387026590586	0.07569624241326595
0.0030384878555764026	0.07544398628491324
0.0030435948700458376	0.07519170993440326
0.003048708100653223	0.07493941370898179
0.0030538275782622504	0.07468709794869381
0.0030589533339478296	0.07443476298626825
0.0030640853989979807	0.07418240914723503
0.0030692238049157615	0.07393003674930455
0.0030743685834212363	0.07367764610265096
0.003079519766453406	0.0734252375094074
0.003084677386172213	0.07317281126376708
0.003089841474960553	0.07292036765171034
0.0030950120654262866	0.07266790695064766
0.0031001891904043326	0.0724154294296711
0.0031053728829587035	0.07216293534896956
0.003110563176384628	0.07191042495978263
0.0031157601042106904	0.07165789850427691
0.0031209637002009493	0.0714053562153774
0.003126173998357132	0.07115279831635034
0.0031313910329208304	0.07090022502084116
0.0031366148383757076	0.07064763653257014
0.0031418454494497937	0.07039503304505165
0.003147082901117699	0.07014241474162274
0.003152327228602962	0.06988978179487017
0.0031575784673803548	0.06963713436672393
0.0031628366531782515	0.06938447260799249
0.0031681018219809967	0.06913180123312124
0.0031733740089852904	0.0688791183665341
0.003178653252739161	0.06862639640823018
0.003183939590152297	0.06837367255457308
0.003189233056022426	0.06812095575310928
0.003194533688744146	0.0678682081130644
0.0031998415258892824	0.06761544928792033
0.0032051566053030956	0.06736267691293182
0.003210478965106923	0.06710989102841373
0.003215808643700813	0.06685709166118853
0.0032211456797661925	0.0666042788239953
0.003226490112268592	0.06635145251541115
0.0032318419804603705	0.06609861271948574
0.0032372013238835197	0.06584575940528024
0.0032425681823724357	0.06559289252679615
0.003247942596056766	0.06534001202239695
0.00325332460536431	0.06508711781457585
0.003258714251023905	0.06483420980964961
0.003264111574068388	0.06458128789731048
0.0032695166158375425	0.0643283519502979
0.0032749294179811672	0.0640754018240211
0.003280350022462083	0.0638224373561801
0.0032857784715592526	0.06356945836626027
0.0032912148078708945	0.06331646465536589
0.0032966590743176653	0.063063456005584
0.003302111314145766	0.06281043217958698
0.003307571570930474	0.06255739292036133
0.0033130398885790726	0.06230433795047329
0.0033185163113343854	0.06205126700917767
0.0033240008837685355	0.061798179769345464
0.003329493650821616	0.06154507571397845
0.0033349946577561087	0.06129195472791455
0.003340503950190784	0.06103881631165418
0.003346021574097184	0.060785660070044795
0.00335154757580318	0.06053248557057433
0.003357082001996569	0.0602792923564879
0.0033626248997288143	0.06002607994608685
0.0033681763164186973	0.0597728478324433
0.003373736299856125	0.05951959548245263
0.00337930489820594	0.05926632233653829
0.003384882160011766	0.059013027807842657
0.0033904681341999517	0.05875971128161492
0.0033960628700835014	0.05850637211467126
0.00340166641736611	0.05825300963453559
0.0034072788261462184	0.057999623138900155
0.0034129001469211336	0.05774621189484897
0.00341853043059121	0.057492775138117395
0.0034241697284640668	0.057239312072375106
0.0034298180922588645	0.05698582186844678
0.0034354755741106482	0.056732303663487436
0.003441142226574733	0.05647875656031504
0.0034468181026311735	0.05622517962627478
0.0034525032556892415	0.0559715718927508
0.0034581977395920322	0.055717932353902135
0.0034639016086210565	0.055464259966226066
0.0034696149175009526	0.055210553647091196
0.003475337721404246	0.054956812274242386
0.0034810700759561343	0.05470303468444918
0.0034868120372394083	0.05444921967281819
0.0034925636617993516	0.05419536599153958
0.0034983250066487914	0.05394147234883037
0.0035040961292731603	0.053687537407917256
0.0035098770876356464	0.05343355978590676
0.0035156679401824056	0.05317953805251034
0.0035214687458478607	0.05292547072890469
0.0035272795640600425	0.052671356286614776
0.003533100454746062	0.05241719314594807
0.0035389314783375544	0.05216297967503433
0.0035447726957763366	0.051908714188246205
0.0035506241685200036	0.051654394944877786
0.0035564859585476946	0.051400020147735724
0.003562358128365535	0.05114558794154997
0.003568240741013997	0.05089109641175141
0.003574133860071743	0.05063654358255782
0.003580037549663068	0.05038192741561324
0.0035859518744637154	0.05012724588572615
0.0035918768996805036	0.04987249679675673
0.003597812691159487	0.049617677538404494
0.003603759315245738	0.04936278636314377
0.0036097168388838936	0.04910782062669649
0.0036156853296020965	0.04885277791072929
0.0036216648555186543	0.04859765568890144
0.0036276554853488545	0.04834245135743318
0.003633657288411806	0.048087162233041214
0.003639670334637454	0.04783178555057499
0.0036456946945735993	0.04757631846099962
0.003651730439393142	0.04732075802885285
0.0036577776409013256	0.047065101229878996
0.003663836371543128	0.0468093449486758
0.003669906704410776	0.04655348597601677
0.00367598871325131	0.046297521006231634
0.003682082472474343	0.046041446634399866
0.0036881880571598647	0.04578525935365903
0.0036943055430661864	0.045528955552198214
0.0037004350066380076	0.04527253151017074
0.0037065765250145896	0.04501598339663465
0.003712730176038062	0.04475930726646326
0.0037188960382618323	0.04450249905676465
0.0037250741909591674	0.04424555458350619
0.0037312647141318255	0.043988469538002915
0.0037374676885189094	0.043731239483147596
0.003743683195605775	0.04347385984964114
0.0037499113176331176	0.0432163259319663
0.0037561521376061903	0.04295863288433221
0.0037624057393041317	0.042700775716338436
0.003768672207289513	0.042442749288694924
0.0037749516269178964	0.042184548308614095
0.003781244084347715	0.04192616732499249
0.003787549666550136	0.04166760072360786
0.003793868461319195	0.04140884272208428
0.00380020055728201	0.04114988736452017
0.0038065460439092396	0.04089072851596462
0.003812905011525589	0.040631359857019544
0.0038192775513205784	0.04037177487772491
0.0038256637553594395	0.04011196687145163
0.0038320637165941964	0.03985192892874958
0.0038384775288748925	0.039591653930571215
0.0038449052869602785	0.03933113454161181
0.003851347086532273	0.03907036320312391
0.0038578030242036746	0.038809332125467784
0.0038642731975327294	0.038548033380116004
0.0038707577049862	0.03828645865986165
0.003877256646135673	0.03802459896191776
0.0038837701214072258	0.03776244619456141
0.003890298232261763	0.03749999096113965
0.003896841081167798	0.03723722395618963
0.0039033987716146617	0.03697413554245845
0.003909971408125897	0.03671071578143437
0.003916559096272843	0.036446954422821684
0.003923161942688512	0.03618284089337046
0.00392978005508162	0.03591836428580551
0.003936413542250913	0.03565351334664829
0.003943062514099692	0.035388276463838485
0.003949727081650576	0.03512264165412817
0.0039564073570605525	0.03485659654909054
0.003963103453636227	0.03459012838149052
0.003969815485849369	0.034323223970374496
0.003976543569352683	0.03405586970577055
0.003983287820995899	0.033788051532656176
0.003990048358842088	0.03351975493425785
0.0039968253021842445	0.03325096491464709
0.004003618771562234	0.03298166598016438
0.0040104288887799445	0.03271184212066136
0.004017255776922747	0.03244147678928727
0.004024099560375303	0.03217055288160724
0.00403096036483967	0.03189905271363755
0.004037838317353641	0.03162695799903452
0.004044733546309543	0.03135424982490224
0.00405164618147324	0.031080908626719406
0.00405857635400353	0.030806914161828004
0.0040655241964719264	0.030532245481764548
0.004072489842882665	0.030256880903363294
0.004079473428691936	0.02998079797790709
0.004086475090833422	0.02970397345938471
0.004093494967732826	0.02942638338668306
0.00410053319925324	0.02914800278555264
0.004107589927014775	0.0288688052687827
0.004114665293996854	0.028588764828677157
0.004121759444825018	0.028307853328462102
0.0041288725257315395	0.0280260420134885
0.004136004684578924	0.027743301012917804
0.004143156070883956	0.027459599335433467
0.004150326835842116	0.027174904819054903
0.00415751713235245	0.026889184077623238
0.004164727115042896	0.02660240244466764
0.004171956940296165	0.026314523913821792
0.004179206766275932	0.02602551090034915
0.0041864767531011845	0.025735324531892485
0.004193767062362292	0.025443925193724702
0.004201077857807803	0.025151269870740435
0.004208409304983832	0.024857315838387396
0.004215761570890352	0.02456201735498997
0.004223134825842856	0.024265324288538868
0.0042305292408509115	0.023967191373136205
0.004237944989334284	0.023667565360479394
0.004245382246753948	0.023366392955051104
0.004252841190643725	0.023063618365193647
0.004260322000642755	0.022759183411364712
0.004267824858528453	0.022453027400681287
0.004275349948250109	0.02214508699342884
0.004282897455963233	0.021835296060572516
0.004290467570064515	0.021523585532492104
0.004298060481227484	0.02120988323758109
0.0043056763824388606	0.020894113730038886
0.004313315469035766	0.02057619810601301
0.004320977938743414	0.020256053807830684
0.004328663991713822	0.019933594413768026
0.0043363738305651775	0.019608729414028643
0.004344107660422014	0.01928136397066249
0.004351865688956212	0.018951398660322874
0.004359648126428826	0.01861872919857594
0.00436745518573287	0.01828324614390902
0.0043752870824367495	0.017944834580447343
0.004383144034828877	0.017603373775931776
0.004391026263963049	0.01725873681493549
0.004398933993704722	0.016910790203224314
0.0044068674507784155	0.016559393441451756
0.0044148268648160575	0.016204398565525937
0.004422812468406241	0.01584564965045248
0.00443082449714463	0.015482982273536523
0.0044388631896854856	0.01511622293397222
0.004446928787794206	0.01474518842440991
0.004455021536400947	0.014369685149314037
0.004463141683655559	0.013989508384936214
0.004471289480983603	0.01360444147566934
0.004479465183143564	0.013214254959363063
0.0044876690482854266	0.012818705614637963
0.00449590133801045	0.012417535422044369
0.004504162317432298	0.012010470429669197
0.004512452255239372	0.011597219512747607
0.004520771423758875	0.011177473015281193
0.0045291200990219774	0.010750901261520753
0.004537498560830604	0.010317152920819138
0.004545907092825624	0.009875853210114627
0.004554345982556764	0.009426601913969724
0.004562815521553991	0.00896897120125047
0.004571316005400306	0.008502503212603658
0.0045798477338063115	0.008026707390319833
0.0045884110106868	0.007541057518062086
0.004597006144239856	0.007044988433366959
0.004605633447027419	0.006537892371060376
0.004614293236055935	0.006019114887840345
0.004622985832852812	0.00548795030746469
0.004631711563552028	0.004943636607828161
0.004640470759023771	0.004385349696271582
0.004649263754961824	0.0038121970465539003
0.004658090891707683	0.0032232103895710306
0.004666952514924963	0.0026173373997699866
0.004675848975226823	0.001993432664677446
0.004684780629296079	0.0013502469339318698
0.004693747840122035	0.0006864157300754283
0.00552189398300889	0.0009634131078874936
0.005530273377396182	0.0018951255136572694
0.00553861954862615	0.0027978565326464886
0.005546932837261487	0.0036735191715393666
0.005555213577957522	0.004523864829188247
0.005563462099675383	0.005350499269331096
0.005571678726745805	0.006154897699036053
0.00557986377850447	0.006938417433679958
0.005588017569930972	0.0077023095568789545
0.005596140411483007	0.00844772917181647
0.005604232609178284	0.0091757443253243
0.005612294464716061	0.00988734403677315
0.005620326275557306	0.010583445468969927
0.005628328334996412	0.011264900316292625
0.005636300932236891	0.011932500520473954
0.00564424435246683	0.012586983398974062
0.0056521588769331095	0.0132290362557144
0.00566004478301316	0.01385930053287582
0.005667902344284904	0.014478375555784188
0.005675731830595039	0.015086821916493003
0.005683533508125885	0.015685164535910522
0.005691307639461029	0.016273895440716345
0.005699054483649157	0.016853476284400076
0.005706774296266777	0.017424340640577397
0.0057144673294792165	0.0179868960906579
0.005722133832100775	0.018541526128998738
0.005729774049653105	0.019088591902572966
0.005737388224422544	0.01962843380197953
0.005744976595516191	0.02016137291844216
0.005752539398916768	0.02068771237997577
0.005760076867536296	0.0212077385781561
0.005767589231268602	0.02172172229525786
0.005775076717040853	0.02222991974216749
0.005782539548863792	0.022732573514411616
0.00578997794788101	0.023229913473559075
0.00579739213241726	0.023722157561272314
0.005804782318025731	0.024209512552192024
0.0058121487175341715	0.024692174749823135
0.005819491541090314	0.025170330631195833
0.005826810996206202	0.025644157444784096
0.005834107287801678	0.026113823765416183
0.005841380618246858	0.026579490008713853
0.005848631187404005	0.027041308910804814
0.005855859192668198	0.027499425973338033
0.0058630648290075174	0.027953979878638284
0.0058702482890021996	0.02840510287638777
0.005877409762883101	0.028852921144435474
0.0058845494385693494	0.029297555125536633
0.005891667501705286	0.02973911984156915
0.005898764135696718	0.030177725188407434
0.00590583952174627	0.030613476210514173
0.005912893838888302	0.031046473358826297
0.005919927264022934	0.031476812732302274
0.005926939971949511	0.0319045863043128
0.005933932135399375	0.03232988213481569
0.00594090392506808	0.03275278457022203
0.0059478555096468344	0.03317337443064281
0.0059547870558535046	0.03359172918586669
0.005961698728462921	0.03400792280378275
0.005968590690336675	0.034422029182609504
0.005975463102052063	0.034834111030217024
0.005982316123636982	0.03524423787088732
0.005989149911858405	0.03565247307272007
0.005995964622223818	0.036058875772748356
0.006002760408529472	0.036463505511827435
0.006009537422549477	0.03686641706306827
0.0060162958146778335	0.037267664156303885
0.006023035733476182	0.037667298714119404
0.0060297573258368395	0.038065370444651955
0.006036460737007356	0.03846192717582445
0.006043146110614801	0.03885701493893635
0.006049813588689455	0.0392506780474157
0.0060564633116881785	0.03964295917189765
0.006063095418517263	0.04003389941063559
0.0060697100465549984	0.04042353829563884
0.006076307331673701	0.04081191449054368
0.006082887408198856	0.041199063674767965
0.0060894504091945295	0.04158502205613651
0.00609599646606427	0.041969823861141585
0.006102525708871336	0.042353501894971564
0.0061090382662743374	0.04273608795886228
0.006115534265553771	0.04311761273512806
0.006122013832626802	0.043498105831705644
0.006128477092067711	0.043877595825442935
0.006134924167126734	0.04425611030265149
0.0061413551797485305	0.04463367589793561
0.006147770250590384	0.04501031833139828
0.006154169499040072	0.045386062443829964
0.006160553043233399	0.045760932230661945
0.006166921000071451	0.046134950873982464
0.0061732734852375775	0.04650814077336601
0.006179610613214033	0.04688052357518323
0.006185932497298364	0.047252120200973254
0.006192239249619523	0.047622950873776215
0.00619853098115372	0.04799303514420803
0.00620480780173996	0.04836239191489334
0.006211069820095379	0.04873103946391083
0.006217317143830285	0.04909899546730136
0.006223549879462972	0.04946627702054934
0.006229768132434274	0.04983290065951617
0.006235972007121861	0.05019888237958003
0.0062421616068543875	0.05056423765527921
0.006248337033925246	0.05092898145801614
0.006254498389606273	0.05129312827344063
0.006260645774161144	0.05165669211855078
0.006266779286858498	0.05201968655724412
0.006272899025984988	0.05238212471600563
0.006279005088857986	0.0527440192986907
0.006285097571838166	0.05310538254396746
0.006291176570341854	0.05346622681610542
0.006297242178813037	0.05382656265534333
0.006303294490902867	0.05418640187264953
0.006309333599218534	0.054545755306019995
0.0063153595955188525	0.054904633263218997
0.006321372570677769	0.05526304585664962
0.0063273726146929705	0.05562100287495148
0.00633335981670106	0.055978513793470436
0.006339334264985572	0.0563355877843568
0.006345296046988394	0.05669223372592834
0.006351245249320379	0.057048460212194674
0.006357181957771654	0.05740427556150722
0.006363106257321903	0.057759687825146434
0.006369018232150382	0.05811470479591687
0.006374917965645832	0.058469334015740865
0.006380805540416254	0.05882358278342615
0.006386681038298511	0.059177458162220094
0.00639254454036775	0.05953096698689237
0.006398396126946773	0.05988411587049291
0.0064042358776151605	0.060236911211129646
0.006410063871218355	0.060589359198450994
0.0064158801858765074	0.06094146581967085
0.006421684898993287	0.0612932368656693
0.006427478087264498	0.0616446779367013
0.006433259826686585	0.061995794448063614
0.006439030192565026	0.06234659163540249
0.006444789259522561	0.06269707456002037
0.00645053710150735	0.06304724811382212
0.006456273791800981	0.06339711702407
0.006461999403026374	0.06374668585842276
0.006467714007155539	0.06409595902929026
0.006473417675517245	0.06444494079814493
0.0064791104788046025	0.06479363527987085
0.006484792487082477	0.06514204644699936
0.006490463769794857	0.06549017813350551
0.006496124395772046	0.06583803403876244
0.00650177443323783	0.06618561773123605
0.0065074139498164825	0.06653293265225785
0.006513043012539665	0.06687998211934669
0.006518661687853313	0.06722676932954684
0.006524270041624303	0.06757329736301113
0.00652986813914712	0.06791956918585237
0.00653545604515038	0.06826558765347523
0.006541033823803296	0.06861135551349157
0.006546601538722002	0.06895687536328267
0.006552159252975849	0.06930215011412845
0.006557707029070896	0.0696471814310998
0.006563244929050067	0.06999197217822628
0.006568773014352516	0.07033652464397824
0.006574291345921409	0.07068084087940997
0.006579799984183145	0.0710249229539713
0.006585298989053461	0.07136877285031676
0.00659078841994173	0.07171239246623604
0.00659626833575872	0.07205578361735128
0.0066017387949206165	0.07239894803885441
0.006607199855354884	0.07274188738775213
0.0066126515745056095	0.07308460324486074
0.006618094009338862	0.07342709711667848
0.0066235272163478656	0.07376937043761492
0.0066289512515581945	0.07411142457136118
0.006634366170532861	0.07445326081309919
0.006639772028377345	0.07479488039108774
0.006645168879744515	0.07513628446827988
0.006650556778839566	0.0754774741441267
0.006655935779424809	0.0758184504561797
0.006661305934824454	0.07615921438153626
0.006666667297929273	0.07649976683833941
0.006672019921201294	0.07684010868754987
0.006677363856678292	0.07718024073393291
0.006682699155978382	0.07752016372796522
0.006688025870304422	0.07785987836655454
0.006693344050448434	0.07819938529510459
0.0066986537467959234	0.07853868510815282
0.006703955009330173	0.07887777835115356
0.006709247887636455	0.07921666552118645
0.006714532430906231	0.07955534706856057
0.006719808687941236	0.07989382339777001
0.006725076707157553	0.08023209486866653
0.006730336536589629	0.08057016179756936
0.006735588223894237	0.08090802445828717
0.006740831816354376	0.08124568308317413
0.006746067360883136	0.08158313786423313
0.0067512949040275045	0.08192038895389239
0.0067565144919721305	0.08225743646622298
0.006761726170543033	0.08259428047771447
0.006766929985211276	0.08293092102815028
0.0067721259810965915	0.08326735812175505
0.006777314202970942	0.08360359172763068
0.006782494695262042	0.08393962178109461
0.006787667502056889	0.08427544818410122
0.006792832667105153	0.08461107080623907
0.0067979902338225874	0.08494648946665334
0.006803140245294438	0.08528170412964647
0.006808282744271549	0.08561671423028372
0.00681341777320417	0.0859515197593979
0.006818545374196122	0.08628612044698118
0.006823665589043222	0.08662051593270227
0.0068287784592269635	0.08695470588052981
0.006833884025917403	0.08728868992755599
0.006838982329976606	0.0876224676850356
0.006844073411961397	0.08795603873878566
0.006849157312126474	0.08828940264975813
0.006854234070427348	0.08862255895494285
0.006859303726523296	0.08895550716762075
0.006864366319780225	0.08928824677808592
0.006869421889273583	0.08962077725419168
0.006874470473791137	0.08995309804189529
0.006879512111835788	0.09028520856573388
0.006884546841628334	0.09061710822946524
0.006889574701110193	0.0909487964165131
0.006894595727946086	0.09128027249031091
0.006899609959526707	0.09161153579512035
0.006904617432971353	0.09194258565615254
0.006909618185130527	0.09227342138022585
0.006914612252588511	0.0926040422562907
0.0069195996716658655	0.09293444755556063
0.006924580478421995	0.09326463653234726
0.006929554708657588	0.0935946117470465
0.006934522397917073	0.09392434551300159
0.006939483582584706	0.09425388919864429
0.00694443829540033	0.09458322981776243
0.006949386571490047	0.09491231561159744
0.0069543284472484874	0.09524118380489968
0.00695926395599291	0.09556983629128368
0.0069641931317800864	0.09589826592163314
0.006969116008426901	0.09622647181414985
0.006974032619512577	0.09655445307360468
0.006978942998380895	0.09688220879199654
0.006983847178142365	0.09720973804844342
0.00698874519167638	0.09753703990998917
0.00699363707163336	0.09786411343158458
0.00699852285043685	0.09819095765649132
0.0070034025602856015	0.09851757161671981
0.007008276233155636	0.09884395433299661
0.0070131439008022795	0.09917010481535506
0.007018005594762181	0.09949602206338609
0.007022861346355311	0.09982170506642676
0.007027711186686886	0.10014715280364206
0.007032555146649392	0.10047236424484483
0.007037393256924425	0.10079733835017025
0.007042225547984666	0.10112207407058281
0.007047052050095717	0.10144657034826851
0.007051872793317973	0.10177082611651456
0.00705668780750848	0.10209484030041835
0.007061497122322742	0.10241861181651789
0.007066300767216518	0.10274213957365788
0.0070710987714475955	0.10306542247284813
0.007075891164077587	0.10338845940743806
0.007080677973973634	0.10371124926360815
0.0070854592298101385	0.10403379092027766
0.007090234960070478	0.10435608324954056
0.007095005193048695	0.10467812511673005
0.00709976995685114	0.10499991538084127
0.007104529279398129	0.1053214528942348
0.007109283188425599	0.10564273650338439
0.007114031711486694	0.10596376504873727
0.007118774875953373	0.1062845373651128
0.007123512709017971	0.10660505228151242
0.007128245237694795	0.10692530862169712
0.00713297248882165	0.10724530520420432
0.007137694489061359	0.10756504084242823
0.007142411264903287	0.10788451434492298
0.007147122842664848	0.10820372451554594
0.007151829248492954	0.10852267015341624
0.007156530508365521	0.10884135005345452
0.007161226648092877	0.10915976300611818
0.007165917693319238	0.1094779077978552
0.007170603669524086	0.10979578321111018
0.0071752846020236094	0.11011338802449777
0.007179960515972071	0.11043072101301336
0.007184631436363173	0.11074778094793401
0.007189297388031466	0.1110645665973525
0.007193958395653631	0.11138107672587556
0.007198614483749861	0.11169731009508614
0.007203265676685154	0.11201326546353012
0.0072079119986706314	0.1123289415868353
0.007212553473764822	0.1126443372178095
0.007217190125874941	0.11295945110670019
0.007221821978758167	0.1132742820012326
0.007226449056022863	0.11358882864656711
0.007231071381129858	0.11390308978574436
0.007235688977393636	0.11421706415953727
0.007240301867983577	0.11453075050658358
0.007244910075925141	0.11484414756363771
0.007249513624101073	0.11515725406552259
0.007254112535252554	0.11547006874539573
0.007258706831980401	0.11578259033463906
0.007263296536746201	0.11609481756311921
0.007267881671873452	0.11640674915924913
0.007272462259548685	0.11671838385012874
0.007277038321822623	0.11702972036142655
0.00728160988061124	0.11734075741786099
0.007286176957696884	0.11765149374281703
0.007290739574729366	0.11796192805888508
0.007295297753227008	0.11827205908763738
0.007299851514577757	0.11858188554986134
0.007304400880040179	0.11889140616555094
0.007308945870744549	0.11920061965418512
0.007313486507693854	0.11950952473445386
0.00731802281176485	0.11981812012472738
0.007322554803709026	0.12012640454292403
0.007327082504153647	0.12043437670654464
0.0073316059336027495	0.12074203533293723
0.007336125112438082	0.12104937913915818
0.007340640060920124	0.12135640684224179
0.0073451507991890205	0.1216631171591161
0.007349657347265562	0.12196950880672479
0.007354159725052104	0.12227558050221665
0.007358657952333518	0.12258133096279429
0.007363152048778121	0.12288675903265009
0.007367642033938583	0.12319186241558132
0.007372127927281508	0.12349664184497759
0.007376609748074242	0.1238010947961435
0.007381087515555945	0.12410521985383263
0.007385561248825732	0.1244090159870767
0.0073900309668715365	0.12471248191585202
0.007394496688570994	0.12501561636110603
0.007398958432692266	0.12531841804444835
0.007403416217894041	0.12562088568818108
0.007407870062729865	0.12592301801557018
0.00741231998564373	0.1262248137506463
0.007416766004974396	0.12652627161848917
0.0074212081389553415	0.12682739034514307
0.007425646405715559	0.1271281686576704
0.00743008082328038	0.12742860528429387
0.007434511409572255	0.127728698954251
0.007438938182411539	0.1280284483982432
0.007443361159517283	0.1283278523480077
0.007447780358508002	0.12862690953656233
0.007452195796902447	0.12892561869834493
0.0074566074921203485	0.12922397856933882
0.007461015461483178	0.1295219878866156
0.007465419722214906	0.12981964538899352
0.007469820291442708	0.13011694981676872
0.00747421718619773	0.13041389991169816
0.007478610423415788	0.13071049441723373
0.007483000019938102	0.13100673207848798
0.007487385992511996	0.13130261164225643
0.007491768357791602	0.13159813185693883
0.007496147132338569	0.13189329147294854
0.007500522332622746	0.13218808924221667
0.0075048939750228735	0.13248252391882695
0.007509262075827251	0.1327765942584595
0.007513626651234425	0.13307029901889628
0.007517987717353844	0.1333636369599011
0.007522345290206527	0.13365660684297126
0.007526699385725714	0.13394920743198727
0.007531050019757513	0.13424143749259923
0.007535397208061934	0.1345332957927117
0.007539740966311967	0.13482478110229376
0.007544081310096571	0.13511589219349276
0.007548418254919716	0.1354066278406185
0.007552751816201393	0.13569698682028586
0.007557082009278242	0.13598696791120743
0.00756140884940416	0.13627656989455333
0.007565732351750894	0.13656579155369483
0.007570052531408645	0.1368546316743738
0.00757436940338666	0.13714308904474184
0.007578682982613831	0.13743116245528034
0.007582993283939257	0.13771885069892248
0.007587300322132842	0.13800615257105087
0.0075916041118858565	0.138293066869622
0.007595904667811502	0.13857959239492454
0.007600202004445476	0.13886572794991936
0.007604496136246542	0.13915147234008854
0.0076087870775970595	0.13943682437347685
0.007613074842803549	0.139721782860747
0.0076173594460972275	0.14000634661521036
0.007621640901634556	0.14029051445279148
0.007625919223497751	0.14057428519216134
0.007630194425695337	0.1408576576545918
0.0076344665221626615	0.1411406306642515
0.007638735526762411	0.14142320304780545
0.007643001453285142	0.14170537363495028
0.007647264315449758	0.1419871412579473
0.007651524126904055	0.14226850475201278
0.007655780901225199	0.14254946295520657
0.007660034651920238	0.14283001470825796
0.007664285392426584	0.14311015885499778
0.007668533136112501	0.14338989424200402
0.007672777896277606	0.14366921971875496
0.007677019686153342	0.14394813413782276
0.0076812585189034305	0.14422663635448088
0.007685494407624398	0.1445047252271536
0.007689727365345986	0.144782399617239
0.0076939574050316605	0.14505965838898355
0.0076981845395790475	0.14533650040976318
0.007702408781820403	0.1456129245500962
0.007706630144523055	0.14588892968334186
0.007710848640389861	0.14616451468602493
0.007715064282059662	0.14643967843771477
0.007719277082107693	0.14671441982126024
0.00772348705304606	0.14698873772231408
0.007727694207324143	0.1472626310299138
0.007731898557329054	0.1475360986361253
0.007736100115386044	0.14780913943622623
0.007740298893758934	0.14808175232859916
0.00774449490465053	0.14835393621490967
0.007748688160203052	0.14862568999998407
0.00775287867249853	0.1488970125917492
0.00775706645355923	0.14916790290157694
0.00776125151534806	0.14943835984391549
0.00776543386976895	0.14970838233653375
0.007769613528667287	0.14997796930050847
0.007773790503830277	0.1502471196600341
0.0077779648069873615	0.15051583234282082
0.007782136449810605	0.1507841062796963
0.007786305443915076	0.15105194040487938
0.007790471800859223	0.15131933365592648
0.007794635532145278	0.15158628497375876
0.007798796649219605	0.1518527933025155
0.007802955163473139	0.15211885758985977
0.007807111086241596	0.15238447678672434
0.0078112644288060576	0.1526496498474521
0.007815415202393202	0.1529143757297627
0.007819563418175697	0.15317865339477063
0.00782370908727255	0.15344248180707923
0.007827852220749484	0.15370585993463096
0.007831992829619282	0.15396878674877493
0.007836130924842132	0.15423126122438477
0.007840266517325977	0.1544932823396975
0.00784439961792688	0.15475484907649592
0.007848530237449337	0.15501596041997104
0.007852658386646632	0.15527661535877743
0.007856784076221179	0.15553681288508722
0.007860907316824844	0.15579655199458145
0.007865028119059285	0.15605583168631462
0.00786914649347629	0.1563146509630411
0.007873262450578074	0.15657300883086558
0.007877376000817634	0.15683090429949575
0.007881487154599066	0.15708833638216266
0.00788559592227786	0.15734530409556774
0.007889702314161248	0.15760180646007224
0.007893806340508498	0.15785784249949864
0.007897908011531224	0.15811341124117884
0.00790200733739372	0.15836851171617164
0.007906104328213223	0.15862314295892924
0.007910198994060275	0.1588773040076654
0.007914291344958971	0.1591309939039282
0.007918381390887285	0.15938421169310593
0.007922469141777367	0.15963695642403963
0.007926554607515833	0.1598892271491406
0.00793063779794406	0.16014102292456006
0.007934718722858478	0.1603923428099165
0.007938797392010843	0.16064318586857101
0.007942873815108551	0.1608935511673313
0.007946948001814903	0.16114343777684534
0.007951019961749389	0.16139284477119856
0.00795508970448797	0.16164177122829645
0.007959157239563346	0.1618902162295124
0.007963222576465255	0.16213817885996318
0.007967285724640718	0.16238565820830733
0.00797134669349433	0.16263265336704052
0.007975405492388517	0.16287916343218808
0.00797946213064381	0.16312518750337107
0.007983516617539113	0.16337072468405955
0.007987568962311948	0.16361577408123493
0.007991619174158747	0.16386033480556547
0.007995667262235075	0.16410440597154655
0.007999713235655917	0.16434798669717426
0.008003757103495917	0.16459107610419121
0.008007798874789631	0.16483367331803606
0.008011838558531792	0.16507577746781846
0.008015876163677544	0.1653173876863661
0.008019911699142696	0.16555850311016887
0.008023945173803972	0.1657991228794485
0.00802797659649924	0.16603924613804805
0.008032005976027781	0.16627887203368016
0.008036033321150495	0.16651799971753203
0.00804005864059017	0.16675662834467414
0.008044081943031705	0.16699475707387085
0.008048103237122338	0.16723238506751711
0.008052122531471896	0.16746951149172945
0.008056139834653015	0.1677061355164281
0.008060155155201374	0.16794225631520393
0.008064168501615919	0.16817787306530213
0.008068179882359099	0.1684129849478651
0.008072189305857078	0.16864759114752895
0.008076196780499971	0.1688816908528045
0.00808020231464205	0.16911528325589287
0.008084205916601986	0.16934836755277477
0.008088207594663043	0.1695809429430237
0.008092207357073316	0.16981300863010107
0.008096205212045933	0.1700445638211301
0.00810020116775927	0.17027560772689948
0.008104195232357168	0.1705061395620674
0.008108187413949143	0.1707361585448796
0.008112177720610592	0.17096566389751539
0.008116166160382996	0.17119465484564844
0.008120152741274145	0.17142313061888004
0.008124137471258322	0.17165109045048255
0.008128120358276505	0.17187853357741067
0.008132101410236596	0.17210545924047835
0.008136080635013587	0.17233186668414013
0.008140058040449783	0.17255775515664357
0.008144033634354987	0.17278312390990738
0.008148007424506705	0.17300797219973624
0.008151979418650323	0.17323229928546746
0.008155949624499333	0.17345610443030757
0.00815991804973549	0.1736793869012628
0.008163884702009017	0.17390214596895232
0.0081678495889388	0.1741243809077922
0.008171812718112572	0.17434609099587697
0.008175774097087087	0.17456727551519213
0.00817973373338833	0.17478793375130056
0.008183691634511674	0.17500806499358923
0.008187647807922088	0.17522766853516045
0.008191602261054294	0.17544674367281934
0.008195555001312967	0.17566528970725118
0.008199506036072902	0.1758833059426673
0.0082034553726792	0.1761007916871526
0.008207403018447435	0.1763177462525322
0.00821134898066383	0.17653416895426938
0.008215293266585447	0.17675005911167535
0.008219235883440338	0.1769654160476963
0.008223176838427729	0.17718023908908984
0.008227116138718191	0.17739452756626567
0.008231053791453797	0.17760828081346425
0.008234989803748306	0.17782149816852658
0.00823892418268732	0.17803417897317905
0.008242856935328453	0.17824632257267123
0.008246788068701494	0.1784579283161538
0.008250717589808573	0.17866899555643578
0.008254645505624316	0.1788795236500947
0.008258571823096023	0.1790895119572529
0.008262496549143808	0.1792989598420426
0.008266419690660762	0.17950786667200339
0.008270341254513137	0.17971623181864835
0.008274261247540455	0.17992405465700276
0.008278179676555714	0.1801313345660067
0.008282096548345505	0.18033807092810686
0.00828601186967019	0.18054426312961086
0.008289925647264038	0.18074991056042583
0.008293837887835389	0.18095501261424493
0.00829774859806679	0.18115956868839872
0.008301657784615172	0.18136357818401463
0.00830556545411196	0.18156704050578715
0.00830947161316326	0.1817699550622012
0.008313376268349978	0.18197232126537058
0.008317279426227979	0.18217413853125702
0.008321181093328219	0.18237540627927515
0.008325081276156906	0.18257612393270858
0.008328979981195634	0.18277629091843456
0.008332877214901523	0.18297590666702326
0.008336772983707363	0.18317497061283988
0.008340667294021758	0.1833734821937618
0.00834456015222925	0.18357144085139987
0.008348451564690475	0.18376884603110666
0.008352341537742294	0.1839656971818673
0.008356230077697927	0.18416199375618642
0.008360117190847085	0.18435773521051754
0.008364002883456118	0.1845529210047656
0.008367887161768135	0.18474755060255887
0.008371770032003139	0.18494162347116075
0.008375651500358173	0.18513513908150098
0.00837953157300743	0.18532809690826332
0.0083834102561024	0.18552049642954302
0.008387287555771984	0.18571233712732588
0.008391163478122646	0.18590361848708506
0.008395038029238511	0.18609433999798233
0.008398911215181524	0.1862845011528783
0.008402783041991543	0.1864741014481283
0.008406653515686494	0.18666314038387918
0.00841052264226247	0.18685161746371542
0.008414390427693888	0.1870395321950272
0.008418256877933565	0.18722688408874588
0.00842212199891288	0.18741367265941883
0.00842598579654189	0.18759989742519426
0.008429848276709428	0.1877855579078984
0.008433709445283242	0.18797065363285087
0.008437569308110111	0.1881551841290899
0.00844142787101596	0.1883391489291811
0.008445285139805983	0.18852254756937215
0.008449141120264753	0.18870537958934924
0.00845299581815634	0.18888764453256351
0.008456849239224427	0.1890693419459513
0.008460701389192433	0.18925047138006215
0.008464552273763614	0.18943103238898354
0.008468401898621176	0.18961102453046008
0.008472250269428406	0.1897904473657652
0.00847609739182876	0.18996930045967853
0.008479943271445987	0.19014758338068422
0.008483787913884242	0.19032529570068527
0.008487631324728188	0.19050243699522243
0.008491473509543108	0.19067900684342687
0.008495314473875014	0.1908550048278428
0.008499154223250757	0.19103043053465524
0.008502992763178126	0.19120528355363364
0.008506830099145967	0.19137956347800736
0.008510666236624272	0.19155326990453322
0.008514501181064305	0.1917264024335439
0.008518334937898688	0.1918989606688926
0.008522167512541513	0.19207094421795087
0.008525998910388447	0.1922423526915831
0.008529829136816826	0.19241318570414767
0.008533658197185769	0.1925834428736331
0.00853748609683627	0.19275312382138832
0.008541312841091303	0.192922228172355
0.00854513843525592	0.1930907555549239
0.00854896288461735	0.19325870560101532
0.0085527861944451	0.19342607794599112
0.00855660836999105	0.19359287222876373
0.008560429416489563	0.193759088091685
0.008564249339157557	0.19392472518053328
0.008568068143194635	0.19408978314466874
0.008571885833783143	0.19425426163684004
0.008575702416088293	0.194418160313299
0.008579517895258265	0.19458147883368035
0.008583332276424258	0.19474421686118923
0.008587145564700638	0.1949063740623833
0.008590957765184986	0.19506795010729786
0.00859476888295822	0.19522894466943408
0.00859857892308467	0.19538935742569982
0.008602387890612184	0.1955491880564472
0.008606195790572204	0.19570843624541473
0.008610002627979868	0.19586710167983815
0.008613808407834087	0.19602518405023983
0.008617613135117658	0.196182683050768
0.008621416814797321	0.19633959837877915
0.008625219451823873	0.19649592973511038
0.008629021051132243	0.1966516768240053
0.008632821617641588	0.1968068393531029
0.008636621156255369	0.1969614170333801
0.00864041967186144	0.19711540957926796
0.008644217169332143	0.19726881670851434
0.008648013653524389	0.1974216381423595
0.008651809129279733	0.19757387360519962
0.008655603601424472	0.19772552282499575
0.008659397074769717	0.19787658553300197
0.008663189554111486	0.198027061463781
0.008666981044230788	0.19817695035532695
0.008670771549893683	0.19832625194890718
0.008674561075851408	0.1984749659891562
0.008678349626840404	0.19862309222409183
0.008682137207582437	0.19877063040495335
0.008685923822784674	0.19891758028643786
0.008689709477139745	0.19906394162643443
0.008693494175325833	0.19920971418623226
0.008697277922006754	0.1993548977304185
0.008701060721832039	0.19949949202685202
0.008704842579437001	0.19964349684671806
0.008708623499442828	0.19978691196449136
0.008712403486456641	0.19992973715792145
0.008716182545071595	0.200071972208128
0.00871996067986693	0.20021361689930076
0.00872373789540807	0.20035467101913
0.008727514196246679	0.20049513435850194
0.00873128958692076	0.20063500671148585
0.008735064071954695	0.2007742878755277
0.008738837655859357	0.20091297765123584
0.008742610343132165	0.2010510758425088
0.008746382138257146	0.2011885822565041
0.008750153045705032	0.2013254967035429
0.008753923069933327	0.20146181899727983
0.008757692215386366	0.20159754895450213
0.0087614604864954	0.2017326863953106
0.00876522788767866	0.20186723114292546
0.008768994423341439	0.202001183023805
0.008772760097876146	0.20213454186770863
0.008776524915662389	0.20226730750745447
0.008780288881067052	0.20239947977907774
0.008784051998444339	0.20253105852194755
0.008787814272135864	0.20266204357845083
0.008791575706470722	0.20279243479419948
0.008795336305765546	0.20292223201795762
0.008799096074324577	0.20305143510178242
0.00880285501643974	0.2031800439007604
0.008806613136390693	0.20330805827308512
0.008810370438444928	0.2034354780802914
0.008814126926857797	0.20356230318688298
0.008817882605872612	0.20368853346061042
0.008821637479720685	0.2038141687722659
0.008825391552621426	0.20393920899589738
0.00882914482878236	0.20406365400855342
0.00883289731239924	0.20418750369039515
0.008836649007656093	0.2043107579248027
0.00884039991872527	0.20443341659817277
0.008844150049767536	0.2045554796000688
0.008847899404932108	0.20467694682306703
0.008851647988356746	0.20479781816283132
0.008855395804167792	0.20491809351824927
0.008859142856480238	0.2050377727911093
0.008862889149397802	0.20515685588635194
0.00886663468701298	0.20527534271197326
0.008870379473407094	0.2053932331790606
0.008874123512650382	0.20551052720168347
0.00887786680880204	0.20562722469699915
0.008881609365910287	0.20574332558524472
0.008885351188012421	0.20585882978962006
0.008889092279134887	0.20597373723639129
0.008892832643293335	0.20608804785485266
0.008896572284492676	0.20620176157730397
0.008900311206727145	0.20631487833906298
0.008904049413980356	0.2064273980784561
0.008907786910225358	0.2065393207368385
0.008911523699424708	0.20665064625847798
0.008915259785530514	0.20676137459064528
0.0089189951724845	0.20687150568376572
0.008922729864218052	0.20698103949102126
0.008926463864652297	0.20708997596863077
0.00893019717769814	0.2071983150758254
0.008933929807256328	0.207306056774798
0.008937661757217509	0.20741320103064
0.008941393031462285	0.2075197478113545
0.008945123633861263	0.2076256970880091
0.008948853568275116	0.2077310488345614
0.008952582838554648	0.20783580302786014
0.00895631144854083	0.20793995964765047
0.008960039402064858	0.20804351867670112
0.008963766702948222	0.20814648010057635
0.008967493355002751	0.2082488439078406
0.008971219362030656	0.2083506100899083
0.008974944727824608	0.208451778641084
0.008978669456167768	0.20855234955858315
0.008982393550833854	0.2086523228424615
0.008986117015587188	0.20875169849571704
0.00898983985418275	0.20885047652412383
0.00899356207036623	0.20894865693642548
0.008997283667874077	0.20904623974412326
0.009001004650433568	0.20914322496161974
0.009004725021762833	0.20923961260616022
0.00900844478557092	0.2093354026978424
0.009012163945557854	0.20943059525949476
0.009015882505414671	0.20952519031694258
0.009019600468823483	0.2096191878986749
0.009023317839457513	0.20971258803610304
0.009027034620981167	0.20980539076333937
0.009030750817050065	0.20989759611742212
0.009034466431311094	0.20998920413805752
0.009038181467402465	0.21008021486785
0.009041895928953759	0.21017062835209685
0.009045609819585972	0.21026044463893506
0.009049323142911568	0.21034966377923384
0.009053035902534527	0.21043828582665958
0.009056748102050389	0.21052631083759107
0.009060459745046302	0.21061373887116014
0.009064170835101092	0.21070056998932618
0.009067881375785274	0.21078680425668142
0.00907159137066112	0.21087244174062242
0.009075300823282713	0.2109574825111923
0.009079009737195972	0.2110419266412651
0.009082718115938727	0.21112577420632628
0.00908642596304074	0.2112090252846269
0.00909013328202376	0.21129167995712808
0.00909384007640158	0.2113737383073875
0.009097546349680068	0.2114552004217635
0.00910125210535722	0.21153606638926112
0.009104957346923208	0.21161633630154894
0.00910866207786041	0.21169601025298032
0.009112366301643485	0.21177508834049458
0.00911607002173939	0.21185357066384888
0.009119773241607428	0.21193145732530094
0.00912347596469931	0.2120087484297969
0.00912717819445919	0.21208544408493885
0.009130879934323698	0.21216154440096338
0.009134581187722002	0.21223704949071012
0.009138281958075842	0.21231195946964826
0.009141982248799575	0.21238627445582658
0.009145682063300218	0.21245999456996756
0.009149381404977498	0.21253311993533228
0.009153080277223885	0.21260565067779175
0.00915677868342463	0.21267758692579514
0.009160476626957839	0.21274892881042795
0.009164174111194474	0.21281967646524955
0.009167871139498424	0.21288983002646505
0.00917156771522654	0.21295938963281216
0.009175263841728664	0.21302835542557627
0.009178959522347702	0.21309672754861195
0.009182654760419625	0.21316450614830953
0.009186349559273542	0.21323169137355044
0.009190043922231729	0.21329828337581794
0.009193737852609674	0.2133642823090747
0.009197431353716116	0.21342968832979772
0.009201124428853078	0.21349450159694963
0.009204817081315922	0.21355872227208256
0.009208509314393383	0.2136223505191582
0.009212201131367613	0.2136853865046453
0.009215892535514206	0.21374783039752446
0.009219583530102259	0.21380968236924489
0.0092232741183944	0.21387094259368983
0.009226964303646827	0.21393161124725707
0.00923065408910936	0.2139916885087936
0.009234343478025453	0.21405117455952932
0.009238032473632272	0.2141100695832186
0.009241721079160704	0.21416837376605533
0.009245409297835402	0.21422608729661297
0.009249097132874827	0.2142832103658896
0.009252784587491297	0.2143397431673599
0.009256471664891007	0.21439568589686517
0.009260158368274074	0.21445103875265303
0.009263844700834585	0.21450580193538882
0.009267530665760615	0.21455997564813384
0.009271216266234294	0.21461356009627736
0.009274901505431806	0.21466655548769015
0.009278586386523464	0.21471896203251767
0.009282270912673727	0.2147707799433333
0.009285955087041248	0.21482200943504273
0.009289638912778888	0.21487265072491166
0.009293322393033793	0.2149227040325557
0.009297005530947393	0.2149721695799424
0.00930068832965545	0.21502104759134216
0.00930437079228812	0.21506933829335867
0.009308052921969946	0.21511704191495992
0.009311734721819929	0.21516415868736735
0.009315416194951548	0.21521068884416703
0.009319097344472805	0.21525663262118627
0.009322778173486247	0.21530199025659325
0.009326458685089018	0.2153467619908471
0.009330138882372887	0.21539094806666267
0.00933381876842428	0.21543454872901258
0.009337498346324326	0.21547756422518757
0.009341177619148884	0.21551999480472345
0.00934485658996858	0.21556184071941042
0.00934853526184884	0.21560310222324403
0.009352213637849934	0.21564377957253386
0.009355891721027	0.21568387302579933
0.009359569514430089	0.2157233828437682
0.009363247021104186	0.21576230928940962
0.009366924244089253	0.21580065262789833
0.009370601186420276	0.21583841312665747
0.009374277851127268	0.2158755910552391
0.009377954241235338	0.2159121866854575
0.009381630359764699	0.21594820029129472
0.009385306209730717	0.21598363214893398
0.009388981794143934	0.21601848253668574
0.00939265711601011	0.21605275173510524
0.009396332178330257	0.2160864400268236
0.009400006984100666	0.216119547696722
0.009403681536312948	0.21615207503177156
0.009407355837954054	0.2161840223210926
0.009411029892006333	0.21621538985596397
0.009414703701447532	0.21624617792980708
0.009418377269250858	0.21627638683814107
0.009422050598385	0.21630601687860415
0.00942572369181416	0.2163350683509494
0.009429396552498082	0.2163635415570486
0.009433069183392092	0.2163914368008877
0.009436741587447136	0.21641875438849437
0.009440413767609793	0.21644549462800708
0.009444085726822322	0.2164716578296674
0.009447757468022705	0.21649724430577783
0.009451428994144645	0.21652225437066053
0.009455100308117628	0.21654668834078683
0.009458771412866947	0.21657054653459779
0.00946244231131373	0.21659382927261792
0.009466113006374972	0.2166165368774241
0.009469783500963575	0.2166386696736017
0.009473453797988363	0.21666022798778267
0.009477123900354132	0.21668121214859942
0.009480793810961674	0.2167016224867388
0.009484463532707798	0.2167214593348418
0.009488133068485376	0.21674072302758077
0.00949180242118337	0.21675941390164402
0.009495471593686865	0.21677753229565877
0.009499140588877084	0.21679507855027438
0.009502809409631448	0.21681205300808842
0.009506478058823573	0.2168284560137021
0.009510146539323331	0.21684428791364457
0.009513814853996869	0.21685954905642563
0.009517483005706623	0.2168742397924689
0.009521150997311378	0.21688836047421572
0.009524818831666277	0.21690191145593465
0.00952848651162287	0.21691489309392256
0.00953215404002911	0.21692730574635558
0.009535821419729423	0.21693914977335657
0.00953948865356472	0.21695042553691102
0.009543155744372419	0.21696113340092385
0.009546822694986494	0.21697127373124955
0.009550489508237487	0.21698084689556285
0.009554156186952547	0.21698985326347625
0.009557822733955461	0.21699829320645014
0.009561489152066675	0.21700616709783302
0.009565155444103331	0.21701347531282295
0.0095688216128793	0.21702021822850542
0.0095724876612052	0.21702639622378783
0.009576153591888433	0.217032009679466
0.009579819407733215	0.21703705897811917
0.009583485111540597	0.21704154450419783
0.00958715070610851	0.21704546664398827
0.009590816194231772	0.21704882578555987
0.009594481578702137	0.21705162231884145
0.00959814686230832	0.2170538566355385
0.009601812047836005	0.21705552912916226
0.009605477138067909	0.2170566401950404
0.009609142135783783	0.2170571902302653
0.009612807043760458	0.2170571796337288
0.00961647186477185	0.21705660880607425
0.009620136601589025	0.21705547814976447
0.009623801256980187	0.21705378806896303
0.009627465833710746	0.21705153896964274
0.00963113033454331	0.21704873125951238
0.00963479476223774	0.21704536534799643
0.009638459119551164	0.21704144164630865
0.009642123409238009	0.21703696056735206
0.009645787634050038	0.21703192252577397
0.009649451796736357	0.21702632793794255
0.009653115900043465	0.21702017722194133
0.009656779946715275	0.2170134707975404
0.009660443939493129	0.21700620908623358
0.009664107881115845	0.21699839251119962
0.009667771774319734	0.2169900214973073
0.009671435621838635	0.21698109647110303
0.009675099426403929	0.21697161786080907
0.009678763190744585	0.216961586096314
0.009682426917587176	0.21695100160919042
0.009686090609655907	0.2169398648326292
0.009689754269672644	0.21692817620150565
0.009693417900356945	0.2169159361523265
0.009697081504426086	0.216903145123233
0.009700745084595085	0.2168898035539959
0.009704408643576726	0.2168759118860253
0.0097080721840816	0.21686147056233462
0.009711735708818123	0.21684648002755855
0.009715399220492558	0.21683094072793666
0.009719062721809056	0.21681485311130694
0.009722726215469673	0.21679821762710122
0.009726389704174398	0.2167810347263439
0.009730053190621177	0.21676330486164339
0.009733716677505963	0.2167450284871696
0.009737380167522697	0.21672620605867218
0.009741043663363392	0.21670683803346028
0.009744707167718115	0.21668692487041127
0.009748370683275024	0.21666646702993855
0.009752034212720416	0.21664546497400333
0.009755697758738725	0.21662391916609727
0.009759361324012568	0.2166018300712902
0.009763024911222766	0.21657919815610724
0.009766688523048373	0.21655602388864817
0.009770352162166691	0.2165323077384996
0.009774015831253305	0.21650805017675398
0.009777679532982133	0.21648325167604282
0.009781343270025401	0.2164579127104507
0.00978500704505371	0.21643203375556194
0.00978867086073606	0.2164056152884551
0.009792334719739853	0.21637865778768398
0.009795998624730939	0.21635116173326616
0.009799662578373638	0.21632312760668793
0.00980332658333077	0.2162945558908975
0.00980699064226367	0.21626544707029635
0.009810654757832219	0.21623580163072215
0.009814318932694886	0.2162056200594678
0.009817983169508724	0.21617490284526011
0.009821647470929427	0.2161436504782427
0.00982531183961134	0.21611186344999234
0.009828976278207476	0.21607954225349926
0.009832640789369565	0.21604668738316807
0.009836305375748068	0.21601329933480118
0.009839970039992204	0.21597937860560962
0.00984363478474997	0.21594492569419105
0.009847299612668179	0.21590994110052755
0.009850964526392482	0.21587442532599047
0.009854629528567383	0.21583837887332305
0.009858294621836287	0.21580180224663092
0.009861959808841504	0.21576469595139142
0.009865625092224294	0.21572706049443793
0.009869290474624866	0.2156888963839536
0.009872955958682445	0.21565020412946584
0.009876621547035253	0.2156109842418424
0.009880287242320568	0.2155712372332865
0.009883953047174735	0.21553096361732843
0.009887618964233196	0.21549016390881578
0.009891284996130515	0.2154488386239198
0.009894951145500399	0.21540698828012056
0.009898617414975743	0.21536461339619578
0.009902283807188625	0.21532171449222814
0.00990595032477035	0.2152782920895888
0.009909616970351483	0.2152343467109451
0.009913283746561866	0.2151898788802284
0.009916950656030635	0.21514488912265994
0.009920617701386265	0.21509937796472675
0.009924284885256578	0.21505334593417536
0.009927952210268771	0.2150067935600156
0.009931619679049465	0.21495972137250438
0.009935287294224692	0.21491212990314867
0.00993895505841996	0.2148640196846945
0.009942622974260245	0.21481539125112176
0.009946291044370038	0.21476624513764211
0.009949959271373371	0.21471658188068674
0.009953627657893828	0.21466640201790846
0.009957296206554578	0.2146157060881688
0.009960964919978414	0.21456449463153823
0.009964633800787744	0.21451276818928375
0.009968302851604674	0.21446052730387172
0.009971972075050961	0.21440777251895718
0.00997564147374809	0.21435450437937378
0.009979311050317307	0.214300723431138
0.009982980807379612	0.21424643022143716
0.009986650747555767	0.2141916252986249
0.0099903208734664	0.21413630921221624
0.009993991187731933	0.2140804825132905
0.00999766169297268	0.21402414575177917