2.2294486590106555e-6	0.24221456546490724
5.729386768764625e-6	0.2421468263345613
9.229522065387713e-6	0.24207851520963874
0.000012729856653080974	0.24200962978966567
0.000016230392605042354	0.24194017273306992
0.000019731131988334295	0.2418701443067826
0.000023232076877428923	0.2417995450822467
0.000026733229345493856	0.24172837588425458
0.00003023459146313205	0.24165663718541383
0.00003373616529359159	0.24158432979024866
0.000037237952917332826	0.2415114543217859
0.000040739956409291185	0.2414380113591622
0.00004424217782283988	0.24136400166983005
0.000047744619244241316	0.24128942602320108
0.00005124728274118645	0.24121428478147397
0.00005475017038105814	0.24113857878849668
0.00005825328425892999	0.24106230887615324
0.00006175662640939691	0.24098547537625808
0.00006526019892698232	0.24090807920470864
0.0000687640038742612	0.24083012092738385
0.00007226804333303144	0.24075160125996573
0.00007577231936674725	0.24067252090326813
0.00007927683406126976	0.24059288048836638
0.000082781589474409	0.24051268060376935
0.00008628658769189009	0.2404319221429585
0.0000897918308158442	0.2403506056150537
0.00009329732085382799	0.24026873167017335
0.00009680305991476702	0.24018630122945578
0.0001003090500723691	0.2401033146769959
0.00010381529340315223	0.24001977285591056
0.00010732179197798807	0.2399356765289746
0.00011082854788479174	0.2398510260841707
0.00011433556318627245	0.23976582246586403
0.00011784283997566772	0.23968006630924255
0.00012135038032181325	0.23959375834694396
0.00012485818628888532	0.23950689908756845
0.00012836625996995643	0.23941948943073374
0.0001318746034426409	0.2393315298922379
0.00013538321878018414	0.23924302124546307
0.00013889210812151906	0.23915396419461066
0.00014240127344573042	0.2390643593901591
0.0001459107168857227	0.23897420759470336
0.00014942044051222933	0.23888350944737274
0.00015293044642442202	0.23879226552889216
0.00015644073668936369	0.23870047684707624
0.0001599513133985076	0.2386081439556462
0.0001634621786393076	0.23851526719738822
0.00016697333450824635	0.2384218470472323
0.0001704847830637623	0.23832788629341695
0.00017399652642560945	0.23823338312633174
0.00017750856663149633	0.23813833959407327
0.0001810209058187248	0.23804275479698384
0.00018453354604620363	0.23794663261180105
0.0001880464894184218	0.23784997036506747
0.00019155973802740042	0.23775277007501291
0.00019507329396106183	0.2376550336206492
0.0001985871593209688	0.23755675960454195
0.00020210133619105204	0.23745794987366176
0.00020561582666286615	0.23735860595413374
0.00020913063283947318	0.23725872626419198
0.00021264575681639137	0.23715831393513465
0.00021616120068147494	0.23705736868637695
0.0002196769666112767	0.23695588984866858
0.00022319305658780378	0.23685388018364634
0.00022670947274832328	0.23675134069337622
0.00023022621720398902	0.23664826962852045
0.0002337432920446912	0.2365446703272131
0.00023726069943501063	0.23644054049707186
0.00024077844138709455	0.236335885105805
0.00024429652007097296	0.2362306999029962
0.0002478149375765051	0.23612498964908737
0.00025133369602193146	0.23601875335321137
0.0002548527974958654	0.23591199256021356
0.00025837224412656915	0.23580470554568353
0.0002618920380132266	0.23569689635928837
0.0002654121813227547	0.23558856347779344
0.0002689326760738933	0.23547970952600297
0.00027245352444775386	0.2353703319078467
0.00027597472856882296	0.23526043465113342
0.0002794962905017049	0.23515001824872575
0.00028301821242444344	0.23503908046309208
0.00028654049642659314	0.23492762606327114
0.00029006314464634586	0.23481565247816832
0.00029358615917524127	0.2347031628663388
0.00029710954218538805	0.23459015520069953
0.00030063329578075673	0.23447663208696254
0.0003041574220919907	0.23436259507892251
0.00030768192323347	0.23424804378269054
0.00031120680137296475	0.2341329774198308
0.0003147320586140544	0.2340173993243967
0.0003182576971270261	0.2339013087365635
0.00032178371900052266	0.23378470793103395
0.00032531012647417314	0.23366759527253564
0.0003288369215608932	0.23354997212477044
0.0003323641064300903	0.23343184147516063
0.0003358916832354575	0.23331320187761254
0.00033941965414446585	0.2331940541855223
0.0003429480212959484	0.2330743990683988
0.00034647678682501684	0.23295423898116296
0.0003500059528814536	0.23283357284787248
0.00035353552164990896	0.2327124013376608
0.00035706549524081586	0.23259072744925383
0.00036059587584003614	0.23246854798003427
0.0003641266656299154	0.23234586731905582
0.00036765786671163293	0.23222268546363406
0.0003711894812409649	0.23209900170448636
0.0003747215114480642	0.23197481672134243
0.0003782539594303908	0.2318501342133905
0.0003817868273806026	0.23172495172086524
0.0003853201174742939	0.2315992706431216
0.00038885383189895937	0.23147309255599438
0.00039238797278524587	0.23134641905498526
0.00039592254232452795	0.2312192483913648
0.00039945754270530976	0.23109158249917847
0.0004029929761287532	0.23096342225743421
0.0004065288447179711	0.2308347696203186
0.00041006515069860153	0.23070562196945965
0.00041360189624060326	0.23057598421746203
0.00041713908351201064	0.2304458546509586
0.0004206767148021201	0.23031523275680507
0.0004242147921624863	0.23018412257062978
0.00042775331785105955	0.23005252343524812
0.00043129229406021753	0.22992043467494225
0.0004348317230881593	0.22978785928670625
0.00043837160694393327	0.22965479573515363
0.00044191194796546336	0.22952124683913233
0.00044545274828160523	0.22938721263837425
0.0004489940101290585	0.22925269405011106
0.0004525357357505462	0.22911769024227352
0.00045607792731045004	0.2289822045583706
0.0004596205870570587	0.22884623566285203
0.00046316371720553156	0.22870978516064958
0.00046670731999116997	0.2285728541480825
0.00047025139759854245	0.22843544233057023
0.00047379595226108737	0.2282975520161128
0.000477340986224175	0.22815918240071714
0.0004808865016994708	0.2280203349294429
0.00048443250093926693	0.22788100965983554
0.0004879789861629863	0.22774120942235368
0.0004915259596373142	0.22760093273521984
0.000495073423546044	0.22746018173939458
0.0004986213801844551	0.2273189551283577
0.0005021698317772795	0.22717725606843162
0.0005057187805762557	0.2270350844726232
0.000509268228911964	0.22689244058729363
0.0005128181788500894	0.2267493269040213
0.0005163686326409334	0.226605741106704
0.0005199195928210281	0.22646168653229784
0.0005234710614692098	0.22631716310519012
0.0005270230410940293	0.22617217108238422
0.0005305755333344073	0.2260267129572886
0.000534128541091724	0.22588078643404147
0.0005376820666207404	0.22573439518862567
0.0005412361117902795	0.22558753967199266
0.0005447906790872059	0.22544021845352194
0.0005483457708217956	0.22529243418721107
0.0005519013892341847	0.22514418783671197
0.0005554575364644478	0.2249954784935013
0.0005590142151577192	0.22484630779431158
0.000562571427585028	0.2246966772134013
0.0005661291757335244	0.22454658703749164
0.0005696874620663079	0.22439603790133303
0.0005732462888895006	0.22424502923855497
0.0005768056584724046	0.22409356541216002
0.0005803655732159429	0.22394164248565843
0.0005839260352610532	0.22378926599637783
0.0005874870471388485	0.2236364323632445
0.0005910486110330592	0.22348314508794
0.0005946107293046454	0.22332940447771432
0.0005981734043254885	0.22317521067084067
0.0006017366384160111	0.22302056448077856
0.000605300433823916	0.2228654670531085
0.000608864792961347	0.2227099203884468
0.0006124297181396043	0.222553922112335
0.0006159952116846148	0.22239747606552937
0.00061956127599075	0.2222405802187436
0.0006231279134085048	0.22208323840750788
0.0006266951262881898	0.2219254496229863
0.0006302629169841138	0.22176721401970179
0.0006338312878297242	0.22160853393034355
0.0006374002412331556	0.2214494086831662
0.0006409697796908511	0.22128984044252756
0.000644539905324373	0.22112982938003684
0.0006481106206460411	0.22096937549597126
0.0006516819279660755	0.22080848112568563
0.0006552538296974615	0.22064714528173435
0.0006588263282533859	0.22048536963154816
0.0006623994260192482	0.2203231553518425
0.0006659731254251084	0.22016050229022385
0.0006695474287977547	0.21999741245459287
0.0006731223385930401	0.21983388470555218
0.0006766978572170929	0.2196699218748962
0.0006802739869859667	0.21950552349508634
0.0006838507304873924	0.2193406905802821
0.0006874280900510754	0.2191754246491731
0.0006910060680919506	0.21900972441214966
0.0006945846671703751	0.21884359352708566
0.0006981638894883174	0.218677029729132
0.0007017437375977552	0.21851003634062943
0.0007053242139578752	0.2183426130807895
0.0007089053210294252	0.21817475982491197
0.0007124870611408858	0.218006598554829
0.0007160694310905095	0.2178380704692364
0.0007196524447319632	0.21766858404627745
0.0007232360988656911	0.21749908127200632
0.0007268203959610068	0.2173290948591941
0.0007304053385152577	0.21715868318848713
0.0007339909289371111	0.21698784892804707
0.0007375771696505867	0.21681659165621617
0.0007411640633173413	0.2166449117645035
0.0007447516124373375	0.21647281045819222
0.0007483398193088566	0.2163002887822249
0.0007519286864958086	0.21612734746036505
0.0007555182165521863	0.2159539867310217
0.000759108411940386	0.21578020748261476
0.000762699275181625	0.21560601060202791
0.0007662908088173156	0.215431397952832
0.0007698830153755292	0.21525636849028085
0.0007734758972721816	0.21508092440100843
0.0007770694571675247	0.2149050646467893
0.0007806636974966578	0.21472879205607479
0.0007842586208536026	0.21455210656470838
0.0007878542297579675	0.2143750090749979
0.0007914505269291584	0.21419749984818015
0.0007950475145362731	0.2140195801089386
0.000798645195429932	0.21384125092357206
0.0008022435720990257	0.21366251272257702
0.0008058426470901913	0.21348336529586215
0.0008094424230366146	0.21330381051258077
0.0008130429024882526	0.21312384912410845
0.0008166440880091882	0.2129434830040892
0.0008202459821947715	0.21276271052325801
0.0008238485876399268	0.21258153355159248
0.000827451906946641	0.21239995332812645
0.0008310559427229563	0.21221796982031602
0.0008346606975501135	0.21203558506330056
0.0008382661741533761	0.21185279776436153
0.0008418723749837068	0.21166961027258457
0.000845479302740355	0.2114860235159826
0.0008490869600404053	0.21130203763809863
0.0008526953495475191	0.2111176526200867
0.0008563044738670286	0.21093287160449406
0.0008599143356772022	0.21074769206175176
0.0008635249376153753	0.21056211791496016
0.0008671362823283535	0.21037614869014043
0.0008707483724884204	0.21018978454361406
0.0008743612107661549	0.21000302625871362
0.0008779747999338046	0.20981587556169665
0.0008815891424707079	0.20962833292719754
0.0008852042411479444	0.2094403994605261
0.0008888200986697735	0.20925207439153187
0.0008924367179869704	0.2090633602299815
0.0008960541012837965	0.20887425652507444
0.0008996722515318508	0.2086847651636686
0.0009032911714310159	0.20849488632365212
0.000906910863705105	0.20830462096221247
0.0009105313310744914	0.20811396910808935
0.0009141525762973516	0.2079229318739002
0.0009177746020776569	0.20773151115155117
0.0009213974112561338	0.2075397057400995
0.000925021006427431	0.2073475183009921
0.0009286453903968184	0.2071549493414672
0.0009322705659573139	0.20696199736396462
0.0009358965358943995	0.2067686659523325
0.0009395233029087228	0.20657495546653956
0.0009431508698304467	0.20638086442235784
0.0009467792394401738	0.20618639609422557
0.0009504084145156012	0.2059915503889053
0.00095403839788267	0.20579632705842715
0.0009576691923184318	0.20560072907133242
0.0009613008007306002	0.2054047551188463
0.0009649332257682055	0.20520840725220008
0.0009685664703394089	0.2050116856947939
0.0009722005372975843	0.20481459143395453
0.0009758354294260554	0.20461712454720846
0.0009794711496146327	0.20441928617480645
0.0009831077006929227	0.20422107852239066
0.00098674508550845	0.20402250061559457
0.0009903833069423852	0.2038235531472975
0.0009940223678756822	0.20362423741643768
0.0009976622711696278	0.20342455457222136
0.0010013030198146252	0.2032245054646463
0.0010049446164885354	0.20302409019313827
0.0010085870641942394	0.2028233093103658
0.0010122303658513586	0.20262216442155423
0.0010158745243375922	0.20242065623642866
0.001019519542622528	0.20221878396313028
0.0010231654236128812	0.20201655145728686
0.0010268121701993644	0.20181395674209357
0.0010304597853554752	0.20161100068270016
0.0010341082720489105	0.20140768518796998
0.0010377576332744917	0.20120401202131158
0.0010414078718469244	0.20099997952483464
0.001045058990855334	0.2007955891641711
0.0010487109932060038	0.20059084314992456
0.0010523638819119724	0.20038574058004216
0.001056017659974033	0.20018028248013858
0.0010596723303826527	0.1999744706175958
0.0010633278961414293	0.19976830498850026
0.001066984360290765	0.1995617861817466
0.0010706417258113479	0.1993549152309049
0.0010742999957511906	0.19914769287566597
0.0010779591732118074	0.19894012059416377
0.0010816192610894834	0.19873219824950167
0.0010852802625287592	0.19852392688426707
0.0010889421805687788	0.19831530607336245
0.0010926050182612217	0.1981063394953525
0.0010962687787275328	0.19789702439603293
0.001099933465006431	0.1976873648868822
0.0011035990803982283	0.19747735939413924
0.0011072656276196436	0.1972670095504228
0.0011109331099678561	0.1970563159730939
0.0011146015306436202	0.19684527898948886
0.0011182708926261709	0.19663390067128433
0.0011219411990811747	0.1964221800489963
0.0011256124531777733	0.19621011919449405
0.001129284658059339	0.19599771844660221
0.0011329578168950694	0.19578497886838084
0.0011366319328118472	0.1955719006610709
0.001140307009008626	0.19535848445993292
0.001143983048666812	0.19514473133392043
0.0011476600557534533	0.19493064235148014
0.0011513380319801542	0.1947162188728687
0.0011550169812052154	0.19450145939494068
0.0011586969066814273	0.19428636756646292
0.0011623778116819376	0.1940709414678052
0.0011660596993858287	0.19385518331888554
0.001169742573064076	0.19363909377252986
0.0011734264359489054	0.1934226740543257
0.001177111291340397	0.19320592340362194
0.00118079714245253	0.19298770983963862
0.0011844840565372677	0.1927685856704703
0.0011881719095666384	0.1925542210206909
0.0011918607682224257	0.19233559796417438
0.0011955506357734817	0.19211720802451915
0.0011992415155608446	0.19189849313513893
0.001202933410917811	0.19167945411146975
0.001206626325132053	0.19146009093021915
0.0012103202615727931	0.19124040413082632
0.0012140152235739698	0.1910203955176826
0.0012177112145602949	0.1908000640971416
0.0012214082378912937	0.1905794129312861
0.0012251062968313745	0.19035844103602198
0.0012288053948666707	0.19013714994082948
0.0012325055353582326	0.18991553950521148
0.00123620672172378	0.18969361237134366
0.0012399089574124296	0.18947136688183322
0.0012436122458135887	0.1892488055389269
0.0012473165903620076	0.18902592890901201
0.001251021994530859	0.18880273687114174
0.0012547284618731481	0.18857923068724267
0.0012584359956461688	0.18835541093174038
0.0012621445994415758	0.18813127900604726
0.0012658542767506448	0.18790683535343042
0.0012695650310405313	0.187682079733769
0.001273276865837749	0.18745701464886685
0.0012769897846824584	0.18723163945666782
0.0012807037910653725	0.18700595502150966
0.0012844188885384978	0.18677996275413888
0.0012881350807624698	0.18655366365809542
0.001291852371074273	0.1863270577891205
0.001295570763165763	0.18610014547757417
0.0012992902606315847	0.18587292841232209
0.001303010867028271	0.18564540638886287
0.0013067325859821167	0.1854175812317874
0.001310455421105078	0.18518945382365726
0.0013141793759996068	0.18496102316324567
0.0013179044543115692	0.1847322918865655
0.0013216306597944776	0.1845032596736865
0.0013253579958945603	0.1842739275514085
0.0013290864664251814	0.184044296011367
0.001332816074988822	0.1838143668864282
0.001336546825328233	0.1835841390726524
0.001340278721149855	0.18335361520434398
0.0013440117661249898	0.18312279498651118
0.0013477459640016376	0.1828916794586565
0.0013514813185401895	0.18266026860107878
0.0013552178334720463	0.18242856425113937
0.0013589555125085029	0.18219656732206965
0.001362694359556531	0.18196427688053124
0.0013664343782111231	0.18173169555914295
0.0013701755723265286	0.18149882283013272
0.001373917945936949	0.1812656598790656
0.0013776615024994018	0.1810322080251227
0.001381406246034452	0.18079846675433087
0.0013851521803350502	0.18056443817424858
0.0013888993093401916	0.18033012204256382
0.0013926476368163047	0.18009551890230277
0.0013963971666350054	0.179860385428156
0.0014001479178494844	0.17962484007923046
0.0014038998642359206	0.17939011496033086
0.0014076530247306566	0.17915425132788654
0.001411407403267308	0.1789182277946878
0.0014151630037444094	0.1786819212373076
0.001418919830171751	0.17844533389837317
0.0014226778865315305	0.17820846634487314
0.0014264371766481703	0.17797131902070726
0.001430197704661122	0.17773389147426322
0.0014339594750004694	0.17749618671862064
0.0014377224907169309	0.17725820354374222
0.0014414867563668473	0.17701994355563033
0.0014452522759205917	0.1767814084885941
0.0014490190534861996	0.17654259689651072
0.0014527870931408417	0.1763035106453812
0.0014565563990543153	0.1760641510920109
0.0014603269750279244	0.1758242844875556
0.0014640988401761772	0.1755840233959753
0.0014678719692795656	0.17534453814133205
0.0014716463810317893	0.17510397437026456
0.001475422079609749	0.17486325623136464
0.0014791990690364036	0.1746222678100573
0.0014829773536382208	0.17438101047883967
0.0014867569374658039	0.17413948586108413
0.001490537824858399	0.17389769345771963
0.0014943200200967326	0.17365563414760363
0.0014981035271688686	0.17341330980877553
0.0015018883504879477	0.17317071933562306
0.0015056744942565869	0.17292786473409671
0.001509461962798078	0.17268474627362618
0.0015132507605202363	0.17244136571220092
0.00151704089152685	0.17219772234029906
0.0015208323601752026	0.17195381693358308
0.0015246251707869273	0.1717096522393963
0.0015284193277933108	0.1714652259669603
0.0015322148355023978	0.1712205409877802
0.0015360116983450238	0.1709755974754624
0.0015398099206475494	0.17073039646576318
0.0015436095068814641	0.17048493716639138
0.0015474104614664683	0.17023922281098597
0.001551212788886006	0.16999325176666719
0.0015550164934735036	0.16974702653676385
0.0015588215797424313	0.1695005464733112
0.0015626280522259347	0.1692538131122204
0.0015664359153775484	0.16900682678359305
0.001570245173752117	0.1687595887833353
0.0015740558318465116	0.1685121007719296
0.0015778678942111116	0.16826435889097616
0.001581681365479195	0.1680163685237973
0.00158549625023131	0.1677681296574121
0.0015893125529813465	0.16751964228739685
0.0015931302783872994	0.167270906295896
0.001596949431065133	0.16702192442529026
0.001600770015715158	0.16677269537842532
0.001604592036931801	0.16652322083146645
0.0016084154993989796	0.16627350163149426
0.0016122404078292877	0.16602353862918498
0.001616066766966828	0.16577333173550632
0.0016198945815343961	0.16552288239779755
0.0016237238562428482	0.1652721898340182
0.0016275545958792078	0.16502125748590896
0.0016313868051724806	0.16477008575094435
0.0016352204890126428	0.1645186704785644
0.0016390556521911261	0.16426702000676618
0.00164289229945958	0.16401513078006552
0.0016467304356018943	0.1637630042677907
0.0016505700658240472	0.16351063266424348
0.001654411194698751	0.16325803479920692
0.001658253827367139	0.16300519364527283
0.0016620979683953604	0.16275212911980427
0.0016659436230205638	0.1624988173831116
0.0016697907962428436	0.16224527485689494
0.0016736394928581948	0.1619915087279999
0.0016774897177899725	0.1617375044558714
0.0016813414762943649	0.1614832669580147
0.001685194773113298	0.16122880683127996
0.0016890496132827369	0.16097410622465805
0.0016929060035376722	0.16071918140436336
0.0016967639464418281	0.16046402252272235
0.0017006234467481114	0.16020864802920695
0.0017044845122348102	0.1599530368375482
0.0017083471479716697	0.1596972039756477
0.0017122113567873192	0.15944114306923057
0.0017160771438872737	0.1591848589855978
0.001719944516538879	0.15892835210943648
0.001723813479203061	0.1586716127836752
0.0017276840369696055	0.15841466036237994
0.0017315561949136347	0.1581574763337527
0.001735429959138137	0.1579000622279494
0.0017393053336920681	0.15764246718132544
0.0017431823244571172	0.15738462518699967
0.0017470609368127408	0.1571265643326717
0.0017509411762231654	0.1568682839321778
0.001754823047746279	0.15660979429912011
0.0017587065571182422	0.1563510783001015
0.001762591709558105	0.15609215171874016
0.0017664785106887794	0.1558330029671049
0.0017703669657378454	0.15557364667375284
0.0017742570804109836	0.15531406913173326
0.0017781488600945915	0.15505428167043664
0.0017820423105050789	0.15479427715717167
0.0017859374368573559	0.15453406794878674
0.0017898342448750193	0.15427364371191882
0.0017937327403581634	0.15401300492979111
0.0017976329284869967	0.15375216390731955
0.0018015348155207465	0.15349134661858227
0.00180543838801769	0.1532304622892351
0.0018093436888005241	0.15296825262420757
0.0018132507050102628	0.15270669766688033
0.0018171594427475704	0.15244480555283071
0.0018210699074149635	0.15218271513872614
0.0018249821049382729	0.15192041632832917
0.0018288960410344354	0.1516579159820801
0.00183281172151869	0.1513951967323606
0.0018367291533058472	0.151132267549458
0.0018406483402010493	0.1508691908368896
0.001844569289269321	0.15060586647812368
0.0018484920061736295	0.15034235367130896
0.0018524164969752495	0.15007863727971793
0.0018563427676838863	0.14981472410289912
0.001860270823983757	0.14955060742822052
0.0018642006722106486	0.14928628887012543
0.0018681323182634945	0.14902177933035304
0.0018720657681836799	0.1487570731650738
0.0018760010279143787	0.14849216889596553
0.0018799381038669563	0.14822706198491017
0.001883877002027169	0.14796176839138742
0.001887817728311591	0.14769639059749018
0.0018917602809598525	0.14743086164351288
0.0018957046824871955	0.14716466972869163
0.001899650930981875	0.14689865124718934
0.001903599032668163	0.14663239014305837
0.001907548993853978	0.14636593676300425
0.0019115008208314625	0.1460992967682728
0.0019154545198074272	0.1458324637333934
0.0019194100973801958	0.1455654393065993
0.0019233675597082073	0.14529823413508722
0.0019273269132123441	0.14503083884263618
0.0019312881644774963	0.14476325010507488
0.0019352513198874946	0.1444954815174255
0.0019392163858239504	0.14422752874606656
0.0019431833689316925	0.1439593855227543
0.0019471522758106351	0.14369106240361137
0.0019511231126788698	0.14342255708670315
0.0019550958866312554	0.14315385845584996
0.0019590706046472527	0.14288498781822087
0.001963047272122086	0.14261593309747153
0.0019670258963778967	0.14234669792261856
0.0019710064840764907	0.14207728395802416
0.0019749890419216783	0.1418076889878944
0.00197897357758372	0.14153790888549836
0.001982960096394293	0.1412679569493124
0.0019869486057359827	0.14099782904223873
0.001990939112575037	0.1407275210685004
0.001994931623638237	0.14045704048678426
0.001998926145528043	0.14018637652867155
0.0020029226861799643	0.13991554333352985
0.0020069212518841065	0.13964453875280178
0.0020109218496505666	0.1393733578203793
0.0020149244866725907	0.1391020003573766
0.0020189291699568446	0.13883047186811115
0.0020229359066515455	0.13855877216156073
0.002026944703677233	0.1382869076459386
0.002030955568233794	0.13801486592425835
0.0020349685076039735	0.13774265623795254
0.002038983528926161	0.13747027935859885
0.00204300063936355	0.13719773327221121
0.002047019846443364	0.13692501598888035
0.0020510411571340184	0.13665213759674047
0.0020550645791506234	0.13637908592117243
0.002059090119486112	0.13610587748850947
0.0020631177857987773	0.1358324955844472
0.002067147585402945	0.1355589530066402
0.0020711795258438535	0.1352852468946007
0.0020752136144263716	0.13501137899228288
0.0020792498590623083	0.13473734193265444
0.0020832882669753155	0.13446315021958033
0.0020873288458460185	0.13418879559451183
0.002091371603415294	0.13391428253489238
0.0020954165471044287	0.13363960467551605
0.0020994636848235956	0.13336476830404068
0.0021035130243108996	0.13308977338425187
0.0021075645731338565	0.13281462615385248
0.0021116183392690157	0.13253931496886273
0.0021156743305674004	0.13226384876197742
0.0021197325548325163	0.1319882284096541
0.0021237930198779033	0.13171245390848402
0.0021278557337325176	0.13143652085608634
0.0021319207051164212	0.13116043106234812
0.0021359879407805275	0.1308841942326594
0.0021400574491753934	0.1306078042339774
0.0021441292384870615	0.13033125762538095
0.002148203317240878	0.1300545579740983
0.0021522796929106156	0.1297777157760015
0.0021563583739987514	0.12950071891502807
0.002160439368689425	0.12922357268530513
0.0021645226854176973	0.12894627286212282
0.0021686083323858105	0.12866882816495293
0.0021726963181239187	0.1283912335268168
0.002176786650678705	0.12811349761838706
0.0021808793385687947	0.1278356119913789
0.0021849743903044686	0.12755757849464566
0.002189071814555958	0.1272793981212883
0.002193171619409833	0.1270010786307679
0.0021972738139556134	0.1267226150700824
0.002201378406278785	0.12644400928010774
0.0022054854057770366	0.12616524632429318
0.0022095948206519896	0.12588635323288183
0.0022137066597368795	0.1256073159209649
0.0022178209317518975	0.12532808475163298
0.002221937650867048	0.1250486818182202
0.0022260568156433494	0.12476938782266417
0.0022301784397122056	0.12448976334489542
0.0022343025324280904	0.1242100254465876
0.002238429102480005	0.12393015612458894
0.0022425581592035	0.12365014166632486
0.002246689711462369	0.12337005080472951
0.002250823762874704	0.12308985248609623
0.0022549603335801135	0.12280926470853314
0.0022590994275017286	0.1225287341763397
0.002263241053741993	0.12224804611341837
0.002267385221466027	0.12196722589359082
0.002271531940181895	0.12168626898582238
0.0022756812191388077	0.12140517970950579
0.0022798330681000744	0.12112395597654954
0.0022839874960221902	0.12084260844267962
0.002288144512631762	0.12056112469778259
0.0022923041275976145	0.1202795090613116
0.0022964663504998943	0.11999776503033223
0.0023006311908690207	0.11971589686152298
0.002304798658307094	0.1194338970421856
0.0023089687629409194	0.11915176439577975
0.0023131415141277064	0.11886951488788448
0.0023173169220252793	0.11858712864286679
0.0023214949964595884	0.11830461849747113
0.002325675747175949	0.11802198867758945
0.002329859184255372	0.11773923107659484
0.0023340453175620616	0.1174563499569692
0.002338234157650459	0.11717333579278891
0.00234242571420548	0.11689020964758551
0.002346619997695058	0.11660695287202745
0.0023508170182825524	0.11632357883905485
0.0023550167859759824	0.11604008493292003
0.0023592193113295096	0.11575646557362759
0.0023634246047598696	0.11547272575998868
0.002367632676585909	0.11518886969831925
0.00237184353729507	0.11490489187073985
0.0023760571976193558	0.11462079352458773
0.002380273667847393	0.11433658405598333
0.002384492958870835	0.11405224765641886
0.0023887150811448487	0.11376780331719684
0.0023929400454831386	0.11348323606261189
0.0023971678627804135	0.11319855305557931
0.0024013985439431803	0.11291375482345019
0.002405632099371412	0.11262884698949789
0.00240986854070866	0.11234381918450753
0.0024141078787544333	0.11205867851183575
0.0024183501243530566	0.11177342840336715
0.0024225952889610643	0.11148805934700873
0.0024268433834781977	0.1112025827047243
0.0024310944194662386	0.11091701184272708
0.002435348405520478	0.11063134435331423
0.0024396053580417556	0.11034546879937847
0.0024438652856474483	0.11005955965594384
0.0024481282001184808	0.10977352745519946
0.002452394112866509	0.10948738837612841
0.0024566630355141355	0.10920114023188
0.002460934979713982	0.10891463391714785
0.0024652099743607716	0.10862794301516487
0.0024694879971352847	0.10834191317500154
0.00247376906568775	0.10805530577069963
0.0024780532138810128	0.10776823949295279
0.0024823404427668783	0.10748139740828151
0.0024866307643208116	0.10719440346913725
0.0024909241908328272	0.10690730374126434
0.002495220734047606	0.10662010503912715
0.0024995204065598902	0.10633279585262126
0.002503823220330222	0.10604539110902736
0.002508129187892942	0.10575787870028153
0.0025124383216345875	0.10547026341960021
0.0025167506337673345	0.10518255267706556
0.0025210661370714846	0.10489473453100116
0.0025253848441015372	0.10460681840236316
0.0025297067673221148	0.10431880502162129
0.0025340319196494785	0.10403068723478141
0.0025383603138760882	0.10374247372440203
0.0025426919625589593	0.1034541626223883
0.002547026879129466	0.1031657468974185
0.002551365076115637	0.1028772436152703
0.002555706567111954	0.10258863409154868
0.0025600513646089175	0.10229982783601406
0.002564399494771888	0.10201087548150022
0.002568750945551379	0.1017222857600023
0.0025731057429666847	0.10143324402199186
0.0025774639003788907	0.1011441584364465
0.002581825431256504	0.10085497935531586
0.0025861903491667827	0.10056570446733709
0.002590558667881782	0.10027633464750303
0.002594930398530755	0.09998687577525375
0.002599305562061534	0.09969732431346043
0.002603684165290668	0.09940767368854364
0.002608066226574618	0.09911793660922573
0.002612451755676583	0.0988281077435762
0.002616840768854039	0.09853818492250543
0.0026212332802252867	0.09824817458581207
0.002625629303861865	0.09795807456151358
0.002630028851719732	0.09766788029711945
0.00263443194324013	0.09737771069683317
0.0026388385758327176	0.09708750630597308
0.002643248776466004	0.09679671892650259
0.0026476625781192745	0.09650622448562513
0.0026520799793165223	0.09621558774246224
0.0026565009947621004	0.09592486545773389
0.0026609256555666493	0.09563398763373512
0.002665353953716707	0.0953469458106326
0.0026697853520358554	0.09506212628461913
0.002674220965966271	0.09475933743630932
0.002678660269496403	0.09447012102696081
0.002683103277746444	0.0941788814207933
0.0026875500058118097	0.09388756820944073
0.002692000468061723	0.09359617247799945
0.0026964546826024308	0.09330465167540747
0.0027009126640227697	0.0930130792078478
0.002705374444113069	0.09272141592271374
0.002709839986963397	0.09242967255896117
0.0027143093626255904	0.09213784841900922
0.0027187825682568685	0.09184593889878132
0.002723259641236355	0.091553944516945
0.0027277405558412417	0.09126186914053146
0.002732225348831956	0.09096970548709572
0.0027367140381329242	0.0906774524962627
0.00274120663747728	0.09038516085586613
0.002745703160682691	0.09009275711635283
0.0027502036360841312	0.08979550836245008
0.0027547087615684817	0.08949578844810728
0.002759217182827765	0.08921717546156818
0.0027637296017878625	0.08892304247887403
0.002768245890661527	0.08863176457821638
0.0027727663381556964	0.08833624458208159
0.002777290833657254	0.08804383670761881
0.002781819381347633	0.08775097198141167
0.0027863520005226056	0.08745815573282711
0.002790888696055815	0.08716312326018685
0.0027954298306684575	0.08686622960314427
0.002799974830336188	0.08657833910502438
0.0028045239922753727	0.08628388645285404
0.002809077322794241	0.08599055665991767
0.0028136348162641827	0.0856972683507907
0.002818196532595856	0.08540325386459134
0.0028227624732790153	0.08510956700281234
0.002827332656901182	0.08481536652642932
0.0028319071613419735	0.08452084954213122
0.0028364858947617705	0.08422787537090934
0.0028410689267698345	0.08393366561264508
0.0028456562762011364	0.08363954033374119
0.002850247961930978	0.08334533908209422
0.0028548440031188776	0.08305218791191361
0.0028594442373400856	0.08275957028114221
0.002864049037432543	0.08246191808493827
0.002868658250705791	0.0821679414556213
0.0028732718966253054	0.08187202438164348
0.002877890213474904	0.08157532648061198
0.002882512792807809	0.08128443583214143
0.0028871398641541995	0.0809889922325177
0.0028917714473872674	0.08069411098221799
0.0028964075620539413	0.08039915160259974
0.0029010482291135587	0.08010411533060652
0.002905693468670399	0.07980900479840557
0.0029103433010622013	0.07951372848287729
0.002914997761180828	0.07921834030017907
0.0029196568397816293	0.07892330173533182
0.0029243205733620816	0.0786278413846441
0.0029289889827397303	0.07833431921794687
0.0029336617493586703	0.07804171658299992
0.002938339566478693	0.07774033106915415
0.0029430221233420757	0.07744556563902898
0.00294770944126659	0.0771497759455955
0.0029524015420660374	0.07685390802051838
0.002957098447383305	0.07655615531776547
0.002961800501956304	0.07625736210616539
0.0029665070973432903	0.07596645967871407
0.0029712185631815538	0.07566943849001238
0.002975934921925148	0.07537319253375108
0.002980656196050306	0.07507687078535637
0.0029853824080141845	0.07478047443596138
0.002990113580471779	0.07448400077404259
0.002994849736600031	0.07419029301458334
0.002999590371300726	0.07389505883691753
0.003004337091362485	0.07358566049187946
0.003009088336647251	0.07329872760621058
0.003013844658181738	0.0730004650276627
0.0030186060799597433	0.07270352131506798
0.003023372625567721	0.07240650231289546
0.0030281443001118034	0.07210940459754486
0.0030329211648211156	0.07181222605319304
0.003037703225382477	0.0715149699248351
0.0030424905065508335	0.07121763043023167
0.003047283032520575	0.07092021567661409
0.003052080828086968	0.07062582180142796
0.0030568833052679336	0.07033292112152537
0.0030616917009444315	0.0700261626817145
0.0030665054436425716	0.06972990263162175
0.003071324554009759	0.06943211075282262
0.0030761490599908636	0.06913422157444761
0.0030809789816770208	0.06883626995283118
0.003085814356120798	0.06853807896620721
0.003090655210298937	0.06823988248387458
0.003095501556811532	0.06794173774889149
0.003100353428901089	0.0676433904523179
0.0031052108531650735	0.06734497543212431
0.003110073855846637	0.06704647608709081
0.003114942464479257	0.06674788219490162
0.0031198167059642377	0.0664492057732586
0.003124696607306901	0.06615044036110136
0.0031295821960145723	0.06585158258131579
0.0031344735004498405	0.06555263390391025
0.00313937054675156	0.06525361068325809
0.00314427336393588	0.06495448172676994
0.003149181979874373	0.06465526524506283
0.003154096423167697	0.06435595461728293
0.0031590167220265147	0.06405655297945428
0.003163942905482124	0.06375705380649807
0.0031688750022573838	0.06345746197829058
0.0031738130415674896	0.06315777312838931
0.0031787570525885285	0.06285798784336062
0.0031837070650833077	0.06255810321149359
0.0031886631085651486	0.06225812152231302
0.0031936252131348057	0.06195803882759756
0.003198593408686826	0.061657856343668646
0.0032035677256205533	0.061357570834382834
0.0032085481946782656	0.06105718247260603
0.003213534846209407	0.06075669272168388
0.003218527711544778	0.060456093694473925
0.003223526821720344	0.060155391506386935
0.003228532207889163	0.059854581923877395
0.0032335439020981394	0.059553660463784
0.0032385619358510226	0.05925263176682773
0.0032435863414985162	0.05895149003474361
0.0032486171508391494	0.05865023850873416
0.0032536543968509123	0.0583488688881566
0.003258698111933299	0.05804738785115585
0.003263748329213721	0.05774578807631537
0.003268805081769497	0.057444071405132434
0.0032738684030540225	0.05714223309137913
0.003278938326856734	0.056840274599822264
0.003284014886965011	0.05653818998265452
0.003289098117818292	0.05623592911516654
0.0032941880671413046	0.055933522306016316
0.0032992847418559404	0.05563122123090362
0.0033043881949339072	0.055328605996367124
0.0033094984533367368	0.05502588492042364
0.003314615556391239	0.05472303256885808
0.0033197395398592705	0.054420043055501764
0.003324870439679492	0.05411691752246831
0.003330008291645735	0.053813654990458405
0.003335153132547666	0.05351024902547727
0.0033403049986683673	0.05320670290854505
0.0033454639272357616	0.052903009077166496
0.00335062995524322	0.05259917041663068
0.0033558031203435035	0.05229518133688409
0.0033609834599545715	0.051991100150112955
0.0033661709954169823	0.05168689267684859
0.003371365798546242	0.05138221462420211
0.003376567907581222	0.05107755160013955
0.003381777328693982	0.0507729474072155
0.0033869941173317515	0.05046798659745517
0.0033922183128786893	0.05015598413734387
0.0033974520419483914	0.049840443981835014
0.0034026911974883375	0.04955531305772515
0.003407937880109109	0.04924634192610729
0.0034131921307538372	0.048940548977705584
0.0034184539902392683	0.0486345767391823
0.0034237234998449107	0.048328422540759176
0.0034290007007568785	0.04802208365674788
0.0034342856351490462	0.04771555286447095
0.003439578345100835	0.047416056697766
0.00344487653241959	0.0471198916522869
0.003450184889975194	0.046791533877548024
0.003455501150939274	0.0464803902406231
0.003460827793686079	0.04616933583768274
0.003466157556349236	0.045894145374950235
0.0034714977887385645	0.04556095585530115
0.0034768460999566393	0.045256378316542153
0.0034822025345568105	0.04494800191149438
0.003487567137806585	0.04463939935626543
0.0034929399552432253	0.044330569605511294
0.0034983210323067874	0.04402150987733715
0.0035037104151919934	0.04371221350518209
0.0035091081494953436	0.04340267692757303
0.0035145143522170826	0.04309289561622592
0.003519928933993868	0.042782895533063546
0.0035253519983041363	0.04246691338315971
0.0035307857441177963	0.0421477390648977
0.0035362259867928866	0.041853766600611776
0.00354167486828997	0.041545772725249196
0.0035471301356199206	0.04124274121578147
0.0035525965568340653	0.04091339843501942
0.0035580716126247572	0.04060546567075127
0.0035635555155315705	0.04029304195998012
0.0035690482951594234	0.03998063592218034
0.0035745500132063615	0.039667840494444814
0.0035800607206327986	0.03935475313973709
0.003585580469138315	0.03904135581095359
0.003591109311061768	0.038727641579572876
0.0035966472985299266	0.03841360742731664
0.0036021944846931927	0.038099242957446204
0.0036077509228158882	0.03778454489909396
0.0036133170182546873	0.037469506047525136
0.0036188917705345072	0.03712934298272543
0.0036244870846894608	0.03680179523825289
0.0036300702777357307	0.03659528941372158
0.0036356737897043244	0.03619378960383786
0.003641286882167421	0.03588895830290507
0.003646909611493985	0.035571729163779015
0.0036525420344337097	0.03525410757672538
0.0036581841922636226	0.034935963072509554
0.0036638362322834895	0.0346173593179123
0.0036694980804458026	0.034298885848490335
0.0036751698540718717	0.03397956084129798
0.003680851610745394	0.0336611056692648
0.0036865428061935695	0.03334278924739778
0.0036922447029915967	0.033018583153865466
0.003697956762793637	0.032697943550053406
0.0037036791463292756	0.032376144688470734
0.00370941171659748	0.0320547362033915
0.0037151546335037725	0.03173217081353762
0.003720907959173827	0.03140920329933767
0.0037266717564046798	0.031085728329019797
0.0037324460880286945	0.030761736291414155
0.003738231017712977	0.03043721512421643
0.003744026609403791	0.03011215541767663
0.003749832927515546	0.02978654516533293
0.0037556500371037638	0.029460371985372873
0.0037614780036650357	0.029133624351399014
0.003767316893116991	0.028806290966916382
0.0037731667716033312	0.028478358983758268
0.003779027706323374	0.028149814214768254
0.0037848997644880046	0.027820645857143535
0.003790783013727293	0.02749083944644772
0.0037966775225490488	0.027160380107029893
0.003802583359802136	0.02682925503354273
0.003808500594432904	0.026497449990951386
0.003814429296430959	0.026164948660116732
0.003820369535791615	0.025831737385834132
0.0038263213832648198	0.025497799314449607
0.00383228490983089	0.025163119203539672
0.0038382601872526964	0.024827679962541708
0.0038442472872009074	0.024491465871172687
0.00385024628251876	0.024154457475965153
0.003856257245694436	0.02381663951974195
0.003862280250473294	0.02347799117390261
0.0038683153702378514	0.023138496182673676
0.0038743626792624632	0.022798133350290854
0.0038804222522586694	0.02245688318132469
0.003886494164150897	0.022114725975237948
0.003892578490280668	0.021771640599834104
0.003898675306228282	0.02142760569422689
0.00390478468835409	0.021082598108786342
0.003910906713054341	0.020736596415365155
0.003917041456981755	0.020389576661234744
0.003923188997508126	0.020041510997001324
0.003929349414843685	0.019692377818305337
0.0039355227806575415	0.019342166937267737
0.003941709176086513	0.018990825661765878
0.003947908679151506	0.018638340795248596
0.003954121368689973	0.01828468191693968
0.003960347323048751	0.017929822095798298
0.0039665866210108125	0.017573730384473924
0.003972839342194978	0.0172163761976893
0.003979105565002076	0.016857729206384987
0.003985385369103431	0.016497756428800935
0.003991678833676841	0.016136424696206558
0.00399798603822542	0.015773699213421574
0.004004307087945947	0.015409544519894635
0.004010641978632552	0.015043924256136439
0.004016990880374599	0.014676799886719981
0.004023353839962998	0.01430813311203573
0.004029730937219878	0.013937882216630067
0.004036122251345588	0.01356600625728008
0.00404252789384592	0.013192410603119428
0.004048947951739535	0.012817096958853726
0.004055382369374735	0.01244025586683868
0.004061831333938635	0.012061380652965137
0.00406829487973524	0.011680699094263251
0.004074773162421349	0.011298074824146296
0.004081266217412106	0.0109135248493595
0.004087774124667326	0.010526951160223091
0.004094296964100717	0.010138307508055212
0.004100834807067066	0.009747530505463465
0.004107387754554445	0.009354535043196976
0.004113955881828771	0.00895929617655895
0.004120539264987174	0.008561727178108157
0.004127138000816638	0.008161761766812032
0.0041337521722247346	0.007759328115280036
0.004140381905914673	0.007354351360618048
0.004147027212532833	0.0069467541822919405
0.004153688292449651	0.006536475494949467
0.004160365181710191	0.0061234007762843165
0.004167058146442845	0.0057073701431281584
0.004173767174400146	0.0052885151921494835
0.004180492491848917	0.00486654188211149
0.004187234293829967	0.0044414301173784036
0.004193992814455533	0.004013076848156057
0.004200768339367627	0.0035813877138326936
0.00420756122179904	0.0031462721950780725
0.004214371901125776	0.0027076261349673163
0.004221201091883894	0.002265399246879942
0.0042280491162928835	0.0018196291981542817
0.004234916977638656	0.0013701805607261475
0.004241805505305505	0.0009171321882805364
0.004248715389433346	0.00046050876950568865
0.005950527579819032	0.0006554291121269828
0.0059569665044723625	0.0013053266092442333
0.005963385506392161	0.001950132461765086
0.0059697852663985135	0.0025898098805505767
0.0059761666427851955	0.0032242450129276175
0.005982530386152545	0.0038536290116964822
0.005988876888248655	0.004477906696064046
0.005995206814090751	0.00509714809200767
0.00600152057418819	0.005711499919510381
0.0060078184987172045	0.00632108951083609
0.006014100854937473	0.006926049686029089
0.006020367862007192	0.007526525650981459
0.006026619702716265	0.008122544571764614
0.006032856587197337	0.008714523502524874
0.0060390784627589915	0.00930227376029099
0.006045285655325293	0.009886021502336823
0.00605147823707234	0.01046592834228292
0.0060576562135717105	0.011042079860185742
0.006063819766113145	0.01161458475409745
0.00606996895006167	0.012183548237013795
0.006076103856301623	0.012749071213939379
0.006082224556426387	0.013311246708497844
0.006088331138899221	0.0138701968490946
0.006094423669459377	0.014425955859986395
0.006100502244464546	0.014978643586602742
0.006106566930699782	0.015528348973363986
0.006112617803579693	0.016075136587199886
0.006118654938472497	0.01661914464928885
0.006124678416775324	0.017160347742529315
0.006130688288770145	0.017698938673474315
0.006136684634736511	0.018234592184007227
0.006142667637355129	0.018768027923584476
0.006148637172742379	0.019298973616823624
0.00615459345117222	0.01982742566389321
0.006160536515510076	0.020353517517069077
0.00616646644060823	0.02087730625609001
0.006172383301651837	0.021398850064195212
0.006178287205583775	0.02191820227042056
0.006184178137321425	0.022435416543775576
0.00619005625512221	0.022950543462525334
0.006195921608477241	0.02346363233045742
0.006201774272252723	0.023974731508846
0.006207614321321599	0.024483887049420363
0.006213441830063006	0.02499114474142697
0.006219256873489693	0.025496546604964573
0.006225059526032762	0.02600013502770497
0.006230849862003967	0.026501952914969585
0.006236627955195995	0.027002037463865338
0.006242393879865574	0.027500430836108664
0.006248147709494165	0.027997150707072566
0.006253889520813237	0.028492270907221912
0.006259619380923112	0.028985804838518658
0.006265337365571446	0.029477782137728573
0.006271043547614489	0.029968241321482507
0.006276737999354053	0.03045721536849541
0.006282420792711533	0.03094473367075442
0.006288091999643948	0.031430828068883664
0.006293751691296552	0.03191552786257361
0.006299399938734796	0.032398862027972306
0.0063050368124860255	0.03288085750803986
0.0063106623829718945	0.033361540955724925
0.006316276720096039	0.033840941441241605
0.006321879893062118	0.034319081016488735
0.006327471971347293	0.034795988231967966
0.00633305302313916	0.03527168372324335
0.0063386231172249145	0.03574619408875266
0.006344182321017575	0.036219540624112014
0.006349730702155994	0.03669174657246887
0.0063552683274697664	0.037162832552523874
0.006360795263700265	0.037632821472267465
0.006366311576751687	0.038101731697602774
0.006371817332533666	0.03856958537854074
0.006377312596088959	0.03903640170573577
0.006382797432239231	0.039502197840436286
0.006388271905510316	0.03996699388424791
0.006393736079713967	0.04043080935500187
0.0063991900181259165	0.04089365857245131
0.0064046337840332045	0.04135556066172179
0.0064100674398683555	0.04181653284715849
0.006415491047653072	0.042276590150952705
0.006420904669193215	0.04273574792220577
0.0064263083657805035	0.04319402272435972
0.006431702198074276	0.043651430588151414
0.006437086226246808	0.04410798385974089
0.0064424605104309515	0.04456369864963537
0.006447825110002494	0.04501858759055714
0.0064531800840539584	0.04547279910488233
0.00645852549107573	0.04592526151299977
0.006463861487538656	0.04637816867044783
0.006469187932853619	0.046829321492814664
0.006474504984258418	0.04728542108145614
0.00647981210004898	0.04773305579506
0.006485110539276291	0.048180774387741765
0.006490399754385246	0.048629612219762426
0.006495679799493642	0.04907712745503223
0.006500950788665924	0.04952471107151527
0.006506212676875894	0.049971526239995685
0.00651146554311604	0.05041748175236161
0.006516709458128074	0.05086276157022854
0.006521944475589223	0.0512903518252423
0.0065271706482839375	0.05185480083711273
0.006532377234425148	0.052142827748860844
0.0065375966680557215	0.052602242207439864
0.00654279697225306	0.05307939994185663
0.006547987937320326	0.053520837856247165
0.006553170668746645	0.0539616663741609
0.006558344865552507	0.054401894719393495
0.006563510577895547	0.05484152654477513
0.006568667856047056	0.055280575594736245
0.006573816749073526	0.055719045165041406
0.006578957306465707	0.05615694408885554
0.006584089576761809	0.05659429693775309
0.006589213608920642	0.057030964783178616
0.006594329460580003	0.057467522792166895
0.00659943715908183	0.05789758960020306
0.006604536912979632	0.058357815465563435
0.006609626349126957	0.05878067210118827
0.0066147099364756365	0.05921041244335649
0.00661978556713767	0.05962017973060985
0.006624855381025123	0.06006545666330225
0.006629915190879424	0.0605060745817303
0.006634967192921081	0.06093808857541756
0.006640011353348769	0.06136964930350292
0.006645047853484365	0.06180071908381012
0.0066500766673309635	0.06223130335541433
0.006655097839658522	0.06266140619097016
0.006660111414001884	0.06309103605242435
0.0066651174333770555	0.06352019591069118
0.006670115940702572	0.06394888628399348
0.006675106978848149	0.0643720584048924
0.006680090589805841	0.06483550042573934
0.006685064380240339	0.06521685442321673
0.006690035697628782	0.0656487191171472
0.006694997277411895	0.06608055381343374
0.006699951595991181	0.06653653894793815
0.006704896383924606	0.06694690717977933
0.006709836331762953	0.06736182380446419
0.006714769139039209	0.06778651389117872
0.00671969484544259	0.06821077332133323
0.006724613490885902	0.06863461134193147
0.006729525114359588	0.06905803085218706
0.006734429754760429	0.0694810346731823
0.00673932745081109	0.06990835829405663
0.0067442182411075816	0.07030188852014502
0.006749104224144748	0.0707381482912865
0.006753981290721471	0.0711692490125626
0.006758851565213563	0.07159025090580942
0.006763715084910164	0.07201058145873354
0.006768571903186372	0.07243082547378793
0.006773422024016137	0.07285092015726068
0.006778265483604917	0.07327018011955967
0.006783102351744671	0.07368908974246371
0.006787932647479487	0.07410769623425902
0.006792756406561712	0.074525916484521
0.006797573664508632	0.07494375743749537
0.006802384456223409	0.07536121409943307
0.006807188817011023	0.07577829619339232
0.0068119867812111625	0.07619499817178431
0.006816778383611598	0.07661132816855773
0.0068215636580858255	0.07702728663720078
0.00682634263868054	0.077442871047208
0.0068311153593006825	0.07785808876154836
0.006835881849012733	0.07827297464504036
0.006840642149566497	0.0786872347023039
0.006845396303757684	0.07910145874844653
0.006850144316716059	0.07951529177111831
0.006854886234255611	0.07992869024752931
0.006859622088737333	0.0803417237709429
0.006864351912855705	0.08075439979298364
0.006869075738029649	0.08116671534379043
0.006873793596332171	0.08157867618589312
0.006878505518938859	0.08199027882337898
0.006883211537293252	0.08240153263780564
0.006887911681974999	0.0828124273410147
0.006892605984258227	0.08322297369119074
0.0068972944743681	0.08363316623328065
0.00690197718293227	0.08404301220982817
0.006906654139833535	0.08445250420542479
0.00691132537536621	0.08486164761809918
0.006915990919126642	0.08527044749404195
0.0069206508005097	0.08567889435586594
0.006925305049251781	0.08608699837997176
0.006929953694160516	0.08649475662116354
0.006934596764287061	0.08690216794788752
0.0069392342883886305	0.0873092360117947
0.006943866295090355	0.08771595822096359
0.0069484928128108895	0.0881223392272117
0.006953113869601146	0.0885283749376821
0.00695772949358059	0.0889340685533236
0.0069623397125002226	0.08933941837282822
0.00696694455407168	0.08974442963701823
0.006971544045543742	0.09014909463290453
0.006976138214493109	0.09055342162762768
0.0069807270877253105	0.0909574053559393
0.006985310692292245	0.09136105421836764
0.006989889054701389	0.09176434185106098
0.006994462202543563	0.09216731105544732
0.0069990301605570415	0.0925699380693455
0.007003592955712443	0.0929722199737892
0.007008150613925535	0.09337416063424761
0.007012703161295517	0.09377576822873157
0.0070172506230704226	0.09417702509017048
0.007021793025457401	0.09457794466110538
0.007026330393407196	0.09497854929385482
0.007030862752152588	0.09537864966079793
0.007035390133650088	0.09577860038274813
0.007039912548799758	0.09617832053088768
0.007044430024045889	0.09657748249547657
0.0070489425948552795	0.09697633265639655
0.007053450279915054	0.09737482148089052
0.0070579531059738465	0.0977709452419601
0.00706245109243524	0.09818149782629924
0.007066943666711077	0.09857247647571911
0.0070714320641767185	0.09896531226984924
0.007075915695647457	0.09936213459368015
0.007080394584972353	0.09975862133365582
0.007084868755009547	0.10015476035138507
0.007089338229329601	0.10055055888693337
0.007093803048979398	0.10094601159138233
0.007098263200099883	0.10134112059400124
0.007102718723999807	0.10173588984680569
0.007107169643189037	0.10213226110499879
0.007111615980406455	0.10251261166485842
0.0071160582856001214	0.10292402092175564
0.007120494997501966	0.10331546061202897
0.007124927721647113	0.10370453681248805
0.0071293559521216805	0.10409722496125484
0.007133779710888595	0.10448956486804924
0.007138199019477536	0.1048815595048739
0.007142613899297459	0.1052732064137378
0.007147024371737993	0.10566568853139048
0.00715143045821069	0.10604941703931685
0.007155832487281692	0.10644387503887745
0.007160229849477456	0.10683663952875255
0.007164622888502432	0.10722653710875664
0.00716901162498678	0.10761607882189092
0.007173396079707796	0.10800394957401581
0.007177776272983632	0.10840076746170019
0.007182151892894936	0.10878513551328785
0.007186523632039984	0.109170531594654
0.007190891170699924	0.10955836814990431
0.0071952545287371885	0.10994536734455358
0.007199613744711499	0.11033259910064341
0.007203968802656829	0.11071942206700446
0.007208319739236604	0.11110576072877211
0.007212666573837122	0.11149174132084114
0.0072170093260779	0.1118773594345318
0.007221348014723136	0.11226261260071134
0.007225682659630882	0.1126483876785381
0.007230013279377746	0.1130275957949415
0.007234340102415525	0.11341459179875071
0.00723866271970501	0.1138002454419387
0.007242981368450906	0.1141829509087133
0.007247296067318221	0.11457048379836135
0.0072516066627163565	0.11495078450443219
0.007255913526585304	0.11533156176659712
0.007260216495651353	0.11571352893302253
0.007264515588247849	0.11609512672576709
0.007268810822355493	0.1164765763024806
0.007273102215995061	0.11685605170690605
0.007277389837953649	0.11723739376432639
0.007281673595382443	0.11761803076548462
0.007285953565668108	0.11799768987956505
0.007290229766441261	0.11837753283669324
0.007294502198370872	0.11875610321261622
0.007298770920524494	0.1191344608312011
0.007303035922545303	0.11951409762456916
0.007307297218426722	0.11988440565166925
0.007311555103256646	0.12026686717249942
0.00731580899552386	0.12064648584328641
0.007320059258182776	0.12102277298675701
0.007324305900930832	0.12139885260675658
0.007328548929865627	0.12177402728374485
0.00733278836938195	0.12215321548931124
0.007337024095744926	0.12252628017573979
0.00734125639727128	0.12290300151949907
0.007345485145754706	0.1232580689453798
0.0073497110461263615	0.12364192932645375
0.007353932728843633	0.12402210378791631
0.0073581509168818265	0.12439532687613913
0.007362365615255113	0.12476811483872155
0.00736657684476797	0.1251405680829823
0.007370784618669721	0.12551261619660206
0.007374988953975905	0.12588425998865815
0.007379189845364399	0.1262555088227034
0.007383387350314384	0.1266263567325238
0.007387581463202869	0.12699680236031824
0.0073917722183102115	0.12736685138855808
0.00739595957638528	0.12773650413144672
0.007400143604138477	0.128105745202783
0.007404324300898005	0.12847462771703463
0.007408501680010219	0.1288430502729985
0.007412675758943259	0.1292110706614478
0.007416846551262606	0.12957870048198833
0.007421014071717165	0.12994326562926567
0.007425178335349131	0.13032614841644005
0.007429338842816618	0.13068410259630495
0.007433496652019818	0.13104481393323641
0.007437651221941788	0.13141049012226075
0.00744180260890107	0.13177565975532457
0.007445950810674961	0.13214041814241864
0.007450095841446807	0.1325046869806827
0.007454237731580067	0.13286906137735396
0.007458376448016473	0.13323234189477845
0.007462512050288575	0.13359527831186332
0.007466644540270628	0.13395795128809057
0.007470773926452953	0.13432019755827568
0.007474900225447533	0.13468202276733862
0.007479023450795598	0.13504342930377214
0.0074831436159913806	0.135404407791308
0.007487260732708004	0.13576496062311189
0.007491374818476012	0.1361250945105977
0.007495485881914139	0.13648479153442622
0.0074995939441357155	0.13684406011020697
0.0075036990108493145	0.13720290450433872
0.007507801097581849	0.1375613161372334
0.007511900217535502	0.13791929326462424
0.007515996383798703	0.13827683848996816
0.007520089609240086	0.1386340189300213
0.007524179906835468	0.13899027785450138
0.007528267302048699	0.1393467247806808
0.007532351782336112	0.139702665892806
0.007536433372696711	0.14005803178068563
0.007540512086339325	0.1404129451860826
0.007544587936005187	0.14076743101666783
0.007548660933591891	0.14112146552432764
0.0075527310920033034	0.141475057759535
0.007556798423425865	0.1418282097455279
0.0075608629401286475	0.14218090916528442
0.007564924654574994	0.14253316523664936
0.007568983578724723	0.14288497645908677
0.007573039724765846	0.14323632953373913
0.007577093104978647	0.14358724018279656
0.007581143730938068	0.14393769784687688
0.00758519161499938	0.144287695531612
0.007589236769051503	0.14463724918052817
0.007593279204601998	0.1449863380567671
0.007597318933797223	0.1453349772930576
0.0076013559680418235	0.1456831571699684
0.0076053903191498	0.14603081479414234
0.00760942199861285	0.14637845916668635
0.00761345100720103	0.14672516437922253
0.007617477378126645	0.1470707696801885
0.007621501128983396	0.1474169516463161
0.0076255222368017996	0.14776256466601512
0.00762954073021229	0.14810750883708562
0.007633556620391393	0.14845198552727482
0.0076375699185454215	0.14879599724845136
0.007641580635773097	0.14913952168936614
0.007645588783121937	0.14948267931469023
0.007649594369391528	0.14982523392152577
0.007653597410239999	0.1501673356775814
0.0076575979141702425	0.1505089873889412
0.007661595892129696	0.15085017057223163
0.007665591354772675	0.15119086947227048
0.0076695843131514	0.15153109651010827
0.0076735747776568355	0.15187084664083475
0.00767756275936115	0.15221010987877123
0.00768154826849224	0.15254889979900427
0.0076855313155664235	0.15288720841765277
0.00768951191122987	0.15322503462613887
0.0076934900658220135	0.15356236838549048
0.007697465790081372	0.1538992294702913
0.007701439093831532	0.15423559192749506
0.007705409988050915	0.1545714766508546
0.007709378482410884	0.15490687061624095
0.007713344587412435	0.155241771773013
0.007717308313164276	0.1555761871680321
0.00772126966962518	0.15591011077691283
0.007725228666974107	0.15624353552070383
0.007729185315252366	0.156576468536601
0.007733139624410567	0.15690891297663842
0.007737091604243743	0.15724085053556972
0.00774104126487876	0.1575723058923323
0.007744988615633715	0.15790325043821546
0.00774893366686682	0.15823369661403316
0.0077528764280347445	0.15856363836734172
0.007756816909013749	0.15889308622901757
0.007760755119060637	0.15922203420051653
0.007764691067987964	0.15955046476299808
0.007768624765594505	0.1598784042120561
0.007772556220887873	0.1602058308498501
0.0077764854436974135	0.1605327459410218
0.007780412443422019	0.16085915922518348
0.007784337229213731	0.16118506469725455
0.007788259810492955	0.1615104573776453
0.007792180196591187	0.1618353311969571
0.007796098396781924	0.16215970244172034
0.007800014420153622	0.16248355658150596
0.00780392827594263	0.16280689611802543
0.007807839973262553	0.16312971500229886
0.007811749521286228	0.1634520190021895
0.007815656928892602	0.16377377400095572
0.007819562205023068	0.16409526608041783
0.007823465353293892	0.16441589939886106
0.007827366393572247	0.1647360497218628
0.007831265329142375	0.16505575810967849
0.007835162168865128	0.16537493271466344
0.007839056921766006	0.16569359154424493
0.007842949596243598	0.166011758294082
0.007846840200985729	0.1663291439684079
0.00785072875027068	0.1666463328627563
0.007854615241934225	0.16696295129277763
0.007858499690033912	0.16727896970718867
0.00786238210293605	0.16759445388106942
0.007866262489211986	0.16790942229524056
0.007870140857109539	0.1682238388287378
0.007874017215590095	0.16853772310349313
0.007877891573017177	0.16885107246112024
0.007881763937386665	0.16916389325948272
0.00788563431706056	0.16947617499746562
0.0078895027204536	0.1697879161581942
0.007893369155821953	0.17009911409594858
0.007897233631413217	0.17040977980902355
0.007901096155310107	0.17071990161899747
0.007904956735748262	0.1710294860480037
0.007908815380654402	0.17133852137183744
0.007912672098358836	0.17164701300527446
0.007916526896805953	0.17195495377310832
0.0079203797839399	0.17226235952428282
0.007924230767778392	0.17256921621247964
0.007928079856242278	0.17287551896491574
0.00793192705727319	0.17318127217178497
0.007935772378229724	0.17348648377362824
0.007939615827851592	0.17379114080463634
0.007943457413545765	0.17409524073402668
0.0079472971430918	0.17439878922874524
0.007951135024166145	0.17470178615255197
0.007954971064455073	0.17500423021297232
0.007958805271597123	0.17530610951057043
0.00796263765342341	0.1756074392595993
0.007966468217218938	0.17590821111873634
0.007970296970734531	0.1762084250166121
0.007974123921230428	0.17650807256669257
0.00797794907677385	0.1768071620345359
0.007981772444475595	0.17710568742500865
0.007985594031824817	0.17740365948933684
0.007989413846130815	0.1777010590675575
0.007993231894969444	0.1779978957475833
0.007997048185568366	0.17829416714773805
0.00800086272523297	0.17858987693438397
0.008004675521181044	0.17888500823331668
0.008008486580922817	0.1791795828936325
0.008012295911360429	0.17947357916649762
0.008016103519946874	0.1797670129432213
0.0080199094136084	0.18005987093555442
0.008023713599667156	0.18035215569152935
0.008027516085172512	0.18064386979011218
0.008031316877198416	0.18093501216498514
0.00803511598267427	0.18122557067640777
0.00803891340893043	0.18151556149658307
0.008042709162621458	0.1818049761992761
0.008046503250810667	0.18209381499548483
0.008050295680384392	0.1823820706606052
0.0080540864583605	0.18266974340341469
0.008057875591621492	0.18295683968328622
0.008061663087451338	0.18324336227745674
0.00806544895148841	0.18352929272035176
0.008069233191340541	0.18381464504797748
0.008073015813536108	0.18409940952551201
0.008076796825000438	0.18438359148767114
0.008080576231605697	0.18466719631827827
0.008084354041274762	0.18495020669944884
0.008088130260228333	0.1852326280169515
0.008091904895016745	0.1855144631660251
0.008095677952232136	0.18579570999533673
0.008099449437806102	0.18607636380614362
0.008103219359596962	0.18635644031661536
0.008106987723241968	0.1866359118638881
0.008110754535536016	0.1869147929274038
0.008114519802877335	0.18719308652819727
0.00811828353160043	0.18747077900368664
0.008122045728313014	0.18774787853492012
0.008125806399249185	0.1880243907857478
0.008129565550640629	0.1883002981799184
0.00813332318915439	0.1885756050890728
0.008137079320984708	0.1888503237187745
0.008140833952269746	0.1891244403391924
0.008144587089344214	0.18939795288909334
0.008148338738615823	0.18967086975701652
0.008152088906088446	0.18994318369359747
0.008155837598068285	0.19021482970635278
0.008159584820626693	0.19048634551515564
0.008163330571737031	0.19075665042654652
0.0081670748739652	0.19102640598958692
0.008170817725451104	0.19129569865355958
0.008174559131936387	0.19156439614744253
0.008178299099411614	0.19183247798272465
0.008182037634078172	0.19209995012848488
0.008185774741968826	0.1923668146051026
0.008189510429017933	0.19263307879859437
0.008193244700983794	0.19289872878302802
0.008196977563824287	0.1931637626107594
0.008200709023830353	0.1934281890539241
0.008204439086648939	0.19369199949649937
0.008208167758193547	0.1939552135400573
0.008211895044139165	0.19421775523230816
0.00821562095130501	0.19447975339564647
0.008219345483722114	0.19474112796570522
0.008223068648041204	0.19500186759215413
0.008226790450102552	0.1952619947393088
0.008230510895526209	0.19552150076534286
0.008234229990041466	0.19578039878490433
0.008237947739264109	0.19603851100270303
0.008241664149066519	0.19629710842644116
0.008245379206719968	0.1965536543773338
0.0082490929545857	0.19680976140904877
0.008252805379562408	0.1970655456421444
0.008256516487681467	0.1973207178844117
0.00826022628414321	0.19757526258607658
0.008263934774801137	0.19782917933366964
0.008267641964948442	0.19808248153595087
0.008271347860068503	0.19833515360834272
0.008275052465779632	0.19858720487254614
0.008278755787393347	0.1988386210815746
0.008282457830538312	0.19908941994747342
0.008286158600366177	0.19933958303089258
0.008289858102588005	0.1995891253366705
0.008293556342363598	0.19983802697961503
0.008297253325290398	0.20008631002673757
0.008300949056370691	0.2003339615756659
0.00830464354115517	0.20058098274407782
0.008308336784960802	0.20082733805476963
0.008312028793557065	0.20107311171838166
0.00831571957104458	0.20131824148460828
0.008319409123289465	0.2015627256824151
0.008323097455593979	0.20180658809609842
0.008326784572927216	0.20204980441224887
0.008330470481841878	0.20229238716866185
0.008334155185129135	0.2025343361506732
0.00833783868796012	0.2027756454646393
0.008341520997882658	0.20301632347528126
0.008345202119884978	0.20325635142728227
0.008348882056883196	0.20349575632578287
0.008352560813545391	0.20373451509700752
0.008356238398001889	0.2039726405076837
0.008359914813256625	0.20421011228349326
0.008363590064967322	0.20444695331349325
0.008367264157812318	0.20468315050716723
0.008370937096910435	0.20491869797220474
0.008374608887394842	0.20515361439516996
0.008378279533889272	0.2053878910156819
0.008381949041449795	0.20562150744209345
0.008385617415213558	0.20585449408638615
0.008389284659715291	0.20608682616232274
0.008392950780187805	0.2063185254737668
0.008396615781158908	0.20654956863536852
0.008400279667796207	0.20677996583324518
0.008403942444734294	0.20700971556932724
0.008407604116958131	0.20723882267142374
0.008411264689094415	0.20746727700996714
0.008414924166084919	0.20769508417007523
0.008418582552586583	0.20792224401784726
0.008422239853325478	0.2081487526005867
0.008425896073135488	0.20837461127695117
0.008429551216711078	0.20859981860985025
0.008433205288757043	0.20882437509472335
0.008436858293914034	0.20904828005169396
0.008440510236851197	0.209271532809992
0.008444161122295164	0.20949413166507028
0.008447810954866512	0.20971607864100777
0.008451459739142674	0.2099373707069885
0.008455107479754363	0.2101580084184676
0.008458754181348904	0.21037799219158598
0.008462399848474965	0.21059732245592022
0.008466044485596473	0.21081599290265188
0.008469688097419251	0.21103400877714765
0.008473330688384137	0.21125136843091144
0.008476972263001153	0.21146807067659165
0.008480612825817805	0.2116841155367625
0.008484252381269973	0.21189950153436482
0.008487890933813063	0.212114229919425
0.008491528487986842	0.21232829801853556
0.008495165048244569	0.21254170831555086
0.008498800618943913	0.2127544572378048
0.008502435204517914	0.21296654622982703
0.008506068809385418	0.2131779744643505
0.008509701437892458	0.2133887421904467
0.008513333094444029	0.2135988463089357
0.008516963783385385	0.2138082901392537
0.008520593508980273	0.21401707074569842
0.008524222275583946	0.21422518764717197
0.008527850087709508	0.21443264220855482
0.00853147694950219	0.21463943273741717
0.008535102865223427	0.21484555939199992
0.008538727839191492	0.21505102018328787
0.00854235187554581	0.21525581698084886
0.008545974978723387	0.21545994796282095
0.008549597152932065	0.21566341254977558
0.008553218402257349	0.21586621187018581
0.008556838731009554	0.21606834443144055
0.008560458143254802	0.2162698090569223
0.008564076643330728	0.21647074937178737
0.008567694235325371	0.21667002531521487
0.00857131093793517	0.2168699259939548
0.008574926726043397	0.21706900732543338
0.00857854161833916	0.21726713132993597
0.008582155619189954	0.21746458686539558
0.008585768732594626	0.21766137280492073
0.00858938096264449	0.21785748740047295
0.008592992313399833	0.2180529329850365
0.00859660278893112	0.21824770798028692
0.008600212392786357	0.21844181097192955
0.008603821129987173	0.21863524401118312
0.00860742900408019	0.21882800396337868
0.008611036018997995	0.21902009195549058
0.008614642178860717	0.21921150801733505
0.008618247487630558	0.21940225203124147
0.00862185194921014	0.21959232182939967
0.008625455567645015	0.21978186884509948
0.008629058346818168	0.2199696950475707
0.00863266030565816	0.22015820005602038
0.00863626141804454	0.22034587515195792
0.008639861702979692	0.2205325762788546
0.00864346116428066	0.22071860188519957
0.008647059805996846	0.22090395191593917
0.008650657631909437	0.22108862727874048
0.00865425464591368	0.22127262601461753
0.008657850851708882	0.22145594937033986
0.008661446253462261	0.22163859635820823
0.008665040854795518	0.22182056615872503
0.008668634659478326	0.22200186004506572
0.008672227671475807	0.2221824754424946
0.008675819894504612	0.22236241412555457
0.008679411332349583	0.2225416756221422
0.008683001988807155	0.22272025834057516
0.008686591867644602	0.22289816295319823
0.008690180972577793	0.2230753888475784
0.008693769307399138	0.22325193703673754
0.008697356875802092	0.22342780497920192
0.008700943681507327	0.2236029946777989
0.008704529728248301	0.2237775045732103
0.008708115019611102	0.22395133473849657
0.008711699559485144	0.2241244846016143
0.00871528335145242	0.22429695522622142
0.008718866399138747	0.22446874409900708
0.008722448706276878	0.22463985311608525
0.008726030276462585	0.22481028189513516
0.008729611113308994	0.2249800289192197
0.008733191220498843	0.2251490951296051
0.008736770601612948	0.22531747918251877
0.008740349260166605	0.22548518138023102
0.008743927199966172	0.22565220235932598
0.008747504424462382	0.22581854161556802
0.008751080937214448	0.22598419815827395
0.008754656741842738	0.2261491716605263
0.008758231841886194	0.2263134636138182
0.008761806240833607	0.2264770717256823
0.008765379942296635	0.22663999701071377
0.008768952949767189	0.2268022396631947
0.008772525266636655	0.22696379872873432
0.00877609689663064	0.22712467425191268
0.008779667843147064	0.2272848654550491
0.008783238109663544	0.2274443732254565
0.008786807699632318	0.22760319762757056
0.008790376616550815	0.22776133640756793
0.00879394486388846	0.22791879230559076
0.008797512445018604	0.22807556290859735
0.008801079363466618	0.22823164914406402
0.00880464562253717	0.22838704994223896
0.008808211225788337	0.2285417672462065
0.008811776176587448	0.22869579816019328
0.008815340478332004	0.22884914464519007
0.008818904134382818	0.2290018053190798
0.008822467148128938	0.2291537803164062
0.008826029522977176	0.22930507044660067
0.008829591262256745	0.22945567552042714
0.008833152369288975	0.22960626177679277
0.008836712847499087	0.2297514758178721
0.008840272763395583	0.22990206805466612
0.008843831993306971	0.2300512790931623
0.008847390604317218	0.23019845341501768
0.008850948599778554	0.23034494033134204
0.008854505982988807	0.23049074155544985
0.008858062757218028	0.23063585644035628
0.008861618925729215	0.2307802850241425
0.008865174491845308	0.23092402548773608
0.008868729458826866	0.2310670809313989
0.008872283829827358	0.23120944784811653
0.008875837607521933	0.23135112884891224
0.008879390796573154	0.23149212315019016
0.008882943399451664	0.2316324303189484
0.008886495419381793	0.23177204992588485
0.008890046859570193	0.23191098205914945
0.008893597723263626	0.23204922732347338
0.008897148013634577	0.23218678530712272
0.008900697733881227	0.2323236564583035
0.008904246887144036	0.23245983918119645
0.008907795476598635	0.23259533547640607
0.008911343505511463	0.23273014375619486
0.008914890976990983	0.23286426449628986
0.008918437893985439	0.23299769783310004
0.008921984260023413	0.23313044271019212
0.00892553007804976	0.2332625018520295
0.00892907535117532	0.23339387129029945
0.008932620082555395	0.23352455514404877
0.008936164275223953	0.23365454996448506
0.008939707932386513	0.23378385713543154
0.008943251057015766	0.23391247631751885
0.008946793652364357	0.23404040856016983
0.008950335721415908	0.23416765301906553
0.00895387726723927	0.23429420972103704
0.008957418292938647	0.23442007835177756
0.008960958801558422	0.23454525912202814
0.008964498796147812	0.2346697529397554
0.00896803827973723	0.23479355864121568
0.008971577255378458	0.2349166759361902
0.008975115726079088	0.2350391067925573
0.008978653694889687	0.23516084953971336
0.008982191164741521	0.23528190338403407
0.008985728138808319	0.2354022711839158
0.008989264619988087	0.23552195180271646
0.008992800611269499	0.23564094393977794
0.008996336115635311	0.23575924751724542
0.008999871136119105	0.23587686577248043
0.009003405675642865	0.23599379514673663
0.009006939737192896	0.23611003750196574
0.00901047332371996	0.23622559295263026
0.009014006438164605	0.23634046057490912
0.009017539083384004	0.23645464067365887
0.009021071262528409	0.23656813408306407
0.009024602978403575	0.23668094076743035
0.009028134233944267	0.23679306034722547
0.009031665032065457	0.23690449227333732
0.009035195375681798	0.2370152367038109
0.009038725267709638	0.23712529573185068
0.009042254711019465	0.23723466776642388
0.009045783708485121	0.23734335245645094
0.009049312263054983	0.23745135068460385
0.009052840377575436	0.2375586622828918
0.009056368054837968	0.2376652879700619
0.00905989529786125	0.23777122635491438
0.009063422109436997	0.23787647993247932
0.009066948492391985	0.23798104625917277
0.009070474449599466	0.2380849266103009
0.00907399998388535	0.2381881220834942
0.009077525098072525	0.23829062989639002
0.009081049794997869	0.23839245275692125
0.00908457407750035	0.2384935912476446
0.009088097948365821	0.23859404224352643
0.009091621410436146	0.2386938084733657
0.009095144466413517	0.2387928903591415
0.009098667119242463	0.23889128585020283
0.009102189371653161	0.23898899733875903
0.009105711226416945	0.2390860236655473
0.0091092326863145	0.2391823645709344
0.00911275375413238	0.23927802104186682
0.009116274432621748	0.23937299300253498
0.009119794724557612	0.23946728127318223
0.009123314632411322	0.2395608847191359
0.009126834159473282	0.23965380488618512
0.009130353308203637	0.23974603993429497
0.009133872081372585	0.239837591779676
0.009137390481587916	0.2399284601951486
0.009140908511780899	0.24001864567741735
0.009144426174557947	0.2401081472968934
0.009147943472658876	0.24019696520476497
0.00915146040878987	0.24028510027003167
0.00915497698565065	0.24037255408140593
0.009158493205918479	0.2404593232193547
0.009162009072325084	0.2405454116202946
0.00916552458751587	0.24063081676196296
0.009169039754205134	0.2407155397257109
0.009172554575058167	0.2407995814092891
0.009176069052657988	0.24088294182060022
0.009179583189835801	0.24096561935714822
0.009183096989180262	0.24104761655593768
0.009186610453328433	0.24112893217716364
0.00919012358495416	0.2412095673309041
0.009193636386673577	0.24128952168727438
0.009197148861141615	0.2413687942056828
0.009200661011012686	0.24144738781180286
0.009204172838876881	0.24152530146537654
0.009207684347401976	0.2416025354004841
0.009211195539140607	0.24167908859058498
0.009214706416763684	0.24175496236312044
0.00921821698293611	0.24183015732269503
0.009221727239960972	0.2419046733583444
0.009225237190822773	0.2419785101838389
0.009228746837955623	0.24205166860271554
0.009232256183961512	0.24212414869769724
0.009235765231367913	0.24219595164276153
0.009239273982829308	0.24226707535697609
0.009242782440838595	0.2423375221164637
0.009246290608037418	0.24240729056997218
0.009249798487018845	0.24247638300333754
0.009253306080267022	0.24254479843429255
0.009256813390349856	0.24261253698208698
0.009260320419862154	0.24267959876708486
0.009263827171307045	0.242745984641382
0.009267333647145815	0.24281169491439028
0.009270839850105296	0.2428767295381589
0.00927434578271055	0.24294108828838568
0.009277851447324853	0.2430047718549276
0.009281356846517205	0.24306778183872194
0.009284861982840042	0.24313011638645543
0.009288366858820693	0.2431917114065982
0.009291871476950774	0.24325308994265965
0.009295375833995194	0.24331320107637755
0.009298879944011188	0.24337270672315542
0.009302383803638363	0.24343167347516642
0.009305887415413336	0.24348996633687134
0.009309390781867705	0.2435475865939199
0.00931289390543904	0.2436045357060077
0.009316396788472046	0.24366081112406393
0.00931989943372502	0.24371641652017828
0.009323401843470459	0.24377134897926767
0.009326904020253525	0.24382561109102904
0.009330405966577205	0.24387920232487145
0.009333907684750046	0.24393212271413348
0.009337409177320354	0.24398437393830227
0.009340910446714455	0.24403595401913905
0.009344411495372532	0.24408686538506813
0.009347912325768256	0.24413710697740565
0.009351412940335622	0.2441866801334183
0.00935491334148953	0.24423558472035156
0.009358413531648855	0.2442838200661725
0.009361913513232597	0.24433138843663538
0.009365413288698773	0.2443782884261154
0.0093689128603669	0.24442452121222683
0.009372412230883502	0.24447008778398271
0.00937591140252015	0.24451498693403875
0.009379410377668485	0.24455922058586776
0.00938290915873109	0.24460278735264898
0.009386407748153278	0.24464568825115712
0.009389906148320628	0.2446879255788386
0.009393404361586625	0.24472949630404872
0.009396902390356293	0.2447704038502261
0.009400400236975713	0.24481064518830992
0.00940389790393284	0.24485022412212898
0.009407395393455559	0.2448891396494893
0.009410892708031615	0.24492739171089972
0.009414389850044136	0.24496498061387642
0.009417886821824713	0.24500190740779798
0.009421383625683963	0.2450381729575981
0.009424880264109665	0.245073774633302
0.009428376739305798	0.24510871756033828
0.009431873053707305	0.2451429968877942
0.009435369209680047	0.24517661812909944
0.00943886520949863	0.2452095777254395
0.009442361055591758	0.2452418775085005
0.00944585675010376	0.24527351799857594
0.009449352295686685	0.24530450009705643
0.0094528476946768	0.2453348234121247
0.009456342949068037	0.2453644873786099
0.009459838061359315	0.24539349420583886
0.00946333303388577	0.24542184406435086
0.009466827868944164	0.24544953528907656
0.00947032256868643	0.24547657066022735
0.00947381713578699	0.24550295091105365
0.009477311572566103	0.24552867327490213
0.009480805880760987	0.24555374147322667
0.009484300063243956	0.2455781540286182
0.00948779412211311	0.24560191189342678
0.009491288059832544	0.2456250163809425
0.00949478187840859	0.24564746510965155
0.009498275580197422	0.24566926182289242
0.009501769167612433	0.24569040505912504
0.009505262642897565	0.24571089578949784
0.00950875600831187	0.24573073534584647
0.009512249266141352	0.24574992154703793
0.009515742418665074	0.24576845704619124
0.00951923546817802	0.24578634077496345
0.0095227284169559	0.24580357557522184
0.009526221267226131	0.24582015963927262
0.009529714021278689	0.2458360941518807
0.009533206681380468	0.2458513788045521
0.009536699249796428	0.24586601571126843
0.009540191728739733	0.24588000363839738
0.009543684120536043	0.2458933441540114
0.009547176427396546	0.24590603733166055
0.009550668651584363	0.24591808270139429
0.009554160795329426	0.24592948295122766
0.009557652860881855	0.2459402357491868
0.009561144850508869	0.24595034324536935
0.00956463676638817	0.24595980571424741
0.009568128610837072	0.2459686243715174
0.00957162038593195	0.24597679745956202
0.009575112094141648	0.24598432788287752
0.00957860373755033	0.24599121369852978
0.009582095318443411	0.24599745689309777
0.009585586838945202	0.24600305943154951
0.009589078301386344	0.24600801827016752
0.009592569707955195	0.24601233522490812
0.009596061060865815	0.24601601338940468
0.009599552362298477	0.24601904879512193
0.00960304361450504	0.24602144550214544
0.009606534819680681	0.24602320269884356
0.009610025980037984	0.24602432072118627
0.009613517097770308	0.24602479878548028
0.00961700817509992	0.24602464002432745
0.00962049921421428	0.24602384401532196
0.009623990217307615	0.24602241036025582
0.009627481186586006	0.2460203388513569
0.009630972124238427	0.24601763337424795
0.009634463032453506	0.24601429128372052
0.009637953913414467	0.2460103131397549
0.009641444769315194	0.24600570097337768
0.009644935602372303	0.2460004560662033
0.009648426414721191	0.2459945750569974
0.009651917208589192	0.24598806261480205
0.009655407986119876	0.2459809168526694
0.009658898749509877	0.24597313834862244
0.009662389500926979	0.24596472952238826
0.009665880242521787	0.24595568906852086
0.009669370976504789	0.24594601756786472
0.009672861705025968	0.2459357154086517
0.009676352430249047	0.2459247854006662
0.009679843154258334	0.2459132256862954
0.009683333879390079	0.2459010361212896
0.009686824607721948	0.24588821971508426
0.009690315341418898	0.2458747753667144
0.00969380608262786	0.24586070516483893
0.009697296833498776	0.24584600690130473
0.009700787596212856	0.24583068268666255
0.009704278372909164	0.245814734226113
0.00970776916571047	0.2457981611835738
0.009711259976798012	0.2457809621248671
0.009714750808316677	0.2457631404676375
0.00971824166239641	0.24574469420238104
0.009721732541215942	0.24572562731352549
0.009725223446875292	0.24570593611288563
0.009728714381545123	0.24568562423618417
0.009732205347350328	0.24566469246482509
0.00973569634641956	0.24564313789482725
0.009739187380888475	0.24562096453351556
0.009742678452927738	0.24559817094382816
0.009746169564655311	0.2455747600119261
0.009749660718161352	0.24555072882176462
0.009753151915634238	0.24552608046978813
0.009756643159174646	0.24550081465018048
0.009760134450917252	0.24547493369365478
0.009763625792961418	0.24544843395745233
0.009767117187453645	0.2454213211579092
0.009770608636507284	0.24539359144206005
0.009774100142274226	0.24536524849171837
0.009777591706821857	0.24533629015047487
0.009781083332323606	0.24530671953547367
0.009784575020799427	0.24527653691222168
0.00978806677448818	0.2452457407280838
0.00979155859546598	0.24521433298178927
0.00979505048583395	0.24518231526818912
0.00979854244768553	0.24514968565821155
0.009802034483170245	0.24511644709206926
0.00980552659435362	0.24508259930044543
0.009809018783372436	0.24504814168589312
0.009812511052345813	0.2450130769963568
0.009816003403342837	0.24497740460241196
0.009819495838492131	0.24494112373471041
0.009822988359909818	0.24490423845252063
0.00982648096966211	0.24486674607549874
0.009829973669864099	0.2448286488378081
0.009833466462634976	0.24478994594410086
0.009836959350075522	0.24475064056123924
0.009840452334252325	0.24471073113553773
0.00984394541729257	0.2446702184897821
0.009847438601284727	0.24462910358218581
0.009850931888316414	0.24458738715473574
0.009854425280493259	0.24454506948495214
0.00985791877989832	0.2445021512883891
0.00986141238863351	0.24445863322115385
0.009864906108738573	0.24441451581359408
0.00986839994240704	0.24436979971117803
0.009871893891669405	0.24432448550493016
0.009875387958621827	0.2442785737158071
0.009878882145356082	0.24423206512797274
0.009882376453942111	0.24418496013460259
0.0098858708864851	0.24413725952792018
0.009889365445076004	0.24408896387216206
0.009892860131784557	0.24404007383118514
0.009896354948707825	0.24399058975482826
0.009899849897924003	0.24394051255916502
0.009903344981515613	0.24388984277939518
0.00990684020156586	0.24383858086971333
0.009910335560160759	0.24378672775059992
0.00991383105934155	0.24373428379777493
0.00991732670126037	0.24368124966240454
0.00992082248796842	0.2436276261386691
0.009924318421530081	0.243573413631666
0.009927814504044058	0.2435186128557317
0.009931310737574575	0.24346322448224142
0.009934807124208297	0.2434072491122623
0.009938303666013507	0.2433506873321472
0.00994180036507772	0.24329353987976418
0.009945297223453308	0.24323580713989623
0.009948794243258932	0.24317749008691472
0.009952291426540036	0.24311858919076756
0.009955788775379277	0.243059104909898
0.00995928629185903	0.24299903818807192
0.009962783978033535	0.2429383895589131
0.009966281835996276	0.24287715955838776
0.009969779867819157	0.2428153489120423
0.009973278075565398	0.24275295830127558
0.009976776461315397	0.24268998822534024
0.009980275027145427	0.24262643951685495
0.00998377377512279	0.2425623126550127
0.009987272707319821	0.2424976083733051
0.009990771825811531	0.2424323277100448
0.009994271132668361	0.2423664693090588
0.009997770629998601	0.2423000367792978