0.	0.3953110904125835	0	0.3953110904125835
2.5025025025025024e-6	0.39469149107645685	0	0.39469149107645685
5.005005005005005e-6	0.3940682031708688	0	0.3940682031708688
7.507507507507507e-6	0.3934412584685443	0	0.3934412584685443
0.00001001001001001001	0.3928107048767715	0	0.3928107048767715
0.000012512512512512513	0.39217658750799217	0	0.39217658750799217
0.000015015015015015015	0.3915389524098093	0	0.3915389524098093
0.000017517517517517516	0.39089784447825004	0	0.39089784447825004
0.00002002002002002002	0.3902533093358935	0	0.3902533093358935
0.000022522522522522523	0.389605391815267	0	0.389605391815267
0.000025025025025025026	0.3889541366839322	0	0.3889541366839322
0.000027527527527527526	0.3882995890548587	0	0.3882995890548587
0.00003003003003003003	0.38764179322165854	0	0.38764179322165854
0.00003253253253253253	0.38698079349490144	0	0.38698079349490144
0.00003503503503503503	0.38631663438439123	0	0.38631663438439123
0.000037537537537537536	0.38564935982547965	0	0.38564935982547965
0.00004004004004004004	0.3849790136192767	0	0.3849790136192767
0.00004254254254254254	0.38430563972833504	0	0.38430563972833504
0.000045045045045045046	0.3836292813872136	0	0.3836292813872136
0.00004754754754754755	0.38294998220587023	0	0.38294998220587023
0.00005005005005005005	0.38226778522513205	0	0.38226778522513205
0.000052552552552552556	0.38158273342215393	0	0.38158273342215393
0.00005505505505505505	0.3808948696973462	0	0.3808948696973462
0.000057557557557557555	0.3802042367407083	0	0.3802042367407083
0.00006006006006006006	0.3795108758346136	0	0.3795108758346136
0.00006256256256256256	0.378814831280733	0	0.378814831280733
0.00006506506506506506	0.37811614243222236	0	0.37811614243222236
0.00006756756756756757	0.3774148548072829	0	0.3774148548072829
0.00007007007007007007	0.3767110071144539	0	0.3767110071144539
0.00007257257257257258	0.3760046409653239	0	0.3760046409653239
0.00007507507507507507	0.3752957970579473	0	0.3752957970579473
0.00007757757757757758	0.37458451930107556	0	0.37458451930107556
0.00008008008008008008	0.37387084625152617	0	0.37387084625152617
0.00008258258258258259	0.3731548185155035	0	0.3731548185155035
0.00008508508508508508	0.37243647680231895	0	0.37243647680231895
0.00008758758758758758	0.3717158601708608	0	0.3717158601708608
0.00009009009009009009	0.37099301158593256	0	0.37099301158593256
0.00009259259259259259	0.37026796807687457	0	0.37026796807687457
0.0000950950950950951	0.36954076761868987	0	0.36954076761868987
0.0000975975975975976	0.3688114537447113	0	0.3688114537447113
0.0001001001001001001	0.36808006507898644	0	0.36808006507898644
0.0001026026026026026	0.36734663617873925	0	0.36734663617873925
0.00010510510510510511	0.3666112084338406	0	0.3666112084338406
0.00010760760760760761	0.3658738223527789	0	0.3658738223527789
0.0001101101101101101	0.36513451129756225	0	0.36513451129756225
0.00011261261261261261	0.3643933181046629	0	0.3643933181046629
0.00011511511511511511	0.3636502771118373	0	0.3636502771118373
0.00011761761761761762	0.36290542655307534	0	0.36290542655307534
0.00012012012012012012	0.3621588049576536	0	0.3621588049576536
0.00012262262262262261	0.36141044788507565	0	0.36141044788507565
0.00012512512512512512	0.3606603911458586	0	0.3606603911458586
0.00012762762762762763	0.3599086737650603	0	0.3599086737650603
0.00013013013013013012	0.3591553327535303	0	0.3591553327535303
0.00013263263263263263	0.35840040006850626	0	0.35840040006850626
0.00013513513513513514	0.35764391557561337	0	0.35764391557561337
0.00013763763763763765	0.35688591316071977	0	0.35688591316071977
0.00014014014014014013	0.35612642802713323	0	0.35612642802713323
0.00014264264264264264	0.355365497497846	0	0.355365497497846
0.00014514514514514515	0.35460315214643623	0	0.35460315214643623
0.00014764764764764766	0.3538394322680661	0	0.3538394322680661
0.00015015015015015014	0.3530743663105022	0	0.3530743663105022
0.00015265265265265265	0.3523079934678013	0	0.3523079934678013
0.00015515515515515516	0.3515403445128041	0	0.3515403445128041
0.00015765765765765765	0.35077145520340064	0	0.35077145520340064
0.00016016016016016016	0.3500013511493616	0	0.3500013511493616
0.00016266266266266267	0.34923081738882195	0	0.34923081738882195
0.00016516516516516518	0.3484575065477125	0	0.3484575065477125
0.00016766766766766766	0.3476841750034569	0	0.3476841750034569
0.00017017017017017017	0.3469095780529586	0	0.3469095780529586
0.00017267267267267268	0.346133938600412	0	0.346133938600412
0.00017517517517517516	0.3453572857904392	0	0.3453572857904392
0.00017767767767767767	0.34457965388976985	0	0.34457965388976985
0.00018018018018018018	0.3438010745274279	0	0.3438010745274279
0.0001826826826826827	0.34302157863440835	0	0.34302157863440835
0.00018518518518518518	0.3422411978950739	0	0.3422411978950739
0.00018768768768768769	0.34145996098760073	0	0.34145996098760073
0.0001901901901901902	0.340677900876129	0	0.340677900876129
0.0001926926926926927	0.3398950482453166	0	0.3398950482453166
0.0001951951951951952	0.3391114316728528	0	0.3391114316728528
0.0001976976976976977	0.3383270808762025	0	0.3383270808762025
0.0002002002002002002	0.33754202774287656	0	0.33754202774287656
0.0002027027027027027	0.33675629987397887	0	0.33675629987397887
0.0002052052052052052	0.3359699275257742	0	0.3359699275257742
0.0002077077077077077	0.33518294041169555	0	0.33518294041169555
0.00021021021021021022	0.3343953662542622	0	0.3343953662542622
0.0002127127127127127	0.3336072317273598	0	0.3336072317273598
0.00021521521521521522	0.3328185683002622	0	0.3328185683002622
0.00021771771771771773	0.33202940356732524	0	0.33202940356732524
0.0002202202202202202	0.331239765283321	0	0.331239765283321
0.00022272272272272272	0.330449679154169	0	0.330449679154169
0.00022522522522522523	0.32965917458357924	0	0.32965917458357924
0.00022772772772772774	0.32886827843118005	0	0.32886827843118005
0.00023023023023023022	0.32807701821259705	0	0.32807701821259705
0.00023273273273273273	0.32728541933469857	0	0.32728541933469857
0.00023523523523523524	0.3264935092099653	0	0.3264935092099653
0.00023773773773773772	0.32570131342225017	0	0.32570131342225017
0.00024024024024024023	0.32490886003855035	0	0.32490886003855035
0.00024274274274274274	0.324116172278665	0	0.324116172278665
0.00024524524524524523	0.3233232760032579	0	0.3233232760032579
0.00024774774774774777	0.3225301989961992	0	0.3225301989961992
0.00025025025025025025	0.3217369639646095	0	0.3217369639646095
0.00025275275275275273	0.32094359763825747	0	0.32094359763825747
0.00025525525525525527	0.32015012396813136	0	0.32015012396813136
0.00025775775775775775	0.31935656700750603	0	0.31935656700750603
0.00026026026026026023	0.3185629515458225	0	0.3185629515458225
0.00026276276276276277	0.31776930271591103	0	0.31776930271591103
0.00026526526526526525	0.3169756418819356	0	0.3169756418819356
0.0002677677677677678	0.3161819950146574	0	0.3161819950146574
0.0002702702702702703	0.3153883856693779	0	0.3153883856693779
0.00027277277277277276	0.3145948336416501	0	0.3145948336416501
0.0002752752752752753	0.3138013667101464	0	0.3138013667101464
0.0002777777777777778	0.3130080049639348	0	0.3130080049639348
0.00028028028028028026	0.31221477238924855	0	0.31221477238924855
0.0002827827827827828	0.31142168890658994	0	0.31142168890658994
0.0002852852852852853	0.3106287798957049	0	0.3106287798957049
0.00028778778778778776	0.30983606426938803	0	0.30983606426938803
0.0002902902902902903	0.3090435667054607	0	0.3090435667054607
0.0002927927927927928	0.3082513078524502	0	0.3082513078524502
0.0002952952952952953	0.3074593070386634	0	0.3074593070386634
0.0002977977977977978	0.3066675888678756	0	0.3066675888678756
0.0003003003003003003	0.30587617173999493	0	0.30587617173999493
0.0003028028028028028	0.3050850774474341	0	0.3050850774474341
0.0003053053053053053	0.30429432543975055	0	0.30429432543975055
0.0003078078078078078	0.3035039385798842	0	0.3035039385798842
0.00031031031031031033	0.3027139360345757	0	0.3027139360345757
0.0003128128128128128	0.3019243359956811	0	0.3019243359956811
0.0003153153153153153	0.301135160698797	0	0.301135160698797
0.00031781781781781783	0.3003457474639862	0	0.3003457474639862
0.0003203203203203203	0.29955831994863474	0	0.29955831994863474
0.0003228228228228228	0.2987703447415727	0	0.2987703447415727
0.00032532532532532533	0.2979830603416056	0	0.2979830603416056
0.0003278278278278278	0.29719629340113823	0	0.29719629340113823
0.00033033033033033035	0.2964100658424411	0	0.2964100658424411
0.00033283283283283284	0.29562439697800885	0	0.29562439697800885
0.0003353353353353353	0.2948393013361984	0	0.2948393013361984
0.00033783783783783786	0.29405480139708867	0	0.29405480139708867
0.00034034034034034034	0.2932709118171275	0	0.2932709118171275
0.0003428428428428428	0.2924876535761061	0	0.2924876535761061
0.00034534534534534536	0.291705040820164	0	0.291705040820164
0.00034784784784784784	0.29092310843553787	0	0.29092310843553787
0.0003503503503503503	0.290141221695139	0	0.290141221695139
0.00035285285285285286	0.28936128800528665	0	0.28936128800528665
0.00035535535535535535	0.2885813957254536	0	0.2885813957254536
0.0003578578578578579	0.2878022786889201	0	0.2878022786889201
0.00036036036036036037	0.28702390907197106	0	0.28702390907197106
0.00036286286286286285	0.2862463061578525	0	0.2862463061578525
0.0003653653653653654	0.28546948537051836	0	0.28546948537051836
0.00036786786786786787	0.28469346311340904	0	0.28469346311340904
0.00037037037037037035	0.2839182548992266	0	0.2839182548992266
0.0003728728728728729	0.2831438755132929	0	0.2831438755132929
0.00037537537537537537	0.28237034260006305	0	0.28237034260006305
0.00037787787787787786	0.28159767054186835	0	0.28159767054186835
0.0003803803803803804	0.2808258754602307	0	0.2808258754602307
0.0003828828828828829	0.28005495216682963	0	0.28005495216682963
0.0003853853853853854	0.27928563271072	0	0.27928563271072
0.0003878878878878879	0.278515721510715	0	0.278515721510715
0.0003903903903903904	0.277747776431702	0	0.277747776431702
0.0003928928928928929	0.2769805871059809	0	0.2769805871059809
0.0003953953953953954	0.27621436361599916	0	0.27621436361599916
0.0003978978978978979	0.2754491187100896	0	0.2754491187100896
0.0004004004004004004	0.27468486720470137	0	0.27468486720470137
0.0004029029029029029	0.27392162385783747	0	0.27392162385783747
0.0004054054054054054	0.27315940116687354	0	0.27315940116687354
0.0004079079079079079	0.272398214704287	0	0.272398214704287
0.0004104104104104104	0.27163807395950973	0	0.27163807395950973
0.0004129129129129129	0.27087899674459537	0	0.27087899674459537
0.0004154154154154154	0.27012099548240565	0	0.27012099548240565
0.0004179179179179179	0.2693640818362587	0	0.2693640818362587
0.00042042042042042044	0.2686082690908772	0	0.2686082690908772
0.00042292292292292293	0.2678535713283173	0	0.2678535713283173
0.0004254254254254254	0.2671000004092769	0	0.2671000004092769
0.00042792792792792795	0.2663475691688601	0	0.2663475691688601
0.00043043043043043043	0.26559629071924895	0	0.26559629071924895
0.0004329329329329329	0.2648461753238698	0	0.2648461753238698
0.00043543543543543545	0.26409723776248406	0	0.26409723776248406
0.00043793793793793793	0.26334948900591365	0	0.26334948900591365
0.0004404404404404404	0.2626029405772786	0	0.2626029405772786
0.00044294294294294295	0.261857605927893	0	0.261857605927893
0.00044544544544544544	0.2611134943311664	0	0.2611134943311664
0.000447947947947948	0.26037062099898395	0	0.26037062099898395
0.00045045045045045046	0.2596289935863735	0	0.2596289935863735
0.00045295295295295294	0.2588886252702955	0	0.2588886252702955
0.0004554554554554555	0.2581495287052604	0	0.2581495287052604
0.00045795795795795796	0.2574117321560592	0	0.2574117321560592
0.00046046046046046044	0.2566751952568355	0	0.2566751952568355
0.000462962962962963	0.25593997421791276	0	0.25593997421791276
0.00046546546546546546	0.25520607014949565	0	0.25520607014949565
0.00046796796796796795	0.25447349003726555	0	0.25447349003726555
0.0004704704704704705	0.2537422475777224	0	0.2537422475777224
0.00047297297297297297	0.25301235077607825	0	0.25301235077607825
0.00047547547547547545	0.25228381086107154	0	0.25228381086107154
0.000477977977977978	0.251556829402318	0	0.251556829402318
0.00048048048048048047	0.25083268352442084	0	0.25083268352442084
0.000482982982982983	0.2501064679539866	0	0.2501064679539866
0.0004854854854854855	0.2493834441219216	0	0.2493834441219216
0.000487987987987988	0.24866184240246703	0	0.24866184240246703
0.0004904904904904905	0.24794165989036165	0	0.24794165989036165
0.000492992992992993	0.247222902555149	0	0.247222902555149
0.0004954954954954955	0.24650558491476238	0	0.24650558491476238
0.000497997997997998	0.24578971171454483	0	0.24578971171454483
0.0005005005005005005	0.24507529644082632	0	0.24507529644082632
0.000503003003003003	0.24436234602932005	0	0.24436234602932005
0.0005055055055055055	0.24365087125860418	0	0.24365087125860418
0.000508008008008008	0.24294087996161068	0	0.24294087996161068
0.0005105105105105105	0.24223238200594163	0	0.24223238200594163
0.000513013013013013	0.2415253873806472	0	0.2415253873806472
0.0005155155155155155	0.24081990473313183	0	0.24081990473313183
0.000518018018018018	0.24011594159285213	0	0.24011594159285213
0.0005205205205205205	0.23941350857874513	0	0.23941350857874513
0.000523023023023023	0.23871261312620184	0	0.23871261312620184
0.0005255255255255255	0.23801330651355443	0	0.23801330651355443
0.0005280280280280281	0.23731369073560174	0	0.23731369073560174
0.0005305305305305305	0.23661935202659135	0	0.23661935202659135
0.000533033033033033	0.2359245178080961	0	0.2359245178080961
0.0005355355355355356	0.23523148272379502	0	0.23523148272379502
0.000538038038038038	0.23453999646116327	0	0.23453999646116327
0.0005405405405405405	0.2338501082384872	0	0.2338501082384872
0.0005430430430430431	0.23316182626048806	0	0.23316182626048806
0.0005455455455455455	0.23247515782025516	0	0.23247515782025516
0.000548048048048048	0.2317901117330218	0	0.2317901117330218
0.0005505505505505506	0.23110669461528022	0	0.23110669461528022
0.000553053053053053	0.23042486452795227	0	0.23042486452795227
0.0005555555555555556	0.22974619386458622	0	0.22974619386458622
0.0005580580580580581	0.2290658427714136	0	0.2290658427714136
0.0005605605605605605	0.22838952493779388	0	0.22838952493779388
0.0005630630630630631	0.22771436148582078	0	0.22771436148582078
0.0005655655655655656	0.2270408928812307	0	0.2270408928812307
0.000568068068068068	0.22636910836720564	0	0.22636910836720564
0.0005705705705705706	0.2256990170097341	0	0.2256990170097341
0.0005730730730730731	0.2250306248474692	0	0.2250306248474692
0.0005755755755755755	0.2243639407013084	0	0.2243639407013084
0.0005780780780780781	0.2236989719266647	0	0.2236989719266647
0.0005805805805805806	0.22303572525131812	0	0.22303572525131812
0.000583083083083083	0.2223742078186194	0	0.2223742078186194
0.0005855855855855856	0.22171442881930237	0	0.22171442881930237
0.0005880880880880881	0.2210563929486209	0	0.2210563929486209
0.0005905905905905906	0.22040010885956635	0	0.22040010885956635
0.0005930930930930931	0.2197455840449379	0	0.2197455840449379
0.0005955955955955956	0.21909282578034037	0	0.21909282578034037
0.0005980980980980981	0.21844183990109065	0	0.21844183990109065
0.0006006006006006006	0.21779263523588016	0	0.21779263523588016
0.0006031031031031031	0.21714521658998043	0	0.21714521658998043
0.0006056056056056056	0.21649959358421045	0	0.21649959358421045
0.0006081081081081081	0.2158557701758336	0	0.2158557701758336
0.0006106106106106106	0.21521314976634587	0	0.21521314976634587
0.0006131131131131132	0.21456435607400376	0	0.21456435607400376
0.0006156156156156156	0.21393610212178196	0	0.21393610212178196
0.0006181181181181181	0.21329852370512906	0	0.21329852370512906
0.0006206206206206207	0.21266417942012625	0	0.21266417942012625
0.0006231231231231231	0.21204049471772982	0	0.21204049471772982
0.0006256256256256256	0.21139856458646475	0	0.21139856458646475
0.0006281281281281282	0.21077086192655628	0	0.21077086192655628
0.0006306306306306306	0.2101435678808933	0	0.2101435678808933
0.0006331331331331331	0.2095181322289556	0	0.2095181322289556
0.0006356356356356357	0.2088945781353945	0	0.2088945781353945
0.0006381381381381381	0.20827290930759484	0	0.20827290930759484
0.0006406406406406406	0.20765312518356502	0	0.20765312518356502
0.0006431431431431432	0.2070350399889099	0	0.2070350399889099
0.0006456456456456456	0.20641803909298387	0	0.20641803909298387
0.0006481481481481481	0.20580527250604833	0	0.20580527250604833
0.0006506506506506507	0.20519302148598653	0	0.20519302148598653
0.0006531531531531532	0.20458278897921223	0	0.20458278897921223
0.0006556556556556556	0.2039744814687668	0	0.2039744814687668
0.0006581581581581582	0.2033681232594336	0	0.2033681232594336
0.0006606606606606607	0.20276369414284928	0	0.20276369414284928
0.0006631631631631631	0.20216121588570715	0	0.20216121588570715
0.0006656656656656657	0.20156070547986776	0	0.20156070547986776
0.0006681681681681682	0.20096214712869526	0	0.20096214712869526
0.0006706706706706706	0.20036556197656255	0	0.20036556197656255
0.0006731731731731732	0.19977094432782327	0	0.19977094432782327
0.0006756756756756757	0.19917832612486308	0	0.19917832612486308
0.0006781781781781781	0.19858810547863848	0	0.19858810547863848
0.0006806806806806807	0.19799893592270099	0	0.19799893592270099
0.0006831831831831832	0.19741240335676896	0.0014541198425448518	0.1988665231993138
0.0006856856856856856	0.19682776316370434	0.002882560812610576	0.1997103239763149
0.0006881881881881882	0.19624515154320946	0.004304635092279652	0.2005497866354891
0.0006906906906906907	0.19566455021240622	0.005720390204003642	0.20138494041640986
0.0006931931931931931	0.19508598220502602	0.007129848582170807	0.20221583078719682
0.0006956956956956957	0.19450945381363038	0.008533033707888181	0.20304248752151857
0.0006981981981981982	0.19393473869789202	0.009929990528149182	0.2038647292260412
0.0007007007007007007	0.1933625809942577	0.011320726328584206	0.20468330732284193
0.0007032032032032032	0.1927921263702936	0.012705257567791534	0.20549738393808514
0.0007057057057057057	0.19222379887024515	0.014083600260330013	0.20630739913057516
0.0007082082082082082	0.19165756247109014	0.015455760179637738	0.20711332265072788
0.0007107107107107107	0.19109271131564115	0.016821749138725597	0.20791446045436673
0.0007132132132132132	0.19053138890572388	0.01818156769827687	0.20871295660400074
0.0007157157157157158	0.18997123574192004	0.019535213219469653	0.2095064489613897
0.0007182182182182182	0.18941332286372412	0.020882698364301483	0.2102960212280256
0.0007207207207207207	0.18885751291742406	0.022224000804097054	0.21108151372152112
0.0007232232232232233	0.1883038042357847	0.023559121343686346	0.21186292557947103
0.0007257257257257257	0.18775220843888688	0.024888047076245458	0.21264025551513233
0.0007282282282282282	0.18720274969548537	0.026210769230095417	0.21341351892558078
0.0007307307307307308	0.1866553810935321	0.027527271551057424	0.21418265264458952
0.0007332332332332332	0.18611094939570355	0.028837539049463932	0.21494848844516748
0.0007357357357357357	0.18556712032470002	0.0301415542238782	0.21570867454857823
0.0007382382382382383	0.18502625520092317	0.031439297967929866	0.21646555316885302
0.0007407407407407407	0.1844874846069109	0.03273074877465133	0.2172182333815622
0.0007432432432432432	0.18395153302025694	0.03401588550311519	0.21796741852337212
0.0007457457457457458	0.1834216780229763	0.035294684625010876	0.21871636264798716
0.0007482482482482482	0.18288321590378603	0.03656712174261795	0.21945033764640398
0.0007507507507507507	0.18235421690522394	0.03783317237847354	0.22018738928369747
0.0007532532532532533	0.18182633396816422	0.03909280749166856	0.22091914145983277
0.0007557557557557557	0.18130066893804642	0.040346001650230175	0.22164667058827658
0.0007582582582582582	0.18077721304577954	0.04159272821157206	0.2223699412573516
0.0007607607607607608	0.1802559666200003	0.042832955272797776	0.22308892189279805
0.0007632632632632632	0.1797369453808476	0.04406665671149212	0.22380360209233974
0.0007657657657657658	0.17922026095441496	0.04529381903488062	0.22451407998929557
0.0007682682682682683	0.17870221036127062	0.04651428905940317	0.2252164994206738
0.0007707707707707708	0.178192287465032	0.04772829202585983	0.2259205794908918
0.0007732732732732733	0.1776861394983467	0.04893559415060312	0.2266217336489498
0.0007757757757757758	0.1771769565587782	0.05013620907972295	0.22731316563850112
0.0007782782782782783	0.17666987492909228	0.0513301118499455	0.22799998677903777
0.0007807807807807808	0.17616659097144424	0.052517275402578154	0.22868386637402238
0.0007832832832832833	0.1756655938134083	0.05369766625627819	0.2293632600696865
0.0007857857857857858	0.1751668952530887	0.05487124918811528	0.230038144441204
0.0007882882882882883	0.17467049081674302	0.05603799903255302	0.23070848984929604
0.0007907907907907908	0.17417638976529112	0.05719787993496757	0.2313742697002587
0.0007932932932932933	0.17368459959235197	0.058350860241267524	0.2320354598336195
0.0007957957957957958	0.17319512805903875	0.05949691059979162	0.23269203865883037
0.0007982982982982983	0.1727079835482762	0.06063599821520283	0.23334398176347904
0.0008008008008008008	0.17222317941701923	0.061768091604979675	0.2339912710219989
0.0008033033033033033	0.17174071016870882	0.06289315959245523	0.23463386976116404
0.0008058058058058058	0.1712605970796356	0.06401117318998092	0.23527177026961651
0.0008083083083083083	0.17078284565199037	0.06512209934518211	0.23590494499717246
0.0008108108108108108	0.1703074525519147	0.06622590904123747	0.2365333615931522
0.0008133133133133133	0.1698345194184497	0.06732256838051444	0.23715708779896416
0.0008158158158158158	0.16936225943840869	0.06841205415644949	0.23777431359485818
0.0008183183183183183	0.16889410149210676	0.06949433268363463	0.2383884341757414
0.0008208208208208208	0.16842994883178392	0.07056937197307007	0.23899932080485398
0.0008233233233233233	0.16796632056499397	0.07163714582690162	0.2396034663918956
0.0008258258258258258	0.1675053145563204	0.07269763082893213	0.24020294538525253
0.0008283283283283283	0.16704673839958423	0.07375073369612947	0.2407974720957137
0.0008308308308308308	0.1665905890947692	0.07479685303189149	0.2413874421266607
0.0008333333333333334	0.1661368923024911	0.07583510179367782	0.24197199409616893
0.0008358358358358358	0.16568563858422364	0.07686604509255159	0.2425516836767752
0.0008383383383383384	0.16523685984529776	0.07788964079977251	0.24312650064507027
0.0008408408408408409	0.16479053973950752	0.07890577659460699	0.2436963163341145
0.0008433433433433433	0.16434670924387762	0.0799144230272047	0.24426113227108232
0.0008458458458458459	0.1639053648773	0.08091556103170967	0.24482092590900967
0.0008483483483483484	0.1634665137743883	0.08190916262508924	0.24537567639947755
0.0008508508508508508	0.16303017364969932	0.08289520531730106	0.2459253789670004
0.0008533533533533534	0.1625963496794001	0.08387366286761043	0.2464700125470105
0.0008558558558558559	0.16216505049514135	0.08484406708872413	0.24700911758386548
0.0008583583583583583	0.1617362928091298	0.08581047100107345	0.24754676381020324
0.0008608608608608609	0.16131007231511518	0.08676757972133356	0.24807765203644874
0.0008633633633633634	0.1608864116359293	0.08771110129699122	0.2485975129329205
0.0008658658658658658	0.16046531430408545	0.08865135585782119	0.24911667016190664
0.0008683683683683684	0.16004678954588247	0.08958384392868296	0.24963063347456543
0.0008708708708708709	0.15963085615797593	0.09050855419160354	0.2501394103495795
0.0008733733733733733	0.15921751103131904	0.09142537928987286	0.2506428903211919
0.0008758758758758759	0.15880676757364745	0.09233469184521476	0.25114145941886223
0.0008783783783783784	0.15839864600870582	0.09323609855098576	0.2516347445596916
0.0008808808808808808	0.15799314477110127	0.09412978319839448	0.25212292796949576
0.0008833833833833834	0.15759027654191618	0.09501546702772362	0.25260574356963983
0.0008858858858858859	0.15719006495969604	0.09589337177786954	0.25308343673756556
0.0008883883883883883	0.15679249226641817	0.09676336888585656	0.25355586115227474
0.0008908908908908909	0.15639760268025812	0.09762550635105093	0.25402310903130904
0.0008933933933933934	0.1560053785367394	0.09848019975927852	0.2544855782960179
0.000895895895895896	0.1556158486368727	0.09932405467034548	0.25493990330721816
0.0008983983983983984	0.15522902065883495	0.1001600424326634	0.25538906309149834
0.0009009009009009009	0.15484489278591718	0.10099473191272602	0.2558396246986432
0.0009034034034034035	0.15446349267918438	0.10181732575466569	0.2562808184338501
0.0009059059059059059	0.15408482442941657	0.10263267919986213	0.2567175036292787
0.0009084084084084084	0.1537089033196937	0.10344238455853065	0.25715128787822433
0.000910910910910911	0.15333573362674752	0.10423830201283435	0.25757403563958187
0.0009134134134134134	0.15296532030603896	0.10502344401094776	0.2579887643169867
0.0009159159159159159	0.15259775642905404	0.10580845720780295	0.258406213636857
0.0009184184184184185	0.15223331544309712	0.10658477495501022	0.2588180903981073
0.0009209209209209209	0.15187097192920773	0.10735120689920138	0.25922217882840914
0.0009234234234234234	0.1515113452580478	0.1081095785423437	0.2596209238003915
0.000925925925925926	0.1511547803189417	0.10885994778482098	0.2600147281037627
0.0009284284284284284	0.15080170926104502	0.10960227269199593	0.26040398195304093
0.0009309309309309309	0.15045094853609153	0.11033653163051048	0.260787480166602
0.0009334334334334335	0.15010309768264984	0.11106271935713036	0.2611658170397802
0.0009359359359359359	0.14975813172420016	0.11178082933995634	0.2615389610641565
0.0009384384384384384	0.1494160431329959	0.11249086326201513	0.261906906395011
0.000940940940940941	0.14907685460558157	0.11319281250534668	0.26226966711092825
0.0009434434434434434	0.14874058318204378	0.11388666832137301	0.2626272515034168
0.0009459459459459459	0.1484072362136768	0.11457243244594816	0.26297966865962497
0.0009484484484484485	0.14807682479846557	0.11525010788750963	0.2633269326859752
0.0009509509509509509	0.14774936411189996	0.115919686221662	0.26366905033356197
0.0009534534534534534	0.1474248683989545	0.11658116109240158	0.2640060294913561
0.000955955955955956	0.1471033501097958	0.1172345445665427	0.2643378946763385
0.0009584584584584585	0.14678482159757716	0.11787982412806576	0.2646646457256429
0.0009609609609609609	0.14646930450829684	0.11851746555654438	0.2649867700648412
0.0009634634634634635	0.14615680115684201	0.11914000748487291	0.2652968086417149
0.000965965965965966	0.1458473252083952	0.11978436946489733	0.2656316946732925
0.0009684684684684684	0.14554090349296234	0.1204090586365289	0.26594996212949124
0.000970970970970971	0.14523753794215624	0.12096481573038217	0.2662023536725384
0.0009734734734734735	0.14493724848157857	0.12156169167207263	0.2664989401536512
0.000975975975975976	0.14463984880216527	0.12216865729584767	0.26680850609801293
0.0009784784784784785	0.14434989546260846	0.1227511250525238	0.26710102051513224
0.000980980980980981	0.14406713366333807	0.12332323902371108	0.2673903726870491
0.0009834834834834836	0.1437633622628219	0.12388767664911665	0.26765103891193853
0.000985985985985986	0.14346795521675196	0.1244440479205358	0.26791200313728775
0.0009884884884884884	0.14319892330922307	0.12499237102044397	0.26819129432966704
0.000990990990990991	0.1429242796704008	0.12553264587590696	0.26845692554630773
0.0009934934934934935	0.14264724607446216	0.12606488476650363	0.2687121308409658
0.000995995995995996	0.14237564390009166	0.12658909561218765	0.2689647395122793
0.0009984984984984986	0.14210677226595195	0.12710528518125866	0.2692120574472106
0.001001001001001001	0.14184104401527853	0.12761346478994873	0.26945450880522726
0.0010035035035035034	0.14157886266894948	0.12811365259849994	0.2696925152674494
0.001006006006006006	0.1413198755748775	0.1286058562716032	0.2699257318464807
0.0010085085085085085	0.1410641499046032	0.1290897903500188	0.270153940254622
0.001011011011011011	0.14081156188141575	0.12956717935491974	0.2703787412363355
0.0010135135135135136	0.14056220495896923	0.13003551658840892	0.27059772154737816
0.001016016016016016	0.14031692031743995	0.13049516466555103	0.270812084982991
0.0010185185185185184	0.14007459100087993	0.13094740139542774	0.27102199239630764
0.001021021021021021	0.13983549664894257	0.13139196656347676	0.2712274632124193
0.0010235235235235235	0.13959985354441082	0.13182859767722624	0.27142845122163706
0.001026026026026026	0.13936760241194768	0.13225734662533736	0.27162494903728507
0.0010285285285285286	0.13913876343601006	0.13267823676771098	0.271817000203721
0.001031031031031031	0.13891336397387943	0.13309127791396674	0.2720046418878462
0.0010335335335335334	0.1386915731512618	0.13349648122904437	0.27218805438030613
0.001036036036036036	0.13847339610511883	0.13389387143378584	0.27236726753890467
0.0010385385385385385	0.13825820476139525	0.13428346408486608	0.2725416688462613
0.001041041041041041	0.1380463377612986	0.13466527746950419	0.2727116152308028
0.0010435435435435436	0.13783848646571012	0.1350393309791149	0.27287781744482503
0.001046046046046046	0.13763405237982837	0.1354056440353348	0.2730396964151632
0.0010485485485485487	0.1374331748314809	0.1357642344544921	0.273197409285973
0.001051051051051051	0.1372358737412802	0.13611511531218995	0.27335098905347016
0.0010535535535535535	0.1370421622386093	0.13645831807682698	0.2735004803154363
0.0010560560560560562	0.13685205752417737	0.1367939331969712	0.2736459907211486
0.0010585585585585586	0.13666557300862955	0.13712169734628252	0.27378727035491207
0.001061061061061061	0.13648277222324912	0.13744171705068695	0.2739244892739361
0.0010635635635635637	0.13630364306001533	0.13775468475080016	0.2740583278108155
0.001066066066066066	0.13612817155868895	0.13805948241602622	0.2741876539747152
0.0010685685685685685	0.1359564070939221	0.1383571911288935	0.2743135982228156
0.0010710710710710712	0.13578837435499405	0.13864715286512372	0.27443552722011777
0.0010735735735735736	0.1356240862535895	0.13892874334514177	0.2745528295987313
0.001076076076076076	0.13546355351561054	0.13920430238760798	0.2746678559032185
0.0010785785785785787	0.13530680756083344	0.1394724673508567	0.27477927491169013
0.001081081081081081	0.13515386125089865	0.13973289672417252	0.27488675797507117
0.0010835835835835835	0.13500472959170964	0.13998565961664475	0.2749903892083544
0.0010860860860860862	0.13485942694342173	0.14023106672921828	0.27509049367264005
0.0010885885885885886	0.13471801851010703	0.1404691208616186	0.2751871393717257
0.001091091091091091	0.13458051754529377	0.14069984807770938	0.2752803656230032
0.0010935935935935937	0.13444688050821577	0.14092328122199746	0.2753701617302132
0.001096096096096096	0.13431716382123135	0.14113944953197577	0.27545661335320715
0.0010985985985985985	0.13419139674344127	0.14134798775449442	0.2755393844979357
0.0011011011011011012	0.13406959288383036	0.14154950867686056	0.2756191015606909
0.0011036036036036036	0.13395177328379246	0.14175727557605894	0.27570904885985137
0.001106106106106106	0.13383795928589526	0.14193335831918732	0.27577131760508256
0.0011086086086086087	0.13372817481609803	0.1420528480144476	0.2757810228305456
0.0011111111111111111	0.13362243792292977	0.1422236185563614	0.27584605647929117
0.0011136136136136135	0.1335207655533112	0.1424250176799783	0.2759457832332895
0.0011161161161161162	0.13342318346335652	0.14260438768594708	0.2760275711493036
0.0011186186186186186	0.13332971475442096	0.14276557989673078	0.27609529465115173
0.001121121121121121	0.13324038177303343	0.14290893030526805	0.2761493120783015
0.0011236236236236237	0.13315520479377108	0.14303402067584395	0.276189225469615
0.0011261261261261261	0.1330742029354978	0.1431715455418916	0.27624574847738936
0.0011286286286286285	0.13299739862610188	0.14334848335071843	0.2763458819768203
0.0011311311311311312	0.13292481373334955	0.1434857762589142	0.27641058999226376
0.0011336336336336336	0.13285647417425986	0.14356854302434582	0.2764250171986057
0.001136136136136136	0.13279240313818083	0.14364831090625546	0.27644071404443626
0.0011386386386386387	0.13273261653374477	0.14373145611030616	0.27646407264405093
0.0011411411411411411	0.13267713583433952	0.14381859229725114	0.2764957281315906
0.0011436436436436436	0.13262598892241131	0.14390421044658136	0.2765301993689927
0.0011461461461461462	0.13257919942227162	0.14398128241065306	0.2765604818329247
0.0011486486486486486	0.13253678823340537	0.14405167839521724	0.2765884666286226
0.001151151151151151	0.13249877773558044	0.14411549180457464	0.2766142695401551
0.0011536536536536537	0.13246519111429395	0.1441727500755393	0.27663794118983326
0.0011561561561561561	0.13243605096812014	0.14422348596320275	0.2766595369313229
0.0011586586586586586	0.13241137859471638	0.14426773450478045	0.27667911309949683
0.0011611611611611612	0.13239119580914044	0.14430552939371993	0.27669672520286037
0.0011636636636636636	0.13237552935906002	0.14433690702218951	0.27671243638124954
0.001166166166166166	0.132364406859903	0.1443619040786949	0.2767263109385979
0.0011686686686686687	0.13235784763623804	0.14438055437202818	0.2767384020082662
0.0011711711711711711	0.13235587186294598	0.1443928912260568	0.27674876308900276
0.0011736736736736738	0.1323585035763595	0.14439894956301835	0.27675745313937783
0.0011761761761761762	0.13236576796907895	0.14439876476061655	0.2767645327296955
0.0011786786786786786	0.13237768948559722	0.1443923714668516	0.2767700609524488
0.0011811811811811813	0.13239429160339072	0.144379808918368	0.2767741005217587
0.0011836836836836837	0.13241564302110112	0.14436111853730055	0.2767767615584017
0.0011861861861861861	0.1324417136583146	0.14433633233919077	0.2767780459975054
0.0011886886886886888	0.13247243644359083	0.14430548036790186	0.27677791681149266
0.0011911911911911912	0.13250766587402832	0.14426858783632185	0.2767762537103502
0.0011936936936936936	0.13254753279934475	0.1442257050051388	0.27677323780448354
0.0011961961961961963	0.13259210926081783	0.14417687642727234	0.27676898568809016
0.0011986986986986987	0.1326412212067423	0.14412214599609735	0.27676336720283967
0.0012012012012012011	0.13269529434939037	0.14406154100726662	0.27675683535665696
0.0012037037037037038	0.13275456634301364	0.14399509429639282	0.2767496606394064
0.0012062062062062062	0.13281986514873545	0.14392283836713246	0.27674270351586794
0.0012087087087087087	0.13289067865022733	0.14384481402282362	0.276735492673051
0.0012112112112112113	0.13296664275298456	0.1437610585357522	0.27672770128873675
0.0012137137137137137	0.13304732902718194	0.14367160786042005	0.27671893688760196
0.0012162162162162162	0.13313237716203244	0.143576501106301	0.27670887826833346
0.0012187187187187188	0.13322232932190792	0.1434757763271295	0.2766981056490374
0.0012212212212212212	0.13331728870630338	0.14336947185891502	0.2766867605652184
0.0012237237237237237	0.13341757134210327	0.1432576262063381	0.2766751975484414
0.0012262262262262263	0.13352328878253486	0.14314027593596934	0.2766635647185042
0.0012287287287287287	0.1336341200869934	0.14301745852614706	0.2766515786131405
0.0012312312312312312	0.13375000367158915	0.14288921141402358	0.27663921508561273
0.0012337337337337338	0.13387087795243238	0.1427555704549184	0.2766264484073508
0.0012362362362362362	0.13399668134563333	0.1426165751287237	0.276613256474357
0.0012387387387387387	0.1341273522673023	0.1424722633838036	0.2765996156511059
0.0012412412412412413	0.1342628291335495	0.14232267316852223	0.27658550230207174
0.0012437437437437437	0.13440305036048522	0.1421678424312438	0.27657089279172903
0.0012462462462462462	0.13454795436421968	0.14200780912033248	0.27655576348455213
0.0012487487487487488	0.13469801210238408	0.1418426111841524	0.2765406232865365
0.0012512512512512512	0.1348543637006049	0.1416722865710677	0.2765266502716726
0.0012537537537537537	0.13501626526866972	0.14149687322944257	0.2765131384981123
0.0012562562562562563	0.1351838154885329	0.14131640910764115	0.27650022459617407
0.0012587587587587587	0.13535711304214876	0.14113093215402764	0.2764880451961764
0.0012612612612612612	0.13553625661147167	0.14094048031696615	0.2764767369284378
0.0012637637637637638	0.13572134487845602	0.140745099486475	0.27646644436493106
0.0012662662662662662	0.13591247652505617	0.14054482502857346	0.27645730155362963
0.0012687687687687687	0.13610975023322644	0.14033969014316372	0.2764494403763902
0.0012712712712712713	0.13631133423378167	0.14012973212100488	0.27644106635478655
0.0012737737737737737	0.13651803984176367	0.1399149882528561	0.2764330280946198
0.0012762762762762762	0.13673032247682862	0.1396954958294765	0.2764258183063051
0.0012787787787787788	0.13694820366244653	0.1394712921416252	0.27641949580407177
0.0012812812812812813	0.13717170492208744	0.1392424144800614	0.27641411940214883
0.0012837837837837837	0.13740084777922132	0.13900890013554418	0.27640974791476547
0.0012862862862862863	0.1376356537573182	0.1387707863988327	0.2764064401561509
0.0012887887887887888	0.1378761443798481	0.1385281105606861	0.2764042549405342
0.0012912912912912912	0.13812234117028105	0.13828090991186348	0.27640325108214453
0.0012937937937937938	0.13837426565208705	0.138029221743124	0.27640348739521103
0.0012962962962962963	0.13863193934873608	0.13777308334522678	0.27640502269396283
0.001298798798798799	0.1388953837836982	0.137512532008931	0.2764079157926292
0.0013013013013013013	0.13916462048044342	0.13724760502499575	0.2764122255054392
0.0013038038038038038	0.13943967096244173	0.1369783396841802	0.2764180106466219
0.0013063063063063064	0.13972055675316317	0.13670477327724345	0.2764253300304066
0.0013088088088088088	0.14000729937607773	0.13642694309494466	0.2764342424710224
0.0013113113113113113	0.1402999203546554	0.13614488642804298	0.2764448067826984
0.001313813813813814	0.1405984412123663	0.1358586405672975	0.27645708177966377
0.0013163163163163163	0.1409015848527645	0.13556824280346738	0.27646982765623185
0.0013188188188188188	0.14121042180672955	0.13527373042731178	0.2764841522340413
0.0013213213213213214	0.14152589746495203	0.1349751407295898	0.27650103819454186
0.0013238238238238238	0.14184794427562025	0.1346725164477051	0.27652046072332537
0.0013263263263263263	0.1421764946869227	0.1343658932693471	0.2765423879562698
0.001328828828828829	0.14251148114704784	0.1340553041930446	0.27656678534009244
0.0013313313313313313	0.142852836104184	0.1337407844766814	0.2765936205808654
0.0013338338338338338	0.14320049200651966	0.13342236937814098	0.27662286138466063
0.0013363363363363364	0.14355462481079892	0.13310009415530705	0.27665471896610594
0.0013388388388388388	0.14391576678173573	0.13277399406606324	0.27668976084779895
0.0013413413413413413	0.1442822869657002	0.1324441043682932	0.2767263913339934
0.001343843843843844	0.14465429759267917	0.1321104603198805	0.27676475791255967
0.0013463463463463464	0.1450319108926596	0.13177309717870883	0.27680500807136843
0.0013488488488488488	0.14541523909562837	0.13143205020266183	0.27684728929829017
0.0013513513513513514	0.14580439443157248	0.1310873546496231	0.27689174908119557
0.0013538538538538539	0.14619948913047878	0.13073904596411798	0.27693853509459676
0.0013563563563563563	0.1466006354223342	0.13038716037749432	0.2769877957998285
0.001358858858858859	0.14700794553712573	0.13003173141268268	0.2770396769498084
0.0013613613613613614	0.14742163935577285	0.12967279392553915	0.277094433281312
0.0013638638638638638	0.1478420727960849	0.12931038277191964	0.27715245556800455
0.0013663663663663664	0.148268734523525	0.12894453523367536	0.27721326975720034
0.0013688688688688689	0.14870154352251871	0.12857528321442743	0.27727682673694615
0.0013713713713713713	0.14914011122696952	0.1282026597241003	0.27734277095106985
0.001373873873873874	0.14958438653879558	0.12782669843294764	0.2774110849717432
0.0013763763763763764	0.15003513539467783	0.12744743326163369	0.2774825686563115
0.0013788788788788788	0.15049265690691532	0.12706489742957816	0.2775575543364935
0.0013813813813813814	0.1509580163808789	0.12667912444905086	0.27763714082992974
0.0013838838838838839	0.15143013564075697	0.12629014601201294	0.2777202816527699
0.0013863863863863863	0.15190878014541295	0.12589799762828321	0.27780677777369617
0.001388888888888889	0.15239347674515105	0.12550271560663145	0.27789619235178253
0.0013913913913913914	0.15288441051295246	0.12510434019259078	0.27798875070554324
0.0013938938938938938	0.15338155557283992	0.1247029021761134	0.2780844577489533
0.0013963963963963964	0.15388477968699246	0.1242984256109871	0.2781832052979796
0.0013988988988988989	0.1543942988831251	0.12389093413200092	0.278285233015126
0.0014014014014014013	0.1549102374913405	0.12348046286947126	0.27839070036081176
0.001403903903903904	0.1554326577229867	0.12306704978669801	0.2784997075096847
0.0014064064064064064	0.15596151629330854	0.12265073423054275	0.2786122505238513
0.0014089089089089088	0.15649682127304035	0.12223154264386066	0.27872836391690103
0.0014114114114114115	0.1570385760263455	0.12180950454808269	0.27884808057442817
0.0014139139139139139	0.15758678415079683	0.12138465040234785	0.27897143455314466
0.0014164164164164163	0.15814145153201145	0.12095701225863814	0.2790984637906496
0.001418918918918919	0.1587025868710942	0.12052662196685027	0.27922920883794444
0.0014214214214214214	0.1592701965901652	0.12009350985476966	0.27936370644493486
0.001423923923923924	0.1598442777589663	0.11965770624634937	0.2795019840053157
0.0014264264264264265	0.1604248300814248	0.1192192424297945	0.2796440725112193
0.0014289289289289289	0.1610118582258506	0.11877815080475583	0.2797900090306064
0.0014314314314314315	0.1616053663099208	0.11833446245749459	0.2799398287674154
0.001433933933933934	0.16220535389670215	0.11788820513014983	0.28009355902685196
0.0014364364364364364	0.1628118219014283	0.11743940770277582	0.2802512296042041
0.001438938938938939	0.1634247710156204	0.11698810156471162	0.280412872580332
0.0014414414414414415	0.1640442029553586	0.11653431989276489	0.28057852284812346
0.001443943943943944	0.16467010903554286	0.11607790248260239	0.2807480115181452
0.0014464464464464465	0.16530248423911892	0.11561784240568786	0.28092032664480676
0.001448948948948949	0.16594133461856356	0.11515921289054486	0.2811005475091084
0.0014514514514514514	0.1665866585705899	0.11470622296690344	0.2812928815374933
0.001453953953953954	0.16723844645741026	0.1142574901504458	0.28149593660785605
0.0014564564564564565	0.16789669278538644	0.11381200439182051	0.2817086971772069
0.001458958958958959	0.16856139220709884	0.11333603646441456	0.2818974286715134
0.0014614614614614615	0.16923254189726283	0.11282372672762889	0.28205626862489175
0.001463963963963964	0.16991013752868986	0.11233236026355581	0.28224249779224564
0.0014664664664664664	0.1705941707871992	0.1118644587858339	0.28245862957303314
0.001468968968968969	0.17128463055004134	0.1113898570473056	0.2826744875973469
0.0014714714714714715	0.17198150308009982	0.1109059358492579	0.28288743892935775
0.001473973973973974	0.17268478685632152	0.11041049860896301	0.2830952854652845
0.0014764764764764766	0.17339447319879883	0.10990398652690388	0.2832984597257027
0.001478978978978979	0.17411054782090063	0.10939475409206514	0.28350530191296575
0.0014814814814814814	0.17483299884676282	0.10893052521535623	0.283763524062119
0.001483983983983984	0.17556181603694834	0.1084798773126611	0.28404169334960944
0.0014864864864864865	0.17629699734825913	0.10798149016455935	0.2842784875128185
0.001488988988988989	0.1770384774088599	0.10747849098016389	0.2845169683890238
0.0014914914914914916	0.17778627285208995	0.10698153777142377	0.28476781062351375
0.001493993993993994	0.17854044222366386	0.10648228814874973	0.2850227303724136
0.0014964964964964964	0.17930089797493023	0.10598103708341583	0.2852819350583461
0.001498998998998999	0.1800676170461842	0.10547793684692607	0.28554555389311026
0.0015015015015015015	0.18084059013711293	0.10497301127803521	0.2858136014151481
0.001504004004004004	0.18161981225650742	0.10446628159065921	0.28608609384716666
0.0015065065065065066	0.18240524717714038	0.10395777032275158	0.28636301749989196
0.001509009009009009	0.18319688806850473	0.10344752878943946	0.2866444168579442
0.0015115115115115114	0.1839947236491875	0.10293543691552508	0.2869301605647126
0.001514014014014014	0.1847987206100587	0.10242145544310818	0.28722017605316685
0.0015165165165165165	0.18560881078772085	0.10190561167794648	0.28751442246566733
0.001519019019019019	0.18642505502921275	0.101388813232766	0.28781386826197874
0.0015215215215215216	0.18724742258794305	0.10087071103905432	0.28811813362699734
0.001524024024024024	0.18807584688639886	0.10035017293174878	0.28842601981814764
0.0015265265265265264	0.1889103110805292	0.09982843568917518	0.28873874676970435
0.001529029029029029	0.18975079159660777	0.0993050963377405	0.2890558879343483
0.0015315315315315315	0.19059727881901925	0.09877996521583532	0.28937724403485454
0.001534034034034034	0.19144957745882243	0.09825372308030834	0.2897033005391308
0.0015365365365365366	0.1923082910224068	0.09772579664263943	0.29003408766504624
0.001539039039039039	0.1931730587756236	0.09719629276540813	0.2903693515410317
0.0015415415415415416	0.19404278571003936	0.09666538473505974	0.2907081704450991
0.001544044044044044	0.19491856494391877	0.09613304883749131	0.2910516137814101
0.0015465465465465465	0.1958004071570001	0.09559930016873075	0.29139970732573084
0.0015490490490490492	0.1966880379281961	0.09506416296935702	0.29175220089755316
0.0015515515515515516	0.19758141877270935	0.0945276607513377	0.2921090795240471
0.001554054054054054	0.19848050780580684	0.09398981432801536	0.2924703221338222
0.0015565565565565567	0.19938544091428595	0.09345064440068872	0.2928360853149747
0.001559059059059059	0.2002953703289057	0.09291017089221952	0.29320554122112524
0.0015615615615615615	0.20121125373680024	0.09236841580686553	0.29357966954366577
0.0015640640640640642	0.20213330299053095	0.09182539774703265	0.2939587007375636
0.0015665665665665666	0.20306060314014082	0.09128113463568042	0.29434173777582123
0.001569069069069069	0.20399326590540248	0.09073564988802328	0.29472891579342575
0.0015715715715715717	0.20493131562102232	0.09018896724136118	0.2951202828623835
0.001574074074074074	0.20587509553029557	0.08964109998113534	0.29551619551143093
0.0015765765765765765	0.20682429111310183	0.08909204468573571	0.2959163357988375
0.0015790790790790792	0.20777799954746806	0.08854197212970358	0.2963199716771716
0.0015815815815815816	0.20874106574718299	0.08799106810512264	0.2967321338523056
0.001584084084084084	0.20969452327890512	0.0874389895998093	0.2971335128787144
0.0015865865865865867	0.2106528064804914	0.08688457912592402	0.2975373856064154
0.001589089089089089	0.2116539044285426	0.08633005525232976	0.2979839596808723
0.0015915915915915915	0.21264162468590564	0.08577451075041084	0.2984161354363165
0.0015940940940940942	0.21361523411544917	0.0852178536769916	0.2988330877924408
0.0015965965965965966	0.2146035755227008	0.08466018923361576	0.29926376475631655
0.001599099099099099	0.21559925316404113	0.08410153036427277	0.2997007835283139
0.0016016016016016017	0.2165995690485968	0.08354189091925276	0.3001414599678496
0.001604104104104104	0.21760475481116479	0.08298128817426778	0.30058604298543257
0.0016066066066066065	0.21861478189486339	0.0824197405429026	0.30103452243776596
0.0016091091091091092	0.21962957778242245	0.08185726640977499	0.30148684419219746
0.0016116116116116116	0.2206490910596737	0.08129388909015388	0.30194298014982757
0.001614114114114114	0.22167328548463044	0.08072961097598959	0.30240289646062
0.0016166166166166167	0.22270209406841385	0.08016445128749275	0.3028665453559066
0.0016191191191191191	0.223735465774414	0.07959842283943386	0.30333388861384786
0.0016216216216216215	0.224773345421281	0.0790321246772143	0.3038054700984953
0.0016241241241241242	0.22581567477860456	0.07845911618086518	0.30427479095946974
0.0016266266266266266	0.22686239389222998	0.07787646531382283	0.3047388592060528
0.001629129129129129	0.2279134561957266	0.07732381717629051	0.3052372733720171
0.0016316316316316317	0.2289688026531922	0.07677675267265813	0.30574555532585035
0.0016341341341341341	0.2300283544321267	0.07619272287906663	0.30622107731119336
0.0016366366366366365	0.2310920784932506	0.0756098101491818	0.3067018886424324
0.0016391391391391392	0.2321599231588017	0.07504148038429788	0.3072014035430996
0.0016416416416416416	0.23323112816533673	0.07446810697038386	0.3076992351357206
0.001644144144144144	0.2343071681062522	0.07389433911090959	0.3082015072171618
0.0016466466466466467	0.23538805019097628	0.07331987281939104	0.3087079230103673
0.0016491491491491491	0.23647129220209248	0.0727447305293285	0.309216022731421
0.0016516516516516516	0.2375583033009244	0.07216892355516763	0.309727226856092
0.0016541541541541542	0.23864943363350077	0.07159246253876222	0.310241896172263
0.0016566566566566566	0.2397442001133435	0.0710153658641201	0.31075956597746357
0.001659159159159159	0.24084254542653633	0.07043764829413435	0.3112801937206707
0.0016616616616616617	0.24194442031073551	0.06985931954536703	0.31180373985610255
0.0016641641641641641	0.24304974933380924	0.06928039171516592	0.31233014104897516
0.0016666666666666668	0.24415847674867375	0.06870088038119382	0.31285935712986757
0.0016691691691691692	0.24527050324456393	0.068120800528202	0.3133913037727659
0.0016716716716716716	0.2463857928616497	0.06754016212414175	0.31392595498579146
0.0016741741741741743	0.24750424937149967	0.06695897714639629	0.31446322651789593
0.0016766766766766767	0.24862581981126647	0.06637725899708459	0.31500307880835104
0.0016791791791791791	0.24975043108188055	0.06579501831743269	0.3155454493993132
0.0016816816816816818	0.2508779929463316	0.06521228820114817	0.3160902811474798
0.0016841841841841842	0.2520084627693271	0.06462907580693468	0.31663753857626176
0.0016866866866866866	0.25314173016605185	0.06404529743687783	0.31718702760292966
0.0016891891891891893	0.2542777582361461	0.06345986953947931	0.3177376277756254
0.0016916916916916917	0.2554164503783141	0.06287391295689217	0.31829036333520627
0.0016941941941941941	0.2565577295269132	0.06229194147102073	0.31884967099793393
0.0016966966966966968	0.25770153383106303	0.06170750787247471	0.31940904170353773
0.0016991991991991992	0.2588477777424864	0.06112155572578029	0.3199693334682667
0.0017017017017017016	0.259996397663088	0.060532824513935025	0.32052922217702307
0.0017042042042042043	0.2611472865040653	0.05994668820942615	0.3210939747134915
0.0017067067067067067	0.2623003983324908	0.059358514149046804	0.3216589124815376
0.0017092092092092091	0.26345563586677095	0.05876824148074836	0.32222387734751934
0.0017117117117117118	0.26461293505658773	0.05818376803998984	0.3227967030965776
0.0017142142142142142	0.2657722035265104	0.05759550581824698	0.32336770934475734
0.0017167167167167166	0.26693336119949035	0.05700671884920321	0.32394008004869357
0.0017192192192192193	0.2680963274520185	0.05641767707268276	0.32451400452470125
0.0017217217217217217	0.2692610406661251	0.055828310236937614	0.32508935090306273
0.0017242242242242242	0.27042738850504	0.05523860369189415	0.32566599219693415
0.0017267267267267268	0.2715953239768058	0.05464859175617792	0.3262439157329837
0.0017292292292292292	0.27276473167958837	0.05405822834491615	0.3268229600245045
0.0017317317317317317	0.27393554434241557	0.053467572234906086	0.3274031165773217
0.0017342342342342343	0.27510768423570975	0.05287661068418211	0.32798429491989184
0.0017367367367367367	0.2762810603135498	0.05228533805899266	0.3285663983725425
0.0017392392392392392	0.2774533525172479	0.051693930951426034	0.32914728346867395
0.0017417417417417418	0.2786291165664691	0.051102178003152	0.3297312945696211
0.0017442442442442442	0.2798079079895591	0.050510157439248755	0.33031806542880787
0.0017467467467467467	0.280985254940923	0.04991775319852055	0.33090300813944357
0.0017492492492492493	0.2821635597390534	0.049326504467348015	0.33149006420640137
0.0017517517517517517	0.28334258343932156	0.048736605424493616	0.33207918886381516
0.0017542542542542542	0.28452225790246916	0.04813877336307733	0.33266103126554647
0.0017567567567567568	0.28570247796624626	0.047546456916168225	0.33324893488241447
0.0017592592592592592	0.28688317986518613	0.04695299111734225	0.3338361709825284
0.0017617617617617617	0.28806426356769793	0.04635935862693516	0.33442362219463306
0.0017642642642642643	0.2892456406107545	0.0457655247620695	0.335011165372824
0.0017667667667667667	0.29042722434709284	0.04517149628242743	0.3355987206295203
0.0017692692692692692	0.2916089346514299	0.044577278571444466	0.33618621322287434
0.0017717717717717718	0.29279067318659985	0.043982878911675224	0.3367735520982751
0.0017742742742742742	0.2939724210665765	0.04338830232076674	0.33736072338734324
0.0017767767767767767	0.29515185642263164	0.04279355585262407	0.3379454122752557
0.0017792792792792793	0.2963432910001844	0.04219864058111922	0.33854193158130363
0.0017817817817817817	0.2975180929681492	0.041603636661231305	0.3391217296293805
0.0017842842842842842	0.29869003174019454	0.04100847011361712	0.3396985018538117
0.0017867867867867868	0.29987707771406535	0.04041294535878535	0.3402900230728507
0.0017892892892892893	0.3010563942183107	0.039817461196177205	0.3408738554144879
0.001791791791791792	0.302235217023332	0.039221804411231014	0.341457021434563
0.0017942942942942943	0.30341327900729664	0.03862601659726755	0.3420392956045642
0.0017967967967967968	0.3045904793881781	0.03803010026582645	0.34262057965400455
0.0017992992992992994	0.30576675546052406	0.037434058524644785	0.34320081398516883
0.0018018018018018018	0.3069417090362947	0.036837895702282575	0.34377960473857727
0.0018043043043043043	0.3081226207015213	0.03624161579627435	0.34436423649779563
0.001806806806806807	0.309290693075808	0.03564522596990826	0.34493591904571624
0.0018093093093093093	0.3104605431584433	0.035048725168881356	0.34550926832732465
0.0018118118118118118	0.311630769796513	0.03445211942007704	0.34608288921659003
0.0018143143143143144	0.31280017630477064	0.03385541118301837	0.346655587487789
0.0018168168168168168	0.31396720830203556	0.03325860449900972	0.34722581280104525
0.0018193193193193193	0.31513207846213104	0.032661701617709	0.34779378007984
0.001821821821821822	0.31629582890034935	0.03206470550995253	0.3483605344103019
0.0018243243243243243	0.31745773316845655	0.03146761810832972	0.34892535127678626
0.0018268268268268268	0.3186177110890884	0.03087044267136245	0.34948815376045084
0.0018293293293293294	0.3197756483408351	0.030273181214680433	0.35004882955551553
0.0018318318318318318	0.3209314885523703	0.029675834799928764	0.35060732335229905
0.0018343343343343343	0.3220851264854279	0.02907840586088428	0.3511635323463122
0.001836836836836837	0.3232358144020103	0.02848089615877225	0.3517167105607826
0.0018393393393393393	0.3243855345652158	0.02788330673090273	0.3522688412961185
0.0018418418418418418	0.32553203327987484	0.027285636975370356	0.3528176702552452
0.0018443443443443444	0.3266760380477292	0.026687890627606084	0.3533639286753353
0.0018468468468468468	0.3278168927092685	0.026090066712477884	0.3539069594217464
0.0018493493493493493	0.32895590705731087	0.025492165097022006	0.3544480721543329
0.001851851851851852	0.330091739599889	0.02489418358990355	0.35498592318979255
0.0018543543543543544	0.331224621409465	0.024296100358290933	0.35552072176775595
0.0018568568568568568	0.3323545236785272	0.023697992026592556	0.35605251570511975
0.0018593593593593594	0.33348133424502197	0.023099784947491545	0.3565811191925135
0.0018618618618618619	0.3346049924677959	0.0225014920112484	0.3571064844790443
0.0018643643643643643	0.3357256634224132	0.021903118513457373	0.3576287819358706
0.001866866866866867	0.33684266946753705	0.021304662315553106	0.35814733178309016
0.0018693693693693694	0.33795606434483294	0.020706120629747738	0.3586621849745807
0.0018718718718718718	0.3390662006039045	0.02010749220554977	0.35917369280945427
0.0018743743743743744	0.34017273391339586	0.019508773867850288	0.35968150778124613
0.0018768768768768769	0.3412755871648121	0.018909961283524596	0.3601855484483367
0.0018793793793793793	0.3423746588787585	0.018311052722970646	0.36068571160172913
0.001881881881881882	0.34346990156069446	0.01771204268268272	0.3611819442433772
0.0018843843843843844	0.34456121840223325	0.01711292818729958	0.36167414658953284
0.0018868868868868868	0.3456484901672155	0.016513703039676263	0.36216219320689175
0.0018893893893893894	0.34673167956202094	0.015914363016078556	0.3626460425780995
0.0018918918918918919	0.3478106471375559	0.015314901312568411	0.3631255484501243
0.0018943943943943943	0.34888459011658385	0.01471531211117662	0.36359990222776045
0.001896896896896897	0.3499552542011367	0.014115588294370937	0.36407084249550764
0.0018993993993993994	0.3510217933877981	0.013515722717996788	0.3645375161057949
0.0019019019019019018	0.35208325287189796	0.012915706510087607	0.36499895938198557
0.0019044044044044044	0.35314011910102566	0.012315531765399743	0.3654556508664254
0.0019069069069069069	0.3541923153647526	0.011715189062052407	0.36590750442680503
0.0019094094094094093	0.3552397771028125	0.011114667376374012	0.3663544444791865
0.001911911911911912	0.3562825761479042	0.010513957361015914	0.3667965335089201
0.0019144144144144144	0.3573274611131813	0.009913044573070542	0.36724050568625183
0.001916916916916917	0.3583558542743463	0.00931191929916866	0.36766777357351493
0.0019194194194194195	0.3593803265281492	0.00871057338179012	0.3680908999099393
0.0019219219219219219	0.36040428309596156	0.00810898320549851	0.3685132663014601
0.0019244244244244245	0.3614053003322117	0.007507138518990151	0.36891243885120184
0.001926926926926927	0.3624325804943902	0.006905024887696522	0.3693376053820867
0.0019294294294294294	0.36343909764789667	0.006302622549560615	0.36974172019745727
0.001931931931931932	0.36444033742439597	0.005699915994642833	0.3701402534190388
0.0019344344344344345	0.365436065586868	0.005096886566369615	0.3705329521532376
0.0019369369369369369	0.3664262119225635	0.004493512157482765	0.3709197240800463
0.0019394394394394395	0.3674107013419082	0.0038897805144581204	0.37130048185636627
0.001941941941941942	0.3683894640372519	0.003285661725609042	0.371675125762861
0.0019444444444444444	0.36936242822278736	0.0026811347528225542	0.3720435629756099
0.001946946946946947	0.3703295245739874	0.0020761753679843366	0.3724056999419717
0.0019494494494494495	0.3712906833451821	0.0014707626738785877	0.3727614460190607
0.001951951951951952	0.3722458335834673	0.0008648670548332166	0.37311070063830054
0.0019544544544544545	0.3731949108281073	0.000258463516689151	0.3734533743447965
0.001956956956956957	0.37413784439978376	0	0.37413784439978376
0.0019594594594594594	0.37507456872621914	0	0.37507456872621914
0.001961961961961962	0.37600501932829145	0	0.37600501932829145
0.0019644644644644643	0.37692912724961014	0	0.37692912724961014
0.001966966966966967	0.37784683206460196	0	0.37784683206460196
0.0019694694694694695	0.37875806656110206	0	0.37875806656110206
0.001971971971971972	0.3796628221221617	0	0.3796628221221617
0.0019744744744744744	0.38056243593573225	0	0.38056243593573225
0.001976976976976977	0.3814530618707783	0	0.3814530618707783
0.0019794794794794797	0.3823370443144116	0	0.3823370443144116
0.001981981981981982	0.38321500740188696	0	0.38321500740188696
0.0019844844844844845	0.38408613480493	0	0.38408613480493
0.001986986986986987	0.38495037146562894	0	0.38495037146562894
0.0019894894894894894	0.38580765521730603	0	0.38580765521730603
0.001991991991991992	0.3866579332782828	0	0.3866579332782828
0.0019944944944944947	0.3875011488998431	0	0.3875011488998431
0.001996996996996997	0.38833715737641583	0	0.38833715737641583
0.0019994994994994996	0.3891611311527865	0	0.3891611311527865
0.002002002002002002	0.38998741968058376	0	0.38998741968058376
0.0020045045045045044	0.39080235105945044	0	0.39080235105945044
0.002007007007007007	0.39160944674219195	0	0.39160944674219195
0.0020095095095095097	0.3924091617461433	0	0.3924091617461433
0.002012012012012012	0.39320144843398624	0	0.39320144843398624
0.0020145145145145146	0.39398625553508176	0	0.39398625553508176
0.002017017017017017	0.3947635379666268	0	0.3947635379666268
0.0020195195195195194	0.3955332478138721	0	0.3955332478138721
0.002022022022022022	0.3962953381590393	0	0.3962953381590393
0.0020245245245245247	0.39704976353117083	0	0.39704976353117083
0.002027027027027027	0.3977964786205974	0	0.3977964786205974
0.0020295295295295296	0.3985354422661958	0	0.3985354422661958
0.002032032032032032	0.39926660975645356	0	0.39926660975645356
0.0020345345345345344	0.39998994181652353	0	0.39998994181652353
0.002037037037037037	0.4007053930661559	0	0.4007053930661559
0.0020395395395395397	0.40141292934547945	0	0.40141292934547945
0.002042042042042042	0.40211251808106224	0	0.40211251808106224
0.0020445445445445446	0.4028077396366806	0	0.4028077396366806
0.002047047047047047	0.40348755145820414	0	0.40348755145820414
0.0020495495495495494	0.40416309689747004	0	0.40416309689747004
0.002052052052052052	0.40483047535283717	0	0.40483047535283717
0.0020545545545545547	0.40548971795655014	0	0.40548971795655014
0.002057057057057057	0.4061407876126166	0	0.4061407876126166
0.0020595595595595596	0.40678365360582613	0	0.40678365360582613
0.002062062062062062	0.40741826328516234	0	0.40741826328516234
0.0020645645645645644	0.40804468220114903	0	0.40804468220114903
0.002067067067067067	0.4086627123405545	0	0.4086627123405545
0.0020695695695695697	0.40927245525091993	0	0.40927245525091993
0.002072072072072072	0.40987384367036306	0	0.40987384367036306
0.0020745745745745746	0.41046686000017896	0	0.41046686000017896
0.002077077077077077	0.4110514610928707	0	0.4110514610928707
0.0020795795795795794	0.41162763638334454	0	0.41162763638334454
0.002082082082082082	0.41219535447849126	0	0.41219535447849126
0.0020845845845845847	0.4127545960509766	0	0.4127545960509766
0.002087087087087087	0.4133053366503041	0	0.4133053366503041
0.0020895895895895896	0.41384755725591443	0	0.41384755725591443
0.002092092092092092	0.4143812316587391	0	0.4143812316587391
0.0020945945945945945	0.4149063459590362	0	0.4149063459590362
0.0020970970970970973	0.41542287919853904	0	0.41542287919853904
0.0020995995995995997	0.41593081442734753	0	0.41593081442734753
0.002102102102102102	0.41643013481480373	0	0.41643013481480373
0.0021046046046046046	0.4169208248153634	0	0.4169208248153634
0.002107107107107107	0.41740286819543193	0	0.41740286819543193
0.0021096096096096095	0.41787625468612977	0	0.41787625468612977
0.0021121121121121123	0.418340962935926	0	0.418340962935926
0.0021146146146146147	0.41879698694375855	0	0.41879698694375855
0.002117117117117117	0.41924431529689327	0	0.41924431529689327
0.0021196196196196196	0.4196829379801571	0	0.4196829379801571
0.002122122122122122	0.42011284363954754	0	0.42011284363954754
0.0021246246246246245	0.42053402283470115	0	0.42053402283470115
0.0021271271271271273	0.4209464734310818	0	0.4209464734310818
0.0021296296296296298	0.4213503056162487	0	0.4213503056162487
0.002132132132132132	0.4217453813916585	0	0.4217453813916585
0.0021346346346346346	0.4221313203007555	0	0.4221313203007555
0.002137137137137137	0.4225087780855607	0	0.4225087780855607
0.0021396396396396395	0.42287747593225117	0	0.42287747593225117
0.0021421421421421423	0.42323741291790784	0	0.42323741291790784
0.0021446446446446448	0.42358858816177297	0	0.42358858816177297
0.002147147147147147	0.42393099829166536	0	0.42393099829166536
0.0021496496496496496	0.42426464562930905	0	0.42426464562930905
0.002152152152152152	0.42458953076181527	0	0.42458953076181527
0.0021546546546546545	0.4249056550532121	0	0.4249056550532121
0.0021571571571571573	0.4252130224797162	0	0.4252130224797162
0.0021596596596596598	0.4255116334644681	0	0.4255116334644681
0.002162162162162162	0.42580168554249137	0	0.42580168554249137
0.0021646646646646646	0.42608234600388856	0	0.42608234600388856
0.002167167167167167	0.42635500569461626	0	0.42635500569461626
0.0021696696696696695	0.4266186500553671	0	0.4266186500553671
0.0021721721721721723	0.42687356529371373	0	0.42687356529371373
0.0021746746746746748	0.42711976589443107	0	0.42711976589443107
0.002177177177177177	0.4273572565197037	0	0.4273572565197037
0.0021796796796796796	0.4275860506218979	0	0.4275860506218979
0.002182182182182182	0.4278061538527329	0	0.4278061538527329
0.0021846846846846845	0.4280175824725697	0	0.4280175824725697
0.0021871871871871874	0.4282203471448372	0	0.4282203471448372
0.0021896896896896898	0.4284144190991769	0	0.4284144190991769
0.002192192192192192	0.4285975458862933	0	0.4285975458862933
0.0021946946946946946	0.4287768171976664	0	0.4287768171976664
0.002197197197197197	0.4289450675053705	0	0.4289450675053705
0.0021996996996996995	0.4291047155307973	0	0.4291047155307973
0.0022022022022022024	0.42925578792285185	0	0.42925578792285185
0.002204704704704705	0.4293983026432116	0	0.4293983026432116
0.002207207207207207	0.42953227541706274	0	0.42953227541706274
0.0022097097097097096	0.4296577252919733	0	0.4296577252919733
0.002212212212212212	0.4297746720289671	0	0.4297746720289671
0.0022147147147147145	0.4298831349633893	0	0.4298831349633893
0.0022172172172172174	0.4299831372954537	0	0.4299831372954537
0.00221971971971972	0.4300746962674511	0	0.4300746962674511
0.0022222222222222222	0.43015783498985494	0	0.43015783498985494
0.0022247247247247246	0.4302325804727965	0	0.4302325804727965
0.002227227227227227	0.4302989499959682	0	0.4302989499959682
0.00222972972972973	0.43035697151829394	0	0.43035697151829394
0.0022322322322322324	0.4304066678269441	0	0.4304066678269441
0.002234734734734735	0.43044806399001867	0	0.43044806399001867
0.0022372372372372372	0.43048118489382214	0	0.43048118489382214
0.0022397397397397397	0.4305060586495568	0	0.4305060586495568
0.002242242242242242	0.4305227119718366	0	0.4305227119718366
0.002244744744744745	0.43053117115657347	0	0.43053117115657347
0.0022472472472472474	0.43053146570927137	0	0.43053146570927137
0.00224974974974975	0.43052362424734136	0	0.43052362424734136
0.0022522522522522522	0.43050767489155495	0	0.43050767489155495
0.0022547547547547547	0.43048364729788996	0	0.43048364729788996
0.002257257257257257	0.4304515725621298	0	0.4304515725621298
0.00225975975975976	0.4304114823904736	0	0.4304114823904736
0.0022622622622622624	0.4303634054179792	0	0.4303634054179792
0.002264764764764765	0.43030737622570864	0	0.43030737622570864
0.0022672672672672672	0.4302434262604765	0	0.4302434262604765
0.0022697697697697697	0.43017158747837453	0	0.43017158747837453
0.002272272272272272	0.43009189616156485	0	0.43009189616156485
0.002274774774774775	0.43000438179878947	0	0.43000438179878947
0.0022772772772772774	0.4299090818186314	0	0.4299090818186314
0.00227977977977978	0.429806030465814	0	0.429806030465814
0.0022822822822822822	0.4296952624800725	0	0.4296952624800725
0.0022847847847847847	0.429576814888319	0	0.429576814888319
0.002287287287287287	0.4294507217351931	0	0.4294507217351931
0.00228978978978979	0.42931701986453696	0	0.42931701986453696
0.0022922922922922924	0.42917574921395507	0	0.42917574921395507
0.002294794794794795	0.4290269443366939	0	0.4290269443366939
0.0022972972972972973	0.4288706429952533	0	0.4288706429952533
0.0022997997997997997	0.42870688347146024	0	0.42870688347146024
0.002302302302302302	0.4285357062570575	0	0.4285357062570575
0.002304804804804805	0.42835714936636493	0	0.42835714936636493
0.0023073073073073074	0.42817125132042233	0	0.42817125132042233
0.00230980980980981	0.42797805297962854	0	0.42797805297962854
0.0023123123123123123	0.42777759447808694	0	0.42777759447808694
0.0023148148148148147	0.4275699146138242	0	0.4275699146138242
0.002317317317317317	0.42735505442122984	0	0.42735505442122984
0.00231981981981982	0.42713305808790414	0	0.42713305808790414
0.0023223223223223224	0.4269039638855056	0	0.4269039638855056
0.002324824824824825	0.4266678135529446	0	0.4266678135529446
0.0023273273273273273	0.4264246494305372	0	0.4264246494305372
0.0023298298298298297	0.4261745167354912	0	0.4261745167354912
0.002332332332332332	0.4259174516201417	0	0.4259174516201417
0.002334834834834835	0.42565350479060066	0	0.42565350479060066
0.0023373373373373374	0.42538272908671354	0	0.42538272908671354
0.00233983983983984	0.4251064642347395	0	0.4251064642347395
0.0023423423423423423	0.42482071912121194	0	0.42482071912121194
0.0023448448448448447	0.4245296980320041	0	0.4245296980320041
0.0023473473473473476	0.42423197524958456	0	0.42423197524958456
0.00234984984984985	0.4239276310125324	0	0.4239276310125324
0.0023523523523523524	0.4236167079094603	0	0.4236167079094603
0.002354854854854855	0.42329925381790906	0	0.42329925381790906
0.0023573573573573573	0.4229753081373793	0	0.4229753081373793
0.0023598598598598597	0.4226449230630528	0	0.4226449230630528
0.0023623623623623626	0.42230813767656256	0	0.42230813767656256
0.002364864864864865	0.42196500244852503	0	0.42196500244852503
0.0023673673673673674	0.4216155616708495	0	0.4216155616708495
0.00236986986986987	0.42125986022310324	0	0.42125986022310324
0.0023723723723723723	0.4208979465124636	0	0.4208979465124636
0.0023748748748748747	0.42052986342211723	0	0.42052986342211723
0.0023773773773773776	0.4201556597892585	0	0.4201556597892585
0.00237987987987988	0.4197753834234311	0	0.4197753834234311
0.0023823823823823824	0.41938907988694113	0	0.41938907988694113
0.002384884884884885	0.4189967944977306	0	0.4189967944977306
0.0023873873873873873	0.418598575819532	0	0.418598575819532
0.0023898898898898897	0.4181944709995075	0	0.4181944709995075
0.0023923923923923926	0.41778452585288745	0	0.41778452585288745
0.002394894894894895	0.4173687908018088	0	0.4173687908018088
0.0023973973973973974	0.4169473092952997	0	0.4169473092952997
0.0023998998998999	0.41652013274474436	0	0.41652013274474436
0.0024024024024024023	0.4160873060322224	0	0.4160873060322224
0.0024049049049049047	0.4156488779680815	0	0.4156488779680815
0.0024074074074074076	0.41520489464239824	0	0.41520489464239824
0.00240990990990991	0.4147554060242111	0	0.4147554060242111
0.0024124124124124124	0.4143004595248684	0	0.4143004595248684
0.002414914914914915	0.4138401022003276	0	0.4138401022003276
0.0024174174174174173	0.4133743828359304	0	0.4133743828359304
0.0024199199199199197	0.4129033499021049	0	0.4129033499021049
0.0024224224224224226	0.4124270495847265	0	0.4124270495847265
0.002424924924924925	0.4119455303473962	0	0.4119455303473962
0.0024274274274274274	0.41145884059208987	0	0.41145884059208987
0.00242992992992993	0.4109670289911738	0	0.4109670289911738
0.0024324324324324323	0.4104701438394645	0	0.4104701438394645
0.0024349349349349347	0.4099682305270411	0	0.4099682305270411
0.0024374374374374376	0.4094613419362041	0	0.4094613419362041
0.00243993993993994	0.4089495217097118	0	0.4089495217097118
0.0024424424424424425	0.4084328196241939	0	0.4084328196241939
0.002444944944944945	0.4079112837203559	0	0.4079112837203559
0.0024474474474474473	0.407384961743557	0	0.407384961743557
0.0024499499499499497	0.4068539018871952	0	0.4068539018871952
0.0024524524524524526	0.40631815188887105	0	0.40631815188887105
0.002454954954954955	0.4057777596175283	0	0.4057777596175283
0.0024574574574574575	0.40523277317936585	0	0.40523277317936585
0.00245995995995996	0.40468323990428057	0	0.40468323990428057
0.0024624624624624623	0.40412920790760476	0	0.40412920790760476
0.0024649649649649647	0.40357072463244953	0	0.40357072463244953
0.0024674674674674676	0.40300783769152176	0	0.40300783769152176
0.00246996996996997	0.40244059476431876	0	0.40244059476431876
0.0024724724724724725	0.40186904302504567	0	0.40186904302504567
0.002474974974974975	0.40129322994400024	0	0.40129322994400024
0.0024774774774774773	0.40071320307185204	0	0.40071320307185204
0.00247997997997998	0.40012900919230276	0	0.40012900919230276
0.0024824824824824826	0.3995406955500478	0	0.3995406955500478
0.002484984984984985	0.3989483093552827	0	0.3989483093552827
0.0024874874874874875	0.398351897069223	0	0.398351897069223
0.00248998998998999	0.3977515059537197	0	0.3977515059537197
0.0024924924924924923	0.39714718212599065	0	0.39714718212599065
0.002494994994994995	0.3965389726895633	0	0.3965389726895633
0.0024974974974974976	0.3959269219577859	0	0.3959269219577859
0.0025	0.39531109041258355	0	0.39531109041258355