0.	0.39415508256909976	0	0.39415508256909976
2.5025025025025024e-6	0.39356397682096494	0	0.39356397682096494
5.005005005005005e-6	0.3929693198890725	0	0.3929693198890725
7.507507507507507e-6	0.3923711536965929	0	0.3923711536965929
0.00001001001001001001	0.39176952057194314	0	0.39176952057194314
0.000012512512512512513	0.3911644629560204	0	0.3911644629560204
0.000015015015015015015	0.3905560226755803	0	0.3905560226755803
0.000017517517517517516	0.3899442418687834	0	0.3899442418687834
0.00002002002002002002	0.3893291623743871	0	0.3893291623743871
0.000022522522522522523	0.3887108258568153	0	0.3887108258568153
0.000025025025025025026	0.38808927403733623	0	0.38808927403733623
0.000027527527527527526	0.3874645481847973	0	0.3874645481847973
0.00003003003003003003	0.3868366896823306	0	0.3868366896823306
0.00003253253253253253	0.3862057396748059	0	0.3862057396748059
0.00003503503503503503	0.38557173944775286	0	0.38557173944775286
0.000037537537537537536	0.3849347293376584	0	0.3849347293376584
0.00004004004004004004	0.38429475044623684	0	0.38429475044623684
0.00004254254254254254	0.3836518432897384	0	0.3836518432897384
0.000045045045045045046	0.3830060482020206	0	0.3830060482020206
0.00004754754754754755	0.38235740537516894	0	0.38235740537516894
0.00005005005005005005	0.38170595484627984	0	0.38170595484627984
0.000052552552552552556	0.3810517369474019	0	0.3810517369474019
0.00005505505505505505	0.3803947908765449	0	0.3803947908765449
0.000057557557557557555	0.3797351564168067	0	0.3797351564168067
0.00006006006006006006	0.37907287309409965	0	0.37907287309409965
0.00006256256256256256	0.3784079806316056	0	0.3784079806316056
0.00006506506506506506	0.3777405176067215	0	0.3777405176067215
0.00006756756756756757	0.3770705221238116	0	0.3770705221238116
0.00007007007007007007	0.3763980333462077	0	0.3763980333462077
0.00007257257257257258	0.37572308967662543	0	0.37572308967662543
0.00007507507507507507	0.37504573211433123	0	0.37504573211433123
0.00007757757757757758	0.374365994581571	0	0.374365994581571
0.00008008008008008008	0.3736839173905343	0	0.3736839173905343
0.00008258258258258259	0.37299953854793744	0	0.37299953854793744
0.00008508508508508508	0.3723128964130601	0	0.3723128964130601
0.00008758758758758758	0.3716240247725418	0	0.3716240247725418
0.00009009009009009009	0.3709329655717602	0	0.3709329655717602
0.00009259259259259259	0.3702397517110457	0	0.3702397517110457
0.0000950950950950951	0.3695444233708102	0	0.3695444233708102
0.0000975975975975976	0.36884701450320184	0	0.36884701450320184
0.0001001001001001001	0.3681475637158224	0	0.3681475637158224
0.0001026026026026026	0.36744610723230553	0	0.36744610723230553
0.00010510510510510511	0.3667426777024175	0	0.3667426777024175
0.00010760760760760761	0.36603731697251995	0	0.36603731697251995
0.0001101101101101101	0.3653300556410527	0	0.3653300556410527
0.00011261261261261261	0.3646209297942074	0	0.3646209297942074
0.00011511511511511511	0.36390997754786686	0	0.36390997754786686
0.00011761761761761762	0.3631972320931527	0	0.3631972320931527
0.00012012012012012012	0.36248272738376736	0	0.36248272738376736
0.00012262262262262261	0.36176650187816384	0	0.36176650187816384
0.00012512512512512512	0.36104858394764017	0	0.36104858394764017
0.00012762762762762763	0.36032901385910254	0	0.36032901385910254
0.00013013013013013012	0.359607820900117	0	0.359607820900117
0.00013263263263263263	0.3588850428166833	0	0.3588850428166833
0.00013513513513513514	0.3581607104633379	0	0.3581607104633379
0.00013763763763763765	0.35743486010026304	0	0.35743486010026304
0.00014014014014014013	0.3567075229659847	0	0.3567075229659847
0.00014264264264264264	0.35597872997067226	0	0.35597872997067226
0.00014514514514514515	0.3552485188563987	0	0.3552485188563987
0.00014764764764764766	0.35451691819588455	0	0.35451691819588455
0.00015015015015015014	0.35378396331871736	0	0.35378396331871736
0.00015265265265265265	0.3530496829068291	0	0.3530496829068291
0.00015515515515515516	0.35231411258922396	0	0.35231411258922396
0.00015765765765765765	0.3515772832096968	0	0.3515772832096968
0.00016016016016016016	0.35083922412947205	0	0.35083922412947205
0.00016266266266266267	0.3500999687132621	0	0.3500999687132621
0.00016516516516516518	0.3493595479023597	0	0.3493595479023597
0.00016766766766766766	0.34861799177632924	0	0.34861799177632924
0.00017017017017017017	0.3478753311134008	0	0.3478753311134008
0.00017267267267267268	0.34713159830945706	0	0.34713159830945706
0.00017517517517517516	0.34638682247188224	0	0.34638682247188224
0.00017767767767767767	0.3456410320643581	0	0.3456410320643581
0.00018018018018018018	0.34489425891046754	0	0.34489425891046754
0.0001826826826826827	0.3441465338136358	0	0.3441465338136358
0.00018518518518518518	0.3433978815331643	0	0.3433978815331643
0.00018768768768768769	0.342648336617855	0	0.342648336617855
0.0001901901901901902	0.34189792559133275	0	0.34189792559133275
0.0001926926926926927	0.34114667588301584	0	0.34114667588301584
0.0001951951951951952	0.34039461816670025	0	0.34039461816670025
0.0001976976976976977	0.33964178292551767	0	0.33964178292551767
0.0002002002002002002	0.3388881927797674	0	0.3388881927797674
0.0002027027027027027	0.33813387997155275	0	0.33813387997155275
0.0002052052052052052	0.3373788717524827	0	0.3373788717524827
0.0002077077077077077	0.3366231938302531	0	0.3366231938302531
0.00021021021021021022	0.33586687584444846	0	0.33586687584444846
0.0002127127127127127	0.3351099417681771	0	0.3351099417681771
0.00021521521521521522	0.3343524235057442	0	0.3343524235057442
0.00021771771771771773	0.3335943424370595	0	0.3335943424370595
0.0002202202202202202	0.3328357284726676	0	0.3328357284726676
0.00022272272272272272	0.33207660817215484	0	0.33207660817215484
0.00022522522522522523	0.33131700510092615	0	0.33131700510092615
0.00022772772772772774	0.3305569463496428	0	0.3305569463496428
0.00023023023023023022	0.3297964593789465	0	0.3297964593789465
0.00023273273273273273	0.32903556651941757	0	0.32903556651941757
0.00023523523523523524	0.32827429504836575	0	0.32827429504836575
0.00023773773773773772	0.32751267221380403	0	0.32751267221380403
0.00024024024024024023	0.32675071801700456	0	0.32675071801700456
0.00024274274274274274	0.32598846006360827	0	0.32598846006360827
0.00024524524524524523	0.3252259234552383	0	0.3252259234552383
0.00024774774774774777	0.3244631303547231	0	0.3244631303547231
0.00025025025025025025	0.32370010648355196	0	0.32370010648355196
0.00025275275275275273	0.322936877015506	0	0.322936877015506
0.00025525525525525527	0.3221734609061509	0	0.3221734609061509
0.00025775775775775775	0.321409885960804	0	0.321409885960804
0.00026026026026026023	0.320646175178409	0	0.320646175178409
0.00026276276276276277	0.31988234959775386	0	0.31988234959775386
0.00026526526526526525	0.3191184342334923	0	0.3191184342334923
0.0002677677677677678	0.31835445053410855	0	0.31835445053410855
0.0002702702702702703	0.31759042270318555	0	0.31759042270318555
0.00027277277277277276	0.3168263701524111	0	0.3168263701524111
0.0002752752752752753	0.3160623170722388	0	0.3160623170722388
0.0002777777777777778	0.31529828603220816	0	0.31529828603220816
0.00028028028028028026	0.314534298269866	0	0.314534298269866
0.0002827827827827828	0.3137703730867447	0	0.3137703730867447
0.0002852852852852853	0.31300653637584874	0	0.31300653637584874
0.00028778778778778776	0.31224280460368004	0	0.31224280460368004
0.0002902902902902903	0.3114792038709064	0	0.3114792038709064
0.0002927927927927928	0.3107157498267943	0	0.3107157498267943
0.0002952952952952953	0.3099524673721271	0	0.3099524673721271
0.0002977977977977978	0.3091893750258701	0	0.3091893750258701
0.0003003003003003003	0.3084264930970561	0	0.3084264930970561
0.0003028028028028028	0.30766384284755227	0	0.30766384284755227
0.0003053053053053053	0.3069014418176191	0	0.3069014418176191
0.0003078078078078078	0.3061393135078018	0	0.3061393135078018
0.00031031031031031033	0.30537747484765365	0	0.30537747484765365
0.0003128128128128128	0.3046159452110189	0	0.3046159452110189
0.0003153153153153153	0.3038547451693309	0	0.3038547451693309
0.00031781781781781783	0.3030938934118443	0	0.3030938934118443
0.0003203203203203203	0.30233340817162707	0	0.30233340817162707
0.0003228228228228228	0.3015733110248144	0	0.3015733110248144
0.00032532532532532533	0.300813615999728	0	0.300813615999728
0.0003278278278278278	0.30005434456690866	0	0.30005434456690866
0.00033033033033033035	0.29929551463501924	0	0.29929551463501924
0.00033283283283283284	0.29853714421270394	0	0.29853714421270394
0.0003353353353353353	0.29777925050178733	0	0.29777925050178733
0.00033783783783783786	0.2970218513632974	0	0.2970218513632974
0.00034034034034034034	0.2962649660341229	0	0.2962649660341229
0.0003428428428428428	0.2955086110377262	0	0.2955086110377262
0.00034534534534534536	0.29475280142818544	0	0.29475280142818544
0.00034784784784784784	0.29399755850854203	0	0.29399755850854203
0.0003503503503503503	0.29324289551783317	0	0.29324289551783317
0.00035285285285285286	0.292488831137303	0	0.292488831137303
0.00035535535535535535	0.2917353824050378	0	0.2917353824050378
0.0003578578578578579	0.29098256533503136	0	0.29098256533503136
0.00036036036036036037	0.2902303942303599	0	0.2902303942303599
0.00036286286286286285	0.28947888970009394	0	0.28947888970009394
0.0003653653653653654	0.28872806420057684	0	0.28872806420057684
0.00036786786786786787	0.2879779348568283	0	0.2879779348568283
0.00037037037037037035	0.28722851669822796	0	0.28722851669822796
0.0003728728728728729	0.2864798269450115	0	0.2864798269450115
0.00037537537537537537	0.28573187941298983	0	0.28573187941298983
0.00037787787787787786	0.2849846903837571	0	0.2849846903837571
0.0003803803803803804	0.2842382747936365	0	0.2842382747936365
0.0003828828828828829	0.28349264916363687	0	0.28349264916363687
0.0003853853853853854	0.28274782436161966	0	0.28274782436161966
0.0003878878878878879	0.2820038202554617	0	0.2820038202554617
0.0003903903903903904	0.28126064770231685	0	0.28126064770231685
0.0003928928928928929	0.28051832223370343	0	0.28051832223370343
0.0003953953953953954	0.2797768587664867	0	0.2797768587664867
0.0003978978978978979	0.27903627211080984	0	0.27903627211080984
0.0004004004004004004	0.27829657389496687	0	0.27829657389496687
0.0004029029029029029	0.2775577810680406	0	0.2775577810680406
0.0004054054054054054	0.27681990591368155	0	0.27681990591368155
0.0004079079079079079	0.2760829621599963	0	0.2760829621599963
0.0004104104104104104	0.2753469640718524	0	0.2753469640718524
0.0004129129129129129	0.2746119239537809	0	0.2746119239537809
0.0004154154154154154	0.273877856826723	0	0.273877856826723
0.0004179179179179179	0.2731447741420956	0	0.2731447741420956
0.00042042042042042044	0.27241268995384416	0	0.27241268995384416
0.00042292292292292293	0.2716816160625247	0	0.2716816160625247
0.0004254254254254254	0.27095160039566085	0	0.27095160039566085
0.00042792792792792795	0.270222545634364	0	0.270222545634364
0.00043043043043043043	0.2694945941044484	0	0.2694945941044484
0.0004329329329329329	0.2687676949694431	0	0.2687676949694431
0.00043543543543543545	0.2680418696541429	0	0.2680418696541429
0.00043793793793793793	0.2673171297630524	0	0.2673171297630524
0.0004404404404404404	0.26659349186072456	0	0.26659349186072456
0.00044294294294294295	0.2658709624430441	0	0.2658709624430441
0.00044544544544544544	0.2651495571214705	0	0.2651495571214705
0.000447947947947948	0.2644292865638348	0	0.2644292865638348
0.00045045045045045046	0.26371016186020413	0	0.26371016186020413
0.00045295295295295294	0.2629921965327512	0	0.2629921965327512
0.0004554554554554555	0.26227540058816545	0	0.26227540058816545
0.00045795795795795796	0.2615597855943263	0	0.2615597855943263
0.00046046046046046044	0.2608453633432435	0	0.2608453633432435
0.000462962962962963	0.26013214546829433	0	0.26013214546829433
0.00046546546546546546	0.25942014134780417	0	0.25942014134780417
0.00046796796796796795	0.25870936386957843	0	0.25870936386957843
0.0004704704704704705	0.25799982360286206	0	0.25799982360286206
0.00047297297297297297	0.25729153138317623	0	0.25729153138317623
0.00047547547547547545	0.2565844970815564	0	0.2565844970815564
0.000477977977977978	0.25587873259901944	0	0.25587873259901944
0.00048048048048048047	0.2551742474618016	0	0.2551742474618016
0.000482982982982983	0.25447105250394597	0	0.25447105250394597
0.0004854854854854855	0.25376915925102045	0	0.25376915925102045
0.000487987987987988	0.25306857556006546	0	0.25306857556006546
0.0004904904904904905	0.2523693144010465	0	0.2523693144010465
0.000492992992992993	0.25167138394744404	0	0.25167138394744404
0.0004954954954954955	0.2509747961860226	0	0.2509747961860226
0.000497997997997998	0.2502795583571111	0	0.2502795583571111
0.0005005005005005005	0.24958568306519835	0	0.24958568306519835
0.000503003003003003	0.24889317884302647	0	0.24889317884302647
0.0005055055055055055	0.24820205498683767	0	0.24820205498683767
0.000508008008008008	0.2475123216487895	0	0.2475123216487895
0.0005105105105105105	0.2468239900206029	0	0.2468239900206029
0.000513013013013013	0.246137066495624	0	0.246137066495624
0.0005155155155155155	0.24545156341091856	0	0.24545156341091856
0.000518018018018018	0.24476748785004634	0	0.24476748785004634
0.0005205205205205205	0.24408485097323804	0	0.24408485097323804
0.000523023023023023	0.2434036611832778	0	0.2434036611832778
0.0005255255255255255	0.24272392805962772	0	0.24272392805962772
0.0005280280280280281	0.24204565967284442	0	0.24204565967284442
0.0005305305305305305	0.24136886578289302	0	0.24136886578289302
0.000533033033033033	0.2406935558837095	0	0.2406935558837095
0.0005355355355355356	0.24001973739270552	0	0.24001973739270552
0.000538038038038038	0.23934742175727466	0	0.23934742175727466
0.0005405405405405405	0.2386766152951642	0	0.2386766152951642
0.0005430430430430431	0.2380073272399605	0	0.2380073272399605
0.0005455455455455455	0.23733956718768193	0	0.23733956718768193
0.000548048048048048	0.23667334238738497	0	0.23667334238738497
0.0005505505505505506	0.23600866371336862	0	0.23600866371336862
0.000553053053053053	0.2353455376245238	0	0.2353455376245238
0.0005555555555555556	0.23468397226219442	0	0.23468397226219442
0.0005580580580580581	0.2340239775080387	0	0.2340239775080387
0.0005605605605605605	0.23336556140657877	0	0.23336556140657877
0.0005630630630630631	0.2327087319555011	0	0.2327087319555011
0.0005655655655655656	0.23205349639727807	0	0.23205349639727807
0.000568068068068068	0.2313998659248946	0	0.2313998659248946
0.0005705705705705706	0.2307478446686861	0	0.2307478446686861
0.0005730730730730731	0.23009744442846936	0	0.23009744442846936
0.0005755755755755755	0.22944867117546588	0	0.22944867117546588
0.0005780780780780781	0.22880153316975751	0	0.22880153316975751
0.0005805805805805806	0.2281560395586484	0	0.2281560395586484
0.000583083083083083	0.22751219692009764	0	0.22751219692009764
0.0005855855855855856	0.22687001310075955	0	0.22687001310075955
0.0005880880880880881	0.22622949768872033	0	0.22622949768872033
0.0005905905905905906	0.22559065641256812	0	0.22559065641256812
0.0005930930930930931	0.22495349938118478	0	0.22495349938118478
0.0005955955955955956	0.22431803154056895	0	0.22431803154056895
0.0005980980980980981	0.2236842633589677	0	0.2236842633589677
0.0006006006006006006	0.22305220051784985	0	0.22305220051784985
0.0006031031031031031	0.22242185181940077	0	0.22242185181940077
0.0006056056056056056	0.22179322459036604	0	0.22179322459036604
0.0006081081081081081	0.2211663263481878	0	0.2211663263481878
0.0006106106106106106	0.2205411650444096	0	0.2205411650444096
0.0006131131131131132	0.21991774801406147	0	0.21991774801406147
0.0006156156156156156	0.2192960827129056	0	0.2192960827129056
0.0006181181181181181	0.21867617616785737	0	0.21867617616785737
0.0006206206206206207	0.21805803769166257	0	0.21805803769166257
0.0006231231231231231	0.21744167197516023	0	0.21744167197516023
0.0006256256256256256	0.21682708896276823	0	0.21682708896276823
0.0006281281281281282	0.2162142943512419	0	0.2162142943512419
0.0006306306306306306	0.2156032972508778	0	0.2156032972508778
0.0006331331331331331	0.21499410331842206	0	0.21499410331842206
0.0006356356356356357	0.21438672045289775	0	0.21438672045289775
0.0006381381381381381	0.21378115729583588	0	0.21378115729583588
0.0006406406406406406	0.21317741952203392	0	0.21317741952203392
0.0006431431431431432	0.21257551567031244	0	0.21257551567031244
0.0006456456456456456	0.2119754511517736	0	0.2119754511517736
0.0006481481481481481	0.21137723633554828	0	0.21137723633554828
0.0006506506506506507	0.21078087550586377	0.0007936216932830229	0.2115744971991468
0.0006531531531531532	0.2101863773602125	0.0022664433614990225	0.21245282072171154
0.0006556556556556556	0.20959375033825917	0.003698107709527643	0.2132918580477868
0.0006581581581581582	0.20900299884460322	0.005126011820311427	0.21412901066491463
0.0006606606606606607	0.20841413435038553	0.006548330339240162	0.21496246468962568
0.0006631631631631631	0.20782715135738797	0.007965091267050221	0.2157922426244382
0.0006656656656656657	0.20724208389122356	0.009376306130027748	0.2166183900212513
0.0006681681681681682	0.20665891216687152	0.010781983915480079	0.2174408960823516
0.0006706706706706706	0.20607765738926911	0.012182127559811885	0.218259784949081
0.0006731731731731732	0.20549832334598908	0.01357673065705382	0.2190750540030429
0.0006756756756756757	0.20492091499324752	0.014965795649537393	0.21988671064278492
0.0006781781781781781	0.2043454411224255	0.016349305479757482	0.220694746602183
0.0006806806806806807	0.20377190935346906	0.01772724756656744	0.2214991569200365
0.0006831831831831832	0.2032003374048226	0.01909960788124355	0.22229994528606614
0.0006856856856856856	0.20263070701619657	0.020466367910713823	0.2230970749269104
0.0006881881881881882	0.20206305784241194	0.021827508508610316	0.22389056635102225
0.0006906906906906907	0.20149736452395453	0.023183008270836927	0.22468037279479147
0.0006931931931931931	0.20093365540601782	0.024532846531247078	0.2254665019372649
0.0006956956956956957	0.20037193478058274	0.025876998767256083	0.22624893354783882
0.0006981981981981982	0.19981221135277957	0.027215437502592865	0.22702764885537244
0.0007007007007007007	0.19925448061004528	0.028548148741246775	0.22780262935129206
0.0007032032032032032	0.19869876080045312	0.02987508749065169	0.2285738482911048
0.0007057057057057057	0.1981450618318256	0.031196257621226322	0.22934131945305192
0.0007082082082082082	0.19759337786110748	0.03251160728697639	0.23010498514808386
0.0007107107107107107	0.19704373339148593	0.03382111433593603	0.23086484772742194
0.0007132132132132132	0.19649612758323556	0.03512475473240405	0.2316208823156396
0.0007157157157157158	0.19595039538133208	0.036422498815990176	0.23237289419732227
0.0007182182182182182	0.19540700942180086	0.03771431992621882	0.23312132934801968
0.0007207207207207207	0.19486557723723283	0.03900008249831112	0.23386565973554396
0.0007232232232232233	0.19432619706909318	0.04028058760604536	0.23460678467513854
0.0007257257257257257	0.19378888031591676	0.041553705756163115	0.23534258607207986
0.0007282282282282282	0.19325365861574312	0.04282381675957925	0.23607747537532237
0.0007307307307307308	0.19272051114612976	0.04408229647407128	0.23680280762020103
0.0007332332332332332	0.19218947243407164	0.04533900761831579	0.23752848005238741
0.0007357357357357357	0.19166054034506708	0.04658868611957563	0.2382492264646427
0.0007382382382382383	0.19113371726245404	0.04783204342519014	0.2389657606876442
0.0007407407407407407	0.19060901241187686	0.04906920694896226	0.2396782193608391
0.0007432432432432432	0.19008644373680497	0.050300150107985615	0.24038659384479058
0.0007457457457457458	0.18956599919479994	0.05152481348628517	0.24109081268108512
0.0007482482482482482	0.18904771052522953	0.052743265676863126	0.24179097620209267
0.0007507507507507507	0.18853156403855764	0.053955045036133104	0.24248660907469075
0.0007532532532532533	0.18801758332513857	0.05516092015278053	0.2431785034779191
0.0007557557557557557	0.1875057671773452	0.056360408458691925	0.24386617563603713
0.0007582582582582582	0.1869961260890707	0.057553341928543104	0.24454946801761382
0.0007607607607607608	0.18648866661855898	0.058739839264501076	0.24522850588306006
0.0007632632632632632	0.18598339483915918	0.05991986701298644	0.24590326185214562
0.0007657657657657658	0.18548033153389873	0.061093381506789834	0.24657371304068856
0.0007682682682682683	0.18497947002093826	0.06226058591284852	0.24724005593378678
0.0007707707707707708	0.18448082430925775	0.06341972515563211	0.24790054946488987
0.0007732732732732733	0.1839843977756033	0.06457439722465712	0.2485587950002604
0.0007757757757757758	0.18349020853190895	0.06572187547272752	0.24921208400463646
0.0007782782782782783	0.1829982531164735	0.06686239726862553	0.24986065038509903
0.0007807807807807808	0.18250854633401267	0.06799624937835444	0.2505047957123671
0.0007832832832832833	0.18202109859916238	0.06912338418106419	0.25114448278022655
0.0007857857857857858	0.18153591597423285	0.07024377012925417	0.251779686103487
0.0007882882882882883	0.18105300378951114	0.07135738039813652	0.25241038418764766
0.0007907907907907908	0.18057236698056534	0.072464184494573	0.2530365514751383
0.0007932932932932933	0.18009402953226764	0.07356392681862356	0.25365795635089117
0.0007957957957957958	0.17961798616430658	0.07465863348726226	0.25427661965156884
0.0007982982982982983	0.1791442443418089	0.07574251094756386	0.25488675528937277
0.0008008008008008008	0.17867282591212816	0.07682274807124674	0.2554955739833749
0.0008033033033033033	0.17820372716525265	0.07789544314587186	0.2560991703111245
0.0008058058058058058	0.1777369574547609	0.07896038330368638	0.2566973407584473
0.0008083083083083083	0.17727253634132129	0.08001868486160882	0.25729122120293013
0.0008108108108108108	0.1768104666662159	0.081070321253072	0.25788078791928787
0.0008133133133133133	0.1763507453757633	0.08211436698023762	0.25846511235600095
0.0008158158158158158	0.17589340200276146	0.08315143230202023	0.2590448343047817
0.0008183183183183183	0.17543843157410022	0.08418147932127205	0.2596199108953723
0.0008208208208208208	0.17498585038104214	0.08520438121493377	0.26019023159597593
0.0008233233233233233	0.17453565703144822	0.086220116414883	0.2607557734463312
0.0008258258258258258	0.17408787973335077	0.0872286568742961	0.26131653660764687
0.0008283283283283283	0.17364250382425037	0.08822997736740898	0.26187248119165935
0.0008308308308308308	0.17319956253337657	0.08922408893041153	0.2624236514637881
0.0008333333333333334	0.1727590403735898	0.09021071449652071	0.26296975487011054
0.0008358358358358358	0.1723209715798371	0.09119048912531325	0.26351146070515036
0.0008383383383383384	0.17188535117656856	0.0921626564865696	0.2640480076631382
0.0008408408408408409	0.17145219534851133	0.09312737651736165	0.264579571865873
0.0008433433433433433	0.17102149671449862	0.09408494710657363	0.26510644382107224
0.0008458458458458459	0.1705932918540048	0.09503513538296567	0.26562842723697044
0.0008483483483483484	0.17016757552294978	0.09597788523622912	0.2661454607591789
0.0008508508508508508	0.16974434956808376	0.09691312800146068	0.26665747756954444
0.0008533533533533534	0.16932364578110087	0.09784100333035382	0.2671646491114547
0.0008558558558558559	0.16890545643652316	0.0987613944271866	0.2676668508637098
0.0008583583583583583	0.16848979750486845	0.09967436759433593	0.2681641650992044
0.0008608608608608609	0.16807667150158528	0.10057976228071752	0.2686564337823028
0.0008633633633633634	0.16766611027942263	0.10147751559850449	0.2691436258779271
0.0008658658658658658	0.16725809705706457	0.10236791451000854	0.2696260115670731
0.0008683683683683684	0.16685266277432279	0.10325070305358429	0.27010336582790706
0.0008708708708708709	0.16644980861775127	0.10412589787997384	0.2705757064977251
0.0008733733733733733	0.16604954047989057	0.10499350269401828	0.2710430431739088
0.0008758758758758759	0.16565188323286242	0.10585349826298521	0.27150538149584763
0.0008783783783783784	0.16525683207260963	0.10670580344099131	0.27196263551360095
0.0008808808808808808	0.16486440915700315	0.10755083666827588	0.27241524582527904
0.0008833833833833834	0.16447462600811427	0.10838772038291174	0.272862346391026
0.0008858858858858859	0.16408747856661268	0.1092170400555374	0.2733045186221501
0.0008883883883883883	0.16370299158860893	0.11003875608371849	0.2737417476723274
0.0008908908908908909	0.16332117861108555	0.1108527704242294	0.27417394903531495
0.0008933933933933934	0.1629420360441079	0.111659072288477	0.2746011083325849
0.000895895895895896	0.16256559348531427	0.11245768083804283	0.2750232743233571
0.0008983983983983984	0.1621918416734702	0.11324838279214204	0.2754402244656122
0.0009009009009009009	0.16182081083378916	0.11403143078154498	0.27585224161533417
0.0009034034034034035	0.1614525060543452	0.11480693134763056	0.2762594374019758
0.0009059059059059059	0.1610869378384606	0.11557451826511055	0.2766614561035711
0.0009084084084084084	0.16072410949067464	0.11633426187173992	0.27705837136241457
0.000910910910910911	0.16036405181057217	0.11708631577667056	0.27745036758724273
0.0009134134134134134	0.16000676071098624	0.11783053505666494	0.27783729576765115
0.0009159159159159159	0.15965225387422893	0.11856702156968132	0.27821927544391023
0.0009184184184184185	0.15930054196949528	0.1192956150134502	0.2785961569829455
0.0009209209209209209	0.15895164366240472	0.12001641272934248	0.2789680563917472
0.0009234234234234234	0.15860556167175954	0.1207293771043022	0.27933493877606175
0.000925925925925926	0.15826231356306333	0.12143452272091106	0.2796968362839744
0.0009284284284284284	0.1579219123158074	0.12213184574867296	0.28005375806448035
0.0009309309309309309	0.15758436496977876	0.12282133305769088	0.2804056980274696
0.0009334334334334335	0.15724969685908535	0.12350298198735603	0.2807526788464414
0.0009359359359359359	0.1569179111626368	0.12417678928120553	0.2810947004438423
0.0009384384384384384	0.15658901306585327	0.12484274723449462	0.2814317603003479
0.000940940940940941	0.15626302934344016	0.12550085761796748	0.28176388696140764
0.0009434434434434434	0.15593997113198801	0.12615112488688066	0.28209109601886867
0.0009459459459459459	0.15561984931424971	0.12679353710078886	0.28241338641503855
0.0009484484484484485	0.15530266662169706	0.127428097638639	0.28273076426033605
0.0009509509509509509	0.15498846058171525	0.1280548083012919	0.2830432688830071
0.0009534534534534534	0.15467722298731226	0.128673673792343	0.2833508967796553
0.000955955955955956	0.15436897378801065	0.12928468539157764	0.2836536591795883
0.0009584584584584585	0.15406373428373105	0.12988785040444784	0.2839515846881789
0.0009609609609609609	0.1537615074534724	0.13048317378875757	0.28424468124222996
0.0009634634634634635	0.1534623109384392	0.13107065007036886	0.2845329610088081
0.000965965965965966	0.15316615958644855	0.13165028850938287	0.2848164480958314
0.0009684684684684684	0.15287306857304747	0.13222209643675786	0.28509516500980536
0.000970970970970971	0.15258305234349212	0.13278607037340603	0.2853691227168982
0.0009734734734734735	0.1522961229800147	0.13334221869888127	0.28563834167889596
0.000975975975975976	0.1520122960537922	0.13389055233141478	0.28590284838520696
0.0009784784784784785	0.15173159026810232	0.1344310617756438	0.28616265204374614
0.000980980980980981	0.15145401207407402	0.1349637763198239	0.2864177883938979
0.0009834834834834836	0.1511795761903532	0.13548867131540746	0.28666824750576064
0.000985985985985986	0.1509083132740731	0.1360057876321267	0.28691410090619984
0.0009884884884884884	0.15064022077559638	0.13651512593376283	0.2871553467093592
0.000990990990990991	0.15037531397215426	0.1370166854755372	0.28739199944769145
0.0009934934934934935	0.1501136220778924	0.1375104740610222	0.2876240961389146
0.000995995995995996	0.14985514862492827	0.13799650186610948	0.2878516504910378
0.0009984984984984986	0.1495999123253605	0.13847479203533386	0.2880747043606944
0.001001001001001001	0.149347933228904	0.1389453378052531	0.2882932710341571
0.0010035035035035034	0.1490992039421538	0.13940816467342085	0.2885073686155747
0.001006006006006006	0.14885389867041543	0.13986327816956817	0.2887171768399836
0.0010085085085085085	0.14861217143694108	0.1403106908187535	0.2889228622556946
0.001011011011011011	0.14837346208951793	0.14075042289917686	0.2891238849886948
0.0010135135135135136	0.14813723105512402	0.14118244682662873	0.2893196778817527
0.001016016016016016	0.14790525018819203	0.1416068059449513	0.28951205613314335
0.0010185185185185184	0.14767650543871128	0.14202358151140743	0.28970008695011873
0.001021021021021021	0.14745112179711345	0.1424327057245521	0.2898838275216655
0.0010235235235235235	0.14722914305209953	0.142834196334993	0.2900633393870925
0.001026026026026026	0.14701058001161663	0.14322808479238391	0.2902386648040005
0.0010285285285285286	0.14679544998965785	0.14361438787624678	0.29040983786590463
0.001031031031031031	0.1465837676834787	0.14399313033884326	0.29057689802232195
0.0010335335335335334	0.14637554765140215	0.14436431449071527	0.29073986214211744
0.001036036036036036	0.1461708164853285	0.14472795981985984	0.29089877630518834
0.0010385385385385385	0.14596958591342954	0.14508409512646406	0.2910536810398936
0.001041041041041041	0.14577187414641882	0.14543273326804368	0.2912046074144625
0.0010435435435435436	0.1455777023417064	0.14577388637663202	0.29135158871833844
0.001046046046046046	0.14538707503167644	0.14610758102221813	0.2914946560538946
0.0010485485485485487	0.14520002219657638	0.14643382728473597	0.2916338494813123
0.001051051051051051	0.14501656295496673	0.14675274291213966	0.29176930586710637
0.0010535535535535535	0.1448367113199248	0.14706413899955054	0.2919008503194753
0.0010560560560560562	0.1446604799793196	0.1473675648968217	0.2920280448761413
0.0010585585585585586	0.14448789427994796	0.14766444285054	0.29215233713048794
0.001061061061061061	0.14431897004267905	0.14795410248177593	0.292273072524455
0.0010635635635635637	0.14415372688829528	0.14823626189778663	0.2923899887860819
0.001066066066066066	0.14399218957605148	0.1485109951734109	0.29250318474946235
0.0010685685685685685	0.14383436631050614	0.14877847546070708	0.2926128417712132
0.0010710710710710712	0.1436802767079781	0.1490387092994562	0.2927189860074343
0.0010735735735735736	0.14352994262101298	0.1492917186917423	0.2928216613127553
0.001076076076076076	0.14338338484513966	0.14953752729959272	0.29292091214473237
0.0010785785785785787	0.14324062094894033	0.1497761614102447	0.29301678235918505
0.001081081081081081	0.14310166998518478	0.15000764581360757	0.29310931579879235
0.0010835835835835835	0.14296655335300262	0.15023200518058946	0.2931985585335921
0.0010860860860860862	0.14283528548844868	0.15044926401006198	0.2932845494985107
0.0010885885885885886	0.14270788598132386	0.1506594454897719	0.2933673314710957
0.001091091091091091	0.14258437834684742	0.15086258052669477	0.2934469588735422
0.0010935935935935937	0.14246478572620863	0.15105869703296462	0.2935234827591733
0.001096096096096096	0.1423491268946147	0.15124781294500217	0.2935969398396169
0.0010985985985985985	0.1422374134902231	0.15142995835370718	0.29366737184393027
0.0011011011011011012	0.1421296701814773	0.15160516299595267	0.29373483317743
0.0011036036036036036	0.1420259192669926	0.1517734568054198	0.29379937607241235
0.001106106106106106	0.14192617646804892	0.15193486495511266	0.2938610414231616
0.0011086086086086087	0.1418304636650511	0.15208941375419177	0.29391987741924286
0.0011111111111111111	0.1417388047377394	0.15223713363063104	0.29397593836837044
0.0011136136136136135	0.1416512200687689	0.15237805158658874	0.29402927165535764
0.0011161161161161162	0.14156773004307546	0.1525121936914202	0.29407992373449565
0.0011186186186186186	0.1414883527426979	0.15263959493170345	0.2941279476744013
0.001121121121121121	0.14141310875165697	0.15276028617683082	0.2941733949284878
0.0011236236236236237	0.14134202015523983	0.15287429485362833	0.29421631500886813
0.0011261261261261261	0.14127510708365365	0.15298164975808018	0.2942567568417338
0.0011286286286286285	0.14121238812560075	0.15308237906572125	0.29429476719132197
0.0011311311311311312	0.141153889538872	0.15317651460195073	0.29433040414082273
0.0011336336336336336	0.1410996367605774	0.15326408757626	0.29436372433683744
0.001136136136136136	0.14104964401636463	0.1533451309432786	0.2943947749596432
0.0011386386386386387	0.1410039285480891	0.15341967635725168	0.2944236049053408
0.0011411411411411411	0.14096251688733388	0.15348775332459763	0.2944502702119315
0.0011436436436436436	0.1409254328384717	0.15354939333127363	0.2944748261697453
0.0011461461461461462	0.14089269654644962	0.15360462937708458	0.29449732592353417
0.0011486486486486486	0.14086432921533085	0.15365349312993987	0.2945178223452707
0.001151151151151151	0.14084035216882557	0.15369601493520782	0.2945363671040334
0.0011536536536536537	0.14082078639058226	0.1537322276610361	0.2945530140516184
0.0011561561561561561	0.14080565441724854	0.1537621658525543	0.2945678202698029
0.0011586586586586586	0.140794978352648	0.15378586262378882	0.29458084097643683
0.0011611611611611612	0.14078878028212513	0.15380334997108783	0.29459213025321296
0.0011636636636636636	0.14078708232306228	0.15381466065665614	0.2946017429797184
0.001166166166166166	0.14078990652194887	0.15381982901574273	0.2946097355376916
0.0011686686686686687	0.1407972748805117	0.15381888932605353	0.2946161642065652
0.0011711711711711711	0.14080920941797764	0.153811873522508	0.2946210829404856
0.0011736736736736738	0.14082573226275918	0.1537988124285857	0.2946245446913449
0.0011761761761761762	0.14084686514494893	0.1537797417533687	0.29462660689831766
0.0011786786786786786	0.1408726307075513	0.15375469802139943	0.2946273287289507
0.0011811811811811813	0.14090305170253214	0.15372371698095524	0.29462676868348736
0.0011836836836836837	0.14093815099151913	0.15368683130675978	0.29462498229827894
0.0011861861861861861	0.14097795042022274	0.15364407425645943	0.2946220246766822
0.0011886886886886888	0.14102247212271657	0.1535954803131109	0.29461795243582745
0.0011911911911911912	0.14107173826165986	0.15354108434697072	0.2946128226086306
0.0011936936936936936	0.1411257713360167	0.1534809198090126	0.2946066911450293
0.0011961961961961963	0.14118459380931642	0.15341502291627904	0.2945996167255954
0.0011986986986986987	0.14124822810656257	0.15334342942787335	0.29459165753443595
0.0012012012012012011	0.14131669615167675	0.1532661755780543	0.2945828717297311
0.0012037037037037038	0.1413900199951131	0.15318329596908853	0.29457331596420167
0.0012062062062062062	0.14146822064331385	0.15309482549205797	0.2945630461353718
0.0012087087087087087	0.14155132218690875	0.15300079857089643	0.2945521207578052
0.0012112112112112113	0.14163934751422666	0.1529012506258894	0.29454059814011607
0.0012137137137137137	0.1417323206456835	0.1527962176693635	0.294528538315047
0.0012162162162162162	0.14183026411394023	0.15268573526558551	0.2945159993795258
0.0012187187187187188	0.14193319874785598	0.1525698384823497	0.29450303723020566
0.0012212212212212212	0.14204114648297167	0.15244856351099534	0.294489709993967
0.0012237237237237237	0.142154129007128	0.15232194616817693	0.29447607517530494
0.0012262262262262263	0.14227216828181724	0.15219002223527808	0.2944621905170953
0.0012287287287287287	0.1423952866681533	0.15205282697750502	0.2944481136456583
0.0012312312312312312	0.1425235062653876	0.15191039665326744	0.294433902918655
0.0012337337337337338	0.14265684917277155	0.15176276737107022	0.29441961654384174
0.0012362362362362362	0.14279533748955658	0.15160997510257027	0.2944053125921269
0.0012387387387387387	0.14293899331499405	0.15145205581942447	0.2943910491344185
0.0012412412412412413	0.1430878387483354	0.15128904549328967	0.29437688424162506
0.0012437437437437437	0.143241895888832	0.15112098009582275	0.2943628759846547
0.0012462462462462462	0.14340118683573524	0.15094789559868063	0.2943490824344159
0.0012487487487487488	0.1435657336882966	0.1507698279735201	0.2943355616618167
0.0012512512512512512	0.1437355534369623	0.1505868131919981	0.2943223666289604
0.0012537537537537537	0.14391066885120815	0.15039888722577147	0.2943095560769796
0.0012562562562562563	0.14409110270483835	0.15020608803928245	0.2942971907441208
0.0012587587587587587	0.14427687658400104	0.15000846211127614	0.2942853386952772
0.0012612612612612612	0.14446801207484428	0.14980603492518818	0.29427404700003246
0.0012637637637637638	0.14466453076351624	0.14959884190089887	0.2942633726644151
0.0012662662662662662	0.144866454236165	0.1493869184582885	0.2942533726944535
0.0012687687687687687	0.14507380407893872	0.14917030001723727	0.29424410409617596
0.0012712712712712713	0.1452866018779855	0.1489490219976255	0.294235623875611
0.0012737737737737737	0.14550486921945346	0.14872311981933345	0.2942279890387869
0.0012762762762762762	0.14572863052269436	0.14849262890224138	0.2942212594249357
0.0012787787787787788	0.14595790003124148	0.14825758466622954	0.29421548469747105
0.0012812812812812813	0.146192692564554	0.1480180225311782	0.2942107150957322
0.0012837837837837837	0.1464330271371311	0.14777397791696767	0.2942070050540988
0.0012862862862862863	0.14667892276347205	0.14752548624347817	0.2942044090069502
0.0012887887887887888	0.14693039845807598	0.14727258293058998	0.29420298138866596
0.0012912912912912912	0.1471874732354421	0.1470153033981834	0.2942027766336255
0.0012937937937937938	0.1474501661100696	0.14675368306613862	0.29420384917620823
0.0012962962962962963	0.14771849609645768	0.14648775735433597	0.29420625345079365
0.001298798798798799	0.14799248220910555	0.14621756168265568	0.2942100438917612
0.0013013013013013013	0.14827214346251233	0.14594313147097807	0.2942152749334904
0.0013038038038038038	0.14855749887117725	0.14566450213918336	0.2942220010103606
0.0013063063063063064	0.14884856498768215	0.1453817091071518	0.29423027409483393
0.0013088088088088088	0.14914535845568153	0.14509478779476373	0.29424014625044526
0.0013113113113113113	0.14944791679768768	0.14480377362189936	0.29425169041958704
0.001313813813813814	0.1497562545333785	0.14450870200843893	0.29426495654181745
0.0013163163163163163	0.15007038618243185	0.1442096083742628	0.2942799945566946
0.0013188188188188188	0.15039032626452561	0.14390652813925117	0.2942968544037768
0.0013213213213213214	0.15071608929933772	0.1435994967232843	0.294315586022622
0.0013238238238238238	0.151047689806546	0.14328854954624248	0.2943362393527885
0.0013263263263263263	0.15138514230582836	0.14297372697408753	0.2943588692799159
0.001328828828828829	0.15172846131686274	0.14265506558350413	0.29438352690036684
0.0013313313313313313	0.15207766135932693	0.142332593041301	0.29441025440062796
0.0013338338338338338	0.15243274055535008	0.14200634280233662	0.2944390833576867
0.0013363363363363364	0.15279373910069546	0.14167634832146933	0.2944700874221648
0.0013388388388388388	0.1531606696255025	0.14134264305355762	0.29450331267906016
0.0013413413413413413	0.15353354453562162	0.14100526045345996	0.2945388049890816
0.001343843843843844	0.15391237623690326	0.14066423397603464	0.2945766102129379
0.0013463463463463464	0.15429717713519778	0.14031959707614025	0.29461677421133803
0.0013488488488488488	0.1546879596363556	0.13997138320863514	0.29465934284499073
0.0013513513513513514	0.15508473614622711	0.13961962582837772	0.2947043619746048
0.0013538538538538539	0.15548751907066274	0.1392643583902265	0.29475187746088927
0.0013563563563563563	0.15589632081551286	0.13890561561498124	0.2948019364304941
0.001358858858858859	0.15631115541030127	0.13854342988656224	0.2948545852968635
0.0013613613613613614	0.15673203489856802	0.1381778333603708	0.29490986825893883
0.0013638638638638638	0.15715896835694157	0.13780885891693967	0.29496782727388127
0.0013663663663663664	0.1575919669572496	0.13743654000574781	0.2950285069629974
0.0013688688688688689	0.158031044711566	0.13706090942730584	0.29509195413887185
0.0013713713713713713	0.1584762111786692	0.1366819987290878	0.295158209907757
0.001373873873873874	0.15892747208265737	0.1362998402612262	0.29522731234388355
0.0013763763763763764	0.1593848360590224	0.13591446673123733	0.29529930279025973
0.0013788788788788788	0.15984831253391035	0.1355259100763045	0.29537422261021484
0.0013813813813813814	0.1603179087252411	0.13513420222862704	0.29545211095386814
0.0013838838838838839	0.16079363273505967	0.1347393759376217	0.2955330086726814
0.0013863863863863863	0.16127549460706012	0.13434146336117953	0.2956169579682396
0.001388888888888889	0.1617634993322569	0.13394049426352822	0.29570399359578514
0.0013913913913913914	0.16225765298748265	0.13353649957629676	0.2957941525637794
0.0013938938938938938	0.1627579633001943	0.133129510239469	0.29588747353966327
0.0013963963963963964	0.16326443434683735	0.13271955748574787	0.2959839918325852
0.0013988988988988989	0.16377707176141232	0.1323066724694987	0.296083744230911
0.0014014014014014013	0.16429588137853843	0.13189088627618317	0.2961867676547216
0.001403903903903904	0.16482086504084076	0.13147222982739998	0.29629309486824074
0.0014064064064064064	0.1653520266321455	0.13105073549391877	0.29640276212606426
0.0014089089089089088	0.1658893687820756	0.13062643219471715	0.29651580097679275
0.0014114114114114115	0.16643289415531948	0.13019934817993364	0.2966322423352531
0.0014139139139139139	0.1669826055399601	0.12976951182132626	0.29675211736128637
0.0014164164164164163	0.1675385034443291	0.1293369548673099	0.296875458311639
0.001418918918918919	0.16810059013069945	0.12890170876070198	0.2970022988914014
0.0014214214214214214	0.16866886465277023	0.1284638025553376	0.2971326672081078
0.001423923923923924	0.169243327529581	0.12802326485720958	0.29726659238679054
0.0014264264264264265	0.16982397715507286	0.12758012478213906	0.2974041019372119
0.0014289289289289289	0.1704108118933418	0.1271344117987277	0.2975452236920695
0.0014314314314314315	0.17100383000365274	0.1266861556736291	0.29768998567728183
0.001433933933933934	0.1716030300367391	0.12623538349748897	0.2978384135342281
0.0014364364364364364	0.1722084093293653	0.12578212263539257	0.2979905319647579
0.001438938938938939	0.17281996625463364	0.12532640246166663	0.2981463687163003
0.0014414414414414415	0.17343769405608642	0.12486825251395518	0.2983059465700416
0.001443943943943944	0.17406158140231415	0.12440770007144207	0.29846928147375623
0.0014464464464464465	0.17469162737107108	0.12394477237919012	0.2986363997502612
0.001448948948948949	0.1753278361571185	0.12347949778480766	0.29880733394192616
0.0014514514514514514	0.17597019404091718	0.12301190535543725	0.29898209939635445
0.001453953953953954	0.17661868856422724	0.12254202106535284	0.2991607096295801
0.0014564564564564565	0.17727331477309013	0.12206987113072099	0.29934318590381115
0.001458958958958959	0.17793406495425568	0.1215954820949957	0.2995295470492514
0.0014614614614614615	0.17860092811864775	0.12111888029014141	0.29971980840878915
0.001463963963963964	0.1792738960353418	0.12064009369788081	0.2999139897332226
0.0014664664664664664	0.1799529620055873	0.1201591498139101	0.3001121118194974
0.001468968968968969	0.18063811419614453	0.11967607648666356	0.30031419068280807
0.0014714714714714715	0.18132933963313727	0.11919089911707537	0.3005202387502126
0.001473973973973974	0.18202662025678557	0.11870363970831634	0.3007302599651019
0.0014764764764764766	0.18272994673305185	0.1182143251854503	0.30094427191850215
0.001478978978978979	0.18343930791400478	0.11772298329614123	0.30116229121014604
0.0014814814814814814	0.1841546808261497	0.11722963806620107	0.30138431889235073
0.001483983983983984	0.1848760573404195	0.1167343149776348	0.3016103723180543
0.0014864864864864865	0.18560342848063346	0.11623704170852917	0.3018404701891626
0.001488988988988989	0.18633677245079552	0.11573784225009419	0.3020746147008897
0.0014914914914914916	0.18707606661345375	0.11523674006245925	0.302312806675913
0.001493993993993994	0.1878212917575744	0.11473375693912322	0.3025550486966976
0.0014964964964964964	0.18857243691338638	0.11422891879947952	0.3028013557128659
0.001498998998998999	0.18932947985924137	0.11372225536881593	0.3030517352280573
0.0015015015015015015	0.1900924012855252	0.11321378601182239	0.3033061872973476
0.001504004004004004	0.1908611821129048	0.11270353365899778	0.3035647157719026
0.0015065065065065066	0.19163579822395121	0.11219152357555082	0.303827321799502
0.001509009009009009	0.1924162216135703	0.11167777959773925	0.3040940012113096
0.0015115115115115114	0.1932024355422788	0.11116232520278851	0.30436476074506735
0.001514014014014014	0.1939944255773108	0.11064518350373638	0.3046396090810472
0.0015165165165165165	0.19479215558231638	0.11012637616706779	0.30491853174938416
0.001519019019019019	0.1955956063947982	0.10960592604822013	0.30520153244301834
0.0015215215215215216	0.19640474575516503	0.10908385663714358	0.30548860239230863
0.001524024024024024	0.19721954651580914	0.1085602039124874	0.3057797504282965
0.0015265265265265264	0.19803999075287596	0.10803491784231864	0.3060749085951946
0.001529029029029029	0.1988660527192834	0.10750797805744251	0.3063740307767259
0.0015315315315315315	0.19969768461152898	0.10697940699133174	0.3066770916028607
0.001534034034034034	0.20053487179124033	0.106449798934848	0.3069846707260883
0.0015365365365365366	0.2013775826260672	0.10591878626549472	0.3072963688915619
0.001539039039039039	0.20222578469858066	0.1053859049667867	0.30761168966536734
0.0015415415415415416	0.2030794528819765	0.10485167017687022	0.30793112305884673
0.001544044044044044	0.20393854209494328	0.10431602180464035	0.3082545638995836
0.0015465465465465465	0.20480302345633783	0.10377896830991665	0.30858199176625445
0.0015490490490490492	0.20567286677149987	0.10324053371345744	0.3089134004849573
0.0015515515515515516	0.20654803491820256	0.10270073456874507	0.30924876948694763
0.001554054054054054	0.2074285131736953	0.10215959571039909	0.3095881088840944
0.0015565565565565567	0.2083140184451676	0.10161714038598063	0.3099311588311482
0.001559059059059059	0.20920556685853617	0.10107338310240796	0.31027894996094413
0.0015615615615615615	0.21010215489828032	0.1005283386639645	0.3106304935622448
0.0015640640640640642	0.21100273671290345	0.09998203909679348	0.31098477580969697
0.0015665665665665666	0.21190883476571706	0.09943449864795217	0.31134333341366927
0.001569069069069069	0.21282027734842587	0.09888573621396095	0.3117060135623868
0.0015715715715715717	0.2137367150276081	0.09833576486159315	0.3120724798892013
0.001574074074074074	0.2146581394298097	0.09778459735590062	0.31244273678571033
0.0015765765765765765	0.21558450024557563	0.09723226318968042	0.31281676343525605
0.0015790790790790792	0.21651575424405123	0.09667883450710633	0.3131945887511576
0.0015815815815815816	0.21745186927482138	0.09612424735067326	0.31357611662549467
0.001584084084084084	0.21839278015464247	0.09556854143936558	0.313961321594008
0.0015865865865865867	0.2193384539179905	0.09501174796771748	0.314350201885708
0.001589089089089089	0.22028885787956085	0.09445388014519812	0.31474273802475894
0.0015915915915915915	0.22124391987033126	0.09389495555103707	0.3151388754213683
0.0015940940940940942	0.2222036075810589	0.09333499775543733	0.31553860533649625
0.0015965965965965966	0.22316787500564902	0.09277401163977028	0.31594188664541933
0.001599099099099099	0.22413666626679113	0.09221202785054619	0.31634869411733735
0.0016016016016016017	0.22510993659241105	0.09164905652957206	0.3167589931219831
0.001604104104104104	0.22608763607725715	0.09108511299805676	0.3171727490753139
0.0016066066066066065	0.22706971201926227	0.09052021407275308	0.31758992609201536
0.0016091091091091092	0.22805611125980174	0.08995437905827193	0.31801049031807366
0.0016116116116116116	0.22904677564061762	0.08938763165623723	0.31843440729685485
0.001614114114114114	0.23004167420829913	0.08881998202196031	0.3188616562302594
0.0016166166166166167	0.23104072766169775	0.0882514372240656	0.31929216488576334
0.0016191191191191191	0.23204389321171456	0.08768202720901097	0.31972592042072556
0.0016216216216216215	0.23305112844757253	0.0871117554906243	0.3201628839381968
0.0016241241241241242	0.23406234899700065	0.08654064686465449	0.32060299586165514
0.0016266266266266266	0.23507752154196876	0.08596871413278848	0.3210462356747572
0.001629129129129129	0.2360965900901169	0.08539596925315587	0.3214925593432728
0.0016316316316316317	0.23711947685124668	0.08482243215858346	0.3219419090098301
0.0016341341341341341	0.23814613081061226	0.08424811765079131	0.3223942484614036
0.0016366366366366365	0.23917651095538564	0.08367303681743173	0.3228495477728174
0.0016391391391391392	0.24021053617621946	0.08309720382872272	0.32330774000494217
0.0016416416416416416	0.24124815976147299	0.0825206406552427	0.3237688004167157
0.001644144144144144	0.24228930927702225	0.0819433522062111	0.3242326614832334
0.0016466466466466467	0.24333392763699666	0.08136535678320851	0.3246992844202052
0.0016491491491491491	0.24438196078044402	0.08078667077361018	0.3251686315540542
0.0016516516516516516	0.24543333601376846	0.08020730599205618	0.32564064200582465
0.0016541541541541542	0.24648798254733378	0.07962727533732043	0.32611525788465423
0.0016566566566566566	0.24754586420739944	0.07904659016496396	0.3265924543723634
0.001659159159159159	0.2486068843454383	0.07846526849522624	0.32707215284066454
0.0016616616616616617	0.24967099097815434	0.07788332297933913	0.32755431395749346
0.0016641641641641641	0.25073812057946276	0.07730076331759644	0.3280388838970592
0.0016666666666666668	0.25180821549248644	0.0767176026202279	0.32852581811271436
0.0016691691691691692	0.25288118575517804	0.0761338575313386	0.32901504328651665
0.0016716716716716716	0.25395697613278223	0.07554953641313146	0.3295065125459137
0.0016741741741741743	0.25503552534565566	0.07496465514096418	0.33000018048661983
0.0016766766766766767	0.256116752197982	0.07437922862193556	0.3304959808199176
0.0016791791791791791	0.2572005958917303	0.07379326833366844	0.3309938642253987
0.0016816816816816818	0.25828697261810657	0.07320677237648072	0.3314937449945873
0.0016841841841841842	0.25937584047594886	0.07261979065904697	0.33199563113499586
0.0016866866866866866	0.26046709379832134	0.07203222832120901	0.33249932211953037
0.0016891891891891893	0.26156069234496815	0.07144423663687506	0.3330049289818432
0.0016916916916916917	0.2626565391987639	0.07085573862427921	0.33351227782304316
0.0016941941941941941	0.2637545765166089	0.07026678312174438	0.3340213596383533
0.0016966966966966968	0.26485472954372263	0.06967741162374258	0.3345321411674652
0.0016991991991991992	0.2659569129208646	0.0690875325552757	0.3350444454761403
0.0017017017017017016	0.267061080545883	0.06849714575510871	0.33555822630099175
0.0017042042042042043	0.2681671272572141	0.06790648037281184	0.3360736076300259
0.0017067067067067067	0.26927499214913186	0.06731543778993099	0.33659042993906285
0.0017092092092092091	0.27038460658835467	0.06672388007370915	0.33710848666206383
0.0017117117117117118	0.27149588118018975	0.06613195247469024	0.33762783365487997
0.0017142142142142142	0.2726087413120271	0.0655396370520255	0.33814837836405265
0.0017167167167167166	0.2737231373764631	0.0649469502011911	0.33867008757765416
0.0017192192192192193	0.2748389491191964	0.06435389600969138	0.33919284512888775
0.0017217217217217217	0.27595612658996144	0.0637605636115679	0.33971669020152934
0.0017242242242242242	0.27707458743319013	0.06316684010567894	0.3402414275388691
0.0017267267267267268	0.2781942595132478	0.06257260352985083	0.3407668630430986
0.0017292292292292292	0.2793150484522591	0.06197821384667116	0.34129326229893026
0.0017317317317317317	0.28043689087862816	0.06138346941760704	0.3418203602962352
0.0017342342342342343	0.2815597080928372	0.06078841558319121	0.3423481236760284
0.0017367367367367367	0.2826834018935032	0.06019306000751838	0.3428764619010216
0.0017392392392392392	0.28380791405476635	0.05959741084177976	0.3434053248965461
0.0017417417417417418	0.2849331485030581	0.05900145098915473	0.34393459949221283
0.0017442442442442442	0.2860590472182508	0.05840522775495841	0.34446427497320925
0.0017467467467467467	0.28718549674257277	0.05780881914684776	0.34499431588942053
0.0017492492492492493	0.2883124443649006	0.057212049878857224	0.34552449424375786
0.0017517517517517517	0.2894398061223278	0.05661502640882013	0.3460548325311479
0.0017542542542542542	0.29056748261045257	0.05601777859472967	0.34658526120518224
0.0017567567567567568	0.29169541128590165	0.055420279944966136	0.3471156912308678
0.0017592592592592592	0.2928235073469173	0.05482259420190822	0.3476461015488255
0.0017617617617617617	0.29395166777906356	0.054224647822162644	0.3481763156012262
0.0017642642642642643	0.2950798477594441	0.053626459934412174	0.3487063076938563
0.0017667667667667667	0.29620793545202906	0.05302803621414476	0.3492359716661738
0.0017692692692692692	0.2973358528693598	0.05242949704731336	0.3497653499166732
0.0017717717717717718	0.29846352426614087	0.05183076596644337	0.35029429023258424
0.0017742742742742742	0.2995908723689892	0.05123180962388674	0.3508226819928759
0.0017767767767767767	0.30071781101706246	0.05063251637425871	0.35135032739132116
0.0017792792792792793	0.30184423458693427	0.05003328246507655	0.3518775170520108
0.0017817817817817817	0.30297009030558003	0.049433748648021615	0.35240383895360167
0.0017842842842842842	0.30409528431763894	0.04883406656778334	0.35292935088542227
0.0017867867867867868	0.30521971944304255	0.04823422050088112	0.35345393994392366
0.0017892892892892893	0.3063433426003623	0.047634213290980124	0.3539775558913424
0.001791791791791792	0.3074660466453288	0.04703405426890974	0.3545001009142385
0.0017942942942942943	0.3085877547546462	0.046433747148121964	0.3550215019027682
0.0017967967967967968	0.3097083746663479	0.04583329341375317	0.355541668080101
0.0017992992992992994	0.31082784361018234	0.04523275814518585	0.3560606017553682
0.0018018018018018018	0.3119460531744528	0.04463215794089096	0.35657821111534377
0.0018043043043043043	0.31306294821407826	0.04403110464894732	0.3570940528630256
0.001806806806806807	0.3141784066684608	0.04343015497298241	0.3576085616414432
0.0018093093093093093	0.3152923915114815	0.04282913787041899	0.35812152938190045
0.0018118118118118118	0.31640478523207355	0.042228236606079106	0.35863302183815265
0.0018143143143143144	0.3175155088573516	0.04162615195104872	0.3591416608084003
0.0018168168168168168	0.31862448604050864	0.04102488296299781	0.35964936900350647
0.0018193193193193193	0.31973164661876574	0.04042412755999486	0.3601557741787606
0.001821821821821822	0.32083688234585545	0.03982176298162794	0.3606586453274834
0.0018243243243243243	0.3219401198122191	0.039220135997176345	0.3611602558093954
0.0018268268268268268	0.32304136577574977	0.03861828166328687	0.3616596474390366
0.0018293293293293294	0.32413987928547633	0.038016337009184595	0.36215621629466094
0.0018318318318318318	0.3252370402489362	0.0374143008115234	0.3626513410604596
0.0018343343343343343	0.3263314672595525	0.036812174838105484	0.363143642097658
0.001836836836836837	0.32742347249379106	0.036209962278754726	0.3636334347725458
0.0018393393393393393	0.3285130008981998	0.035607663563062074	0.36412066446126184
0.0018418418418418418	0.32959993869260423	0.035005294501310326	0.3646052331939146
0.0018443443443443444	0.33068423746489134	0.03440270120470765	0.36508693866959896
0.0018468468468468468	0.33176579496753444	0.03379969350473799	0.36556548847227244
0.0018493493493493493	0.3328445278991622	0.03319775227472444	0.3660422801738866
0.001851851851851852	0.33392035884997345	0.032594926773783665	0.3665152856237571
0.0018543543543543544	0.3349932258736631	0.031992157789818315	0.36698538366348143
0.0018568568568568568	0.3360630060851483	0.03138930709310254	0.36745231317825083
0.0018593593593593594	0.33712967218836615	0.03078638049595155	0.3679160526843177
0.0018618618618618619	0.33819309001734527	0.03018338186808022	0.3683764718854255
0.0018643643643643643	0.33925322507510314	0.029580312387455027	0.36883353746255815
0.001866866866866867	0.3403099747004419	0.02897711260679022	0.3692870873072321
0.0018693693693693694	0.34136327033356084	0.02837374455005801	0.3697370148836189
0.0018718718718718718	0.3424130095497392	0.02777068380254963	0.37018369335228885
0.0018743743743743744	0.34345915508800373	0.027167265054980287	0.370626420142984
0.0018768768768768769	0.3445015850468015	0.026563830441235125	0.3710654154880366
0.0018793793793793793	0.3455402700369522	0.0259603155637902	0.3715005856007424
0.001881881881881882	0.34657508062128756	0.02535672121763327	0.37193180183892083
0.0018843843843843844	0.34760597579147257	0.024753050548795293	0.37235902634026785
0.0018868868868868868	0.3486328658125181	0.024149301298497308	0.3727821671110154
0.0018893893893893894	0.34965567888695714	0.023545483113042786	0.3732011619999999
0.0018918918918918919	0.3506743385618604	0.022941089025422377	0.3736154275872828
0.0018943943943943943	0.3516887675695168	0.02233773854192061	0.3740265061114374
0.001896896896896897	0.35269889397373544	0.021733802333654434	0.37443269630738985
0.0018993993993993994	0.35370464225458853	0.0211293807222556	0.37483402297684415
0.0019019019019019018	0.35470593816749363	0.020525281505278593	0.37523121967277223
0.0019044044044044044	0.3557027103397843	0.019920654688413926	0.3756233650281982
0.0019069069069069069	0.3566948848619591	0.019316257744089006	0.3760111426060481
0.0019094094094094093	0.35768238814912234	0.018711706045006892	0.3763940941941292
0.001911911911911912	0.3586651517290667	0.018107053822103515	0.37677220555117025
0.0019144144144144144	0.35964309991500804	0.017502294604554346	0.37714539451956236
0.001916916916916917	0.36061616760735904	0.016897425831026127	0.37751359343838514
0.0019194194194194195	0.361584280885998	0.016292442168588737	0.3778767230545867
0.0019219219219219219	0.3625473699898034	0.015687338859074935	0.37823470884887833
0.0019244244244244245	0.3635053682020877	0.015082108953127182	0.37858747715521485
0.001926926926926927	0.3644582050125874	0.014476758484884729	0.37893496349747213
0.0019294294294294294	0.365405814130049	0.013871268942490196	0.3792770830725392
0.001931931931931932	0.36634812729577976	0.013265646837214262	0.379613774132994
0.0019344344344344345	0.36728507864118365	0.012659875686918098	0.37994495432810177
0.0019369369369369369	0.3682166014502286	0.01205395488745122	0.3802705563376798
0.0019394394394394395	0.36914262955777416	0.011447877303773312	0.3805905068615475
0.001941941941941942	0.37006310120634306	0.010841636736776765	0.3809047379431198
0.0019444444444444444	0.37097795013566565	0.010235225516405027	0.3812131756520707
0.001946946946946947	0.3718871114130619	0.009628636396960714	0.3815157478100226
0.0019494494494494495	0.37279052557527875	0.009021861270626475	0.38181238684590524
0.001951951951951952	0.3736881278045639	0.008414891814806156	0.38210301961937004
0.0019544544544544545	0.37457985686221074	0.007807718897617792	0.3823875757598285
0.001956956956956957	0.37546565383899155	0.007200331590552619	0.38266598542954416
0.0019594594594594594	0.3763454562569299	0.006592720609952628	0.38293817686688253
0.001961961961961962	0.3772192056135437	0.005984875329358447	0.38320408094290215
0.0019644644644644643	0.37808684498881484	0.0053767803017236255	0.38346362529053846
0.001966966966966967	0.3789483119072715	0.004768423137084164	0.38371673504435566
0.0019694694694694695	0.37980355328339066	0.004159788426341828	0.3839633417097325
0.001971971971971972	0.38065251093106317	0.0035508590535454376	0.38420336998460863
0.0019744744744744744	0.3814951292882041	0.0029416169098725555	0.38443674619807666
0.001976976976976977	0.38233135284906006	0.002332042144304633	0.3846633949933647
0.0019794794794794797	0.38316112600198515	0.0017221095134291528	0.3848832355154143
0.001981981981981982	0.38398439532162937	0.001112547417838302	0.38509694273946765
0.0019844844844844845	0.3848011119614148	0.00048660401541503407	0.38528771597682987
0.001986986986986987	0.3856112188798058	0	0.3856112188798058
0.0019894894894894894	0.3864146658170319	0	0.3864146658170319
0.001991991991991992	0.38721140494338374	0	0.38721140494338374
0.0019944944944944947	0.3880013837850301	0	0.3880013837850301
0.001996996996996997	0.38878455232512543	0	0.38878455232512543
0.0019994994994994996	0.38956086514268523	0	0.38956086514268523
0.002002002002002002	0.39033027264456266	0	0.39033027264456266
0.0020045045045045044	0.3910927280610664	0	0.3910927280610664
0.002007007007007007	0.3918481867664028	0	0.3918481867664028
0.0020095095095095097	0.3925966026771923	0	0.3925966026771923
0.002012012012012012	0.39333793269901374	0	0.39333793269901374
0.0020145145145145146	0.3940721321369536	0	0.3940721321369536
0.002017017017017017	0.39479915942096094	0	0.39479915942096094
0.0020195195195195194	0.3955189712795247	0	0.3955189712795247
0.002022022022022022	0.3962315255510676	0	0.3962315255510676
0.0020245245245245247	0.3969367865041182	0	0.3969367865041182
0.002027027027027027	0.3976347100693088	0	0.3976347100693088
0.0020295295295295296	0.3983252619827405	0	0.3983252619827405
0.002032032032032032	0.3990083992702797	0	0.3990083992702797
0.0020345345345345344	0.3996840903698381	0	0.3996840903698381
0.002037037037037037	0.4003522947714838	0	0.4003522947714838
0.0020395395395395397	0.40101298065648705	0	0.40101298065648705
0.002042042042042042	0.4016661106859369	0	0.4016661106859369
0.0020445445445445446	0.40231165285595943	0	0.40231165285595943
0.002047047047047047	0.40294957623039784	0	0.40294957623039784
0.0020495495495495494	0.40357984568572725	0	0.40357984568572725
0.002052052052052052	0.40420243011974755	0	0.40420243011974755
0.0020545545545545547	0.4048173024838899	0	0.4048173024838899
0.002057057057057057	0.40542443120217	0	0.40542443120217
0.0020595595595595596	0.40602378925747595	0	0.40602378925747595
0.002062062062062062	0.40661534644645436	0	0.40661534644645436
0.0020645645645645644	0.40719907874380684	0	0.40719907874380684
0.002067067067067067	0.40777495782479634	0	0.40777495782479634
0.0020695695695695697	0.4083429615814035	0	0.4083429615814035
0.002072072072072072	0.4089030616769008	0	0.4089030616769008
0.0020745745745745746	0.4094552381948588	0	0.4094552381948588
0.002077077077077077	0.4099994668776831	0	0.4099994668776831
0.0020795795795795794	0.4105357275189365	0	0.4105357275189365
0.002082082082082082	0.4110639948952946	0	0.4110639948952946
0.0020845845845845847	0.41158425632197443	0	0.41158425632197443
0.002087087087087087	0.4120964866816692	0	0.4120964866816692
0.0020895895895895896	0.4126006691094991	0	0.4126006691094991
0.002092092092092092	0.41309680362675544	0	0.41309680362675544
0.0020945945945945945	0.4135848353258191	0	0.4135848353258191
0.0020970970970970973	0.4140647613947956	0	0.4140647613947956
0.0020995995995995997	0.4145365863856864	0	0.4145365863856864
0.002102102102102102	0.4150002842819747	0	0.4150002842819747
0.0021046046046046046	0.4154558423880873	0	0.4154558423880873
0.002107107107107107	0.415903248638819	0	0.415903248638819
0.0021096096096096095	0.41634248919021305	0	0.41634248919021305
0.0021121121121121123	0.41677355527673343	0	0.41677355527673343
0.0021146146146146147	0.41719643584715804	0	0.41719643584715804
0.002117117117117117	0.4176111208856182	0	0.4176111208856182
0.0021196196196196196	0.4180176047469703	0	0.4180176047469703
0.002122122122122122	0.4184158756049286	0	0.4184158756049286
0.0021246246246246245	0.41880592977896647	0	0.41880592977896647
0.0021271271271271273	0.41918776123160656	0	0.41918776123160656
0.0021296296296296298	0.4195613643007383	0	0.4195613643007383
0.002132132132132132	0.4199267335579012	0	0.4199267335579012
0.0021346346346346346	0.42028386477616464	0	0.42028386477616464
0.002137137137137137	0.4206327582107083	0	0.4206327582107083
0.0021396396396396395	0.42097340914100906	0	0.42097340914100906
0.0021421421421421423	0.42130581775538173	0	0.42130581775538173
0.0021446446446446448	0.4216299817561354	0	0.4216299817561354
0.002147147147147147	0.4219459037580345	0	0.4219459037580345
0.0021496496496496496	0.4222535833395711	0	0.4222535833395711
0.002152152152152152	0.42255302172434306	0	0.42255302172434306
0.0021546546546546545	0.4228442220595523	0	0.4228442220595523
0.0021571571571571573	0.4231271879084118	0	0.4231271879084118
0.0021596596596596598	0.42340192338749744	0	0.42340192338749744
0.002162162162162162	0.4236684321722651	0	0.4236684321722651
0.0021646646646646646	0.4239267229315046	0	0.4239267229315046
0.002167167167167167	0.42417679604105296	0	0.42417679604105296
0.0021696696696696695	0.4244186655080289	0	0.4244186655080289
0.0021721721721721723	0.4246523322971501	0	0.4246523322971501
0.0021746746746746748	0.4248778088806557	0	0.4248778088806557
0.002177177177177177	0.42509510441044235	0	0.42509510441044235
0.0021796796796796796	0.42530422701975573	0	0.42530422701975573
0.002182182182182182	0.4255051886191324	0	0.4255051886191324
0.0021846846846846845	0.425697997212352	0	0.425697997212352
0.0021871871871871874	0.4258826689618492	0	0.4258826689618492
0.0021896896896896898	0.4260592146832299	0	0.4260592146832299
0.002192192192192192	0.4262276467708744	0	0.4262276467708744
0.0021946946946946946	0.4263879779310387	0	0.4263879779310387
0.002197197197197197	0.4265402264075908	0	0.4265402264075908
0.0021996996996996995	0.4266844050158204	0	0.4266844050158204
0.0022022022022022024	0.4268205280484673	0	0.4268205280484673
0.002204704704704705	0.4269486143418069	0	0.4269486143418069
0.002207207207207207	0.4270686821227687	0	0.4270686821227687
0.0022097097097097096	0.42718074481576196	0	0.42718074481576196
0.002212212212212212	0.42728482414853713	0	0.42728482414853713
0.0022147147147147145	0.42738093818618783	0	0.42738093818618783
0.0022172172172172174	0.42746910486309647	0	0.42746910486309647
0.00221971971971972	0.4275493479515235	0	0.4275493479515235
0.0022222222222222222	0.4276216841885578	0	0.4276216841885578
0.0022247247247247246	0.4276861373505943	0	0.4276861373505943
0.002227227227227227	0.4277427272593722	0	0.4277427272593722
0.00222972972972973	0.42779147938171996	0	0.42779147938171996
0.0022322322322322324	0.42783241322182136	0	0.42783241322182136
0.002234734734734735	0.42786555590733877	0	0.42786555590733877
0.0022372372372372372	0.42789092834626197	0	0.42789092834626197
0.0022397397397397397	0.42790855517465476	0	0.42790855517465476
0.002242242242242242	0.42791846475699863	0	0.42791846475699863
0.002244744744744745	0.4279206789640598	0	0.4279206789640598
0.0022472472472472474	0.42791522724132175	0	0.42791522724132175
0.00224974974974975	0.4279021330997978	0	0.4279021330997978
0.0022522522522522522	0.4278814266241115	0	0.4278814266241115
0.0022547547547547547	0.4278531351578417	0	0.4278531351578417
0.002257257257257257	0.42781728364621857	0	0.42781728364621857
0.00225975975975976	0.427773904115002	0	0.427773904115002
0.0022622622622622624	0.42772302536055445	0	0.42772302536055445
0.002264764764764765	0.4276646728031534	0	0.4276646728031534
0.0022672672672672672	0.4275988837753028	0	0.4275988837753028
0.0022697697697697697	0.4275256846982994	0	0.4275256846982994
0.002272272272272272	0.42744510460866836	0	0.42744510460866836
0.002274774774774775	0.4273571780343965	0	0.4273571780343965
0.0022772772772772774	0.42726193341652047	0	0.42726193341652047
0.00227977977977978	0.4271594085442591	0	0.4271594085442591
0.0022822822822822822	0.42704963125647566	0	0.42704963125647566
0.0022847847847847847	0.42693263445169527	0	0.42693263445169527
0.002287287287287287	0.42680845475159146	0	0.42680845475159146
0.00228978978978979	0.42667712437829186	0	0.42667712437829186
0.0022922922922922924	0.42653867512433863	0	0.42653867512433863
0.002294794794794795	0.426393147108128	0	0.426393147108128
0.0022972972972972973	0.4262405690433915	0	0.4262405690433915
0.0022997997997997997	0.42608098096653474	0	0.42608098096653474
0.002302302302302302	0.4259144144474774	0	0.4259144144474774
0.002304804804804805	0.4257409085547345	0	0.4257409085547345
0.0023073073073073074	0.4255605001302969	0	0.4255605001302969
0.00230980980980981	0.4253732216372841	0	0.4253732216372841
0.0023123123123123123	0.42517911368593825	0	0.42517911368593825
0.0023148148148148147	0.4249782120232187	0	0.4249782120232187
0.002317317317317317	0.42477055631854127	0	0.42477055631854127
0.00231981981981982	0.4245561805692737	0	0.4245561805692737
0.0023223223223223224	0.4243351273721828	0	0.4243351273721828
0.002324824824824825	0.4241074298208383	0	0.4241074298208383
0.0023273273273273273	0.42387313243359886	0	0.42387313243359886
0.0023298298298298297	0.4236322693628762	0	0.4236322693628762
0.002332332332332332	0.42338488426577836	0	0.42338488426577836
0.002334834834834835	0.4231310131229795	0	0.4231310131229795
0.0023373373373373374	0.4228706958290677	0	0.4228706958290677
0.00233983983983984	0.4226039737229464	0	0.4226039737229464
0.0023423423423423423	0.4223308876081593	0	0.4223308876081593
0.0023448448448448447	0.4220514758093709	0	0.4220514758093709
0.0023473473473473476	0.42176577937045745	0	0.42176577937045745
0.00234984984984985	0.4214738410096276	0	0.4214738410096276
0.0023523523523523524	0.42117570165279566	0	0.42117570165279566
0.002354854854854855	0.42087139954929476	0	0.42087139954929476
0.0023573573573573573	0.42056097978868484	0	0.42056097978868484
0.0023598598598598597	0.42024448040245355	0	0.42024448040245355
0.0023623623623623626	0.4199219484753038	0	0.4199219484753038
0.002364864864864865	0.41959342003419187	0	0.41959342003419187
0.0023673673673673674	0.4192589397759359	0	0.4192589397759359
0.00236986986986987	0.41891855129410827	0	0.41891855129410827
0.0023723723723723723	0.4185722944097123	0	0.4185722944097123
0.0023748748748748747	0.4182202156150078	0	0.4182202156150078
0.0023773773773773776	0.41786235268476785	0	0.41786235268476785
0.00237987987987988	0.4174987529048472	0	0.4174987529048472
0.0023823823823823824	0.41712945624126613	0	0.41712945624126613
0.002384884884884885	0.41675450794733293	0	0.41675450794733293
0.0023873873873873873	0.41637395009041167	0	0.41637395009041167
0.0023898898898898897	0.4159878246767556	0	0.4159878246767556
0.0023923923923923926	0.4155961782157575	0	0.4155961782157575
0.002394894894894895	0.41519905304489363	0	0.41519905304489363
0.0023973973973973974	0.41479649222699577	0	0.41479649222699577
0.0023998998998999	0.41438853844101925	0	0.41438853844101925
0.0024024024024024023	0.4139752388946595	0	0.4139752388946595
0.0024049049049049047	0.4135566325119756	0	0.4135566325119756
0.0024074074074074076	0.4131327677317079	0	0.4131327677317079
0.00240990990990991	0.41270368650706074	0	0.41270368650706074
0.0024124124124124124	0.4122694324573156	0	0.4122694324573156
0.002414914914914915	0.4118300518078206	0	0.4118300518078206
0.0024174174174174173	0.4113855841687829	0	0.4113855841687829
0.0024199199199199197	0.4109360801810266	0	0.4109360801810266
0.0024224224224224226	0.4104815791701807	0	0.4104815791701807
0.002424924924924925	0.41002212596283244	0	0.41002212596283244
0.0024274274274274274	0.4095577658249288	0	0.4095577658249288
0.00242992992992993	0.40908854308138926	0	0.40908854308138926
0.0024324324324324323	0.4086145013943392	0	0.4086145013943392
0.0024349349349349347	0.4081356853157981	0	0.4081356853157981
0.0024374374374374376	0.4076521392265901	0	0.4076521392265901
0.00243993993993994	0.4071639066846781	0	0.4071639066846781
0.0024424424424424425	0.406671032991557	0	0.406671032991557
0.002444944944944945	0.406173561825909	0	0.406173561825909
0.0024474474474474473	0.40567153730147415	0	0.40567153730147415
0.0024499499499499497	0.405165003527087	0	0.405165003527087
0.0024524524524524526	0.4046540052644035	0	0.4046540052644035
0.002454954954954955	0.40413858602880665	0	0.40413858602880665
0.0024574574574574575	0.40361879008903123	0	0.40361879008903123
0.00245995995995996	0.4030946615436122	0	0.4030946615436122
0.0024624624624624623	0.4025662444971048	0	0.4025662444971048
0.0024649649649649647	0.4020335827917074	0	0.4020335827917074
0.0024674674674674676	0.4014967200662425	0	0.4014967200662425
0.00246996996996997	0.40095570064030517	0	0.40095570064030517
0.0024724724724724725	0.4004105680315658	0	0.4004105680315658
0.002474974974974975	0.3998613659158908	0	0.3998613659158908
0.0024774774774774773	0.39930813787053454	0	0.39930813787053454
0.00247997997997998	0.3987509276575024	0	0.3987509276575024
0.0024824824824824826	0.39818977858307153	0	0.39818977858307153
0.002484984984984985	0.39762473410337074	0	0.39762473410337074
0.0024874874874874875	0.3970558375389266	0	0.3970558375389266
0.00248998998998999	0.3964831319527937	0	0.3964831319527937
0.0024924924924924923	0.39590666075359116	0	0.39590666075359116
0.002494994994994995	0.3953264667521744	0	0.3953264667521744
0.0024974974974974976	0.3947425929014647	0	0.3947425929014647
0.0025	0.3941550825690998	0	0.3941550825690998