0.	0.39604299174156704	0	0.39604299174156704
2.5025025025025024e-6	0.39544258804352983	0	0.39544258804352983
5.005005005005005e-6	0.394838486420388	0	0.394838486420388
7.507507507507507e-6	0.39423073102191214	0	0.39423073102191214
0.00001001001001001001	0.3936193656389354	0	0.3936193656389354
0.000012512512512512513	0.39300443450396155	0	0.39300443450396155
0.000015015015015015015	0.39238598101595906	0	0.39238598101595906
0.000017517517517517516	0.3917640490387294	0	0.3917640490387294
0.00002002002002002002	0.39113868187415857	0	0.39113868187415857
0.000022522522522522523	0.39050992305432486	0	0.39050992305432486
0.000025025025025025026	0.3898778158050129	0	0.3898778158050129
0.000027527527527527526	0.3892424029961588	0	0.3892424029961588
0.00003003003003003003	0.3886037279744502	0	0.3886037279744502
0.00003253253253253253	0.38796183302212917	0	0.38796183302212917
0.00003503503503503503	0.3873167611906298	0	0.3873167611906298
0.000037537537537537536	0.38666855493878105	0	0.38666855493878105
0.00004004004004004004	0.3860172564290572	0	0.3860172564290572
0.00004254254254254254	0.38536290806764906	0	0.38536290806764906
0.000045045045045045046	0.3847055517864692	0	0.3847055517864692
0.00004754754754754755	0.3840452293215052	0	0.3840452293215052
0.00005005005005005005	0.3833819825758216	0	0.3833819825758216
0.000052552552552552556	0.38271585329782504	0	0.38271585329782504
0.00005505505505505505	0.38204688233445255	0	0.38204688233445255
0.000057557557557557555	0.38137511134467694	0	0.38137511134467694
0.00006006006006006006	0.3807005810949171	0	0.3807005810949171
0.00006256256256256256	0.38002333214020406	0	0.38002333214020406
0.00006506506506506506	0.3793434068209522	0	0.3793434068209522
0.00006756756756756757	0.3786608437428804	0	0.3786608437428804
0.00007007007007007007	0.3779756827774183	0	0.3779756827774183
0.00007257257257257258	0.37728796623284533	0	0.37728796623284533
0.00007507507507507507	0.37659773378789857	0	0.37659773378789857
0.00007757757757757758	0.37590502199012343	0	0.37590502199012343
0.00008008008008008008	0.3752098746247756	0	0.3752098746247756
0.00008258258258258259	0.37451233019512076	0	0.37451233019512076
0.00008508508508508508	0.37381242602946174	0	0.37381242602946174
0.00008758758758758758	0.3731102016480091	0	0.3731102016480091
0.00009009009009009009	0.3724056965215177	0	0.3724056965215177
0.00009259259259259259	0.37169894963752415	0	0.37169894963752415
0.0000950950950950951	0.3709899980606795	0	0.3709899980606795
0.0000975975975975976	0.3702788826578632	0	0.3702788826578632
0.0001001001001001001	0.36956563635667433	0	0.36956563635667433
0.0001026026026026026	0.36885030427312154	0	0.36885030427312154
0.00010510510510510511	0.3681329166583599	0	0.3681329166583599
0.00010760760760760761	0.36741351610763967	0	0.36741351610763967
0.0001101101101101101	0.36669213679988516	0	0.36669213679988516
0.00011261261261261261	0.36596881855959856	0	0.36596881855959856
0.00011511511511511511	0.36524359447153826	0	0.36524359447153826
0.00011761761761761762	0.36451650354355436	0	0.36451650354355436
0.00012012012012012012	0.3637875827860585	0	0.3637875827860585
0.00012262262262262261	0.36305686825584554	0	0.36305686825584554
0.00012512512512512512	0.3623243920587851	0	0.3623243920587851
0.00012762762762762763	0.3615901960546824	0	0.3615901960546824
0.00013013013013013012	0.36085430968864207	0	0.36085430968864207
0.00013263263263263263	0.36011677281753085	0	0.36011677281753085
0.00013513513513513514	0.3593776177261948	0	0.3593776177261948
0.00013763763763763765	0.3586368817592023	0	0.3586368817592023
0.00014014014014014013	0.3578945970492032	0	0.3578945970492032
0.00014264264264264264	0.35715080099610713	0	0.35715080099610713
0.00014514514514514515	0.356405525563302	0	0.356405525563302
0.00014764764764764766	0.3556588054249778	0	0.3556588054249778
0.00015015015015015014	0.35491067215810135	0	0.35491067215810135
0.00015265265265265265	0.3541611648127717	0	0.3541611648127717
0.00015515515515515516	0.35341031101256964	0	0.35341031101256964
0.00015765765765765765	0.3526581481019206	0	0.3526581481019206
0.00016016016016016016	0.35190470566822274	0	0.35190470566822274
0.00016266266266266267	0.351150018618992	0	0.351150018618992
0.00016516516516516518	0.3503941192397756	0	0.3503941192397756
0.00016766766766766766	0.34963703832167387	0	0.34963703832167387
0.00017017017017017017	0.34887880965387225	0	0.34887880965387225
0.00017267267267267268	0.3481194638340978	0	0.3481194638340978
0.00017517517517517516	0.34735903293	0	0.34735903293
0.00017767767767767767	0.3465975492818417	0	0.3465975492818417
0.00018018018018018018	0.34583504329852466	0	0.34583504329852466
0.0001826826826826827	0.34507154560918685	0	0.34507154560918685
0.00018518518518518518	0.34430708622407946	0	0.34430708622407946
0.00018768768768768769	0.3435416971638895	0	0.3435416971638895
0.0001901901901901902	0.3427754080333873	0	0.3427754080333873
0.0001926926926926927	0.3420082492848199	0	0.3420082492848199
0.0001951951951951952	0.3412402517909204	0	0.3412402517909204
0.0001976976976976977	0.3404714416213622	0	0.3404714416213622
0.0002002002002002002	0.3397018509747997	0	0.3397018509747997
0.0002027027027027027	0.33893150968556907	0	0.33893150968556907
0.0002052052052052052	0.338160443510865	0	0.338160443510865
0.0002077077077077077	0.3373886857674371	0	0.3373886857674371
0.00021021021021021022	0.3366162622461219	0	0.3366162622461219
0.0002127127127127127	0.3358431999232163	0	0.3358431999232163
0.00021521521521521522	0.3350695292911041	0	0.3350695292911041
0.00021771771771771773	0.33429527782310187	0	0.33429527782310187
0.0002202202202202202	0.33352047349548203	0	0.33352047349548203
0.00022272272272272272	0.332745140951388	0	0.332745140951388
0.00022522522522522523	0.33196931217587317	0	0.33196931217587317
0.00022772772772772774	0.3311930109834824	0	0.3311930109834824
0.00023023023023023022	0.3304162633636403	0	0.3304162633636403
0.00023273273273273273	0.32963910015928816	0	0.32963910015928816
0.00023523523523523524	0.32886154202495593	0	0.32886154202495593
0.00023773773773773772	0.3280836200559754	0	0.3280836200559754
0.00024024024024024023	0.3273053586853971	0	0.3273053586853971
0.00024274274274274274	0.32652678152427767	0	0.32652678152427767
0.00024524524524524523	0.32574791827415805	0	0.32574791827415805
0.00024774774774774777	0.32496879102831194	0	0.32496879102831194
0.00025025025025025025	0.3241894244755241	0	0.3241894244755241
0.00025275275275275273	0.32340984703353565	0	0.32340984703353565
0.00025525525525525527	0.3226300803340395	0	0.3226300803340395
0.00025775775775775775	0.3218501502697327	0	0.3218501502697327
0.00026026026026026023	0.3210700804032461	0	0.3210700804032461
0.00026276276276276277	0.3202898958801451	0	0.3202898958801451
0.00026526526526526525	0.3195096190664507	0	0.3195096190664507
0.0002677677677677678	0.31872927522152633	0	0.31872927522152633
0.0002702702702702703	0.3179488868066792	0	0.3179488868066792
0.00027277277277277276	0.3171684778998735	0	0.3171684778998735
0.0002752752752752753	0.3163880706020483	0	0.3163880706020483
0.0002777777777777778	0.3156076894798458	0	0.3156076894798458
0.00028028028028028026	0.3148273555376088	0	0.3148273555376088
0.0002827827827827828	0.314047091847696	0	0.314047091847696
0.0002852852852852853	0.3132669217565118	0	0.3132669217565118
0.00028778778778778776	0.31248686583910207	0	0.31248686583910207
0.0002902902902902903	0.3117069459008371	0	0.3117069459008371
0.0002927927927927928	0.3109271849885653	0	0.3109271849885653
0.0002952952952952953	0.3101476037613528	0	0.3101476037613528
0.0002977977977977978	0.3093682252992197	0	0.3093682252992197
0.0003003003003003003	0.3085890679637249	0	0.3085890679637249
0.0003028028028028028	0.307810154927358	0	0.307810154927358
0.0003053053053053053	0.3070315058781728	0	0.3070315058781728
0.0003078078078078078	0.3062531408159328	0	0.3062531408159328
0.00031031031031031033	0.3054750829360258	0	0.3054750829360258
0.0003128128128128128	0.3046973489117009	0	0.3046973489117009
0.0003153153153153153	0.3039199611665148	0	0.3039199611665148
0.00031781781781781783	0.30314294030901096	0	0.30314294030901096
0.0003203203203203203	0.30236630220565414	0	0.30236630220565414
0.0003228228228228228	0.3015900707115622	0	0.3015900707115622
0.00032532532532532533	0.3008142611291171	0	0.3008142611291171
0.0003278278278278278	0.30003889740997536	0	0.30003889740997536
0.00033033033033033035	0.29926399264329556	0	0.29926399264329556
0.00033283283283283284	0.29848957160479445	0	0.29848957160479445
0.0003353353353353353	0.29771564913948984	0	0.29771564913948984
0.00033783783783783786	0.2969422448641763	0	0.2969422448641763
0.00034034034034034034	0.29616937608414007	0	0.29616937608414007
0.0003428428428428428	0.29539706276499883	0	0.29539706276499883
0.00034534534534534536	0.2946253216445305	0	0.2946253216445305
0.00034784784784784784	0.2938541706108794	0	0.2938541706108794
0.0003503503503503503	0.2930836267317634	0	0.2930836267317634
0.00035285285285285286	0.2923137091886438	0	0.2923137091886438
0.00035535535535535535	0.2915444339944713	0	0.2915444339944713
0.0003578578578578579	0.29077581772047967	0	0.29077581772047967
0.00036036036036036037	0.29000787847580733	0	0.29000787847580733
0.00036286286286286285	0.28924063332537847	0	0.28924063332537847
0.0003653653653653654	0.28847409788728234	0	0.28847409788728234
0.00036786786786786787	0.28770828810406585	0	0.28770828810406585
0.00037037037037037035	0.2869432225344771	0	0.2869432225344771
0.0003728728728728729	0.28617891576125476	0	0.28617891576125476
0.00037537537537537537	0.28541538357076734	0	0.28541538357076734
0.00037787787787787786	0.28465264277568236	0	0.28465264277568236
0.0003803803803803804	0.2838907092973095	0	0.2838907092973095
0.0003828828828828829	0.28312959630544055	0	0.28312959630544055
0.0003853853853853854	0.28236932319389463	0	0.28236932319389463
0.0003878878878878879	0.28160990289175625	0	0.28160990289175625
0.0003903903903903904	0.2808513487511704	0	0.2808513487511704
0.0003928928928928929	0.2800936807523522	0	0.2800936807523522
0.0003953953953953954	0.27933690765282754	0	0.27933690765282754
0.0003978978978978979	0.2785810497443462	0	0.2785810497443462
0.0004004004004004004	0.2778261177168772	0	0.2778261177168772
0.0004029029029029029	0.2770721286993147	0	0.2770721286993147
0.0004054054054054054	0.27631909544665123	0	0.27631909544665123
0.0004079079079079079	0.2755670309919938	0	0.2755670309919938
0.0004104104104104104	0.27481595209581594	0	0.27481595209581594
0.0004129129129129129	0.27406587123283577	0	0.27406587123283577
0.0004154154154154154	0.2733168014213737	0	0.2733168014213737
0.0004179179179179179	0.27256875853129037	0	0.27256875853129037
0.00042042042042042044	0.27182175302969874	0	0.27182175302969874
0.00042292292292292293	0.27107580110720153	0	0.27107580110720153
0.0004254254254254254	0.2703309139666197	0	0.2703309139666197
0.00042792792792792795	0.26958710703854866	0	0.26958710703854866
0.00043043043043043043	0.26884439014983014	0	0.26884439014983014
0.0004329329329329329	0.268102778942804	0	0.268102778942804
0.00043543543543543545	0.26736228534732465	0	0.26736228534732465
0.00043793793793793793	0.266622921272309	0	0.266622921272309
0.0004404404404404404	0.26588469967874456	0	0.26588469967874456
0.00044294294294294295	0.2651476326823584	0	0.2651476326823584
0.00044544544544544544	0.26441173417849567	0	0.26441173417849567
0.000447947947947948	0.2636770142507875	0	0.2636770142507875
0.00045045045045045046	0.2629434853799792	0	0.2629434853799792
0.00045295295295295294	0.2622111602995198	0	0.2622111602995198
0.0004554554554554555	0.26148005126586005	0	0.26148005126586005
0.00045795795795795796	0.26075016757900055	0	0.26075016757900055
0.00046046046046046044	0.260021524396308	0	0.260021524396308
0.000462962962962963	0.2592941297138957	0	0.2592941297138957
0.00046546546546546546	0.2585679963897774	0	0.2585679963897774
0.00046796796796796795	0.25784313769767075	0	0.25784313769767075
0.0004704704704704705	0.2571195621547118	0	0.2571195621547118
0.00047297297297297297	0.25639728035056975	0	0.25639728035056975
0.00047547547547547545	0.25567630729581525	0	0.25567630729581525
0.000477977977977978	0.2549566485839826	0	0.2549566485839826
0.00048048048048048047	0.25423831993364165	0	0.25423831993364165
0.000482982982982983	0.25352132862969273	0	0.25352132862969273
0.0004854854854854855	0.25280568643805174	0	0.25280568643805174
0.000487987987987988	0.2520914037573803	0	0.2520914037573803
0.0004904904904904905	0.2513784924401147	0	0.2513784924401147
0.000492992992992993	0.2506669608117338	0	0.2506669608117338
0.0004954954954954955	0.24995681975014972	0	0.24995681975014972
0.000497997997997998	0.24924807915298328	0	0.24924807915298328
0.0005005005005005005	0.24854075079908391	0	0.24854075079908391
0.000503003003003003	0.24783484232452943	0	0.24783484232452943
0.0005055055055055055	0.24713036540864905	0	0.24713036540864905
0.000508008008008008	0.2464273286936061	0	0.2464273286936061
0.0005105105105105105	0.24572574242435058	0	0.24572574242435058
0.000513013013013013	0.2450256161997306	0	0.2450256161997306
0.0005155155155155155	0.24432696002243656	0	0.24432696002243656
0.000518018018018018	0.2436297829670249	0	0.2436297829670249
0.0005205205205205205	0.24293409440782684	0	0.24293409440782684
0.000523023023023023	0.24223990436932255	0	0.24223990436932255
0.0005255255255255255	0.24154722082622748	0	0.24154722082622748
0.0005280280280280281	0.24085605319535264	0	0.24085605319535264
0.0005305305305305305	0.24016641328073549	0	0.24016641328073549
0.000533033033033033	0.23947830581907958	0	0.23947830581907958
0.0005355355355355356	0.2387917437137587	0	0.2387917437137587
0.000538038038038038	0.23810673393935516	0	0.23810673393935516
0.0005405405405405405	0.2374232847914644	0	0.2374232847914644
0.0005430430430430431	0.2367414069060721	0	0.2367414069060721
0.0005455455455455455	0.2360611076548243	0	0.2360611076548243
0.000548048048048048	0.23538238909620632	0	0.23538238909620632
0.0005505505505505506	0.23470520348763702	0	0.23470520348763702
0.000553053053053053	0.23402977351667342	0	0.23402977351667342
0.0005555555555555556	0.23335587457536333	0	0.23335587457536333
0.0005580580580580581	0.23268359945346132	0	0.23268359945346132
0.0005605605605605605	0.2320129556880357	0	0.2320129556880357
0.0005630630630630631	0.23134394919959325	0	0.23134394919959325
0.0005655655655655656	0.23067659041031507	0	0.23067659041031507
0.000568068068068068	0.23001088662690677	0	0.23001088662690677
0.0005705705705705706	0.2293468466798288	0	0.2293468466798288
0.0005730730730730731	0.22868447695160163	0	0.22868447695160163
0.0005755755755755755	0.22802378743411048	0	0.22802378743411048
0.0005780780780780781	0.22736478524356796	0	0.22736478524356796
0.0005805805805805806	0.22670747934998864	0	0.22670747934998864
0.000583083083083083	0.2260518757307236	0	0.2260518757307236
0.0005855855855855856	0.22539798445170212	0	0.22539798445170212
0.0005880880880880881	0.22474581186009854	0	0.22474581186009854
0.0005905905905905906	0.22409536658858178	0	0.22409536658858178
0.0005930930930930931	0.2234466553696485	0	0.2234466553696485
0.0005955955955955956	0.2227996876468175	0	0.2227996876468175
0.0005980980980980981	0.22215446942333983	0	0.22215446942333983
0.0006006006006006006	0.22151100982366026	0	0.22151100982366026
0.0006031031031031031	0.22086931564777668	0	0.22086931564777668
0.0006056056056056056	0.22022939418081428	0	0.22022939418081428
0.0006081081081081081	0.2195912537114794	0	0.2195912537114794
0.0006106106106106106	0.21895490120991049	0	0.21895490120991049
0.0006131131131131132	0.2183203434372875	0	0.2183203434372875
0.0006156156156156156	0.21768759097783766	0	0.21768759097783766
0.0006181181181181181	0.21705664753625908	0	0.21705664753625908
0.0006206206206206207	0.21642752305488633	0	0.21642752305488633
0.0006231231231231231	0.2158002224481958	0	0.2158002224481958
0.0006256256256256256	0.215174756484565	0	0.215174756484565
0.0006281281281281282	0.2145511293698122	0	0.2145511293698122
0.0006306306306306306	0.2139293500425568	0	0.2139293500425568
0.0006331331331331331	0.2133094247635569	0	0.2133094247635569
0.0006356356356356357	0.21269136255822738	0	0.21269136255822738
0.0006381381381381381	0.21207516852023547	0	0.21207516852023547
0.0006406406406406406	0.21146085182378574	0	0.21146085182378574
0.0006431431431431432	0.21084841805549628	0	0.21084841805549628
0.0006456456456456456	0.2102378753313743	0	0.2102378753313743
0.0006481481481481481	0.2096292301657264	0	0.2096292301657264
0.0006506506506506507	0.2090224917790335	0	0.2090224917790335
0.0006531531531531532	0.20841766415435276	0	0.20841766415435276
0.0006556556556556556	0.2078147561773846	0	0.2078147561773846
0.0006581581581581582	0.20721377588398104	0.00040994944670655527	0.2076237253306876
0.0006606606606606607	0.20661472814635584	0.0018102696236460833	0.20842499777000192
0.0006631631631631631	0.20601762285474085	0.0032297817442201405	0.209247404598961
0.0006656656656656657	0.20542245970858766	0.004634202897451297	0.21005666260603895
0.0006681681681681682	0.20482926336297386	0.006033169102672882	0.21086243246564673
0.0006706706706706706	0.20423802044731582	0.00742670528293915	0.21166472573025497
0.0006731731731731732	0.20364874651610426	0.008814824231002962	0.21246357074710723
0.0006756756756756757	0.20306145179948953	0.010197539286461573	0.21325899108595112
0.0006781781781781781	0.20247614412186726	0.011574852718879163	0.21405099684074644
0.0006806806806806807	0.2018928149379157	0.01294676014517589	0.2148395750830916
0.0006831831831831832	0.20131150218898697	0.014313254623167381	0.21562475681215434
0.0006856856856856856	0.2007321715082979	0.0156743265411901	0.216406498049488
0.0006881881881881882	0.200154874723576	0.017029958852140793	0.21718483357571677
0.0006906906906906907	0.1995795797566057	0.01838009785333795	0.21795967760994364
0.0006931931931931931	0.19900631895767293	0.019724737883804265	0.2187310568414772
0.0006956956956956957	0.19843509481528615	0.02106405891743698	0.21949915373272313
0.0006981981981981982	0.19786590808291124	0.022397746445559488	0.22026365452847074
0.0007007007007007007	0.1972987588396247	0.023725889837498317	0.22102464867712301
0.0007032032032032032	0.1967336798888	0.0250485949139504	0.2217822748027504
0.0007057057057057057	0.1961706518808063	0.02636555905256767	0.22253621093337395
0.0007082082082082082	0.19560970168461722	0.02767685551545713	0.22328655720007434
0.0007107107107107107	0.19505081556283102	0.028982633528766472	0.2240334490915975
0.0007132132132132132	0.1944940214212334	0.03028242371824624	0.22477644513947964
0.0007157157157157158	0.19393931319246735	0.03157718070934365	0.225516493901811
0.0007182182182182182	0.19338671005399805	0.03286566417585294	0.22625237422985098
0.0007207207207207207	0.1928362031933685	0.0341484614113123	0.2269846646046808
0.0007232232232232233	0.19228781423078983	0.0354255321542161	0.22771334638500593
0.0007257257257257257	0.19174154218762537	0.03669677606252397	0.22843831825014935
0.0007282282282282282	0.19119740067568983	0.03796217048761196	0.2291595711633018
0.0007307307307307308	0.19065538533713303	0.039221682595515714	0.22987706793264873
0.0007332332332332332	0.19011551942331792	0.040475279283665545	0.23059079870698346
0.0007357357357357357	0.18957779317304752	0.04172292976690956	0.23130072293995707
0.0007382382382382383	0.1890422315578864	0.042964607059022164	0.23200683861690857
0.0007407407407407407	0.1885088350618386	0.044200274875789036	0.23270910993762764
0.0007432432432432432	0.18797760309417186	0.045429902296267456	0.2334075053904393
0.0007457457457457458	0.18744854704018044	0.046653458175347315	0.23410200521552776
0.0007482482482482482	0.1869216872342656	0.04787091290363335	0.23479260013789896
0.0007507507507507507	0.18639700652800362	0.04908222828600702	0.23547923481401065
0.0007532532532532533	0.1858745465542223	0.050287390807758486	0.2361619373619808
0.0007557557557557557	0.18535427365579654	0.05148601055335211	0.23684028420914865
0.0007582582582582582	0.18483623442857633	0.05268059491934629	0.23751682934792262
0.0007607607607607608	0.18432040900564048	0.05386501087246509	0.23818541987810557
0.0007632632632632632	0.18380681989065997	0.05504500393466626	0.23885182382532624
0.0007657657657657658	0.18329546567398552	0.05621950663367515	0.23951497230766067
0.0007682682682682683	0.1827863570809156	0.05738693829522941	0.240173295376145
0.0007707707707707708	0.18227951302668047	0.05854801037468794	0.2408275234013684
0.0007732732732732733	0.1817749246392478	0.059702624693920535	0.24147754933316834
0.0007757757757757758	0.18127262215638262	0.06085080792978908	0.2421234300861717
0.0007782782782782783	0.1807723381881954	0.06199252531975303	0.24276486350794843
0.0007807807807807808	0.1802744526350007	0.06312783243688012	0.24340228507188083
0.0007832832832832833	0.17977940039982218	0.06425575459197454	0.24403515499179673
0.0007857857857857858	0.1792861935442166	0.06537825406716964	0.24466444761138623
0.0007882882882882883	0.1787953501867466	0.06649380237298207	0.24528915255972866
0.0007907907907907908	0.17830682013299118	0.06760258117229866	0.24590940130528982
0.0007932932932932933	0.1778206249529205	0.06870437101898168	0.2465249959719022
0.0007957957957957958	0.17733675733969426	0.06980155198224956	0.2471383093219438
0.0007982982982982983	0.17685523260086813	0.07088920074101762	0.24774443334188576
0.0008008008008008008	0.1763760669023831	0.07196988432355544	0.24834595122593855
0.0008033033033033033	0.1758992502887032	0.07304535049289115	0.24894460078159436
0.0008058058058058058	0.17542481424469444	0.07411353258999336	0.24953834683468779
0.0008083083083083083	0.1749527427364277	0.07517529034057775	0.25012803307700543
0.0008108108108108108	0.17448306591772622	0.07622984119695134	0.25071290711467753
0.0008133133133133133	0.174015779871001	0.07727744316662721	0.25129322303762824
0.0008158158158158158	0.1735508966099407	0.07831795089110524	0.25186884750104593
0.0008183183183183183	0.1730884192074189	0.0793523971780967	0.25244081638551563
0.0008208208208208208	0.1726283739592886	0.08037809116161918	0.25300646512090774
0.0008233233233233233	0.17217074397013793	0.08139809964305557	0.2535688436131935
0.0008258258258258258	0.17171556233064053	0.08241069619235261	0.25412625852299314
0.0008283283283283283	0.17126282120222994	0.08341634392184663	0.25467916512407657
0.0008308308308308308	0.17081253458805715	0.08441490519359132	0.25522743978164847
0.0008333333333333334	0.17036471739783246	0.0854058741415891	0.25577059153942155
0.0008358358358358358	0.16991937655968312	0.086389990224306	0.25630936678398913
0.0008383383383383384	0.16947650956668417	0.08736691472712613	0.2568434242938103
0.0008408408408408409	0.16903614553829238	0.08833662817654761	0.25737277371484
0.0008433433433433433	0.16859827129844715	0.08929911224804074	0.2578973835464879
0.0008458458458458459	0.16816291530578015	0.09025433513305939	0.25841725043883956
0.0008483483483483484	0.16773007858076805	0.09120227498603237	0.25893235356680044
0.0008508508508508508	0.16729977398927431	0.09214291394208875	0.25944268793136305
0.0008533533533533534	0.16687200398913749	0.09307622162324837	0.25994822561238584
0.0008558558558558559	0.1664467858021853	0.09400218056162517	0.2604489663638105
0.0008583583583583583	0.1660241261717883	0.0949207697651496	0.2609448959369379
0.0008608608608608609	0.16560403897396048	0.09583196424715815	0.2614360032211186
0.0008633633633633634	0.1651865274319985	0.09673574737904478	0.26192227481104324
0.0008658658658658658	0.1647716015593005	0.09763203911480574	0.26240364067410626
0.0008683683683683684	0.16435928088036061	0.09852124342017779	0.26288052430053843
0.0008708708708708709	0.16394956125361287	0.0994028901431544	0.2633524513967673
0.0008733733733733733	0.16354246506611606	0.10027352961363598	0.26381599467975203
0.0008758758758758759	0.16313800421411306	0.10114340925299316	0.2642814134671062
0.0008783783783783784	0.16273617268867172	0.10200330581273956	0.2647394785014113
0.0008808808808808808	0.1623369943234436	0.10285290355155498	0.2651898978749986
0.0008833833833833834	0.16194047646154092	0.10369734191755299	0.2656378183790939
0.0008858858858858859	0.16154663308197173	0.10453082400667466	0.2660774570886464
0.0008883883883883883	0.1611554709129693	0.10536007262613822	0.26651554353910756
0.0008908908908908909	0.1607669954376337	0.10618268903098621	0.2669496844686199
0.0008933933933933934	0.16038123318922481	0.10699602851449108	0.2673772617037159
0.000895895895895896	0.1599981808223386	0.10780177508273495	0.26779995590507355
0.0008983983983983984	0.15961784929603245	0.10859986933676992	0.26821771863280236
0.0009009009009009009	0.15924026118402015	0.10939030343733888	0.26863056462135904
0.0009034034034034035	0.15886541915730806	0.11017305953615433	0.2690384786934624
0.0009059059059059059	0.15849333397851822	0.11094812830118547	0.26944146227970367
0.0009084084084084084	0.1581240241578498	0.11171549973884655	0.26983952389669635
0.000910910910910911	0.15775748751235627	0.11247515369873856	0.2702326412110948
0.0009134134134134134	0.15739375180550902	0.11322709188200308	0.2706208436875121
0.0009159159159159159	0.1570328234793321	0.11397130218616518	0.27100412566549725
0.0009184184184184185	0.15667470581427576	0.11470777087594879	0.27138247669022453
0.0009209209209209209	0.1563194187670698	0.11543649113655996	0.27175590990362974
0.0009234234234234234	0.15596697709142013	0.11615745906352738	0.2721244361549475
0.000925925925925926	0.15561738371134573	0.1168706603277721	0.27248804403911786
0.0009284284284284284	0.15527065811630228	0.11757609701113982	0.2728467551274421
0.0009309309309309309	0.1549268109447741	0.11827375033971649	0.27320056128449055
0.0009334334334334335	0.15458584617100696	0.11896362538328042	0.2735494715542874
0.0009359359359359359	0.15424778927933372	0.11964571642665427	0.27389350570598797
0.0009384384384384384	0.1539126456686424	0.12032001378282368	0.2742326594514661
0.000940940940940941	0.15358043029369856	0.1209865162062123	0.27456694649991087
0.0009434434434434434	0.15325113565035364	0.12164521808447078	0.2748963537348244
0.0009459459459459459	0.15292495368239192	0.12229611887907266	0.27522107256146455
0.0009484484484484485	0.15260240015150955	0.12293921584611642	0.27554161599762594
0.0009509509509509509	0.15228186909969424	0.12357450945227863	0.27585637855197287
0.0009534534534534534	0.15196346545616093	0.12420199262433237	0.2761654580804933
0.000955955955955956	0.15164935836707394	0.12482167031633555	0.2764710286834095
0.0009584584584584585	0.15133798227521086	0.1254335436263573	0.27677152590156817
0.0009609609609609609	0.15102965514011216	0.1260376044835524	0.2770672596236645
0.0009634634634634635	0.15072437152442653	0.1266338615167059	0.2773582330411324
0.000965965965965966	0.15042214715398536	0.1272223126977644	0.2776444598517498
0.0009684684684684684	0.15012299808200247	0.12780296681075412	0.27792596489275656
0.000970970970970971	0.14982693922078202	0.12837581821167743	0.2782027574324595
0.0009734734734734735	0.1495339765595518	0.1289408736121736	0.2784748501717254
0.000975975975975976	0.14924413316061472	0.12949813453901501	0.27874226769962973
0.0009784784784784785	0.14895742029632053	0.13004761477349447	0.279005035069815
0.000980980980980981	0.14867384749884707	0.13058930863203363	0.2792631561308807
0.0009834834834834836	0.1483934384484044	0.13112322392345954	0.27951666237186396
0.000985985985985986	0.14811619600813308	0.1316493690923281	0.2797655651004612
0.0009884884884884884	0.14784214552235753	0.13216775221872806	0.2800098977410856
0.000990990990990991	0.1475713004315793	0.13267835499743638	0.2802496554290157
0.0009934934934934935	0.14730367633679234	0.13318124614539414	0.2804849224821865
0.000995995995995996	0.14703927377738102	0.13367659189367326	0.2807158656710543
0.0009984984984984986	0.14677812459294992	0.13416385702564135	0.2809419816185913
0.001001001001001001	0.14652024375907843	0.13464345099826433	0.28116369475734276
0.0010035035035035034	0.14626563768273732	0.1351154166140065	0.2813810542967438
0.001006006006006006	0.14601432415288826	0.13557967256403383	0.2815939967169221
0.0010085085085085085	0.14576632313868085	0.13603623937207984	0.2818025625107607
0.001011011011011011	0.14552164867494666	0.13648512212077757	0.2820067707957242
0.0010135135135135136	0.14528031471777964	0.13692633485473435	0.28220664957251396
0.001016016016016016	0.14504233898028737	0.1373598933980292	0.2824022323783166
0.0010185185185185184	0.14480773795997934	0.13778580656317851	0.2825935445231579
0.001021021021021021	0.1445765270486283	0.13820408389816452	0.28278061094679285
0.0010235235235235235	0.14434871912824304	0.13861474550194863	0.2829634646301917
0.001026026026026026	0.14412433424703788	0.1390178070087358	0.2831421412557737
0.0010285285285285286	0.14390339268166713	0.13941327534754436	0.2833166680292115
0.001031031031031031	0.1436859061723841	0.13980117710408246	0.28348708327646654
0.0010335335335335334	0.14347188624089155	0.1401815123142789	0.28365339855517047
0.001036036036036036	0.14326136449122776	0.14055431237606275	0.2838156768672905
0.0010385385385385385	0.14305435182915766	0.1409195873404512	0.2839739391696089
0.001041041041041041	0.14285085722427274	0.1412773491604447	0.2841282063847175
0.0010435435435435436	0.14265090085064128	0.14162762016411515	0.2842785210147564
0.001046046046046046	0.14245450793840492	0.14197042484947056	0.2844249327878755
0.0010485485485485487	0.14226169700392852	0.14230577574762385	0.28456747275155236
0.001051051051051051	0.1420724712262374	0.14263368649224153	0.28470615771847896
0.0010535535535535535	0.1418868609638619	0.142954180592205	0.28484104155606693
0.0010560560560560562	0.14170488591985422	0.14326728210920808	0.28497216802906233
0.0010585585585585586	0.14152654991636918	0.1435730093506977	0.28509955926706687
0.001061061061061061	0.1413518812116325	0.1438713738947347	0.2852232551063672
0.0010635635635635637	0.14118089728437178	0.1441624090970431	0.28534330638141486
0.001066066066066066	0.14101361700390003	0.14444613253145003	0.28545974953535
0.0010685685685685685	0.14085006185113785	0.14472256167931596	0.2855726235304538
0.0010710710710710712	0.14069024309464548	0.14499171798084873	0.2856819610754942
0.0010735735735735736	0.1405341822886	0.14525363204761801	0.285787814336218
0.001076076076076076	0.14038190099216755	0.14550832176002065	0.28589022275218823
0.0010785785785785787	0.14023341151298732	0.14575580983682737	0.2859892213498147
0.001081081081081081	0.14008873643790218	0.14599612272757426	0.28608485916547644
0.0010835835835835835	0.13994789783672315	0.14622928314991598	0.28617718098663913
0.0010860860860860862	0.1398109183303985	0.14645531296782782	0.2862662312982263
0.0010885885885885886	0.13967780767612742	0.14667423669412435	0.28635204437025175
0.001091091091091091	0.1395485842946137	0.1468860846249196	0.2864346689195333
0.0010935935935935937	0.1394232782207037	0.14709088014971464	0.2865141583704183
0.001096096096096096	0.13930190569414516	0.14728864900638247	0.28659055470052763
0.0010985985985985985	0.1391844841090884	0.1474794196594956	0.28666390376858397
0.0011011011011011012	0.13907102981235828	0.14766321260315893	0.2867342424155172
0.0011036036036036036	0.1389615674862857	0.14784005439664802	0.2868016218829337
0.001106106106106106	0.1388561218817856	0.14800997723246234	0.28686609911424793
0.0011086086086086087	0.13875470853596952	0.1481730073760607	0.28692771591203026
0.0011111111111111111	0.13865734599812957	0.14832917246470448	0.2869865184628341
0.0011136136136136135	0.13856405267604352	0.1484785018259215	0.28704255450196503
0.0011161161161161162	0.13847485176959745	0.1486210228510921	0.28709587462068953
0.0011186186186186186	0.1383897662826121	0.14875676282257128	0.28714652910518335
0.001121121121121121	0.13830881737264722	0.14888574806059846	0.2871945654332457
0.0011236236236236237	0.13823202579560054	0.1490080089732081	0.28724003476880866
0.0011261261261261261	0.13815941048449726	0.14912358233335452	0.28728299281785175
0.0011286286286286285	0.1380909917866273	0.14923249370367464	0.28732348549030196
0.0011311311311311312	0.1380267899762499	0.14933476574901186	0.2873615557252618
0.0011336336336336336	0.13796682721714013	0.14943043606312956	0.2873972632802697
0.001136136136136136	0.1379111260615373	0.14951953850643157	0.28743066456796884
0.0011386386386386387	0.13785970821142124	0.14960209908291763	0.2874618072943389
0.0011411411411411411	0.13781259640224083	0.1496781470119884	0.2874907434142292
0.0011436436436436436	0.1377698096975668	0.14974771333953454	0.2875175230371013
0.0011461461461461462	0.13773136574958042	0.14981083050213467	0.28754219625171507
0.0011486486486486486	0.13769728942493858	0.14986753490001156	0.2875648243249501
0.001151151151151151	0.13766760596951538	0.1499178580611802	0.28758546403069557
0.0011536536536536537	0.13764233565123377	0.14996182640139957	0.28760416205263334
0.0011561561561561561	0.1376214980368752	0.14999947132385377	0.287620969360729
0.0011586586586586586	0.13760511566979802	0.1500308285129379	0.2876359441827359
0.0011611611611611612	0.1375932121110539	0.15005593173205142	0.28764914384310536
0.0011636636636636636	0.13758580979405569	0.15007481394326438	0.28766062373732004
0.001166166166166166	0.13758293008971978	0.15008750855396774	0.2876704386436875
0.0011686686686686687	0.137584594726971	0.15009404737722246	0.28767864210419347
0.0011711711711711711	0.137590825761784	0.1500944609118642	0.28768528667364823
0.0011736736736736738	0.13760164458044136	0.1500887851704613	0.28769042975090264
0.0011761761761761762	0.1376170739456636	0.15007705603592064	0.2876941299815843
0.0011786786786786786	0.13763713704734315	0.15005930770044507	0.2876964447477882
0.0011811811811811813	0.1376618572341165	0.1500355726079579	0.2876974298420744
0.0011836836836836837	0.13769125595722365	0.15000588268073953	0.2876971386379632
0.0011861861861861861	0.1377253548098186	0.14997027363849805	0.28769562844831664
0.0011886886886886888	0.13776417594157456	0.14992878011705574	0.2876929560586303
0.0011911911911911912	0.13780774326518166	0.14988143665752204	0.2876891799227037
0.0011936936936936936	0.13785608077780034	0.1498282783663971	0.28768435914419743
0.0011961961961961963	0.1379092111569477	0.14976933989245075	0.28767855104939843
0.0011986986986986987	0.13796715540089868	0.14970465611348607	0.28767181151438476
0.0012012012012012011	0.13802993461363763	0.14963426270524502	0.28766419731888265
0.0012037037037037038	0.13809757047739807	0.14955819505713336	0.2876557655345314
0.0012062062062062062	0.13817008754798013	0.14947648857637433	0.28764657612435446
0.0012087087087087087	0.13824750901082988	0.149389178182094	0.2876366871929239
0.0012112112112112113	0.13832985946937817	0.14929629900542513	0.28762615847480333
0.0012137137137137137	0.13841716017936403	0.14919788491657524	0.28761504509593927
0.0012162162162162162	0.13850943352333991	0.14909397257999416	0.28760340610333407
0.0012187187187187188	0.13860670198852174	0.14898459805245076	0.2875913000409725
0.0012212212212212212	0.1387089881418349	0.1488697971557829	0.2875787852976178
0.0012237237237237237	0.13881631426163427	0.14874960531555695	0.28756591957719124
0.0012262262262262263	0.13892870275260896	0.14862405890093333	0.28755276165354227
0.0012287287287287287	0.1390461760194481	0.14849319389534116	0.28753936991478923
0.0012312312312312312	0.13916875677646517	0.1483570462822095	0.2875258030586747
0.0012337337337337338	0.13929646715215727	0.14821565204496742	0.2875121191971247
0.0012362362362362362	0.139429329368537	0.14806904716704397	0.28749837653558097
0.0012387387387387387	0.13956736572909348	0.14791726763186827	0.28748463336096175
0.0012412412412412413	0.13971059853731582	0.14776034942286934	0.28747094796018513
0.0012437437437437437	0.13985905009669308	0.1475983285234763	0.2874573786201694
0.0012462462462462462	0.14001274271071434	0.1474312409820847	0.28744398369279905
0.0012487487487487488	0.14017169868286877	0.14725912489327378	0.2874308235761426
0.0012512512512512512	0.1403359403166454	0.14708201520759623	0.28741795552424165
0.0012537537537537537	0.14050548991553333	0.14689994809259221	0.28740543800812557
0.0012562562562562563	0.14068036978302165	0.14671295971580198	0.2873933294988236
0.0012587587587587587	0.14086060222259947	0.14652108624476579	0.2873816884673652
0.0012612612612612612	0.1410462106792543	0.14632436384702383	0.2873705745262781
0.0012637637637637638	0.14123724771720675	0.1461228286901163	0.2873600764073231
0.0012662662662662662	0.14143370345343673	0.14591651694158353	0.28735022039502023
0.0012687687687687687	0.14163559752784727	0.14570547050804972	0.287341068035897
0.0012712712712712713	0.14184294958034138	0.14548972303911745	0.28733267261945883
0.0012737737737737737	0.14205577925082208	0.1452693077796251	0.2873250870304472
0.0012762762762762762	0.14227410617919237	0.14504426052739428	0.2873183667065866
0.0012787787787787788	0.14249795000535528	0.1448146170802466	0.2873125670856019
0.0012812812812812813	0.14272733036921376	0.14458041323600376	0.2873077436052175
0.0012837837837837837	0.14296226691067085	0.14434168479248738	0.28730395170315826
0.0012862862862862863	0.14320277926962957	0.14409846754751907	0.28730124681714864
0.0012887887887887888	0.14344888708599293	0.14385079729892056	0.2872996843849135
0.0012912912912912912	0.1437006099996639	0.14359870984451342	0.28729931984417734
0.0012937937937937938	0.14395796765054553	0.1433422409821193	0.2873002086326648
0.0012962962962962963	0.1442209796785408	0.1430814265095599	0.2873024061881007
0.001298798798798799	0.14448966572355276	0.14281630222465683	0.2873059679482096
0.0013013013013013013	0.14476404542548435	0.14254690392523173	0.2873109493507161
0.0013038038038038038	0.1450441384242386	0.14227326740910626	0.28731740583334486
0.0013063063063063064	0.1453299643597186	0.14199542847410201	0.28732539283382064
0.0013088088088088088	0.14562154287182721	0.14171342291804073	0.28733496578986795
0.0013113113113113113	0.14591889360046756	0.14142728653874398	0.28734618013921154
0.001313813813813814	0.1462220361855426	0.1411370551340334	0.28735909131957604
0.0013163163163163163	0.14653099026695537	0.14084276536313306	0.28737375563008843
0.0013188188188188188	0.14684577548460884	0.1405444552396888	0.28739023072429765
0.0013213213213213214	0.14716642137630173	0.1402421592714225	0.28740858064772423
0.0013238238238238238	0.147492954133833	0.13993591169797037	0.2874288658318034
0.0013263263263263263	0.14782537618972863	0.13962574675896855	0.2874511229486972
0.001328828828828829	0.1481637019928249	0.13931169869405316	0.28747540068687805
0.0013313313313313313	0.14850794599195785	0.13899380174286038	0.28750174773481824
0.0013338338338338338	0.14885812263596382	0.13867209014502635	0.28753021278099017
0.0013363363363363364	0.14921424637367897	0.1383465981401872	0.2875608445138662
0.0013388388388388388	0.1495763316539395	0.13801735996797915	0.2875936916219186
0.0013413413413413413	0.14994439292558157	0.1376844098680383	0.28762880279361985
0.001343843843843844	0.15031844463744148	0.13734778208000076	0.28766622671744224
0.0013463463463463464	0.15069850123835535	0.13700751084350277	0.2877060120818581
0.0013488488488488488	0.15108457717715937	0.1366636303981804	0.2877482075753398
0.0013513513513513514	0.15147668690268984	0.13631617662750303	0.28779286353019284
0.0013538538538538539	0.15187484938329787	0.13596518248573963	0.2878400318690375
0.0013563563563563563	0.15227907380979008	0.1356106805823496	0.2878897543921397
0.001358858858858859	0.1526893720003405	0.1352527045199804	0.2879420765203209
0.0013613613613613614	0.1531057568266037	0.1348912880910614	0.2879970449176651
0.0013638638638638638	0.1535282432032884	0.13452646613304908	0.2880547093363375
0.0013663663663663664	0.1539568426909598	0.13415827001177494	0.2881151127027347
0.0013688688688688689	0.15439156486838895	0.133786732710274	0.288178297578663
0.0013713713713713713	0.1548324211258303	0.13341188727858222	0.2882443084044125
0.001373873873873874	0.1552794264306091	0.1330337668586956	0.2883131932893047
0.0013763763763763764	0.15573258724714972	0.13265240400266956	0.2883849912498193
0.0013788788788788788	0.15619191184126338	0.13226783153950408	0.28845974338076746
0.0013813813813813814	0.1566574091884596	0.13188008335584087	0.2885374925443005
0.0013838838838838839	0.1571290884739559	0.1314891910206208	0.2886182794945767
0.0013863863863863863	0.15760695908301425	0.1310951860003023	0.28870214508331654
0.001388888888888889	0.15809103208152345	0.1306981005318639	0.28878913261338734
0.0013913913913913914	0.15858131560374794	0.13029796636441177	0.2888792819681597
0.0013938938938938938	0.15907781378135818	0.12989481480828854	0.28897262858964673
0.0013963963963963964	0.15958053304294378	0.1294886778080202	0.289069210850964
0.0013988988988988989	0.16008947964052694	0.129079586607385	0.28916906624791194
0.0014014014014014013	0.1606046597774419	0.1286675719964732	0.2892722317739151
0.001403903903903904	0.16112608177700335	0.12825266475455788	0.28937874653156126
0.0014064064064064064	0.16165374741459637	0.12783489649906107	0.2894886439136575
0.0014089089089089088	0.16218766075408364	0.12741429912507954	0.28960195987916315
0.0014114114114114115	0.1627278255946792	0.126990904998224	0.2897187305929032
0.0014139139139139139	0.1632742456423914	0.12656474206736892	0.28983898770976035
0.0014164164164164163	0.163826924991333	0.12613583912771073	0.28996276411904376
0.001418918918918919	0.16438586537566402	0.1257042269589845	0.29009009233464855
0.0014214214214214214	0.1649510708582425	0.12526993711040382	0.29022100796864636
0.001423923923923924	0.16552254020283869	0.12483300039033446	0.29035554059317314
0.0014264264264264265	0.16610027251628176	0.12439344551027046	0.2904937180265522
0.0014289289289289289	0.1666842689315039	0.12395130269393663	0.2906355716254405
0.0014314314314314315	0.1672745328033905	0.12350659940734	0.2907811322107305
0.001433933933933934	0.16787106083804462	0.12305936249857173	0.29093042333661634
0.0014364364364364364	0.16847384644088043	0.12260962356132528	0.2910834700022057
0.001438938938938939	0.1690828889422611	0.1221574157180201	0.29124030466028117
0.0014414414414414415	0.16969819062114855	0.1217027660404868	0.29140095666163535
0.001443943943943944	0.17031974739233716	0.12124569999004582	0.291565447382383
0.0014464464464464465	0.170947555083187	0.1207862456981382	0.2917338007813252
0.001448948948948949	0.17158160718678414	0.1203244314449697	0.29190603863175385
0.0014514514514514514	0.17222189717223954	0.11986028659264876	0.2920821837648883
0.001453953953953954	0.17286842000491434	0.11939384261116438	0.29226226261607874
0.0014564564564564565	0.17352117037418788	0.11892512472671063	0.2924462951008985
0.001458958958958959	0.17418014396266362	0.11845415533844825	0.29263429930111184
0.0014614614614614615	0.17484533332313953	0.11798096537613093	0.29282629869927046
0.001463963963963964	0.1755167298823575	0.11750558740656923	0.29302231728892675
0.0014664664664664664	0.1761943205664428	0.11702804319594444	0.29322236376238725
0.001468968968968969	0.17687809341104624	0.11654835714509697	0.2934264505561432
0.0014714714714714715	0.1775680407143281	0.11606655808646972	0.29363459880079784
0.001473973973973974	0.17826415524979677	0.1155826733992849	0.2938468286490817
0.0014764764764764766	0.17896643097758605	0.11509673045343033	0.2940631614310164
0.001478978978978979	0.17967484512606777	0.11460875494038371	0.2942836000664515
0.0014814814814814814	0.18038938409102628	0.11411877221269479	0.29450815630372107
0.001483983983983984	0.18111003893075944	0.11362680886247027	0.29473684779322973
0.0014864864864864865	0.18183680113395664	0.11313288992473078	0.2949696910586874
0.001488988988988989	0.1825696501544456	0.11263703712332036	0.29520668727776594
0.0014914914914914916	0.18330855938961896	0.11213927835139378	0.29544783774101274
0.001493993993993994	0.18405352829621846	0.11163964145293068	0.29569316974914917
0.0014964964964964964	0.1848045395851253	0.11113814945431334	0.29594268903943866
0.001498998998998999	0.18556157110465002	0.11063482754353203	0.29619639864818204
0.0015015015015015015	0.18632459770116316	0.1101297015182793	0.29645429921944244
0.001504004004004004	0.18709360906236264	0.10962279219717046	0.2967164012595331
0.0015065065065065066	0.18786858287504316	0.1091141238367074	0.29698270671175053
0.001509009009009009	0.18864949414620336	0.1086037223308225	0.29725321647702585
0.0015115115115115114	0.18943633253039532	0.10809161231807916	0.2975279448484745
0.001514014014014014	0.19022907062198333	0.10757781643735918	0.2978068870593425
0.0015165165165165165	0.19102768673163675	0.10706235673821432	0.2980900434698511
0.001519019019019019	0.1918321538136064	0.10654526083651229	0.2983774146501187
0.0015215215215215216	0.19264243799222444	0.10602654885996395	0.2986689868521884
0.001524024024024024	0.19345854185147124	0.10550624113138239	0.2989647829828536
0.0015265265265265264	0.19428041468969448	0.10498436225702094	0.29926477694671544
0.001529029029029029	0.19510803704460566	0.10446093881365927	0.2995689758582649
0.0015315315315315315	0.19594139285275494	0.10393599077664516	0.2998773836294001
0.001534034034034034	0.1967804468393864	0.10340953521539228	0.30018998205477865
0.0015365365365365366	0.19762515669421601	0.10288160142542535	0.30050675811964134
0.001539039039039039	0.19847550641854064	0.102352210291378	0.30082771670991865
0.0015415415415415416	0.19933147655755365	0.10182138086565827	0.3011528574232119
0.001544044044044044	0.2001930175088031	0.10128913240513629	0.3014821499139394
0.0015465465465465465	0.20106010189167794	0.10075548948913919	0.30181559138081715
0.0015490490490490492	0.20193270595299223	0.1002204767763232	0.30215318272931546
0.0015515515515515516	0.2028107899654012	0.0996841125501197	0.3024949025155209
0.001554054054054054	0.20369431624137344	0.0991464134172457	0.30284072965861913
0.0015565565565565567	0.2045832552601336	0.09860740118759331	0.3031906564477269
0.001559059059059059	0.20547757254676122	0.0980671030850321	0.3035446756317933
0.0015615615615615615	0.2063772306988027	0.09752553212868059	0.3039027628274833
0.0015640640640640642	0.2072821900854091	0.09698270995184609	0.3042649000372552
0.0015665665665665666	0.20819242044690933	0.09643866055754377	0.30463108100445313
0.001569069069069069	0.2091078786459656	0.09589339644459287	0.30500127509055847
0.0015715715715715717	0.21002851743017387	0.09534694602093277	0.30537546345110667
0.001574074074074074	0.2109543098925518	0.0947993231203112	0.30575363301286296
0.0015765765765765765	0.21188521963778115	0.09425054528009676	0.3061357649178779
0.0015790790790790792	0.21282118005715828	0.09370063396521491	0.3065218140223732
0.0015815815815815816	0.21376216811429366	0.09314961013524148	0.30691177824953514
0.001584084084084084	0.21470814144871425	0.09259749060293838	0.3073056320516526
0.0015865865865865867	0.21565905855556455	0.09204429177972008	0.3077033503352846
0.001589089089089089	0.2166148547949755	0.09149003610252543	0.3081048908975009
0.0015915915915915915	0.21757551491099972	0.09093473398909785	0.3085102489000976
0.0015940940940940942	0.21854095715607608	0.0903784411224953	0.3089193982785714
0.0015965965965965966	0.21951117280446333	0.08982119650630477	0.30933236931076813
0.001599099099099099	0.22048608659752134	0.08926288659818372	0.30974897319570505
0.0016016016016016017	0.2214656593972496	0.08870346715756998	0.3101691265548196
0.001604104104104104	0.22244984990468442	0.08814326030793186	0.31059311021261626
0.0016066066066066065	0.22343859947032033	0.08758209353430282	0.31102069300462315
0.0016091091091091092	0.22443185754682846	0.08702000280027937	0.3114518603471078
0.0016116116116116116	0.2254295987964515	0.08645701244613102	0.31188661124258255
0.001614114114114114	0.22643128584390632	0.08589313739094134	0.31232442323484766
0.0016166166166166167	0.2274397599654365	0.08532839296045934	0.3127681529258958
0.0016191191191191191	0.22844989572071045	0.08476279407559908	0.31321268979630956
0.0016216216216216215	0.2294639776907189	0.08419636140302536	0.31366033909374424
0.0016241241241241242	0.23048321438986608	0.08362910962622812	0.3141123240160942
0.0016266266266266266	0.23150657664050664	0.0830610517268561	0.31456762836736274
0.001629129129129129	0.23253402341144055	0.08249220428956244	0.31502622770100297
0.0016316316316316317	0.2335654935977842	0.08192258295813269	0.3154880765559169
0.0016341341341341341	0.23460093914702843	0.08135220550299377	0.3159531446500222
0.0016366366366366365	0.2356402856370944	0.08078108427766059	0.316421369914755
0.0016391391391391392	0.2366834818752479	0.08020923531714276	0.31689271719239065
0.0016416416416416416	0.2377304743821336	0.07963667002627485	0.31736714440840846
0.001644144144144144	0.23878118994969835	0.07906340759262005	0.3178445975423184
0.0016466466466466467	0.23983558566891397	0.07848946271085276	0.3183250483797667
0.0016491491491491491	0.24089358755856366	0.0779148441137742	0.31880843167233786
0.0016516516516516516	0.2419551271073643	0.07733957261395875	0.31929469972132307
0.0016541541541541542	0.2430201620455793	0.0767636567977798	0.3197838188433591
0.0016566566566566566	0.24408861196976436	0.0761871154430567	0.32027572741282107
0.001659159159159159	0.24516041940261324	0.07560995731691827	0.3207703767195315
0.0016616616616616617	0.24623551655324957	0.0750321981286258	0.32126771468187537
0.0016641641641641641	0.24731383605795865	0.07445385085493048	0.32176768691288915
0.0016666666666666668	0.24839532481057405	0.07387492764325239	0.32227025245382646
0.0016691691691691692	0.24947990092989816	0.07329544448750354	0.3227753454174017
0.0016716716716716716	0.25056749881229246	0.07271541399852036	0.3232829128108128
0.0016741741741741743	0.2516580605113297	0.07213484310863173	0.32379290361996144
0.0016766766766766767	0.25275151712783933	0.07155374936878466	0.324305266496624
0.0016791791791791791	0.25384778105197603	0.07097214612838905	0.32481992718036506
0.0016816816816816818	0.25494680719496393	0.07039003955681648	0.32533684675178043
0.0016841841841841842	0.25604851955984986	0.06980744958873758	0.32585596914858744
0.0016866866866866866	0.25715283187874544	0.06922438138463949	0.3263772132633849
0.0016891891891891893	0.258259680549638	0.06864084840601799	0.32690052895565597
0.0016916916916916917	0.2593690123440144	0.06805686569624277	0.32742587804025713
0.0016941941941941941	0.26048072629142377	0.06747244262392087	0.32795316891534465
0.0016966966966966968	0.2615947737072862	0.06688758577918266	0.32848235948646887
0.0016991991991991992	0.2627110630801134	0.06630231132155195	0.32901337440166534
0.0017017017017017016	0.26382952579626945	0.06571662951315926	0.3295461553094287
0.0017042042042042043	0.2649501004653334	0.06513054912850882	0.3300806495938422
0.0017067067067067067	0.26607269202278877	0.06454408330189876	0.33061677532468753
0.0017092092092092091	0.2671972420766288	0.0639572439820591	0.3311544860586879
0.0017117117117117118	0.2683236692024693	0.06337005702074548	0.3316937262232148
0.0017142142142142142	0.2694518826383008	0.06278231869524782	0.3322342013335486
0.0017167167167167166	0.27058184055252665	0.06219320114077284	0.3327750416932995
0.0017192192192192193	0.2717134230013953	0.061605394960122024	0.3333188179615173
0.0017217217217217217	0.2728465920016835	0.06101803330760065	0.3338646253092841
0.0017242242242242242	0.2739812351675537	0.0604287645381897	0.33440999970574337
0.0017267267267267268	0.27511729910615973	0.059840384399520025	0.3349576835056798
0.0017292292292292292	0.2762546997273288	0.05925166430539675	0.33550636403272555
0.0017317317317317317	0.2773933515106928	0.05865746022954352	0.3360508117402363
0.0017342342342342343	0.2785331771347857	0.05807066249582284	0.3366038396306085
0.0017367367367367367	0.2796741050662633	0.057480049379705175	0.33715415444596847
0.0017392392392392392	0.2808160425839371	0.05688942807440302	0.3377054706583401
0.0017417417417417418	0.2819589132032025	0.05629845704725393	0.33825737025045644
0.0017442442442442442	0.28310264152784453	0.055707377103530395	0.33881001863137494
0.0017467467467467467	0.28424713534230794	0.05511603163864261	0.33936316698095054
0.0017492492492492493	0.2853923378704616	0.05452445585100512	0.3399167937214667
0.0017517517517517517	0.286538127680782	0.053932656038215745	0.34047078371899775
0.0017542542542542542	0.28768446756961846	0.05334063906928051	0.34102510663889896
0.0017567567567567568	0.288831230464523	0.05274841750915303	0.34157964797367607
0.0017592592592592592	0.2899783712163106	0.05215599143701793	0.3421343626533285
0.0017617617617617617	0.291125788506341	0.051563371800178455	0.34268916030651947
0.0017642642642642643	0.2922734000659153	0.05097056747119616	0.34324396753711145
0.0017667667667667667	0.2934211273521914	0.05037758071293299	0.34379870806512436
0.0017692692692692692	0.29456895300216035	0.049784419963560714	0.34435337296572105
0.0017717717717717718	0.2957158712757913	0.04919109453477511	0.3449069658105664
0.0017742742742742742	0.29686392008236795	0.04859760809243096	0.3454615281747989
0.0017767767767767767	0.2980115162546101	0.04800395818233592	0.346015474436946
0.0017792792792792793	0.29915855739817254	0.04741024854273394	0.3465688059409065
0.0017817817817817817	0.3003051991923163	0.04681650024286163	0.3471216994351779
0.0017842842842842842	0.3014513747258127	0.046222122452507446	0.34767349717832013
0.0017867867867867868	0.30259699615440966	0.045627996650119906	0.34822499280452957
0.0017892892892892893	0.3037419675842449	0.04503362097038916	0.34877558855463403
0.001791791791791792	0.3048862190497281	0.0444389968098491	0.3493252158595772
0.0017942942942942943	0.3060296375909165	0.04384494472660628	0.3498745823175228
0.0017967967967967968	0.30717218846969235	0.04324989179335734	0.35042208026304966
0.0017992992992992994	0.30831372219698	0.042655182726537295	0.3509689049235173
0.0018018018018018018	0.3094542117937387	0.042060298513018846	0.35151451030675757
0.0018043043043043043	0.3105935315289274	0.041465327058879606	0.352058858587807
0.001806806806806807	0.3117316359664068	0.04087017203133677	0.35260180799774354
0.0018093093093093093	0.31286838557466207	0.040274828669577156	0.3531432142442392
0.0018118118118118118	0.31400374472486026	0.039679585948091435	0.3536833306729517
0.0018143143143143144	0.31513761275081803	0.03908416533414359	0.35422177808496164
0.0018168168168168168	0.31626988851904003	0.03848936070007634	0.3547592492191164
0.0018193193193193193	0.31740051603994407	0.03789447198128697	0.35529498802123105
0.001821821821821822	0.31852937566995476	0.03729793058107394	0.3558273062510287
0.0018243243243243243	0.31965641329630234	0.036702497512363125	0.35635891080866544
0.0018268268268268268	0.3207815214478512	0.03610681281230438	0.3568883342601556
0.0018293293293293294	0.3219046383303204	0.03551108203242031	0.3574157203627407
0.0018318318318318318	0.3230256659513888	0.03491516905639686	0.3579408350077857
0.0018343343343343343	0.3241445022158987	0.034319136634007714	0.3584636388499064
0.001836836836836837	0.3252611005081721	0.03372358242802796	0.35898468293620006
0.0018393393393393393	0.3263753433687348	0.03312754687127861	0.3595028902400134
0.0018418418418418418	0.32748717194308363	0.032531538894132364	0.360018710837216
0.0018443443443443444	0.328596471833066	0.03193545755397177	0.36053192938703776
0.0018468468468468468	0.3297032045541179	0.03133939169148975	0.36104259624560764
0.0018493493493493493	0.3308072414479303	0.03074323581223586	0.36155047726016615
0.001851851851851852	0.3319085128161081	0.030147042899407013	0.3620555557155151
0.0018543543543543544	0.3330069613755051	0.029550814759303382	0.3625577761348085
0.0018568568568568568	0.33410245647423104	0.02895416332411644	0.36305661979834747
0.0018593593593593594	0.3351949730686826	0.02835780832210741	0.36355278139079006
0.0018618618618618619	0.3362843642610666	0.027762603348086373	0.364046967609153
0.0018643643643643643	0.3373706095951572	0.027165447502764367	0.3645360570979216
0.001866866866866867	0.33845357763242384	0.02656901225359085	0.3650225898860147
0.0018693693693693694	0.33953322090967686	0.025972528340509345	0.3655057492501862
0.0018718718718718718	0.34060944212192046	0.02537600786251575	0.3659854499844362
0.0018743743743743744	0.3416821681811943	0.024779446833972416	0.3664616150151667
0.0018768768768768769	0.3427513009392098	0.024182843217778822	0.3669341441569886
0.0018793793793793793	0.34381678459898996	0.023586198795585305	0.3674029833945753
0.001881881881881882	0.3448785245427721	0.02298951178474526	0.3678680363275174
0.0018843843843843844	0.345936443235313	0.022392779939049604	0.36832922317436256
0.0018868868868868868	0.3469904645931795	0.02179600211897976	0.36878646671215926
0.0018893893893893894	0.34804050851113033	0.021199177749742372	0.3692396862608727
0.0018918918918918919	0.3490864935491757	0.020602305072276044	0.36968879862145176
0.0018943943943943943	0.35012834717284	0.020005381849993013	0.37013372902283304
0.001896896896896897	0.3511659874304852	0.019408403969327418	0.37057439139981263
0.0018993993993993994	0.35219933965690936	0.01881137143469129	0.37101071109160066
0.0019019019019019018	0.3532283273624276	0.018214281710883122	0.3714426090733107
0.0019044044044044044	0.3542528715076348	0.017617131753044028	0.3718700032606788
0.0019069069069069069	0.3552729009067314	0.017019917266890967	0.37229281817362236
0.0019094094094094093	0.35628833687512845	0.01642271684821084	0.3727110537233393
0.001911911911911912	0.3572991065328643	0.01582529727515028	0.3731244038080146
0.0019144144144144144	0.3583051332562172	0.015227748169725096	0.3735328814259423
0.001916916916916917	0.359306347619274	0.014630379505330306	0.3739367271246043
0.0019194194194194195	0.36030267240711594	0.014032766597525566	0.3743354390046415
0.0019219219219219219	0.3612940377408517	0.013435118389100973	0.3747291561299527
0.0019244244244244245	0.36228036978817607	0.012837420115210486	0.37511778990338657
0.001926926926926927	0.3632615970861915	0.012239446160401601	0.3755010432465931
0.0019294294294294294	0.3642376498984591	0.011641502300393273	0.3758791521988524
0.001931931931931932	0.3652084574037703	0.011043428430606994	0.3762518858343773
0.0019344344344344345	0.3661739493797026	0.010445244165106943	0.37661919354480955
0.0019369369369369369	0.36713405719601216	0.009846881622276572	0.37698093881828876
0.0019394394394394395	0.36808871268950744	0.009248465831696931	0.37733717852120435
0.001941941941941942	0.36903784587630667	0.008649943409647871	0.37768778928595453
0.0019444444444444444	0.36998139396152785	0.008051224706823885	0.37803261866835175
0.001946946946946947	0.3709192830666605	0.00745236137094761	0.3783716444376081
0.0019494494494494495	0.37185145439151057	0.006853336892352275	0.37870479128386286
0.001951951951951952	0.3727778401135991	0.006254140748223396	0.3790319808618225
0.0019544544544544545	0.3736983719828446	0.005654761290608439	0.37935313327345305
0.001956956956956957	0.37461299046770263	0.005055185720597129	0.3796681761882998
0.0019594594594594594	0.3755216303241449	0.004455400800220049	0.37997703112436493
0.001961961961961962	0.3764242302037296	0.003855391477317071	0.3802796216810467
0.0019644644644644643	0.3773207249713366	0.00325513888269226	0.38057586385402886
0.001966966966966967	0.3782110574530067	0.0026546243679254527	0.38086568182093217
0.0019694694694694695	0.37909516293877527	0.0020538276011689946	0.3811489905399443
0.001971971971971972	0.37997298537165924	0.0014527910356302836	0.38142577640728953
0.0019744744744744744	0.3808444627493925	0.0008446155278311648	0.38168907827722365
0.001976976976976977	0.3817095365248978	0.00024632579951827394	0.3819558623244161
0.0019794794794794797	0.38256806117326225	0	0.38256806117326225
0.001981981981981982	0.3834202402690257	0	0.3834202402690257
0.0019844844844844845	0.38426577854490096	0	0.38426577854490096
0.001986986986986987	0.3851046762110452	0	0.3851046762110452
0.0019894894894894894	0.3859368903705522	0	0.3859368903705522
0.001991991991991992	0.3867623664707828	0	0.3867623664707828
0.0019944944944944947	0.3875810523755087	0	0.3875810523755087
0.001996996996996997	0.3883928974868949	0	0.3883928974868949
0.0019994994994994996	0.3891978469202651	0	0.3891978469202651
0.002002002002002002	0.3899958532157002	0	0.3899958532157002
0.0020045045045045044	0.3907868641944587	0	0.3907868641944587
0.002007007007007007	0.39157083051719926	0	0.39157083051719926
0.0020095095095095097	0.3923477051284302	0	0.3923477051284302
0.002012012012012012	0.3931174406303324	0	0.3931174406303324
0.0020145145145145146	0.3938799895946432	0	0.3938799895946432
0.002017017017017017	0.3946353055875812	0	0.3946353055875812
0.0020195195195195194	0.3953833434920048	0	0.3953833434920048
0.002022022022022022	0.39612406229723407	0	0.39612406229723407
0.0020245245245245247	0.3968574145917011	0	0.3968574145917011
0.002027027027027027	0.3975833608023466	0	0.3975833608023466
0.0020295295295295296	0.3983018576369425	0	0.3983018576369425
0.002032032032032032	0.3990128641080983	0	0.3990128641080983
0.0020345345345345344	0.39971634044669424	0	0.39971634044669424
0.002037037037037037	0.40041224661042696	0	0.40041224661042696
0.0020395395395395397	0.4011005470532092	0	0.4011005470532092
0.002042042042042042	0.40178120171166715	0	0.40178120171166715
0.0020445445445445446	0.4024541760443652	0	0.4024541760443652
0.002047047047047047	0.4031194314952873	0	0.4031194314952873
0.0020495495495495494	0.4037769351395309	0	0.4037769351395309
0.002052052052052052	0.40442665404800815	0	0.40442665404800815
0.0020545545545545547	0.405068551619349	0	0.405068551619349
0.002057057057057057	0.40570259716457163	0	0.40570259716457163
0.0020595595595595596	0.406328762266447	0	0.406328762266447
0.002062062062062062	0.4069470134390045	0	0.4069470134390045
0.0020645645645645644	0.40755731905381626	0	0.40755731905381626
0.002067067067067067	0.40815965551111705	0	0.40815965551111705
0.0020695695695695697	0.4087539898575379	0	0.4087539898575379
0.002072072072072072	0.4093402970842644	0	0.4093402970842644
0.0020745745745745746	0.40991855332828164	0	0.40991855332828164
0.002077077077077077	0.4104887282893994	0	0.4104887282893994
0.0020795795795795794	0.41105080298785085	0	0.41105080298785085
0.002082082082082082	0.4116047495051838	0	0.4116047495051838
0.0020845845845845847	0.41215054628812875	0	0.41215054628812875
0.002087087087087087	0.41268817189560175	0	0.41268817189560175
0.0020895895895895896	0.4132176059117765	0	0.4132176059117765
0.002092092092092092	0.41373882809952406	0	0.41373882809952406
0.0020945945945945945	0.4142518175613618	0	0.4142518175613618
0.0020970970970970973	0.4147565588152903	0	0.4147565588152903
0.0020995995995995997	0.41525303020616533	0	0.41525303020616533
0.002102102102102102	0.4157412193695919	0	0.4157412193695919
0.0021046046046046046	0.41622110888763214	0	0.41622110888763214
0.002107107107107107	0.41669268201216253	0	0.41669268201216253
0.0021096096096096095	0.4171559273091968	0	0.4171559273091968
0.0021121121121121123	0.41761083118073106	0	0.41761083118073106
0.0021146146146146147	0.4180573790233639	0	0.4180573790233639
0.002117117117117117	0.4184955603383224	0	0.4184955603383224
0.0021196196196196196	0.4189253667239271	0	0.4189253667239271
0.002122122122122122	0.4193467839935516	0	0.4193467839935516
0.0021246246246246245	0.4197598077247654	0	0.4197598077247654
0.0021271271271271273	0.42016442712383034	0	0.42016442712383034
0.0021296296296296298	0.420560634743442	0	0.420560634743442
0.002132132132132132	0.4209484244848883	0	0.4209484244848883
0.0021346346346346346	0.4213277923886208	0	0.4213277923886208
0.002137137137137137	0.4216987297834501	0	0.4216987297834501
0.0021396396396396395	0.4220612370475221	0	0.4220612370475221
0.0021421421421421423	0.422415307527157	0	0.422415307527157
0.0021446446446446448	0.4227609399569211	0	0.4227609399569211
0.002147147147147147	0.42309813177634087	0	0.42309813177634087
0.0021496496496496496	0.4234268845435812	0	0.4234268845435812
0.002152152152152152	0.4237471962409048	0	0.4237471962409048
0.0021546546546546545	0.42405906692283857	0	0.42405906692283857
0.0021571571571571573	0.42436250011043736	0	0.42436250011043736
0.0021596596596596598	0.4246574990727724	0	0.4246574990727724
0.002162162162162162	0.4249440612501754	0	0.4249440612501754
0.0021646646646646646	0.4252221983630782	0	0.4252221983630782
0.002167167167167167	0.4254919085857873	0	0.4254919085857873
0.0021696696696696695	0.42575320053789567	0	0.42575320053789567
0.0021721721721721723	0.4260060797095186	0	0.4260060797095186
0.0021746746746746748	0.4262505531010027	0	0.4262505531010027
0.002177177177177177	0.42648662733852577	0	0.42648662733852577
0.0021796796796796796	0.4267143118969769	0	0.4267143118969769
0.002182182182182182	0.42693361356284293	0	0.42693361356284293
0.0021846846846846845	0.4271445479752403	0	0.4271445479752403
0.0021871871871871874	0.42734711786019225	0	0.42734711786019225
0.0021896896896896898	0.42754134159334534	0	0.42754134159334534
0.002192192192192192	0.4277272256369362	0	0.4277272256369362
0.0021946946946946946	0.42790478692043815	0	0.42790478692043815
0.002197197197197197	0.42807403578320674	0	0.42807403578320674
0.0021996996996996995	0.4282349870573476	0	0.4282349870573476
0.0022022022022022024	0.4283876553909637	0	0.4283876553909637
0.002204704704704705	0.42853205821034607	0	0.42853205821034607
0.002207207207207207	0.4286682079544365	0	0.4286682079544365
0.0022097097097097096	0.4287961236490072	0	0.4287961236490072
0.002212212212212212	0.42891582343514995	0	0.42891582343514995
0.0022147147147147145	0.4290273220254417	0	0.4290273220254417
0.0022172172172172174	0.4291306420734646	0	0.4291306420734646
0.00221971971971972	0.4292258001409845	0	0.4292258001409845
0.0022222222222222222	0.4293128179128827	0	0.4293128179128827
0.0022247247247247246	0.42939171424055517	0	0.42939171424055517
0.002227227227227227	0.4294625119176178	0	0.4294625119176178
0.00222972972972973	0.42952523040788065	0	0.42952523040788065
0.0022322322322322324	0.42957989473832947	0	0.42957989473832947
0.002234734734734735	0.42962652714566646	0	0.42962652714566646
0.0022372372372372372	0.4296651491106171	0	0.4296651491106171
0.0022397397397397397	0.4296957857505166	0	0.4296957857505166
0.002242242242242242	0.4297184635114867	0	0.4297184635114867
0.002244744744744745	0.42973320670893433	0	0.42973320670893433
0.0022472472472472474	0.4297400390343571	0	0.4297400390343571
0.00224974974974975	0.4297389895888865	0	0.4297389895888865
0.0022522522522522522	0.429730083619322	0	0.429730083619322
0.0022547547547547547	0.4297133491807252	0	0.4297133491807252
0.002257257257257257	0.42968881269580156	0	0.42968881269580156
0.00225975975975976	0.4296565069629177	0	0.4296565069629177
0.0022622622622622624	0.4296164558130342	0	0.4296164558130342
0.002264764764764765	0.4295686891669412	0	0.4295686891669412
0.0022672672672672672	0.4295132405144664	0	0.4295132405144664
0.0022697697697697697	0.42945013764920265	0	0.42945013764920265
0.002272272272272272	0.42937941202562	0	0.42937941202562
0.002274774774774775	0.4293010937117077	0	0.4293010937117077
0.0022772772772772774	0.4292152165127779	0	0.4292152165127779
0.00227977977977978	0.4291218110900571	0	0.4291218110900571
0.0022822822822822822	0.4290209123014612	0	0.4290209123014612
0.0022847847847847847	0.42891255176035353	0	0.42891255176035353
0.002287287287287287	0.42879676111962906	0	0.42879676111962906
0.00228978978978979	0.4286735780051768	0	0.4286735780051768
0.0022922922922922924	0.4285430339368947	0	0.4285430339368947
0.002294794794794795	0.42840516635829323	0	0.42840516635829323
0.0022972972972972973	0.42826000684349447	0	0.42826000684349447
0.0022997997997997997	0.4281075926939791	0	0.4281075926939791
0.002302302302302302	0.4279479625140859	0	0.4279479625140859
0.002304804804804805	0.42778114805330636	0	0.42778114805330636
0.0023073073073073074	0.4276071893954321	0	0.4276071893954321
0.00230980980980981	0.427426123848548	0	0.427426123848548
0.0023123123123123123	0.42723798482179953	0	0.42723798482179953
0.0023148148148148147	0.42704281289984397	0	0.42704281289984397
0.002317317317317317	0.42684064652947934	0	0.42684064652947934
0.00231981981981982	0.42663152282603717	0	0.42663152282603717
0.0023223223223223224	0.4264154802755278	0	0.4264154802755278
0.002324824824824825	0.4261925604931766	0	0.4261925604931766
0.0023273273273273273	0.42596279944672366	0	0.42596279944672366
0.0023298298298298297	0.4257262389148299	0	0.4257262389148299
0.002332332332332332	0.42548291859159665	0	0.42548291859159665
0.002334834834834835	0.42523287599290727	0	0.42523287599290727
0.0023373373373373374	0.4249761568584762	0	0.4249761568584762
0.00233983983983984	0.4247127959315147	0	0.4247127959315147
0.0023423423423423423	0.42444283855772474	0	0.42444283855772474
0.0023448448448448447	0.4241663254217182	0	0.4241663254217182
0.0023473473473473476	0.4238832942302159	0	0.4238832942302159
0.00234984984984985	0.4235937922816994	0	0.4235937922816994
0.0023523523523523524	0.423297855996032	0	0.423297855996032
0.002354854854854855	0.4229955340255054	0	0.4229955340255054
0.0023573573573573573	0.42268686239927006	0	0.42268686239927006
0.0023598598598598597	0.4223718864254381	0	0.4223718864254381
0.0023623623623623626	0.42205064791942437	0	0.42205064791942437
0.002364864864864865	0.42172319312797096	0	0.42172319312797096
0.0023673673673673674	0.42138956108759346	0	0.42138956108759346
0.00236986986986987	0.42104979696605604	0	0.42104979696605604
0.0023723723723723723	0.42070394487113116	0	0.42070394487113116
0.0023748748748748747	0.4203520480008104	0	0.4203520480008104
0.0023773773773773776	0.41999414817122	0	0.41999414817122
0.00237987987987988	0.4196302929456684	0	0.4196302929456684
0.0023823823823823824	0.4192605238463391	0	0.4192605238463391
0.002384884884884885	0.4188848849101672	0	0.4188848849101672
0.0023873873873873873	0.4185034219964573	0	0.4185034219964573
0.0023898898898898897	0.4181161802994536	0	0.4181161802994536
0.0023923923923923926	0.41772320209839264	0	0.41772320209839264
0.002394894894894895	0.41732453356214755	0	0.41732453356214755
0.0023973973973973974	0.4169202187980186	0	0.4169202187980186
0.0023998998998999	0.41651030487105156	0	0.41651030487105156
0.0024024024024024023	0.4160948337419408	0	0.4160948337419408
0.0024049049049049047	0.4156738528197695	0	0.4156738528197695
0.0024074074074074076	0.4152474061432959	0	0.4152474061432959
0.00240990990990991	0.4148155394741727	0	0.4148155394741727
0.0024124124124124124	0.414378298442188	0	0.414378298442188
0.002414914914914915	0.4139357268115244	0	0.4139357268115244
0.0024174174174174173	0.4134878721204594	0	0.4134878721204594
0.0024199199199199197	0.41303477916317966	0	0.41303477916317966
0.0024224224224224226	0.41257649438932337	0	0.41257649438932337
0.002424924924924925	0.4121130624031799	0	0.4121130624031799
0.0024274274274274274	0.4116445279078643	0	0.4116445279078643
0.00242992992992993	0.4111709379111967	0	0.4111709379111967
0.0024324324324324323	0.4106923379642181	0	0.4106923379642181
0.0024349349349349347	0.4102087735138601	0	0.4102087735138601
0.0024374374374374376	0.4097202893381124	0	0.4097202893381124
0.00243993993993994	0.409226933885233	0	0.409226933885233
0.0024424424424424425	0.40872875049217283	0	0.40872875049217283
0.002444944944944945	0.40822578551913746	0	0.40822578551913746
0.0024474474474474473	0.40771808482145017	0	0.40771808482145017
0.0024499499499499497	0.4072056937501805	0	0.4072056937501805
0.0024524524524524526	0.4066886585326225	0	0.4066886585326225
0.002454954954954955	0.40616702456551623	0	0.40616702456551623
0.0024574574574574575	0.4056408372371421	0	0.4056408372371421
0.00245995995995996	0.40511014242310484	0	0.40511014242310484
0.0024624624624624623	0.40457498560625205	0	0.40457498560625205
0.0024649649649649647	0.4040354121998266	0	0.4040354121998266
0.0024674674674674676	0.40349146782461276	0	0.40349146782461276
0.00246996996996997	0.4029431978694656	0	0.4029431978694656
0.0024724724724724725	0.40239064733887836	0	0.40239064733887836
0.002474974974974975	0.40183386205889976	0	0.40183386205889976
0.0024774774774774773	0.40127288678720796	0	0.40127288678720796
0.00247997997997998	0.4007077669307721	0	0.4007077669307721
0.0024824824824824826	0.40013854756780526	0	0.40013854756780526
0.002484984984984985	0.3995652734941482	0	0.3995652734941482
0.0024874874874874875	0.39898798982955425	0	0.39898798982955425
0.00248998998998999	0.39840674116828556	0	0.39840674116828556
0.0024924924924924923	0.3978215725979515	0	0.3978215725979515
0.002494994994994995	0.397232528396759	0	0.397232528396759
0.0024974974974974976	0.3966396533105914	0	0.3966396533105914
0.0025	0.39604299174156704	0	0.39604299174156704