0.	0.2232116419651553	0	0.2232116419651553
2.5025025025025024e-6	0.22252531475180298	0	0.22252531475180298
5.005005005005005e-6	0.22183765756155477	0	0.22183765756155477
7.507507507507507e-6	0.22114868455281206	0	0.22114868455281206
0.00001001001001001001	0.22045844433413692	0	0.22045844433413692
0.000012512512512512513	0.2197669839186244	0	0.2197669839186244
0.000015015015015015015	0.21907434983190358	0	0.21907434983190358
0.000017517517517517516	0.21838058811510835	0	0.21838058811510835
0.00002002002002002002	0.2176857443742907	0	0.2176857443742907
0.000022522522522522523	0.21698986346918425	0	0.21698986346918425
0.000025025025025025026	0.2162929900682106	0	0.2162929900682106
0.000027527527527527526	0.21559516823754638	0	0.21559516823754638
0.00003003003003003003	0.2148964415518206	0	0.2148964415518206
0.00003253253253253253	0.21419685315397505	0	0.21419685315397505
0.00003503503503503503	0.21349644557138536	0	0.21349644557138536
0.000037537537537537536	0.21279526099064539	0	0.21279526099064539
0.00004004004004004004	0.21209334115795206	0	0.21209334115795206
0.00004254254254254254	0.21139072688017635	0	0.21139072688017635
0.000045045045045045046	0.21068745961637828	0	0.21068745961637828
0.00004754754754754755	0.20998357816546465	0	0.20998357816546465
0.00005005005005005005	0.20927912432246934	0	0.20927912432246934
0.000052552552552552556	0.20857413500808022	0	0.20857413500808022
0.00005505505505505505	0.20786865103768482	0	0.20786865103768482
0.000057557557557557555	0.20716270977823206	0	0.20716270977823206
0.00006006006006006006	0.20645634911408436	0	0.20645634911408436
0.00006256256256256256	0.20574960661088088	0	0.20574960661088088
0.00006506506506506506	0.2050425191824533	0	0.2050425191824533
0.00006756756756756757	0.20433512300222118	0	0.20433512300222118
0.00007007007007007007	0.20362745419768957	0	0.20362745419768957
0.00007257257257257258	0.20291954922357264	0	0.20291954922357264
0.00007507507507507507	0.2022113866005243	0	0.2022113866005243
0.00007757757757757758	0.20150324298043687	0	0.20150324298043687
0.00008008008008008008	0.20079475149424683	0	0.20079475149424683
0.00008258258258258259	0.20008624477205555	0	0.20008624477205555
0.00008508508508508508	0.19937767311431692	0	0.19937767311431692
0.00008758758758758758	0.19866906788682137	0	0.19866906788682137
0.00009009009009009009	0.1979604616336129	0	0.1979604616336129
0.00009259259259259259	0.19725188800762006	0	0.19725188800762006
0.0000950950950950951	0.196543375971253	0	0.196543375971253
0.0000975975975975976	0.19583495876904033	0	0.19583495876904033
0.0001001001001001001	0.19512666619465546	0	0.19512666619465546
0.0001026026026026026	0.1944185289140267	0	0.1944185289140267
0.00010510510510510511	0.19371057621596824	0	0.19371057621596824
0.00010760760760760761	0.19300283755544556	0	0.19300283755544556
0.0001101101101101101	0.1922953425227625	0	0.1922953425227625
0.00011261261261261261	0.19158811961244882	0	0.19158811961244882
0.00011511511511511511	0.19088119611744134	0	0.19088119611744134
0.00011761761761761762	0.1901746012313731	0	0.1901746012313731
0.00012012012012012012	0.18946836111567378	0	0.18946836111567378
0.00012262262262262261	0.18876250377341802	0	0.18876250377341802
0.00012512512512512512	0.18805705413546975	0	0.18805705413546975
0.00012762762762762763	0.18735204061684238	0	0.18735204061684238
0.00013013013013013012	0.18664748685302351	0	0.18664748685302351
0.00013263263263263263	0.1859434193286196	0	0.1859434193286196
0.00013513513513513514	0.18523986293438144	0	0.18523986293438144
0.00013763763763763765	0.18453684215923105	0	0.18453684215923105
0.00014014014014014013	0.18383438153360845	0	0.18383438153360845
0.00014264264264264264	0.1831325046967123	0	0.1831325046967123
0.00014514514514514515	0.18243131041966443	0	0.18243131041966443
0.00014764764764764766	0.18173054614777392	0	0.18173054614777392
0.00015015015015015014	0.18103060721193495	0	0.18103060721193495
0.00015265265265265265	0.1803312962182809	0	0.1803312962182809
0.00015515515515515516	0.1796327317438695	0	0.1796327317438695
0.00015765765765765765	0.17893473130897392	0	0.17893473130897392
0.00016016016016016016	0.1782376369575043	0	0.1782376369575043
0.00016266266266266267	0.17754124362691404	0	0.17754124362691404
0.00016516516516516518	0.17684563161818484	0	0.17684563161818484
0.00016766766766766766	0.176150822406545	0	0.176150822406545
0.00017017017017017017	0.1754568348730462	0	0.1754568348730462
0.00017267267267267268	0.17476368901773562	0	0.17476368901773562
0.00017517517517517516	0.1740714034083385	0	0.1740714034083385
0.00017767767767767767	0.17337999765606876	0	0.17337999765606876
0.00018018018018018018	0.17268948989919297	0	0.17268948989919297
0.0001826826826826827	0.17199989837878862	0	0.17199989837878862
0.00018518518518518518	0.17131124163322178	0	0.17131124163322178
0.00018768768768768769	0.17062353685554102	0	0.17062353685554102
0.0001901901901901902	0.16993680073109782	0	0.16993680073109782
0.0001926926926926927	0.16925105094714743	0	0.16925105094714743
0.0001951951951951952	0.16856630300459105	0	0.16856630300459105
0.0001976976976976977	0.1678825749849933	0	0.1678825749849933
0.0002002002002002002	0.16719988168265365	0	0.16719988168265365
0.0002027027027027027	0.1665182391822347	0	0.1665182391822347
0.0002052052052052052	0.1658376628433621	0	0.1658376628433621
0.0002077077077077077	0.16515816780621434	0	0.16515816780621434
0.00021021021021021022	0.1644797685209253	0	0.1644797685209253
0.0002127127127127127	0.16380248018315058	0	0.16380248018315058
0.00021521521521521522	0.16312631620668946	0	0.16312631620668946
0.00021771771771771773	0.16245129175412498	0	0.16245129175412498
0.0002202202202202202	0.16177741999340295	0	0.16177741999340295
0.00022272272272272272	0.16110471386477193	0	0.16110471386477193
0.00022522522522522523	0.1604331869871569	0	0.1604331869871569
0.00022772772772772774	0.1597628513493286	0	0.1597628513493286
0.00023023023023023022	0.15909372075773676	0	0.15909372075773676
0.00023273273273273273	0.15842580699409461	0	0.15842580699409461
0.00023523523523523524	0.1577591227936841	0	0.1577591227936841
0.00023773773773773772	0.15709367877644456	0	0.15709367877644456
0.00024024024024024023	0.15642948705547674	0	0.15642948705547674
0.00024274274274274274	0.15576655978602608	0	0.15576655978602608
0.00024524524524524523	0.15510490637263835	0	0.15510490637263835
0.00024774774774774777	0.1544445386844379	0	0.1544445386844379
0.00025025025025025025	0.15378546778127358	0	0.15378546778127358
0.00025275275275275273	0.15312770244619014	0	0.15312770244619014
0.00025525525525525527	0.15247125421028188	0	0.15247125421028188
0.00025775775775775775	0.1518161319043555	0	0.1518161319043555
0.00026026026026026023	0.1511623464511735	0	0.1511623464511735
0.00026276276276276277	0.15050986770882482	0	0.15050986770882482
0.00026526526526526525	0.14985882822279856	0	0.14985882822279856
0.0002677677677677678	0.14920910693913403	0	0.14920910693913403
0.0002702702702702703	0.14856075716293765	0	0.14856075716293765
0.00027277277277277276	0.147913787847552	0	0.147913787847552
0.0002752752752752753	0.14726820764436072	0	0.14726820764436072
0.0002777777777777778	0.14662402444777842	0	0.14662402444777842
0.00028028028028028026	0.14598124635262708	0.00013132350015169591	0.14611256985277876
0.0002827827827827828	0.1453398808804151	0.002051495917804994	0.1473913767982201
0.0002852852852852853	0.14469993613200588	0.003939439719307055	0.14863937585131293
0.00028778778778778776	0.1440614179804	0.005797287297876929	0.14985870527827694
0.0002902902902902903	0.14342433451310233	0.007626893884669148	0.15105122839777146
0.0002927927927927928	0.14278869234870886	0.009430013210903247	0.15221870555961212
0.0002952952952952953	0.14215449872417357	0.011208285893618957	0.15336278461779254
0.0002977977977977978	0.14152175862170072	0.012963246473768219	0.15448500509546895
0.0003003003003003003	0.14089047999993598	0.014696330129272482	0.15558681012920847
0.0003028028028028028	0.14026066768587583	0.016408883179693592	0.15666955086556944
0.0003053053053053053	0.13963232901058056	0.018102281525400714	0.15773461053598128
0.0003078078078078078	0.1390054682864139	0.019776597707471682	0.15878206599388558
0.00031031031031031033	0.13838009196832574	0.021445281968089803	0.15982537393641555
0.0003128128128128128	0.13775620436551708	0.023072108358568835	0.16082831272408593
0.0003153153153153153	0.13713381219013135	0.024705163589582912	0.16183897577971426
0.00031781781781781783	0.13651291977999358	0.02631806335221592	0.1628309831322095
0.0003203203203203203	0.13589353177924912	0.027917942440196575	0.1638114742194457
0.0003228228228228228	0.1352756537219096	0.029505371599508137	0.16478102532141775
0.00032532532532532533	0.1346592888083147	0.031081112201012034	0.16574040100932674
0.0003278278278278278	0.13404444274087368	0.03264631699851794	0.16669075973939163
0.00033033033033033035	0.13343111859630472	0.03420095752897168	0.1676320761252764
0.00033283283283283284	0.13281932160755688	0.03573824472269131	0.1685575663302482
0.0003353353353353353	0.13220905530623606	0.037313131256711755	0.16952218656294782
0.00033783783783783786	0.1316003231491054	0.03879255533096957	0.17039287848007498
0.00034034034034034034	0.13099312842422486	0.040326797116651984	0.17131992554087686
0.0003428428428428428	0.13038748886523777	0.041837574975521076	0.17222506384075884
0.00034534534534534536	0.12978212349056908	0.043341803860603004	0.1731239273511721
0.00034784784784784784	0.12918077716375637	0.04483866579994304	0.17401944296369942
0.0003503503503503503	0.12857977768210935	0.046330362077518346	0.1749101397596277
0.00035285285285285286	0.12798032235568907	0.04781562977349441	0.17579595212918347
0.00035535535535535535	0.12738242329351676	0.04929536580105133	0.1766777890945681
0.0003578578578578579	0.1267860838957886	0.05076988652708711	0.17755597042287571
0.00036036036036036037	0.12619130633702524	0.052239535413963804	0.17843084175098906
0.00036286286286286285	0.12559809278703465	0.053704612671633026	0.17930270545866767
0.0003653653653653654	0.12500644598275046	0.05516534149241351	0.18017178747516396
0.00036786786786786787	0.12441631400171795	0.05662252565188428	0.18103883965360223
0.00037037037037037035	0.12382787369502826	0.05807527424060795	0.18190314793563622
0.0003728728728728729	0.12324091369343788	0.05952471791223313	0.182765631605671
0.00037537537537537537	0.1226555529496125	0.0609679909496399	0.1836235438992524
0.00037787787787787786	0.12207177067821343	0.06241321640162515	0.18448498707983857
0.0003803803803803804	0.12148942583195306	0.06385520043910335	0.1853446262710564
0.0003828828828828829	0.12090892659347598	0.0652928167192183	0.1862017433126943
0.0003853853853853854	0.12032988156472758	0.06672737879466768	0.18705726035939527
0.0003878878878878879	0.11975241163117309	0.06816024584897384	0.18791265748014693
0.0003903903903903904	0.11917652842253271	0.06959095590359385	0.18876748432612656
0.0003928928928928929	0.11860222613875071	0.07101966441222878	0.1896218905509795
0.0003953953953953954	0.11802950888039526	0.07244651209234028	0.19047602097273553
0.0003978978978978979	0.117458375033927	0.07387166551680564	0.19133004055073266
0.0004004004004004004	0.11688882825885216	0.07532325514463999	0.19221208340349216
0.0004029029029029029	0.11632086698725083	0.076718373352432	0.19303924033968284
0.0004054054054054054	0.1157544982593594	0.07813747132186534	0.19389196958122473
0.0004079079079079079	0.11518970586036169	0.07955752389849163	0.19474722975885334
0.0004104104104104104	0.1146265062440412	0.08097508436528965	0.19560159060933086
0.0004129129129129129	0.11406480806886432	0.08236543553245436	0.19643024360131867
0.0004154154154154154	0.11350491200018713	0.08380794243470166	0.19731285443488877
0.0004179179179179179	0.11294642892228975	0.08522346977366856	0.1981698986959583
0.00042042042042042044	0.1123895796926639	0.08663765061183579	0.1990272303044997
0.00042292292292292293	0.11183431861519055	0.08805100463185021	0.19988532324704078
0.0004254254254254254	0.11128064336939633	0.08946357832342267	0.200744221692819
0.00042792792792792795	0.11072855652003012	0.09087590844479566	0.20160446496482579
0.00043043043043043043	0.11017805054372522	0.09229824875190407	0.20247629929562927
0.0004329329329329329	0.10962913825943332	0.0936249177627097	0.20325405602214303
0.00043543543543543545	0.10908180630866764	0.09510962396303362	0.20419143027170125
0.00043793793793793793	0.10853606448134565	0.09651627242431461	0.20505233690566027
0.0004404404404404404	0.10799189985842836	0.0979249969683811	0.20591689682680947
0.00044294294294294295	0.10744932447387774	0.09933312082637819	0.2067824453002559
0.00044544544544544544	0.1069083292301471	0.10074094101624755	0.20764927024639465
0.000447947947947948	0.10636891160099397	0.1021478480392764	0.2085167596402704
0.00045045045045045046	0.10583107722877022	0.10355445094589132	0.20938552817466155
0.00045295295295295294	0.10529482410785912	0.10496048402133407	0.21025530812919319
0.0004554554554554555	0.10476014773440302	0.10636604378238367	0.2111261915167867
0.00045795795795795796	0.10422704771759495	0.10777030059226791	0.21199734830986286
0.00046046046046046044	0.10369552582801496	0.10917567951923811	0.21287120534725307
0.000462962962962963	0.10316557701908773	0.11057921655362514	0.21374479357271287
0.00046546546546546546	0.10263719746224619	0.11198237703307161	0.2146195744953178
0.00046796796796796795	0.10211040986834292	0.11338498766970827	0.2154953975380512
0.0004704704704704705	0.1015851595840126	0.11478695357632612	0.21637211316033872
0.00047297297297297297	0.10106149100937693	0.11618824641438083	0.21724973742375775
0.00047547547547547545	0.10053939032432485	0.11758896072779142	0.21812835105211625
0.000477977977977978	0.10001885484836162	0.11898828743944143	0.21900714228780305
0.00048048048048048047	0.09949988191883136	0.12038773696236142	0.2198876188811928
0.000482982982982983	0.09898247543147462	0.12178596892635671	0.22076844435783133
0.0004854854854854855	0.09846662258091424	0.12318332976392084	0.2216499523448351
0.000487987987987988	0.09795232966352475	0.12457977275751839	0.22253210242104315
0.0004904904904904905	0.09743960978408224	0.1259752415516551	0.22341485133573735
0.000492992992992993	0.0969284104706854	0.12736968580542582	0.22429809627611122
0.0004954954954954955	0.09641877305649038	0.128763050578793	0.22518182363528338
0.000497997997997998	0.09591065803339036	0.1301552748029417	0.22606593283633206
0.0005005005005005005	0.0954041818563585	0.1315463035098406	0.2269504853661991
0.000503003003003003	0.09489917131328958	0.13293326534211186	0.22783243665540143
0.0005055055055055055	0.0943957254507152	0.1343651700185596	0.2287608954692748
0.000508008008008008	0.09389382084868589	0.13568572811166685	0.22957954896035274
0.0005105105105105105	0.09339345343140767	0.13709709604457587	0.23049054947598355
0.000513013013013013	0.0928946221590666	0.13848112606639795	0.23137574822546456
0.0005155155155155155	0.09239732556528901	0.13986354157889916	0.23226086714418817
0.000518018018018018	0.0919015588508225	0.14124426946562663	0.23314582831644914
0.0005205205205205205	0.09140731551647148	0.14262322538774558	0.23403054090421704
0.000523023023023023	0.09091461004633981	0.1440003318110989	0.23491494185743872
0.0005255255255255255	0.0904234215252948	0.14537482098254254	0.23579824250783732
0.0005280280280280281	0.08993375569721622	0.14674930198778824	0.23668305768500447
0.0005305305305305305	0.08944560027604852	0.14811973487254007	0.23756533514858857
0.000533033033033033	0.08895897115748633	0.1495044005410182	0.23846337169850454
0.0005355355355355356	0.08847400189001167	0.1508357975968378	0.23930979948684947
0.000538038038038038	0.08798960122133564	0.15227275378372582	0.24026235500506146
0.0005405405405405405	0.08750813959345649	0.15358165483082603	0.24108979442428252
0.0005430430430430431	0.0870276570545923	0.15494738272825562	0.2419750397828479
0.0005455455455455455	0.08654854900899198	0.15629637788409648	0.24284492689308845
0.000548048048048048	0.08607086793984368	0.1576511364364663	0.24372200437630998
0.0005505505505505506	0.08559476707791991	0.15900157451120292	0.24459634158912283
0.000553053053053053	0.08512016102740841	0.16035036324286336	0.24547052427027177
0.0005555555555555556	0.08464704600553441	0.16169549816233825	0.24634254416787266
0.0005580580580580581	0.08417541672907891	0.16303750744642284	0.24721292417550175
0.0005605605605605605	0.08370527569479491	0.1643762949144845	0.2480815706092794
0.0005630630630630631	0.08323661109903452	0.1657117627132702	0.24894837381230472
0.0005655655655655656	0.08276942746293732	0.1670438049003798	0.2498132323633171
0.000568068068068068	0.08230371984559998	0.16837244639504814	0.25067616624064815
0.0005705705705705706	0.08183948150131233	0.16969721818669206	0.2515366996880044
0.0005730730730730731	0.08137671376902264	0.17101837649538704	0.25239509026440965
0.0005755755755755755	0.08091541307588292	0.17233568886459324	0.2532511019404762
0.0005780780780780781	0.0804555739218312	0.17364907659327927	0.25410465051511044
0.0005805805805805806	0.0799971950877304	0.1749583631867991	0.25495555827452954
0.000583083083083083	0.07954026952162914	0.1762636480702445	0.25580391759187365
0.0005855855855855856	0.0790848017721887	0.17756468701092787	0.25664948878311655
0.0005880880880880881	0.07863078090676225	0.17886104790728946	0.2574918288140517
0.0005905905905905906	0.07817820661168012	0.18015312670737718	0.25833133331905733
0.0005930930930930931	0.07772707659246407	0.18144062261225385	0.25916769920471794
0.0005955955955955956	0.07727738356164474	0.18272341693673283	0.2600008004983776
0.0005980980980980981	0.07682913176782892	0.1840014128516771	0.260830544619506
0.0006006006006006006	0.07638231055018757	0.18527457731980182	0.2616568878699894
0.0006031031031031031	0.07593691976249468	0.1865425906064664	0.2624795103689611
0.0006056056056056056	0.0754929567801229	0.18780554171424457	0.2632984984943675
0.0006081081081081081	0.07505041200354907	0.18906325647399663	0.2641136684775457
0.0006106106106106106	0.07460929300305283	0.19031563431195905	0.2649249273150119
0.0006131131131131132	0.07416958672462295	0.19156370204130005	0.265733288765923
0.0006156156156156156	0.07373129335217032	0.19279957953355462	0.26653087288572497
0.0006181181181181181	0.07329440982151512	0.19403947996791657	0.2673338897894317
0.0006206206206206207	0.07285893080435508	0.19526940513590424	0.2681283359402593
0.0006231231231231231	0.07242485467962483	0.19649343995991037	0.2689182946395352
0.0006256256256256256	0.07199217711088784	0.19771148631210342	0.26970366342299124
0.0006281281281281282	0.07156093098745706	0.19892343700737095	0.270484367994828
0.0006306306306306306	0.07113098961297692	0.20012917753390302	0.27126016714687995
0.0006331331331331331	0.0707025048803991	0.20132860317335835	0.27203110805375746
0.0006356356356356357	0.07027532418132759	0.20252161241487793	0.2727969365962055
0.0006381381381381381	0.06984965671306526	0.20370809373597973	0.27355775044904496
0.0006406406406406406	0.06942528755513852	0.20488794930553136	0.2743132368606699
0.0006431431431431432	0.06900229995361436	0.20606106941656643	0.2750633693701808
0.0006456456456456456	0.06858068328192336	0.20722735043362164	0.275808033715545
0.0006481481481481481	0.06816043435643922	0.20838668286275167	0.2765471172191909
0.0006506506506506507	0.06774154342084428	0.20953901148622156	0.2772805549070658
0.0006531531531531532	0.06732401593320037	0.21069345375540643	0.2780174696886068
0.0006556556556556556	0.06690784044484804	0.21182183905864485	0.2787296795034929
0.0006581581581581582	0.0664930186344176	0.21295272294066028	0.2794457415750779
0.0006606606606606607	0.0660795415349073	0.21407582253666796	0.28015536407157526
0.0006631631631631631	0.0656674100397764	0.21519137636440794	0.2808587864041843
0.0006656656656656657	0.06525662025329158	0.21629927466444512	0.2815558949177367
0.0006681681681681682	0.0648471642259268	0.2173994301859543	0.2822465944118811
0.0006706706706706706	0.064439040556955	0.2184917482168979	0.2829307887738529
0.0006731731731731732	0.06403224715118519	0.21957613358643996	0.2836083807376252
0.0006756756756756757	0.06362677735476724	0.22065249158832692	0.2842792689430942
0.0006781781781781781	0.063222628522185	0.22172072329110684	0.28494335181329183
0.0006806806806806807	0.06281979902811888	0.22278073304938734	0.28560053207750624
0.0006831831831831832	0.06241861516945313	0.22383244565612537	0.2862510608255785
0.0006856856856856856	0.06202066050173306	0.22487575520959746	0.2868964157113305
0.0006881881881881882	0.061619173501373636	0.22591058158027533	0.28752975508164896
0.0006906906906906907	0.061221519117205705	0.22693687279533142	0.2881583919125371
0.0006931931931931931	0.06082521643753052	0.22795435276760848	0.288779569205139
0.0006956956956956957	0.060430207426017894	0.22896327251609733	0.28939347994211523
0.0006981981981981982	0.0600364869753944	0.22996345441507487	0.28999994139046925
0.0007007007007007007	0.05964405177199694	0.23095437986519826	0.29059843163719523
0.0007032032032032032	0.05925289956559535	0.23193648794699334	0.2911893875125887
0.0007057057057057057	0.058863023474188314	0.23290952305658374	0.29177254653077206
0.0007082082082082082	0.058474421962425825	0.23387339814174596	0.29234782010417176
0.0007107107107107107	0.05808708986768412	0.23482804611114463	0.29291513597882873
0.0007132132132132132	0.05770102220880655	0.23577338502781311	0.29347440723661966
0.0007157157157157158	0.0573162155147934	0.23670934117545417	0.29402555669024755
0.0007182182182182182	0.05693266889134983	0.23763583796617377	0.2945685068575236
0.0007207207207207207	0.0565503716987398	0.2385528093261145	0.2951031810248543
0.0007232232232232233	0.05616932584183772	0.23946018856045967	0.2956295144022974
0.0007257257257257257	0.05578952258876106	0.2403578935445324	0.2961474161332935
0.0007282282282282282	0.05541096210987611	0.2412458612465344	0.2966568233564105
0.0007307307307307308	0.055033636790575616	0.2421240323445267	0.29715766913510233
0.0007332332332332332	0.054656977838757295	0.2429923378825294	0.2976493157212867
0.0007357357357357357	0.054281993154380426	0.24385071772914158	0.298132710883522
0.0007382382382382383	0.05390905950477174	0.24469910064020758	0.2986081601449793
0.0007407407407407407	0.05353665418533329	0.24553743586002796	0.29907409004536123
0.0007432432432432432	0.05316544481628095	0.2463656690080643	0.2995311138243453
0.0007457457457457458	0.05279544843568681	0.24718373200480515	0.29997918044049193
0.0007482482482482482	0.05242665564519664	0.2479915746239978	0.30041823026919445
0.0007507507507507507	0.05205906541767695	0.24878914675743863	0.3008482121751156
0.0007532532532532533	0.0516926938634808	0.24957638699666704	0.3012690808601478
0.0007557557557557557	0.05132746875115992	0.25035326877092157	0.30168073752208147
0.0007582582582582582	0.05096346164540024	0.25111970943165846	0.3020831710770587
0.0007607607607607608	0.05060063467122092	0.2518756878859359	0.30247632255715684
0.0007632632632632632	0.050238987215722904	0.25262115285412534	0.30286014006984824
0.0007657657657657658	0.04987851136456043	0.25335726818848464	0.3032357795530451
0.0007682682682682683	0.04951920793840574	0.25408030548648464	0.3035995134248904
0.0007707707707707708	0.04916109317423438	0.25479287278358387	0.30395396595781826
0.0007732732732732733	0.048804093788182956	0.25549693841765064	0.3043010322058336
0.0007757757757757758	0.04844828714772005	0.2561892241098144	0.3046375112575344
0.0007782782782782783	0.048093613794895566	0.25687073667287436	0.30496435046776993
0.0007807807807807808	0.047740077507153776	0.2575414631015692	0.305281540608723
0.0007832832832832833	0.04738769413373175	0.2582013724576821	0.3055890665914138
0.0007857857857857858	0.047036446264847584	0.2588504209887301	0.3058868672535777
0.0007882882882882883	0.04668633624070354	0.25948860970578796	0.30617494594649153
0.0007907907907907908	0.04633734981216695	0.26011589365923093	0.3064532434713979
0.0007932932932932933	0.04598948503245249	0.2607322416213705	0.30672172665382297
0.0007957957957957958	0.045642779371649886	0.261337650461895	0.3069804298335449
0.0007982982982982983	0.04529710044494063	0.2619320785111551	0.3072291789560957
0.0008008008008008008	0.04495257553667833	0.2625155072189415	0.3074680827556198
0.0008033033033033033	0.04460914968700892	0.263087857032757	0.3076970067197659
0.0008058058058058058	0.044266819401032304	0.2636493283064406	0.3079161477074729
0.0008083083083083083	0.043925580893537354	0.2641996755494784	0.30812525644301575
0.0008108108108108108	0.043585427945438536	0.26473900460661	0.3083244325520485
0.0008133133133133133	0.04324635831822729	0.26526721969156375	0.30851357800979107
0.0008158158158158158	0.0429082637650884	0.2657843796839446	0.30869264344903297
0.0008183183183183183	0.042571356120002846	0.26629044985850714	0.30886180597851
0.0008208208208208208	0.042235567695867234	0.2667854213990499	0.30902098909491715
0.0008233233233233233	0.041900832563735654	0.2672693011131325	0.3091701336768682
0.0008258258258258258	0.04156541208681348	0.26774208242144326	0.30930749450825673
0.0008283283283283283	0.04123818135301874	0.2682038295551927	0.30944201090821144
0.0008308308308308308	0.04090212051642212	0.2686543271810983	0.3095564476975204
0.0008333333333333334	0.04059148712940857	0.2690938087338239	0.30968529586323246
0.0008358358358358358	0.04023905413442297	0.2695221761306272	0.30976123026505015
0.0008383383383383384	0.03990030792869838	0.26993946099504607	0.30983976892374443
0.0008408408408408409	0.039590480945946555	0.27034565838891333	0.30993613933485986
0.0008433433433433433	0.03925970863846841	0.27074077271664393	0.3100004813551123
0.0008458458458458459	0.038934238632098925	0.27112481195351845	0.3100590505856174
0.0008483483483483484	0.03861016395548235	0.27149780324610434	0.3101079672015867
0.0008508508508508508	0.03828600908377737	0.2718597329452899	0.3101457420290673
0.0008533533533533534	0.03796363603636926	0.27221065001121086	0.31017428604758013
0.0008558558558558559	0.037642067657158905	0.2725505377767833	0.31019260543394217
0.0008583583583583583	0.037321473917610634	0.272879418980634	0.31020089289824465
0.0008608608608608609	0.03700184838359702	0.27319733269853885	0.31019918108213584
0.0008633633633633634	0.03668318332125733	0.27350427019654566	0.31018745351780297
0.0008658658658658658	0.03636547346552524	0.27380027241175353	0.31016574587727874
0.0008683683683683684	0.036048712656452805	0.2740853566097937	0.31013406926624654
0.0008708708708708709	0.03573312547308773	0.2743595589515215	0.3100926844246092
0.0008733733733733733	0.03541237917994174	0.274622627198364	0.3100350063783057
0.0008758758758758759	0.035108279061799495	0.27487535267644847	0.30998363173824794
0.0008783783783783784	0.03479363322585305	0.2751170133659224	0.3099106465917755
0.0008808808808808808	0.034479011705618616	0.2753478963119924	0.30982690801761104
0.0008833833833833834	0.03416765233376318	0.27556801918045004	0.3097356715142132
0.0008858858858858859	0.03385732526036456	0.27577742144753187	0.3096347467078964
0.0008883883883883883	0.03354788942193488	0.2759761381766332	0.30952402759856806
0.0008908908908908909	0.03323933444709688	0.2761641986525703	0.30940353309966717
0.0008933933933933934	0.03293165393762843	0.2763416431592817	0.30927329709691015
0.000895895895895896	0.03262483980249254	0.2765085065609975	0.30913334636349005
0.0008983983983983984	0.0323188831140271	0.276664839499292	0.3089837226133191
0.0009009009009009009	0.032013776013203425	0.27681034724847653	0.30882412326167996
0.0009034034034034035	0.03170951037826336	0.27694601599014157	0.30865552636840493
0.0009059059059059059	0.03140607749643948	0.2770709456399584	0.30847702313639785
0.0009084084084084084	0.031103469122108818	0.27718550459844365	0.3082889737205525
0.000910910910910911	0.030801678136563485	0.27728947137952664	0.3080911495160901
0.0009134134134134134	0.030500542655211748	0.2773837054553622	0.3078842481105739
0.0009159159159159159	0.030200534120551688	0.277467407478434	0.3076679415989857
0.0009184184184184185	0.029901095487920942	0.2775409176220757	0.30744201310999664
0.0009209209209209209	0.02960247271819722	0.2776042833342619	0.3072067560524591
0.0009234234234234234	0.02930461866299483	0.2776575535423721	0.3069621722053669
0.000925925925925926	0.029007524593678644	0.2777007799053668	0.30670830449904546
0.0009284284284284284	0.028711179913160023	0.2777339752219918	0.3064451551351518
0.0009309309309309309	0.02841557135844134	0.27775495921723026	0.3061705305756716
0.0009334334334334335	0.02812075766754079	0.27777076143180485	0.30589151909934564
0.0009359359359359359	0.02782662405494665	0.2777743339295468	0.30560095798449344
0.0009384384384384384	0.0275329963190734	0.27776812925926575	0.30530112557833916
0.000940940940940941	0.027240324159248982	0.2777522044312343	0.30499252859048326
0.0009434434434434434	0.026948269162603747	0.27772661352726674	0.3046748826898705
0.0009459459459459459	0.026656879581490173	0.2776914179289058	0.30434829751039594
0.0009484484484484485	0.026366151866121842	0.2776466731306296	0.3040128249967514
0.0009509509509509509	0.026076068146532037	0.2775924405140999	0.30366850866063194
0.0009534534534534534	0.02578663758250665	0.2775287801546502	0.30331541773715687
0.000955955955955956	0.025497875614629583	0.2774557522038569	0.30295362781848645
0.0009584584584584585	0.025209623788250212	0.2773734187446582	0.3025830425329084
0.0009609609609609609	0.024922045230679438	0.27728184282786467	0.3022038880585441
0.0009634634634634635	0.02463504283916961	0.2771810856872319	0.3018161285264015
0.000965965965965966	0.024348617358765236	0.2770712130558173	0.30141983041458253
0.0009684684684684684	0.024063419430337185	0.2769522888420646	0.30101570827240176
0.000970970970970971	0.023766116940412776	0.2768243772293601	0.30059049416977285
0.0009734734734734735	0.023507544735125698	0.2766875443001244	0.30019508903525005
0.000975975975975976	0.02320218438115987	0.2765418573897183	0.2997440417708782
0.0009784784784784785	0.0229248905762868	0.276387382925851	0.29931227350213785
0.000980980980980981	0.022641394326821055	0.2762241874517441	0.29886558177856515
0.0009834834834834836	0.02235860989962625	0.27605234057155276	0.298410950471179
0.000985985985985986	0.02207628623107907	0.27587190826828434	0.2979481944993634
0.0009884884884884884	0.02179440566950479	0.27568296127665637	0.29747736694616117
0.000990990990990991	0.021512953602722602	0.27548556772697225	0.29699852132969484
0.0009934934934934935	0.021231919654166525	0.2752797994152385	0.29651171906940504
0.000995995995995996	0.02094990734282415	0.27506572576341043	0.2960156331062346
0.0009984984984984986	0.020664230909195017	0.27484341638948284	0.29550764729867784
0.001001001001001001	0.02039216063140905	0.27461294274417625	0.2950051033755853
0.0010035035035035034	0.02011137364969417	0.274374325333333	0.2944856989830272
0.001006006006006006	0.019832268077819768	0.2741277770179683	0.2939600450957881
0.0010085085085085085	0.01955322381470424	0.27387324552146725	0.2934264693361715
0.001011011011011011	0.01927452018933967	0.27361083683410264	0.2928853570234423
0.0010135135135135136	0.01900041047426373	0.27334062660531344	0.29234103707957715
0.001016016016016016	0.018719687047670977	0.2730626861471512	0.29178237319482214
0.0010185185185185184	0.01844018034021356	0.2727770901235496	0.29121727046376317
0.001021021021021021	0.01816237682348393	0.27248391170412856	0.2906462885276125
0.0010235235235235235	0.017884805196833567	0.2721832234732516	0.29006802867008513
0.001026026026026026	0.01760738583184651	0.2718751020628505	0.289482487894697
0.0010285285285285286	0.017330095287303292	0.27155961923738475	0.28888971452468803
0.001031031031031031	0.01705290975455476	0.2712368511889874	0.28828976094354214
0.0010335335335335334	0.01677580317172582	0.2709068717729385	0.2876826749446643
0.001036036036036036	0.016498735397658493	0.2705697561182633	0.2870684915159218
0.0010385385385385385	0.01622194985570322	0.27022557853855433	0.2864475283942576
0.001041041041041041	0.01594505117397148	0.26987441513131066	0.28581946630528215
0.0010435435435435436	0.01566762315577551	0.26951633994674656	0.2851839631025221
0.001046046046046046	0.015389656881920314	0.2691514285354173	0.2845410854173376
0.0010485485485485487	0.01511313899544896	0.26877975753324657	0.28389289652869554
0.001051051051051051	0.014836038606027058	0.2684014004337206	0.2832374390397477
0.0010535535535535535	0.014558592276971807	0.2680164337540415	0.2825750260310133
0.0010560560560560562	0.014280994040863694	0.2676249321463566	0.28190592618722027
0.0010585585585585586	0.01400316004929663	0.2672269717467759	0.28123013179607254
0.001061061061061061	0.013725000481258848	0.26682262745674895	0.2805476279380078
0.0010635635635635637	0.013446607205510481	0.26641197452566856	0.27985858173117906
0.001066066066066066	0.01316795943768057	0.2659950897341821	0.2791630491718627
0.0010685685685685685	0.012888904609165685	0.26557204691458514	0.27846095152375083
0.0010710710710710712	0.01260946189349637	0.2651429210771953	0.27775238297069166
0.0010735735735735736	0.012329585045120902	0.26470778878783396	0.27703737383295485
0.001076076076076076	0.012049232144608967	0.2642667244598777	0.27631595660448666
0.0010785785785785787	0.011768356843745985	0.26381980251417636	0.27558815935792236
0.001081081081081081	0.011486920742640008	0.26336709789327367	0.2748540186359137
0.0010835835835835835	0.011204799398240844	0.26290868767106784	0.2741134870693087
0.0010860860860860862	0.010922164644833062	0.26244464286261493	0.273366807507448
0.0010885885885885886	0.01063876289868009	0.2619750409863677	0.2726138038850478
0.001091091091091091	0.010354595639987831	0.2614999545896569	0.2718545502296447
0.0010935935935935937	0.01006961644972239	0.261019459021589	0.2710890754713114
0.001096096096096096	0.009783246623847315	0.26053362667219154	0.2703168732960389
0.0010985985985985985	0.009491423066999783	0.26004257662463265	0.26953399969163244
0.0011011011011011012	0.009218392469445022	0.2595462353086306	0.2687646277780756
0.0011036036036036036	0.008918673383292422	0.2590448452146922	0.2679635185979846
0.001106106106106106	0.008630707855082215	0.2585384051348051	0.2671691129898873
0.0011086086086086087	0.008338922672595525	0.2580273061195747	0.2663662287921702
0.0011111111111111111	0.008047255703662794	0.2575106819956848	0.26555793769934755
0.0011136136136136135	0.007753476465559967	0.25698955823800107	0.26474303470356103
0.0011161161161161162	0.007458432561304252	0.2564636751200555	0.26392210768135976
0.0011186186186186186	0.007161910323522268	0.25593311192236706	0.2630950222458893
0.001121121121121121	0.006863829467385969	0.25539794008335237	0.2622617695507383
0.0011236236236236237	0.006564103351056762	0.2548582313604269	0.2614223347114837
0.0011261261261261261	0.006262649776812729	0.2543140555289673	0.26057670530578003
0.0011286286286286285	0.005959035476329859	0.25376548280573463	0.2597245182820645
0.0011311311311311312	0.005652671790322579	0.253212586223229	0.2588652580135516
0.0011336336336336336	0.005349346269303253	0.2526554320315334	0.2580047783008367
0.001136136136136136	0.00503694568823462	0.25209409394111665	0.25713103962935124
0.0011386386386386387	0.004725860603226549	0.2515286373245397	0.2562544979277662
0.0011411411411411411	0.004411791785034954	0.25095913443399803	0.255370926219033
0.0011436436436436436	0.004095249174194552	0.2503856519941996	0.25448090116839417
0.0011461461461461462	0.0037760837892893014	0.24980825880012764	0.2535843425894169
0.0011486486486486486	0.0034541483396408387	0.24922702183812945	0.2526811701777703
0.001151151151151151	0.0031292983148343005	0.24864201057810947	0.2517713088929438
0.0011536536536536537	0.002801382080276928	0.24805329022917283	0.25085467230944974
0.0011561561561561561	0.0024702405964528527	0.2474609289841038	0.24993116958055664
0.0011586586586586586	0.002135706666656147	0.24686499196368347	0.2490006986303396
0.0011611611611611612	0.0017976048830171387	0.24626554544738777	0.2480631503304049
0.0011636636636636636	0.0014557510164163255	0.24566265458978911	0.24711840560620543
0.001166166166166166	0.0011099515249903811	0.24505638607807365	0.24616633760306403
0.0011686686686686687	0.0007600037901173356	0.244446803139352	0.24520680692946933
0.0011711711711711711	0.00040569840854743424	0.24383397094953307	0.2442396693580805
0.0011736736736736738	0.000046778899520813486	0.2432180402841057	0.24326481918362652
0.0011761761761761762	0	0.24259873434461354	0.24259873434461354
0.0011786786786786786	0	0.2419766236250031	0.2419766236250031
0.0011811811811811813	0	0.24135142609774185	0.24135142609774185
0.0011836836836836837	0	0.24072329444988647	0.24072329444988647
0.0011861861861861861	0	0.24009228939867208	0.24009228939867208
0.0011886886886886888	0	0.23945847287663447	0.23945847287663447
0.0011911911911911912	0	0.2388219043204054	0.2388219043204054
0.0011936936936936936	0	0.23818264482904788	0.23818264482904788
0.0011961961961961963	0	0.23754075489430407	0.23754075489430407
0.0011986986986986987	0	0.23689629218436303	0.23689629218436303
0.0012012012012012011	0	0.23624931777849556	0.23624931777849556
0.0012037037037037038	0	0.23559988925604292	0.23559988925604292
0.0012062062062062062	0	0.2349480635772437	0.2349480635772437
0.0012087087087087087	0	0.23429389914951246	0.23429389914951246
0.0012112112112112113	0	0.23363745320926244	0.23363745320926244
0.0012137137137137137	0	0.23297878187849216	0.23297878187849216
0.0012162162162162162	0	0.2323179410912691	0.2323179410912691
0.0012187187187187188	0	0.23165498672535567	0.23165498672535567
0.0012212212212212212	0	0.23098997378179265	0.23098997378179265
0.0012237237237237237	0	0.23032295678318673	0.23032295678318673
0.0012262262262262263	0	0.22965398996942463	0.22965398996942463
0.0012287287287287287	0	0.22898312689029776	0.22898312689029776
0.0012312312312312312	0	0.2283104207834373	0.2283104207834373
0.0012337337337337338	0	0.2276359243238335	0.2276359243238335
0.0012362362362362362	0	0.2269596894688703	0.2269596894688703
0.0012387387387387387	0	0.2262817681772474	0.2262817681772474
0.0012412412412412413	0	0.22560221138479092	0.22560221138479092
0.0012437437437437437	0	0.22492107001599893	0.22492107001599893
0.0012462462462462462	0	0.22423839403794063	0.22423839403794063
0.0012487487487487488	0	0.22355423093105997	0.22355423093105997
0.0012512512512512512	0	0.2228686346865742	0.2228686346865742
0.0012537537537537537	0	0.22218165402430093	0.22218165402430093
0.0012562562562562563	0	0.2214933324074365	0.2214933324074365
0.0012587587587587587	0	0.2208037198099178	0.2208037198099178
0.0012612612612612612	0	0.220112863712744	0.220112863712744
0.0012637637637637638	0	0.21942081064012842	0.21942081064012842
0.0012662662662662662	0	0.21872760711474887	0.21872760711474887
0.0012687687687687687	0	0.21803329862668133	0.21803329862668133
0.0012712712712712713	0	0.2173379306963733	0.2173379306963733
0.0012737737737737737	0	0.21664154807482064	0.21664154807482064
0.0012762762762762762	0	0.21594419496408973	0.21594419496408973
0.0012787787787787788	0	0.21524591538107912	0.21524591538107912
0.0012812812812812813	0	0.21454675242246976	0.21454675242246976
0.0012837837837837837	0	0.21384674910848267	0.21384674910848267
0.0012862862862862863	0	0.21314594783161958	0.21314594783161958
0.0012887887887887888	0	0.2124443903196051	0.2124443903196051
0.0012912912912912912	0	0.21174211826110736	0.21174211826110736
0.0012937937937937938	0	0.21103917190078242	0.21103917190078242
0.0012962962962962963	0	0.21033559302460378	0.21033559302460378
0.001298798798798799	0	0.209631420135752	0.209631420135752
0.0013013013013013013	0	0.20892669343344816	0.20892669343344816
0.0013038038038038038	0	0.20822145262885167	0.20822145262885167
0.0013063063063063064	0	0.20751573457311462	0.20751573457311462
0.0013088088088088088	0	0.20680957938899436	0.20680957938899436
0.0013113113113113113	0	0.20610302317383028	0.20610302317383028
0.001313813813813814	0	0.2053961030761958	0.2053961030761958
0.0013163163163163163	0	0.2046888569336001	0.2046888569336001
0.0013188188188188188	0	0.20398132102738983	0.20398132102738983
0.0013213213213213214	0	0.20327352959156647	0.20327352959156647
0.0013238238238238238	0	0.2025655204908512	0.2025655204908512
0.0013263263263263263	0	0.2018569428594833	0.2018569428594833
0.001328828828828829	0	0.201148965173353	0.201148965173353
0.0013313313313313313	0	0.20044050880091754	0.20044050880091754
0.0013338338338338338	0	0.19973196588400297	0.19973196588400297
0.0013363363363363364	0	0.1990233724188526	0.1990233724188526
0.0013388388388388388	0	0.19831476305313636	0.19831476305313636
0.0013413413413413413	0	0.19760616919480153	0.19760616919480153
0.001343843843843844	0	0.1968976221780569	0.1968976221780569
0.0013463463463463464	0	0.19618915432332243	0.19618915432332243
0.0013488488488488488	0	0.19548079505749172	0.19548079505749172
0.0013513513513513514	0	0.19477257644802282	0.19477257644802282
0.0013538538538538539	0	0.19406452719928916	0.19406452719928916
0.0013563563563563563	0	0.19335667856472655	0.19335667856472655
0.001358858858858859	0	0.19264905806869906	0.19264905806869906
0.0013613613613613614	0	0.1919416957588991	0.1919416957588991
0.0013638638638638638	0	0.19123461870507774	0.19123461870507774
0.0013663663663663664	0	0.1905278566195476	0.1905278566195476
0.0013688688688688689	0	0.18982143501052448	0.18982143501052448
0.0013713713713713713	0	0.18911538330481023	0.18911538330481023
0.001373873873873874	0	0.1884097261855819	0.1884097261855819
0.0013763763763763764	0	0.18770449147859947	0.18770449147859947
0.0013788788788788788	0	0.18699970412644215	0.18699970412644215
0.0013813813813813814	0	0.18629539095940228	0.18629539095940228
0.0013838838838838839	0	0.18559157600965648	0.18559157600965648
0.0013863863863863863	0	0.18488828419662554	0.18488828419662554
0.001388888888888889	0	0.18418554064990433	0.18418554064990433
0.0013913913913913914	0	0.18348336870162069	0.18348336870162069
0.0013938938938938938	0	0.18278178596885486	0.18278178596885486
0.0013963963963963964	0	0.18208106736660973	0.18208106736660973
0.0013988988988988989	0	0.1813805200720094	0.1813805200720094
0.0014014014014014013	0	0.18068086629632016	0.18068086629632016
0.001403903903903904	0	0.17998189705642634	0.17998189705642634
0.0014064064064064064	0	0.17928391825866502	0.17928391825866502
0.0014089089089089088	0	0.17858612320318776	0.17858612320318776
0.0014114114114114115	0	0.17788934362221945	0.17788934362221945
0.0014139139139139139	0	0.17719333851609126	0.17719333851609126
0.0014164164164164163	0	0.1764981256154041	0.1764981256154041
0.001418918918918919	0	0.17580372449182702	0.17580372449182702
0.0014214214214214214	0	0.17511015494792018	0.17511015494792018
0.001423923923923924	0	0.17441743725767206	0.17441743725767206
0.0014264264264264265	0	0.17372558905209956	0.17372558905209956
0.0014289289289289289	0	0.17303463049017595	0.17303463049017595
0.0014314314314314315	0	0.17234457895756955	0.17234457895756955
0.001433933933933934	0	0.17165545278553151	0.17165545278553151
0.0014364364364364364	0	0.17096726890380767	0.17096726890380767
0.001438938938938939	0	0.17028004684312945	0.17028004684312945
0.0014414414414414415	0	0.1695938011422759	0.1695938011422759
0.001443943943943944	0	0.1689085505718898	0.1689085505718898
0.0014464464464464465	0	0.16822431101678306	0.16822431101678306
0.001448948948948949	0	0.16754109814744833	0.16754109814744833
0.0014514514514514514	0	0.1668589281748452	0.1668589281748452
0.001453953953953954	0	0.16617781681982238	0.16617781681982238
0.0014564564564564565	0	0.1654977790889185	0.1654977790889185
0.001458958958958959	0	0.16481883014586143	0.16481883014586143
0.0014614614614614615	0	0.16414098468461033	0.16414098468461033
0.001463963963963964	0	0.16346425691556588	0.16346425691556588
0.0014664664664664664	0	0.1627886612038629	0.1627886612038629
0.001468968968968969	0	0.16211421089385009	0.16211421089385009
0.0014714714714714715	0	0.16144091984473882	0.16144091984473882
0.001473973973973974	0	0.1607688015562893	0.1607688015562893
0.0014764764764764766	0	0.16009786889212688	0.16009786889212688
0.001478978978978979	0	0.15942813478763807	0.15942813478763807
0.0014814814814814814	0	0.15875961134911604	0.15875961134911604
0.001483983983983984	0	0.15809231070553084	0.15809231070553084
0.0014864864864864865	0	0.15742624502266253	0.15742624502266253
0.001488988988988989	0	0.15676142578685498	0.15676142578685498
0.0014914914914914916	0	0.15609786474871276	0.15609786474871276
0.001493993993993994	0	0.15543557308543504	0.15543557308543504
0.0014964964964964964	0	0.15477456134041193	0.15477456134041193
0.001498998998998999	0	0.15411484048321442	0.15411484048321442
0.0015015015015015015	0	0.15345642065475104	0.15345642065475104
0.001504004004004004	0	0.15279931287184637	0.15279931287184637
0.0015065065065065066	0	0.15214352669810377	0.15214352669810377
0.001509009009009009	0	0.15148907107231255	0.15148907107231255
0.0015115115115115114	0	0.15083594883707102	0.15083594883707102
0.001514014014014014	0	0.15018421307667215	0.15018421307667215
0.0015165165165165165	0	0.14953379748077347	0.14953379748077347
0.001519019019019019	0	0.1488847596671284	0.1488847596671284
0.0015215215215215216	0	0.14823709919622988	0.14823709919622988
0.001524024024024024	0	0.1475908234662699	0.1475908234662699
0.0015265265265265264	0	0.14694594065059952	0.14694594065059952
0.001529029029029029	0	0.14630245965235694	0.14630245965235694
0.0015315315315315315	0.0010955988286900336	0.14566038704311238	0.1467559858718024
0.001534034034034034	0.002999348232495736	0.145019730696193	0.14801907892868874
0.0015365365365365366	0.004872007867405052	0.1443804979690925	0.14925250583649755
0.001539039039039039	0.0067155084284631775	0.143742696647894	0.15045820507635718
0.0015415415415415416	0.008531659334225825	0.1431063333198335	0.1516379926540593
0.001544044044044044	0.010322156901550824	0.14247141403389824	0.15279357093544907
0.0015465465465465465	0.012088588280012642	0.14183794646592932	0.15392653474594195
0.0015490490490490492	0.013832436846122991	0.1412059365771433	0.1550383734232663
0.0015515515515515516	0.015555091794676108	0.14057539047401002	0.15613048226868612
0.001554054054054054	0.017257807034760934	0.13994631401355376	0.1572041210483147
0.0015565565565565567	0.018942179250558855	0.13931871332437998	0.15826089257493883
0.001559059059059059	0.020606827187709325	0.13869259369258607	0.1592994208802954
0.0015615615615615615	0.022258314193249595	0.1380679614681736	0.16032627566142318
0.0015640640640640642	0.023890898318522494	0.13744482149007234	0.16133571980859485
0.0015665665665665666	0.025513209125863252	0.13682317840189953	0.16233638752776278
0.001569069069069069	0.02711960766088967	0.1362030374549825	0.16332264511587216
0.0015715715715715717	0.028713166736858014	0.13558440346130632	0.16429757019816432
0.001574074074074074	0.030294661532868198	0.13496728141379663	0.16526194294666482
0.0015765765765765765	0.03186486416865998	0.13435167576308446	0.16621653993174446
0.0015790790790790792	0.03342190912588699	0.13373759024680076	0.16715949937268776
0.0015815815815815816	0.03497395525697212	0.1331250292736832	0.1680989845306553
0.001584084084084084	0.03652686020034929	0.13251399699742816	0.16904085719777745
0.0015865865865865867	0.038023036469136996	0.13190449675325364	0.16992753322239063
0.001589089089089089	0.03956643798278024	0.13129653310303016	0.1708629710858104
0.0015915915915915915	0.0410828485486203	0.1306901092431465	0.1717729577917668
0.0015940940940940942	0.04259051331078868	0.13008506082955582	0.1726755741403445
0.0015965965965965966	0.0440911908193431	0.12948197249973453	0.17357316331907763
0.001599099099099099	0.04558536761098683	0.12888008829154446	0.1744654559025313
0.0016016016016016017	0.047073714427057094	0.12827985575052694	0.17535357017758404
0.001604104104104104	0.04855617317013163	0.12768117802285628	0.17623735119298792
0.0016066066066066065	0.05003325354054188	0.12708405871108353	0.17711731225162541
0.0016091091091091092	0.05150530227012447	0.1264884999554971	0.17799380222562156
0.0016116116116116116	0.052972651060372765	0.12589450410620937	0.17886715516658214
0.001614114114114114	0.054435339524780434	0.1253020734725452	0.17973741299732565
0.0016166166166166167	0.055894242326000786	0.12471121369072995	0.18060545601673073
0.0016191191191191191	0.0573493622673597	0.1241218011629353	0.18147116343029498
0.0016216216216216215	0.05880043932696776	0.12353418376381356	0.18233462309078133
0.0016241241241241242	0.060249451042709935	0.12294803646205008	0.18319748750476
0.0016266266266266266	0.061688586912684376	0.12236346299495303	0.1840520499076374
0.001629129129129129	0.06313442188598607	0.12178038288460573	0.1849148047705918
0.0016316316316316317	0.0645758542899057	0.1211990631659812	0.1857749174558869
0.0016341341341341341	0.06601003605925342	0.1206192086905944	0.18662924474984782
0.0016366366366366365	0.0674440912353515	0.12004094937864193	0.18748504061399343
0.0016391391391391392	0.0688758606992137	0.11946427300669506	0.18834013370590874
0.0016416416416416416	0.07030555202074538	0.11888917892103691	0.1891947309417823
0.001644144144144144	0.07173331276261642	0.11831566907364124	0.19004898183625768
0.0016466466466466467	0.07315927662397545	0.11774374485721405	0.19090302148118948
0.0016491491491491491	0.07457753033225636	0.11717340344121771	0.19175093377347407
0.0016516516516516516	0.07602083685817566	0.11660464946079795	0.1926254863189736
0.0016541541541541542	0.07742715553569685	0.11603748275839657	0.1934646382940934
0.0016566566566566566	0.07884735559532857	0.11547190088755856	0.19431925648288711
0.001659159159159159	0.08026579818768614	0.11490790749720915	0.19517370568489528
0.0016616616616616617	0.08169029104812468	0.11434550701719447	0.19603579806531915
0.0016641641641641641	0.08308693228083396	0.1137844857325341	0.19687141801336805
0.0016666666666666668	0.08451614636748477	0.11322544618864328	0.19774159255612805
0.0016691691691691692	0.08593066677461776	0.11266780540592497	0.19859847218054272
0.0016716716716716716	0.08734442881060546	0.11211174952058116	0.19945617833118662
0.0016741741741741743	0.08875738424300203	0.11155728057634325	0.2003146648193453
0.0016766766766766767	0.09016958869783283	0.11100439977986262	0.20117398847769546
0.0016791791791791791	0.09157366212693953	0.11045310657321813	0.20202676870015768
0.0016816816816816818	0.0930873252641853	0.10990339925000715	0.20299072451419245
0.0016841841841841842	0.0943719737329562	0.10935527560426013	0.2037272493372163
0.0016866866866866866	0.09581170614447142	0.10880873846733634	0.20462044461180776
0.0016891891891891893	0.09722070499347163	0.10826378193213783	0.20548448692560944
0.0016916916916916917	0.0986291532948781	0.1077204152052499	0.206349568500128
0.0016941941941941941	0.10003720040060193	0.10717862646159829	0.20721582686220022
0.0016966966966966968	0.10144442995885136	0.10663841777714655	0.20808284773599792
0.0016991991991991992	0.10285121343130794	0.10609979891041434	0.20895101234172228
0.0017017017017017016	0.10425753437294329	0.10556275671532263	0.20982029108826591
0.0017042042042042043	0.10566329839631408	0.10502728906024271	0.21069058745655678
0.0017067067067067067	0.10706840691887057	0.10449339992933963	0.2115618068482102
0.0017092092092092091	0.10847295783972913	0.10396108847012125	0.21243404630985038
0.0017117117117117118	0.10987783054620438	0.10343035723311717	0.21330818777932153
0.0017142142142142142	0.11128082698290137	0.1029011889186634	0.21418201590156477
0.0017167167167167166	0.11268376230200262	0.10237361762258194	0.21505737992458457
0.0017192192192192193	0.11408605256840101	0.1018475727937061	0.2159336253621071
0.0017217217217217217	0.1154876872582438	0.10132313009417027	0.2168108173524141
0.0017242242242242242	0.1168886233794539	0.1008002454808996	0.2176888688603535
0.0017267267267267268	0.11828840729799583	0.10027892848162366	0.2185673357796195
0.0017292292292292292	0.11968829155104081	0.09975917660179541	0.21944746815283622
0.0017317317317317317	0.12108696112694783	0.09924098475722451	0.22032794588417234
0.0017342342342342343	0.12248476200237479	0.09872435337969893	0.22120911538207372
0.0017367367367367367	0.12388166799165878	0.0982092845038446	0.22209095249550337
0.0017392392392392392	0.12527762927891198	0.09769578642366081	0.22297341570257279
0.0017417417417417418	0.12667259509238202	0.09718380253654016	0.22385639762892218
0.0017442442442442442	0.12806650754770602	0.09667339906138572	0.22473990660909174
0.0017467467467467467	0.12945931053153087	0.09616453961174568	0.22562385014327654
0.0017492492492492493	0.13085094295955435	0.09565726407330129	0.22650820703285562
0.0017517517517517517	0.13224140079395136	0.09515146906155887	0.22739286985551022
0.0017542542542542542	0.13363778899064094	0.09464725699198412	0.22828504598262506
0.0017567567567567568	0.13500013904574765	0.0941445817058574	0.22914472075160505
0.0017592592592592592	0.13640330168433648	0.09364344242505952	0.23004674410939602
0.0017617617617617617	0.13778931142701703	0.09314384447360816	0.2309331559006252
0.0017642642642642643	0.1391725404382197	0.09264578405014681	0.2318183244883665
0.0017667667667667667	0.1405541192167778	0.0921492510862154	0.2327033703029932
0.0017692692692692692	0.14193397292633292	0.09165424536554016	0.2335882182918731
0.0017717717717717718	0.14331201599684665	0.0911607758458063	0.23447279184265296
0.0017742742742742742	0.14468825121496834	0.09066882679846068	0.23535707801342903
0.0017767767767767767	0.14606448629208638	0.09017839983710364	0.23624288612919003
0.0017792792792792793	0.14743443487095623	0.08968948864892111	0.23712392351987732
0.0017817817817817817	0.14880408924177202	0.0892020984187978	0.2380061876605698
0.0017842842842842842	0.15008757272211534	0.08871621337936224	0.23880378610147757
0.0017867867867867868	0.1515267933700387	0.088232203898482	0.23975899726852068
0.0017892892892892893	0.152946390739395	0.08774913054048822	0.24069552127988322
0.001791791791791792	0.1542631220045882	0.08726764466545323	0.24153076667004142
0.0017942942942942943	0.15561178497761277	0.08678842725458297	0.24240021223219574
0.0017967967967967968	0.15697455225431087	0.08630943778181205	0.24328399003612292
0.0017992992992992994	0.1583272070918831	0.08583263041875591	0.24415983751063902
0.0018018018018018018	0.15967595195382392	0.08535727790697974	0.24503322986080367
0.0018043043043043043	0.16102332299839622	0.08488341579433162	0.24590673879272784
0.001806806806806807	0.16236690174960874	0.08441104826807418	0.24677795001768293
0.0018093093093093093	0.16370731453260823	0.08394015842344217	0.24764747295605039
0.0018118118118118118	0.16504445341141022	0.08347075904838909	0.2485152124597993
0.0018143143143143144	0.16637822210714764	0.08300283311613928	0.2493810552232869
0.0018168168168168168	0.1677085384896153	0.08253639013910882	0.25024492862872416
0.0018193193193193193	0.1690352408443066	0.08207141695534872	0.25110665779965535
0.001821821821821822	0.17035826922835198	0.08160791610449925	0.2519661853328512
0.0018243243243243243	0.17167751405973325	0.08114587972118181	0.25282339378091506
0.0018268268268268268	0.17299288511560595	0.0806853106137988	0.25367819572940475
0.0018293293293293294	0.17430425971693622	0.08022620011581602	0.25453045983275224
0.0018318318318318318	0.1756117300150672	0.07976855201412529	0.2553802820291925
0.0018343343343343343	0.1769145406560993	0.0793123549031456	0.2562268955592449
0.001836836836836837	0.17821343339177448	0.0788576103883807	0.25707104378015516
0.0018393393393393393	0.1795076582370434	0.07840431235396102	0.2579119705910044
0.0018418418418418418	0.18079745027693986	0.0779524613414809	0.25874991161842076
0.0018443443443443444	0.18208261126311623	0.07750205240843515	0.25958466367155136
0.0018468468468468468	0.1833630238713373	0.07705308070311206	0.26041610457444936
0.0018493493493493493	0.18463862862886435	0.0766055414852256	0.26124417011408996
0.001851851851851852	0.18590918005693025	0.07615943702661604	0.2620686170835463
0.0018543543543543544	0.187174709875472	0.07571475914714774	0.2628894690226197
0.0018568568568568568	0.18843506053475753	0.07527150653016244	0.26370656706491996
0.0018593593593593594	0.18969012029777982	0.07482967617911891	0.2645197964768987
0.0018618618618618619	0.19093976518095146	0.0743892613007925	0.26532902648174395
0.0018643643643643643	0.19217830998523225	0.07395026273451978	0.26612857271975204
0.001866866866866867	0.19342250953772097	0.07351267422190748	0.26693518375962844
0.0018693693693693694	0.19465517468416782	0.0730764945195259	0.26773166920369373
0.0018718718718718718	0.19588216288957758	0.07264171820617263	0.2685238810957502
0.0018743743743743744	0.1971032261011777	0.07220834294744265	0.26931156904862036
0.0018768768768768769	0.19831823205293012	0.07177636348264825	0.27009459553557835
0.0018793793793793793	0.19952708231103833	0.07134583205827064	0.27087291436930894
0.001881881881881882	0.20072968342782846	0.0709165832151421	0.27164626664297054
0.0018843843843843844	0.2019259181025228	0.07048876001913504	0.27241467812165787
0.0018868868868868868	0.20311567660335744	0.0700623214982204	0.27317799810157783
0.0018893893893893894	0.2042988588678536	0.06963729511577646	0.27393615398363
0.0018918918918918919	0.20547535233448408	0.06921362176483739	0.27468897409932147
0.0018943943943943943	0.20664506641596822	0.06879132080341269	0.2754363872193809
0.001896896896896897	0.20780788838307696	0.06837038652788521	0.27617827491096214
0.0018993993993993994	0.20896371486709847	0.06795081875913173	0.2769145336262302
0.0019019019019019018	0.21011051153392982	0.0675326091266766	0.2776431206606064
0.0019044044044044044	0.21125977005840013	0.06711575896187236	0.2783755290202725
0.0019069069069069069	0.21238837745531994	0.06670026081638875	0.2790886382717087
0.0019094094094094093	0.21351520898711782	0.06628611170026798	0.2798013206873858
0.001911911911911912	0.2146345484496218	0.06587330992064108	0.2805078583702629
0.0019144144144144144	0.2157462898153552	0.06546184892100047	0.2812081387363557
0.001916916916916917	0.2168503261498293	0.06505172380790573	0.28190204995773505
0.0019194194194194195	0.21794658458364893	0.06464293715332645	0.2825895217369754
0.0019219219219219219	0.2190349446837887	0.0642354789130026	0.28327042359679133
0.0019244244244244245	0.22011532574038367	0.06382934669546762	0.2839446724358513
0.001926926926926927	0.2211876263435653	0.06342453788489515	0.2846121642284605
0.0019294294294294294	0.22225176039283764	0.06302104908548416	0.2852728094783218
0.001931931931931932	0.22330763678249066	0.06261881020399118	0.28592644698648184
0.0019344344344344345	0.22435515386506982	0.06222071019671999	0.2865758640617898
0.0019369369369369369	0.22539423236963677	0.06181755991234021	0.28721179228197696
0.0019394394394394395	0.22642478265762686	0.06142015877184192	0.28784494142946876
0.001941941941941942	0.2274465081464657	0.061023205852024566	0.28846971399849025
0.0019444444444444444	0.22845994921240845	0.06062755067515149	0.28908749988755994
0.001946946946946947	0.2294643987800108	0.060233185181613975	0.28969758396162476
0.0019494494494494495	0.2304599618887592	0.059840108617753185	0.2903000705065124
0.001951951951951952	0.23144656432177899	0.05944831567399634	0.29089487999577535
0.0019544544544544545	0.2324241416818857	0.059057802033612376	0.29148194371549807
0.001956956956956957	0.2333926030813061	0.05866856460252587	0.29206116768383195
0.0019594594594594594	0.2343518774426518	0.05828059753447475	0.2926324749771265
0.001961961961961962	0.23530188126023904	0.057893897368086186	0.29319577862832524
0.0019644644644644643	0.23624253235056006	0.05750846264272463	0.29375099499328466
0.001966966966966967	0.23717377515253438	0.05712428486761753	0.2942980600201519
0.0019694694694694695	0.23809552032866943	0.05674136393157812	0.29483688426024757
0.001971971971971972	0.23900770029669544	0.056359694180028105	0.29536739447672355
0.0019744744744744744	0.23991024383699577	0.05597926836571846	0.29588951220271426
0.001976976976976977	0.2408030967048159	0.05560008766827682	0.2964031843730927
0.0019794794794794797	0.24168617477412366	0.05522214651380812	0.29690832128793176
0.001981981981981982	0.2425594242717268	0.05484549900057555	0.29740492327230234
0.0019844844844844845	0.2434227655649728	0.05446773350767928	0.2978904990726521
0.001986986986986987	0.2442761542420952	0.054096083099587765	0.29837223734168294
0.0019894894894894894	0.2451195291289036	0.05372271209058138	0.298842241219485
0.001991991991991992	0.24595281526455023	0.0533508976950328	0.299303712959583
0.0019944944944944947	0.24677596960273412	0.05298029564730052	0.2997562652500346
0.001996996996996997	0.24758893631274753	0.0526109014648015	0.30019983777754905
0.0019994994994994996	0.24839164212559459	0.05224271190709814	0.30063435403269273
0.002002002002002002	0.24918406815876143	0.05187572314302792	0.30105979130178934
0.0020045045045045044	0.24996612667793572	0.051509944139838386	0.3014760708177741
0.002007007007007007	0.2507377881570515	0.05114532022965395	0.30188310838670546
0.0020095095095095097	0.251499011205317	0.05078190015046769	0.30228091135578466
0.002012012012012012	0.252249738395208	0.050419663023423135	0.30266940141863113
0.0020145145145145146	0.2529904273735139	0.05005860179524819	0.3030490291687621
0.002017017017017017	0.2537194731686928	0.04969871545448284	0.30341818862317566
0.0020195195195195194	0.2544388327475916	0.049339993148378725	0.30377882589597033
0.002022022022022022	0.2551476438490541	0.04898250326443848	0.30413014711349257
0.0020245245245245247	0.25584442888147746	0.048626031637088896	0.30447046051856635
0.002027027027027027	0.2565313102780146	0.0482708435504237	0.30480215382843834
0.0020295295295295296	0.2572074548850677	0.04791668723040717	0.30512414211547484
0.002032032032032032	0.25787277266606745	0.04756374291793672	0.3054365155840042
0.0020345345345345344	0.25852724537699734	0.04721192896902573	0.30573917434602305
0.002037037037037037	0.25917088678940536	0.04686124857185399	0.30603213536125934
0.0020395395395395397	0.2598036257497801	0.046511702096958915	0.30631532784673904
0.002042042042042042	0.2604254348403023	0.04616327792041739	0.3065887127607197
0.0020445445445445446	0.26103631882025696	0.045815987917106865	0.30685230673736386
0.002047047047047047	0.2616362331224278	0.04546978246873705	0.30710601559116485
0.0020495495495495494	0.26222516932167034	0.045124702602370045	0.3073498719240404
0.002052052052052052	0.2628031684444226	0.04478072487693713	0.3075838933213597
0.0020545545545545547	0.2633700175112019	0.0444378475339952	0.30780786504519714
0.002057057057057057	0.26392589669271516	0.04409606465005588	0.30802196134277104
0.0020595595595595596	0.26447080375439813	0.04375537036069525	0.3082261741150934
0.002062062062062062	0.2650044940993929	0.04341575835498748	0.30842025245438043
0.0020645645645645644	0.26552718532028247	0.04307722937319858	0.30860441469348104
0.002067067067067067	0.26603879297684474	0.042739462084714346	0.3087782550615591
0.0020695695695695697	0.2665393181340327	0.042403421230490124	0.3089427393645228
0.002072072072072072	0.2670287476702818	0.042068039246825235	0.309096786917107
0.0020745745745745746	0.26750708205709783	0.041733499426972305	0.30924058148407013
0.002077077077077077	0.2679742835641633	0.041398918558595676	0.309373202122759
0.0020795795795795794	0.2684304339900557	0.04106823735536301	0.3094986713454187
0.002082082082082082	0.268875463353607	0.04074341862531134	0.30961888197891835
0.0020845845845845847	0.26930937610644023	0.040415786488142647	0.3097251625945829
0.002087087087087087	0.2697322019336859	0.04007633622491435	0.30980853815860027
0.0020895895895895896	0.27014394041427503	0.03973013793036876	0.3098740783446438
0.002092092092092092	0.2705445915988012	0.03942342918874516	0.3099680207875463
0.0020945945945945945	0.27093415927509884	0.03909688970923927	0.3100310489843381
0.0020970970970970973	0.271312687553641	0.0387719749963621	0.3100846625500031
0.0020995995995995997	0.2716801514818082	0.03844816256850949	0.31012831405031765
0.002102102102102102	0.2720365706436073	0.03812480615215541	0.3101613767957627
0.0021046046046046046	0.27238196189826563	0.0378027290395493	0.3101846909378149
0.002107107107107107	0.2727163529445975	0.03748164936278886	0.31019800230738637
0.0021096096096096095	0.27303974389728825	0.03716154079110487	0.31020128468839314
0.0021121121121121123	0.2733521673308619	0.036842395723488006	0.3101945630543499
0.0021146146146146147	0.27365364206408493	0.036524210449989845	0.31017785251407476
0.002117117117117117	0.27394417928650416	0.03620697493807502	0.3101511542245792
0.0021196196196196196	0.2742238121691939	0.03589068441909803	0.31011449658829193
0.002122122122122122	0.27449232579175303	0.035574519434594144	0.3100668452263472
0.0021246246246246245	0.27475048254133994	0.035250480081174373	0.3100009626225143
0.0021271271271271273	0.2749975341184239	0.03495858747943586	0.3099561215978598
0.0021296296296296298	0.2752338146248171	0.03463293743080198	0.3098667520556191
0.002132132132132132	0.27545929819557985	0.03432315068151705	0.3097824488770969
0.0021346346346346346	0.275674058474685	0.034012377277851336	0.30968643575253635
0.002137137137137137	0.2758781162511487	0.033702496490359904	0.3095806127415086
0.0021396396396396395	0.2760714972073818	0.03339350221243433	0.3094649994198161
0.0021421421421421423	0.27625424554180883	0.033085385796278136	0.30933963133808695
0.0021446446446446448	0.2764263904869914	0.03277813905005509	0.3092045295370465
0.002147147147147147	0.2765879824607569	0.03247175439022497	0.30905973685098187
0.0021496496496496496	0.27673904572084485	0.03216622451664397	0.3089052702374888
0.002152152152152152	0.2768794970879598	0.03186153861793529	0.30874103570589506
0.0021546546546546545	0.27700977629959134	0.03155769052526902	0.30856746682486036
0.0021571571571571573	0.2771295202860288	0.03125467075443893	0.3083841910404677
0.0021596596596596598	0.27723897484612264	0.030952471028943936	0.3081914458750666
0.002162162162162162	0.27733799420384625	0.03065103622705949	0.30798903043090575
0.0021646646646646646	0.27742683337259766	0.03035039869247996	0.3077772320650776
0.002167167167167167	0.2775054339819094	0.030050697776158073	0.3075561317580675
0.0021696696696696695	0.2775738654542384	0.029751687162947762	0.30732555261718614
0.0021721721721721723	0.27763217675973323	0.02945345038613856	0.3070856271458718
0.0021746746746746748	0.2776804196486309	0.029155977342174635	0.3068363969908055
0.002177177177177177	0.277718643046084	0.0288592593495296	0.3065779023956136
0.0021796796796796796	0.277747322761697	0.028563285000786875	0.30631060776248387
0.002182182182182182	0.27776526067741947	0.028268047042669303	0.30603330772008874
0.0021846846846846845	0.2777737729421696	0.0279736952175619	0.3057474681597315
0.0021871871871871874	0.27777245103709	0.027679673570452697	0.3054521246075427
0.0021896896896896898	0.27776137842579635	0.027386442929098132	0.3051478213548945
0.002192192192192192	0.2777406134212303	0.02709424715558205	0.30483486057681236
0.0021946946946946946	0.2777102130896778	0.02680249229456145	0.30451270538423925
0.002197197197197197	0.2776702354428732	0.026511433386485803	0.30418166882935904
0.0021996996996996995	0.27762073931115805	0.026221030895451997	0.3038417702066101
0.0022022022022022024	0.277561785111603	0.025931266933244313	0.30349305204484733
0.002204704704704705	0.2774934333031027	0.02564217161503651	0.30313560491813923
0.002207207207207207	0.2774157446933674	0.025353699225170223	0.3027694439185376
0.0022097097097097096	0.2773287811759383	0.02506576291107316	0.30239454408701144
0.002212212212212212	0.2772326065987032	0.02477847088399506	0.30201107748269823
0.0022147147147147145	0.277127284894096	0.024491758993988595	0.3016190438880846
0.0022172172172172174	0.2770128772942458	0.02420561479522726	0.30121849208947304
0.00221971971971972	0.2768894518503814	0.02391795389872186	0.30080740574910325
0.0022222222222222222	0.27675707178715425	0.023616895388814847	0.3003739671759691
0.0022247247247247246	0.27661580444066947	0.023372543790598166	0.29998834823126763
0.002227227227227227	0.27646571490506133	0.023065757836703123	0.29953147274176445
0.00222972972972973	0.2763068712645635	0.022782963843621183	0.29908983510818465
0.0022322322322322324	0.2761393409885257	0.02249994373751924	0.29863928472604495
0.002234734734734735	0.27596319183859686	0.02221739156767954	0.2981805834062764
0.0022372372372372372	0.2757784940970042	0.02193529154369597	0.29771378564070017
0.0022397397397397397	0.2755853155309612	0.02165362704565225	0.2972389425766135
0.002242242242242242	0.27538372632321095	0.021372382952750495	0.29675610927596147
0.002244744744744745	0.2751737960499267	0.021091689708625322	0.29626548575855205
0.0022472472472472474	0.27495559532547426	0.020806248457095125	0.29576184378256937
0.00224974974974975	0.27472919655425687	0.020531146432401115	0.295260342986658
0.0022522522522522522	0.27449464099761156	0.02025108909526906	0.29474573009288063
0.0022547547547547547	0.27425206933024876	0.01997191944791343	0.2942239887781622
0.002257257257257257	0.27400150027493564	0.01969267050735852	0.29369417078229415
0.00225975975975976	0.2737430213408236	0.019413836750965897	0.29315685809178954
0.0022622622622622624	0.2734767030761487	0.019136581689836726	0.2926132847659854
0.002264764764764765	0.2732026184999939	0.018864415517227222	0.2920670340172211
0.0022672672672672672	0.27292084083882384	0.018577617753839724	0.29149845859266355
0.0022697697697697697	0.2726314440236331	0.01830125317466758	0.29093269719830067
0.002272272272272272	0.27233450094771217	0.01802357068568545	0.2903580716333976
0.002274774774774775	0.2720300870823644	0.017746077808680958	0.2897761648910454
0.0022772772772772774	0.2717182756784805	0.017468726002465174	0.2891870016809457
0.00227977977977978	0.2713991404891622	0.01719149103966533	0.2885906315288275
0.0022822822822822822	0.27107275741911807	0.016914348170389885	0.28798710558950796
0.0022847847847847847	0.2707392000736359	0.01663727190810802	0.28737647198174393
0.002287287287287287	0.27039854473786445	0.016360269680445735	0.2867588144183102
0.00228978978978979	0.2700508646824675	0.016083756538185487	0.286134621220653
0.0022922922922922924	0.2696962363111777	0.01580604723689813	0.28550228354807583
0.002294794794794795	0.2693347342386465	0.015528839813230945	0.28486357405187746
0.0022972972972972973	0.2689664337922211	0.015250566851748883	0.28421700064397
0.0022997997997997997	0.26859140997869185	0.014974988028382404	0.2835663980070743
0.002302302302302302	0.2682097388865345	0.014697335360606342	0.28290707424714084
0.002304804804804805	0.2678214953250482	0.014419808906805711	0.2822413042318539
0.0023073073073073074	0.2674267547097269	0.01414214142886338	0.28156889613859026
0.00230980980980981	0.2670255928326891	0.013864082226681586	0.2808896750593707
0.0023123123123123123	0.2666180852851946	0.013585830379521664	0.28020391566471625
0.0023148148148148147	0.2662043065894444	0.013307347932017393	0.27951165452146176
0.002317317317317317	0.2657843327430012	0.013028475017193621	0.2788128077601948
0.00231981981981982	0.2653582397092047	0.01274923516538745	0.27810747487459214
0.0023223223223223224	0.26492610070977773	0.012469580057958311	0.277395680767736
0.002324824824824825	0.26448799277688273	0.012189471419816016	0.27667746419669875
0.0023273273273273273	0.26404399050742683	0.01190886121855103	0.27595285172597783
0.0023298298298298297	0.26359416871210484	0.011627714272508163	0.275221882984613
0.002332332332332332	0.26313860171201386	0.011345946644641275	0.27448454835665514
0.002334834834834835	0.26267736488173227	0.011063514622274602	0.2737408795040069
0.0023373373373373374	0.26221053296198066	0.010780581503844436	0.2729911144658251
0.00233983983983984	0.2617381787620175	0.010496776899305577	0.27223495566132305
0.0023423423423423423	0.26126037815297504	0.010212210760730027	0.27147258891370507
0.0023448448448448447	0.26077720467659743	0.00992703143734002	0.27070423611393746
0.0023473473473473476	0.2602887357078638	0.009637428345619497	0.2699261640534833
0.00234984984984985	0.2597952871437335	0.009351247904457446	0.26914653504819097
0.0023523523523523524	0.25929617830030455	0.009070182666031044	0.2683663609663356
0.002354854854854855	0.258792249646629	0.008774739486219506	0.2675669891328485
0.0023573573573573573	0.25828326419076675	0.008485471178321487	0.26676873536908824
0.0023598598598598597	0.2577695477591562	0.008193129350941224	0.26596267711009747
0.0023623623623623626	0.25725072206430777	0.007900509267664313	0.2651512313319721
0.002364864864864865	0.25672720593304527	0.007606139200341242	0.2643333451333865
0.0023673673673673674	0.2561989744775687	0.007310360181894179	0.26350933465946286
0.00236986986986987	0.2556660983602651	0.007013070011775798	0.2626791683720409
0.0023723723723723723	0.25512864856454415	0.006714177675635497	0.2618428262401796
0.0023748748748748747	0.25458669650779275	0.006413595092098353	0.26100029159989113
0.0023773773773773776	0.2540403143909398	0.006111287177555292	0.2601516015684951
0.00237987987987988	0.25348957076694534	0.005806017073958926	0.2592955878409043
0.0023823823823823824	0.25293453716677583	0.005500669954050111	0.25843520712082596
0.002384884884884885	0.2523752820945938	0.005193532398838794	0.2575688144934326
0.0023873873873873873	0.25181187601077515	0.004881762204115488	0.25669363821489066
0.0023898898898898897	0.2512443880485817	0.0045691621165654265	0.2558135501651471
0.0023923923923923926	0.250672886209187	0.004253825260991261	0.25492671147017826
0.002394894894894895	0.25009743957131175	0.003936004483816875	0.2540334440551286
0.0023973973973973974	0.24951811665820173	0.003615471123998868	0.2531335877822006
0.0023998998998999	0.24893498419586385	0.003292096953435226	0.2522270811492991
0.0024024024024024023	0.24834810953763628	0.0029657332789874893	0.2513138428166238
0.0024049049049049047	0.24775756034993848	0.00263622477260073	0.25039378512253924
0.0024074074074074076	0.24716340221653965	0.002303408400180619	0.24946681061672027
0.00240990990990991	0.2465657027806639	0.001967113021438764	0.24853281580210265
0.0024124124124124124	0.24596452659859736	0.0016271588971980013	0.24759168549579536
0.002414914914914915	0.24535993894255448	0.0012833570252083586	0.24664329596776283
0.0024174174174174173	0.24475200553604917	0.0009355090096138724	0.24568751454566304
0.0024199199199199197	0.24414078898430033	0.0005834093176678456	0.24472419830196818
0.0024224224224224226	0.24352635389455024	0.00022683340871591367	0.24375318730326614
0.002424924924924925	0.2429083089461816	0	0.2429083089461816
0.0024274274274274274	0.24228810653172297	0	0.24228810653172297
0.00242992992992993	0.24166439612080695	0	0.24166439612080695
0.0024324324324324323	0.2410377239273793	0	0.2410377239273793
0.0024349349349349347	0.24040814713081896	0	0.24040814713081896
0.0024374374374374376	0.23977572802103295	0	0.23977572802103295
0.00243993993993994	0.23914052808180292	0	0.23914052808180292
0.0024424424424424425	0.23850260690877212	0	0.23850260690877212
0.002444944944944945	0.23786202456767302	0	0.23786202456767302
0.0024474474474474473	0.2372188415948153	0	0.2372188415948153
0.0024499499499499497	0.23657311603583084	0	0.23657311603583084
0.0024524524524524526	0.23592490660030616	0	0.23592490660030616
0.002454954954954955	0.23527427212627394	0	0.23527427212627394
0.0024574574574574575	0.23462127068203414	0	0.23462127068203414
0.00245995995995996	0.23396595821739877	0	0.23396595821739877
0.0024624624624624623	0.2333083921705772	0	0.2333083921705772
0.0024649649649649647	0.23264862912066883	0	0.23264862912066883
0.0024674674674674676	0.23198672467795903	0	0.23198672467795903
0.00246996996996997	0.23132273409546208	0	0.23132273409546208
0.0024724724724724725	0.23065671232470647	0	0.23065671232470647
0.002474974974974975	0.22998871372524643	0	0.22998871372524643
0.0024774774774774773	0.22931879216605255	0	0.22931879216605255
0.00247997997997998	0.2286470010063499	0	0.2286470010063499
0.0024824824824824826	0.22797339306157122	0	0.22797339306157122
0.002484984984984985	0.2272980209412045	0	0.2272980209412045
0.0024874874874874875	0.22662093647423753	0	0.22662093647423753
0.00248998998998999	0.22594219108336605	0	0.22594219108336605
0.0024924924924924923	0.22526183568839617	0	0.22526183568839617
0.002494994994994995	0.22457992073588048	0	0.22457992073588048
0.0024974974974974976	0.22389649508037668	0	0.22389649508037668
0.0025	0.2232116419651553	0	0.2232116419651553