0.	0.22874798672493143	0	0.22874798672493143
2.5025025025025024e-6	0.22839591068300213	0	0.22839591068300213
5.005005005005005e-6	0.22804242458468924	0	0.22804242458468924
7.507507507507507e-6	0.22768749475845368	0	0.22768749475845368
0.00001001001001001001	0.2273311510965558	0	0.2273311510965558
0.000012512512512512513	0.2269734144293086	0	0.2269734144293086
0.000015015015015015015	0.22661430631139184	0	0.22661430631139184
0.000017517517517517516	0.22625384751526126	0	0.22625384751526126
0.00002002002002002002	0.22589205922322214	0	0.22589205922322214
0.000022522522522522523	0.2255289625311245	0	0.2255289625311245
0.000025025025025025026	0.22516457809615764	0	0.22516457809615764
0.000027527527527527526	0.22479892697067766	0	0.22479892697067766
0.00003003003003003003	0.22443202965749193	0	0.22443202965749193
0.00003253253253253253	0.22406390704134033	0	0.22406390704134033
0.00003503503503503503	0.22369457945849405	0	0.22369457945849405
0.000037537537537537536	0.22332406757730924	0	0.22332406757730924
0.00004004004004004004	0.2229523917151326	0	0.2229523917151326
0.00004254254254254254	0.22257957210997867	0	0.22257957210997867
0.000045045045045045046	0.22220562917216172	0	0.22220562917216172
0.00004754754754754755	0.22183058291184185	0	0.22183058291184185
0.00005005005005005005	0.2214544533934	0	0.2214544533934
0.000052552552552552556	0.22107726065043287	0	0.22107726065043287
0.00005505505505505505	0.22069902437718333	0	0.22069902437718333
0.000057557557557557555	0.22031976479172113	0	0.22031976479172113
0.00006006006006006006	0.21993950076220478	0	0.21993950076220478
0.00006256256256256256	0.21955825263366813	0	0.21955825263366813
0.00006506506506506506	0.21917603958746654	0	0.21917603958746654
0.00006756756756756757	0.21879288113044754	0	0.21879288113044754
0.00007007007007007007	0.21840879669319938	0	0.21840879669319938
0.00007257257257257258	0.2180238047662582	0	0.2180238047662582
0.00007507507507507507	0.21763792608531465	0	0.21763792608531465
0.00007757757757757758	0.21725117807587188	0	0.21725117807587188
0.00008008008008008008	0.2168635796127623	0	0.2168635796127623
0.00008258258258258259	0.21647515094294145	0	0.21647515094294145
0.00008508508508508508	0.21608590990885113	0	0.21608590990885113
0.00008758758758758758	0.2156958755933566	0	0.2156958755933566
0.00009009009009009009	0.21530506437817648	0	0.21530506437817648
0.00009259259259259259	0.21491349860563588	0	0.21491349860563588
0.0000950950950950951	0.21452119281230927	0	0.21452119281230927
0.0000975975975975976	0.21412816809023408	0	0.21412816809023408
0.0001001001001001001	0.2137344404220973	0	0.2137344404220973
0.0001026026026026026	0.21334002884977413	0	0.21334002884977413
0.00010510510510510511	0.21294496100283916	0	0.21294496100283916
0.00010760760760760761	0.21254885276502086	0	0.21254885276502086
0.0001101101101101101	0.2121529150925031	0	0.2121529150925031
0.00011261261261261261	0.2117558904148648	0	0.2117558904148648
0.00011511511511511511	0.2113583257305232	0	0.2113583257305232
0.00011761761761761762	0.2109601832590346	0	0.2109601832590346
0.00012012012012012012	0.21056147980485987	0	0.21056147980485987
0.00012262262262262261	0.2101622327658141	0	0.2101622327658141
0.00012512512512512512	0.20976245911791483	0	0.20976245911791483
0.00012762762762762763	0.20936217611987237	0	0.20936217611987237
0.00013013013013013012	0.20896140077997438	0	0.20896140077997438
0.00013263263263263263	0.20856014955988422	0	0.20856014955988422
0.00013513513513513514	0.20815843917867455	0	0.20815843917867455
0.00013763763763763765	0.20775628575808497	0	0.20775628575808497
0.00014014014014014013	0.20735370647895712	0	0.20735370647895712
0.00014264264264264264	0.20695071749752794	0	0.20695071749752794
0.00014514514514514515	0.20654733486824914	0	0.20654733486824914
0.00014764764764764766	0.20614357455009644	0	0.20614357455009644
0.00015015015015015014	0.20573945336148944	0	0.20573945336148944
0.00015265265265265265	0.20533498591565472	0	0.20533498591565472
0.00015515515515515516	0.2049301892794142	0	0.2049301892794142
0.00015765765765765765	0.204525078961184	0	0.204525078961184
0.00016016016016016016	0.2041196698377892	0	0.2041196698377892
0.00016266266266266267	0.2037139773442634	0	0.2037139773442634
0.00016516516516516518	0.20330801889444325	0	0.20330801889444325
0.00016766766766766766	0.20290180685354395	0	0.20290180685354395
0.00017017017017017017	0.20249535831061508	0	0.20249535831061508
0.00017267267267267268	0.20208868822385165	0	0.20208868822385165
0.00017517517517517516	0.20168181023812867	0	0.20168181023812867
0.00017767767767767767	0.20127474057713168	0	0.20127474057713168
0.00018018018018018018	0.200867494092993	0	0.200867494092993
0.0001826826826826827	0.20046008370374674	0	0.20046008370374674
0.00018518518518518518	0.20005252659455716	0	0.20005252659455716
0.00018768768768768769	0.19964483457884277	0	0.19964483457884277
0.0001901901901901902	0.19923702406604038	0	0.19923702406604038
0.0001926926926926927	0.1988291075438795	0	0.1988291075438795
0.0001951951951951952	0.19842110013598968	0	0.19842110013598968
0.0001976976976976977	0.19801301610319055	0	0.19801301610319055
0.0002002002002002002	0.19760486903539215	0	0.19760486903539215
0.0002027027027027027	0.19719667242499772	0	0.19719667242499772
0.0002052052052052052	0.19678850721618496	0	0.19678850721618496
0.0002077077077077077	0.19638028246747455	0	0.19638028246747455
0.00021021021021021022	0.195971926702604	0	0.195971926702604
0.0002127127127127127	0.19556366400396608	0	0.19556366400396608
0.00021521521521521522	0.19515542504779426	0	0.19515542504779426
0.00021771771771771773	0.19474721380942678	0	0.19474721380942678
0.0002202202202202202	0.19433917279642163	0	0.19433917279642163
0.00022272272272272272	0.1939309292582177	0	0.1939309292582177
0.00022522522522522523	0.19352291609770314	0	0.19352291609770314
0.00022772772772772774	0.1931149609226539	0	0.1931149609226539
0.00023023023023023022	0.19270710413099904	0	0.19270710413099904
0.00023273273273273273	0.19229935472113585	0	0.19229935472113585
0.00023523523523523524	0.19189172711405098	0	0.19189172711405098
0.00023773773773773772	0.19148423224636318	0	0.19148423224636318
0.00024024024024024023	0.1910768836201494	0	0.1910768836201494
0.00024274274274274274	0.19066969108306586	0	0.19066969108306586
0.00024524524524524523	0.1902626701729724	0	0.1902626701729724
0.00024774774774774777	0.18985582998828646	0	0.18985582998828646
0.00025025025025025025	0.18944918359585738	0	0.18944918359585738
0.00025275275275275273	0.18904274314664407	0	0.18904274314664407
0.00025525525525525527	0.18863651951191657	0	0.18863651951191657
0.00025775775775775775	0.18823052519894848	0	0.18823052519894848
0.00026026026026026023	0.18782477093670757	0	0.18782477093670757
0.00026276276276276277	0.18741926757165084	0	0.18741926757165084
0.00026526526526526525	0.187014028056577	0	0.187014028056577
0.0002677677677677678	0.1866090629886947	0	0.1866090629886947
0.0002702702702702703	0.18620438248316667	0	0.18620438248316667
0.00027277277277277276	0.18579999876153405	0	0.18579999876153405
0.0002752752752752753	0.18539592233268382	0	0.18539592233268382
0.0002777777777777778	0.18499216451103118	0	0.18499216451103118
0.00028028028028028026	0.18458873512346805	0	0.18458873512346805
0.0002827827827827828	0.18418564562415307	0	0.18418564562415307
0.0002852852852852853	0.18378290622602786	0	0.18378290622602786
0.00028778778778778776	0.1833805274862018	0	0.1833805274862018
0.0002902902902902903	0.1829785200799855	0	0.1829785200799855
0.0002927927927927928	0.1825768936191203	0	0.1825768936191203
0.0002952952952952953	0.1821756593202748	0	0.1821756593202748
0.0002977977977977978	0.1817748257226064	0	0.1817748257226064
0.0003003003003003003	0.18137440480623315	0	0.18137440480623315
0.0003028028028028028	0.1809744053327661	0	0.1809744053327661
0.0003053053053053053	0.18057483681907305	0	0.18057483681907305
0.0003078078078078078	0.18017571100824636	0	0.18017571100824636
0.00031031031031031033	0.1797770350846151	0	0.1797770350846151
0.0003128128128128128	0.17937882073683886	0	0.17937882073683886
0.0003153153153153153	0.1789810757213995	0	0.1789810757213995
0.00031781781781781783	0.17858381032166581	0	0.17858381032166581
0.0003203203203203203	0.17818703540468558	0	0.17818703540468558
0.0003228228228228228	0.17779075671868758	0	0.17779075671868758
0.00032532532532532533	0.1773949871377952	0	0.1773949871377952
0.0003278278278278278	0.1769997332937231	0	0.1769997332937231
0.00033033033033033035	0.1766050051460612	0	0.1766050051460612
0.00033283283283283284	0.17621081198017532	0	0.17621081198017532
0.0003353353353353353	0.17581716181818305	0	0.17581716181818305
0.00033783783783783786	0.1754240644930764	0	0.1754240644930764
0.00034034034034034034	0.1750315274494983	0	0.1750315274494983
0.0003428428428428428	0.1746395599571652	0	0.1746395599571652
0.00034534534534534536	0.17424817168582976	0	0.17424817168582976
0.00034784784784784784	0.1738573692703357	0	0.1738573692703357
0.0003503503503503503	0.17346716171462373	0	0.17346716171462373
0.00035285285285285286	0.17307755782889545	0	0.17307755782889545
0.00035535535535535535	0.17268856598265203	0	0.17268856598265203
0.0003578578578578579	0.17230019329446383	0.000729301256691584	0.1730294945511554
0.00036036036036036037	0.17191244928659533	0.00173312249671824	0.17364557178331358
0.00036286286286286285	0.17152534089042745	0.002724594900831953	0.1742499357912594
0.0003653653653653654	0.1711388770488978	0.003704218092837587	0.17484309514173538
0.00036786786786786787	0.1707530641959356	0.004672430948333333	0.17542549514426894
0.00037037037037037035	0.17036791123220235	0.005629661063897216	0.17599757229609958
0.0003728728728728729	0.16998342254874435	0.006576318056426207	0.17655974060517055
0.00037537537537537537	0.16959957502154974	0.0075127928128160175	0.17711236783436576
0.00037787787787787786	0.16921650413227896	0.008439457835953536	0.1776559619682325
0.0003803803803803804	0.1688340636564916	0.009356669290637975	0.17819073294712956
0.0003828828828828829	0.1684523242615073	0.01026476684870399	0.17871709111021128
0.0003853853853853854	0.16807129065803092	0.011164074748152017	0.17923536540618293
0.0003878878878878879	0.16769096959461516	0.012054902685531853	0.17974587228014702
0.0003903903903903904	0.1673113684145807	0.012937548142822978	0.18024891655740366
0.0003928928928928929	0.16693249422833945	0.013812249015951242	0.18074474324429068
0.0003953953953953954	0.16655435401302043	0.014679568622481215	0.18123392263550164
0.0003978978978978979	0.16617695576322286	0.01553911221564985	0.18171606797887271
0.0004004004004004004	0.1658003056046684	0.016390218453492478	0.18219052405816089
0.0004029029029029029	0.16542441099781222	0.017245480538997736	0.18266989153680996
0.0004054054054054054	0.16504927761127652	0.018071924807135587	0.18312120241841212
0.0004079079079079079	0.164674914896237	0.018906733112409556	0.18358164800864657
0.0004104104104104104	0.16430132665931352	0.019735531595202367	0.18403685825451588
0.0004129129129129129	0.16392852179158532	0.02055558253437333	0.18448410432595866
0.0004154154154154154	0.16355650568763658	0.021369954712380405	0.18492646040001698
0.0004179179179179179	0.16318528618126157	0.022178626830595325	0.1853639130118569
0.00042042042042042044	0.16281486811318396	0.02298176899212964	0.1857966371053136
0.00042292292292292293	0.16244526009475954	0.023779539037126703	0.18622479913188625
0.0004254254254254254	0.16207646648986876	0.024572113791343827	0.1866485802812126
0.00042792792792792795	0.16170849447794453	0.025359712429041857	0.1870682069069864
0.00043043043043043043	0.16134135125120722	0.026141697899151172	0.18748304915035838
0.0004329329329329329	0.16097504224623863	0.026919290289948425	0.18789433253618704
0.00043543543543543545	0.16060957289095298	0.027693349542481545	0.18830292243343452
0.00043793793793793793	0.16024495134755173	0.028455701365288123	0.18870065271283987
0.0004404404404404404	0.1598811818450337	0.02925470051866367	0.18913588236369736
0.00044294294294294295	0.1595182712905779	0.029973714077630227	0.18949198536820813
0.00044544544544544544	0.15915622623781708	0.030730117668932348	0.18988634390674944
0.000447947947947948	0.15879505094850505	0.031493298140019624	0.19028834908852466
0.00045045045045045046	0.15843475327177522	0.032240303353427306	0.19067505662520254
0.00045295295295295294	0.15807533770253585	0.03298392278537125	0.1910592604879071
0.0004554554554554555	0.15771681094688736	0.03372371640124789	0.19144052734813524
0.00045795795795795796	0.15735917786929934	0.034459865906149176	0.1918190437754485
0.00046046046046046044	0.15700244461645085	0.03519182099312914	0.19219426560958
0.000462962962962963	0.15664661689348458	0.03592087157046416	0.19256748846394875
0.00046546546546546546	0.1562917008389184	0.03664635553758607	0.1929380563765045
0.00046796796796796795	0.15593770095442572	0.03736824893497554	0.19330594988940125
0.0004704704704704705	0.1555846237230108	0.03808679203131211	0.1936714157543229
0.00047297297297297297	0.15523247409987775	0.038802035414485174	0.19403450951436294
0.00047547547547547545	0.15488125700744074	0.03951403557451116	0.1943952925819519
0.000477977977977978	0.15453097923255463	0.040222863552644234	0.19475384278519886
0.00048048048048048047	0.15418164505996415	0.040928569743106026	0.19511021480307017
0.000482982982982983	0.15383325994268537	0.041631227178005985	0.19546448712069137
0.0004854854854854855	0.15348582937010855	0.042330781246290625	0.19581661061639916
0.000487987987987988	0.15313935898273073	0.04302738369176895	0.19616674267449968
0.0004904904904904905	0.15279385295492304	0.04372117164167898	0.19651502459660203
0.000492992992992993	0.15244931714250892	0.04441234149374116	0.19686165863625008
0.0004954954954954955	0.1521057864768081	0.045100216754788876	0.19720600323159698
0.000497997997997998	0.15176258576262378	0.04578534975624967	0.19754793551887345
0.0005005005005005005	0.15142096781131797	0.04646777786731274	0.1978887456786307
0.000503003003003003	0.15108093827438807	0.047148465834823364	0.19822940410921142
0.0005055055055055055	0.15074134261855296	0.047821132510174565	0.19856247512872752
0.000508008008008008	0.1504027328497253	0.04849712877251526	0.19889986162224055
0.0005105105105105105	0.15006512855344592	0.04917076006724557	0.1992358886206915
0.000513013013013013	0.14972853377759926	0.049840389081922204	0.19956892285952146
0.0005155155155155155	0.14939295381195514	0.050508165975282154	0.1999011197872373
0.000518018018018018	0.1490583936225921	0.051170920888045576	0.2002293145106377
0.0005205205205205205	0.14872485789194012	0.05183229737052122	0.20055715526246135
0.000523023023023023	0.14839235076915241	0.052491384127385	0.2008837348965374
0.0005255255255255255	0.14806087745624388	0.053147983154103864	0.20120886061034776
0.0005280280280280281	0.14773044262454166	0.05380212665139376	0.2015325692759354
0.0005305305305305305	0.1474010509745619	0.054453835338516596	0.20185488631307852
0.000533033033033033	0.14707268863452463	0.0551031260031599	0.20217581463768453
0.0005355355355355356	0.14674524711309817	0.05575001544406513	0.2024952625571633
0.000538038038038038	0.14641919245317392	0.05639451708614443	0.20281370953931835
0.0005405405405405405	0.14609399286382013	0.057036900529334245	0.20313089339315438
0.0005430430430430431	0.14576988405842428	0.05767190354005151	0.20344178759847578
0.0005455455455455455	0.14544684630183233	0.05833201769072886	0.20377886399256118
0.000548048048048048	0.14512488246847732	0.058959106742403344	0.20408398921088067
0.0005505505505505506	0.1448039743193346	0.05958154751190489	0.20438552183123948
0.000553053053053053	0.14448397726617296	0.060211754773648554	0.2046957320398215
0.0005555555555555556	0.14416550561369867	0.06083996184274365	0.20500546745644233
0.0005580580580580581	0.1438478682697454	0.06146626148539786	0.20531412975514327
0.0005605605605605605	0.14353133810917534	0.06208900806658589	0.20562034617576125
0.0005630630630630631	0.14321591442478288	0.0627124792645471	0.20592839368932997
0.0005655655655655656	0.1429015932768037	0.06332287538931719	0.2062244686661209
0.000568068068068068	0.14258838659185205	0.06393010289610425	0.2065184894879563
0.0005705705705705706	0.14227628984466922	0.06455948292454802	0.20683577276921725
0.0005730730730730731	0.14196531186411965	0.06517264028276586	0.20713795214688552
0.0005755755755755755	0.141655455386793	0.06578240305923586	0.20743785844602886
0.0005780780780780781	0.14134672633755946	0.06638987928488332	0.20773660562244278
0.0005805805805805806	0.1410391250570621	0.06699507136463843	0.2080341964217005
0.000583083083083083	0.1407326592599205	0.06759797534635523	0.20833063460627574
0.0005855855855855856	0.14042733229134632	0.0681985873178449	0.20862591960919122
0.0005880880880880881	0.14012314752719648	0.06879690891372812	0.2089200564409246
0.0005905905905905906	0.13982010985933857	0.0693929337798697	0.20921304363920828
0.0005930930930930931	0.13951822751790946	0.0699876282123673	0.20950585573027675
0.0005955955955955956	0.13921749005881917	0.07056004074388103	0.2097775308027002
0.0005980980980980981	0.13891791668185055	0.07125275361646335	0.2101706702983139
0.0006006006006006006	0.1386195059284387	0.07169882234615774	0.21031832827459643
0.0006031031031031031	0.13832226853854038	0.07232482987307388	0.21064709841161428
0.0006056056056056056	0.1380260978140642	0.07292178857742057	0.21094788639148476
0.0006081081081081081	0.13773111321797518	0.0735004448569506	0.21123155807492577
0.0006106106106106106	0.1374375853808911	0.07407792263430645	0.21151550801519753
0.0006131131131131132	0.1371450309634591	0.07465305089758908	0.21179808186104818
0.0006156156156156156	0.13685368074019047	0.0752258241306873	0.2120795048708778
0.0006181181181181181	0.13656352209766934	0.07579618924918757	0.2123597113468569
0.0006206206206206207	0.13627455665262597	0.07636443258454889	0.21263898923717486
0.0006231231231231231	0.13598679260388505	0.0769299510026078	0.21291674360649285
0.0006256256256256256	0.1357002271370494	0.07749313320512893	0.21319336034217834
0.0006281281281281282	0.13541486944719888	0.07805397780525132	0.2134688472524502
0.0006306306306306306	0.13513072600093118	0.07861243060982201	0.2137431566107532
0.0006331331331331331	0.1348477880035234	0.07916843695992064	0.21401622496344402
0.0006356356356356357	0.1345660743587482	0.07972200646670974	0.21428808082545794
0.0006381381381381381	0.13428558220356204	0.08027312025568692	0.21455870245924896
0.0006406406406406406	0.1340063159919404	0.08082190706803725	0.21482822305997767
0.0006431431431431432	0.13372827523766603	0.08136742479115287	0.2150957000288189
0.0006456456456456456	0.13345147511355301	0.08191147914327766	0.21536295425683066
0.0006481481481481481	0.1331759051772438	0.08245310443616402	0.2156290096134078
0.0006506506506506507	0.13290157690447255	0.08299194384127553	0.21589352074574808
0.0006531531531531532	0.13262849983964575	0.08352777149815468	0.21615627133780044
0.0006556556556556556	0.13235666841672902	0.08406139414534995	0.21641806256207896
0.0006581581581581582	0.13208608717676276	0.08459248536574697	0.21667857254250972
0.0006606606606606607	0.13181676340056372	0.0851210123591708	0.21693777575973452
0.0006631631631631631	0.131548694761087	0.08564696225676945	0.21719565701785642
0.0006656656656656657	0.13128190596298472	0.0861703222946557	0.21745222825764043
0.0006681681681681682	0.13101637146186593	0.08669108023908663	0.21770745170095257
0.0006706706706706706	0.1307521177613648	0.0872092175945785	0.2179613353559433
0.0006731731731731732	0.13048913187781058	0.08772471831035242	0.218213850188163
0.0006756756756756757	0.13022743068197118	0.08823769128261902	0.2184651219645902
0.0006781781781781781	0.1299670083577015	0.08874728223474322	0.21871429059244474
0.0006806806806806807	0.12970787656983024	0.08925516595945045	0.21896304252928067
0.0006831831831831832	0.1294500347532815	0.08976015052953858	0.2192101852828201
0.0006856856856856856	0.12919349157047832	0.09026226292500215	0.2194557544954805
0.0006881881881881882	0.1289382480718867	0.09076166708807189	0.21969991515995857
0.0006906906906906907	0.12868429649383778	0.0912583376689979	0.21994263416283566
0.0006931931931931931	0.12843165556698558	0.09175225684368031	0.22018391241066587
0.0006956956956956957	0.12818034616069726	0.09224341127720935	0.2204237574379066
0.0006981981981981982	0.12793033874911353	0.09273178756833322	0.22066212631744675
0.0007007007007007007	0.12768161404445533	0.09321736386181623	0.22089897790627155
0.0007032032032032032	0.1274342492591618	0.09370013448298159	0.2211343837421434
0.0007057057057057057	0.12718819951283433	0.09418007667633295	0.22136827618916727
0.0007082082082082082	0.1269434807736341	0.09465717959778615	0.22160066037142023
0.0007107107107107107	0.1267000952063606	0.09513142583146245	0.22183152103782305
0.0007132132132132132	0.1264580494268139	0.0956028032072508	0.22206085263406472
0.0007157157157157158	0.12621734265949616	0.09607129249472132	0.22228863515421748
0.0007182182182182182	0.12597798642540878	0.09653688129985155	0.22251486772526033
0.0007207207207207207	0.12573997134470186	0.09699955716639776	0.22273952851109963
0.0007232232232232233	0.12550331800723694	0.09745929824779248	0.22296261625502942
0.0007257257257257257	0.1252680184063097	0.09791629269523239	0.22318431110154208
0.0007282282282282282	0.12503407668528277	0.09836625104192882	0.22340032772721158
0.0007307307307307308	0.12480150705157587	0.09885231865754306	0.22365382570911893
0.0007332332332332332	0.12457029928360132	0.09926275430060574	0.22383305358420708
0.0007357357357357357	0.12434049133452597	0.09969202971290546	0.22403252104743143
0.0007382382382382383	0.12411203754522708	0.10015398861173157	0.22426602615695865
0.0007407407407407407	0.12388494008453203	0.10059418920739122	0.22447912929192326
0.0007432432432432432	0.12365925975648932	0.10102995717445347	0.2246892169309428
0.0007457457457457458	0.12343495752705541	0.101462657531176	0.22489761505823141
0.0007482482482482482	0.12321205691947326	0.10189228393723	0.22510434085670328
0.0007507507507507507	0.1229905240051418	0.10231881827995451	0.2253093422850963
0.0007532532532532533	0.12277041020074544	0.10274224809990509	0.22551265830065054
0.0007557557557557557	0.12255182016121152	0.10316256214300848	0.22571438230422
0.0007582582582582582	0.12233444659040112	0.10357974015025097	0.22591418674065208
0.0007607607607607608	0.122118584525133	0.10399377323525455	0.22611235776038754
0.0007632632632632632	0.12190413024496444	0.1044046463769477	0.22630877662191212
0.0007657657657657658	0.1216910949348054	0.10481234605809514	0.22650344099290054
0.0007682682682682683	0.12147948954897393	0.10521690982139166	0.2266963993703656
0.0007707707707707708	0.12126931292515504	0.10561783521613133	0.22688714814128635
0.0007732732732732733	0.12106056759112219	0.10601776665498329	0.22707833424610546
0.0007757757757757758	0.12085326993187474	0.1064115040316553	0.22726477396353004
0.0007782782782782783	0.12064741021686502	0.10680277196962375	0.22745018218648877
0.0007807807807807808	0.12044300267916885	0.1071911880961608	0.22763419077532965
0.0007832832832832833	0.12024004795416109	0.10757624544142741	0.2278162933955885
0.0007857857857857858	0.12003854147342424	0.10796795548265158	0.22800649695607583
0.0007882882882882883	0.11983850511614982	0.10827630336702396	0.22811480848317378
0.0007907907907907908	0.11963992555314368	0.10869805803276182	0.2283379835859055
0.0007932932932932933	0.11944281586694755	0.1090769083779219	0.22851972424486944
0.0007957957957957958	0.11924719242631189	0.10948486211953376	0.22873205454584566
0.0007982982982982983	0.1190530407352348	0.10985680539627114	0.22890984613150595
0.0008008008008008008	0.11886037253945866	0.11018305930433331	0.22904343184379197
0.0008033033033033033	0.11866919021829002	0.11053681187000682	0.22920600208829683
0.0008058058058058058	0.11847950110589409	0.11090314676668536	0.22938264787257945
0.0008083083083083083	0.1182913089555704	0.11123986505421819	0.2295311740097886
0.0008108108108108108	0.11810461343379881	0.11159210741469275	0.22969672084849158
0.0008133133133133133	0.1179194208360939	0.11193961289403118	0.22985903373012506
0.0008158158158158158	0.11773575258302742	0.1122811038000728	0.2300168563831002
0.0008183183183183183	0.11755358909211733	0.11261939509882345	0.2301729841909408
0.0008208208208208208	0.11737293974991923	0.1129544790826992	0.23032741883261842
0.0008233233233233233	0.11719400852960156	0.11328491261849234	0.2304789211480939
0.0008258258258258258	0.11701671306147801	0.11361344252035448	0.23063015558183247
0.0008283283283283283	0.11683941659535768	0.1139383451787667	0.2307777617741244
0.0008308308308308308	0.11666583377668038	0.11425944768694025	0.23092528146362062
0.0008333333333333334	0.11649270897126296	0.11457709569974403	0.231069804671007
0.0008358358358358358	0.11632127688781722	0.11489127823723438	0.23121255512505162
0.0008383383383383384	0.11615152059648497	0.11520198171882685	0.23135350231531182
0.0008408408408408409	0.11598383561483548	0.11550920018384138	0.23149303579867686
0.0008433433433433433	0.11581670611559312	0.11581292420435797	0.2316296303199511
0.0008458458458458459	0.11565106786929122	0.11611315226674539	0.2317642201360366
0.0008483483483483484	0.1154875909549591	0.11640987336711414	0.23189746432207325
0.0008508508508508508	0.11532555264949852	0.11670308100490402	0.23202863365440254
0.0008533533533533534	0.11516510399409592	0.11699277543138101	0.23215787942547694
0.0008558558558558559	0.11500624408691673	0.11727893765922966	0.23228518174614637
0.0008583583583583583	0.1148489774914762	0.1175615815864125	0.2324105590778887
0.0008608608608608609	0.11469330654673508	0.11784078477743945	0.23253409132417452
0.0008633633633633634	0.11453924070965955	0.11811627432403714	0.2326555150336967
0.0008658658658658658	0.11438678703944942	0.11838826657876689	0.23277505361821632
0.0008683683683683684	0.11423594280557468	0.11865674320090072	0.2328926860064754
0.0008708708708708709	0.1140867131084056	0.1189216613824772	0.2330083744908828
0.0008733733733733733	0.11393911329399681	0.11918302501115313	0.23312213830514994
0.0008758758758758759	0.11379314510074859	0.11944082117395825	0.23323396627470683
0.0008783783783783784	0.1136488067685266	0.11969505655951625	0.23334386332804286
0.0008808808808808808	0.11350610721211385	0.11994573259121231	0.23345183980332618
0.0008833833833833834	0.11336505369709418	0.12019283505209781	0.23355788874919198
0.0008858858858858859	0.11322565466229716	0.12043636318732871	0.23366201784962587
0.0008883883883883883	0.11308791207332804	0.12067631870103603	0.23376423077436406
0.0008908908908908909	0.1129518290476488	0.12091266025631002	0.2338644893039588
0.0008933933933933934	0.11281741274885312	0.1211455876607317	0.23396300040958484
0.000895895895895896	0.11268466836647105	0.12137479125502705	0.2340594596214981
0.0008983983983983984	0.11255360523341097	0.12160034986468754	0.2341539550980985
0.0009009009009009009	0.11242422517422566	0.12182234562185289	0.23424657079607855
0.0009034034034034035	0.1122965324781133	0.12204097274786671	0.23433750522598001
0.0009059059059059059	0.11217053748197399	0.12225583295921927	0.23442637044119324
0.0009084084084084084	0.11204624497020137	0.12246703504929728	0.23451328001949864
0.000910910910910911	0.11192365786262236	0.12267472704473978	0.23459838490736212
0.0009134134134134134	0.11180278300838609	0.12287885734783391	0.23468164035622
0.0009159159159159159	0.11168362665784669	0.12307939464809702	0.2347630213059437
0.0009184184184184185	0.11156619423021742	0.12327634831650942	0.23484254254672685
0.0009209209209209209	0.11145049671367312	0.12346972516863022	0.23492022188230333
0.0009234234234234234	0.11133653092892143	0.12365951561975709	0.2349960465486785
0.000925925925925926	0.11122430512798262	0.12384572515389211	0.23507003028187473
0.0009284284284284284	0.11111383315057391	0.12402835727339706	0.23514219042397097
0.0009309309309309309	0.11100511371327394	0.1242074118589088	0.23521252557218275
0.0009334334334334335	0.1108981542516116	0.12438289562904987	0.23528104988066148
0.0009359359359359359	0.11079296001170358	0.12455479908422849	0.23534775909593209
0.0009384384384384384	0.11068953930994807	0.12472315505599325	0.2354126943659413
0.000940940940940941	0.11058789580237882	0.12488798958907467	0.23547588539145348
0.0009434434434434434	0.11048803918046397	0.12504915812046954	0.23553719730093353
0.0009459459459459459	0.11038997456743518	0.12520678438181926	0.23559675894925444
0.0009484484484484485	0.11029370610623794	0.12536088611362392	0.23565459221986185
0.0009509509509509509	0.11019924282801967	0.12551143311593912	0.23571067594395878
0.0009534534534534534	0.11010658936410164	0.12565842959088228	0.23576501895498392
0.000955955955955956	0.11001574756073404	0.12580188906824363	0.23581763662897767
0.0009584584584584585	0.10992673710364839	0.1259418090297514	0.2358685461333998
0.0009609609609609609	0.10983955305231886	0.12607819393635744	0.2359177469886763
0.0009634634634634635	0.1097542024497409	0.12621105120332957	0.23596525365307047
0.000965965965965966	0.10967069556802157	0.12634038698458405	0.2360110825526056
0.0009684684684684684	0.10958903927257996	0.1264662104127314	0.23605524968531136
0.000970970970970971	0.10950923841992471	0.12658851812603694	0.23609775654596166
0.0009734734734734735	0.10943130027790846	0.1267073214583488	0.23613862173625724
0.000975975975975976	0.10935522980854938	0.12682259767432003	0.23617782748286942
0.0009784784784784785	0.10928103558638638	0.1269354452726915	0.23621648085907787
0.000980980980980981	0.10920872577348491	0.12704099577315348	0.23624972154663837
0.0009834834834834836	0.10913830500824331	0.1271419594802994	0.23628026448854272
0.000985985985985986	0.10906977611540254	0.12724680311492992	0.23631657923033245
0.0009884884884884884	0.10900315169292761	0.12734670654165756	0.23634985823458515
0.000990990990990991	0.10893844048298224	0.12744140556608152	0.23637984604906376
0.0009934934934934935	0.10887564687891586	0.12753232980992263	0.2364079766888385
0.000995995995995996	0.10881477459910541	0.12761991346479856	0.23643468806390397
0.0009984984984984986	0.10875583007339726	0.1277040630495191	0.23645989312291635
0.001001001001001001	0.10869882821895302	0.1277847919986278	0.23648362021758082
0.0010035035035035034	0.10864376945347452	0.12786210716216484	0.23650587661563938
0.001006006006006006	0.10859066121344847	0.1279360196210675	0.23652668083451595
0.0010085085085085085	0.10853951471865957	0.12800653849766017	0.23654605321631972
0.001011011011011011	0.10849033299471855	0.12807367384364218	0.23656400683836074
0.0010135135135135136	0.10844312329406805	0.12813743572343095	0.236580559017499
0.001016016016016016	0.1083978958053521	0.12819782540772864	0.23659572121308076
0.0010185185185185184	0.10835465992106316	0.12825486101229092	0.23660952093335408
0.001021021021021021	0.10831341284084416	0.1283085546778917	0.23662196751873588
0.0010235235235235235	0.10827416953299782	0.12835891427398913	0.23663308380698694
0.001026026026026026	0.1082369391776124	0.1284059463158325	0.2366428854934449
0.0010285285285285286	0.10820172402052208	0.12844966313752568	0.23665138715804776
0.001031031031031031	0.10816853291670465	0.12849007983123503	0.2366586127479397
0.0010335335335335334	0.1081373746955799	0.12852720989099178	0.2366645845865717
0.001036036036036036	0.108108257488715	0.12856105679663438	0.23666931428534937
0.0010385385385385385	0.10808118419255222	0.12859163363904058	0.2366728178315928
0.001041041041041041	0.10805616466357454	0.12861895436740667	0.2366751190309812
0.0010435435435435436	0.10803321174317956	0.1286430333055828	0.23667624504876236
0.001046046046046046	0.10801234593603927	0.1286638794195761	0.2366762253556154
0.0010485485485485487	0.10799357916142288	0.12868150372687318	0.23667508288829606
0.001051051051051051	0.10797690027537764	0.12869591871532055	0.2366728189906982
0.0010535535535535535	0.107962204551201	0.12870714130501928	0.2366693458562203
0.0010560560560560562	0.10794960500553262	0.1287151808039768	0.2366647858095094
0.0010585585585585586	0.10793919991812752	0.12872004809882734	0.23665924801695487
0.001061061061061061	0.10793090226501084	0.12872175909223232	0.23665266135724317
0.0010635635635635637	0.10792471536417493	0.12872032815895582	0.23664504352313076
0.001066066066066066	0.10792066304478512	0.1287157684969062	0.2366364315416913
0.0010685685685685685	0.10791873638269169	0.1287080893606296	0.23662682574332128
0.0010710710710710712	0.10791893946441616	0.1286973070675356	0.23661624653195176
0.0010735735735735736	0.10792127468232954	0.1286834376307063	0.23660471231303584
0.001076076076076076	0.10792580515278427	0.1286664904646487	0.23659229561743297
0.0010785785785785787	0.10793260336030207	0.12864648149650318	0.23657908485680523
0.001081081081081081	0.10794154922469376	0.12862343009004612	0.23656497931473988
0.0010835835835835835	0.10795261681618613	0.12859734420434354	0.23654996102052966
0.0010860860860860862	0.10796588350950258	0.12856823672895387	0.23653412023845644
0.0010885885885885886	0.10798136108428392	0.12853612721514218	0.2365174882994261
0.001091091091091091	0.10799904867461102	0.12850103028654003	0.23650007896115105
0.0010935935935935937	0.10801895364500246	0.12846296003745464	0.23648191368245708
0.001096096096096096	0.10804108275954696	0.12842192921738121	0.23646301197692818
0.0010985985985985985	0.10806544556732044	0.12837795171409166	0.23644339728141212
0.0011011011011011012	0.10809205081203434	0.12833104651727556	0.23642309732930988
0.0011036036036036036	0.10812090561752771	0.1282812292133136	0.23640213483084133
0.001106106106106106	0.10815201766223183	0.12822851224783197	0.2363805299100638
0.0011086086086086087	0.10818539502008916	0.12817291188275423	0.23635830690284337
0.0011111111111111111	0.10822104561378428	0.12811444563155122	0.23633549124533548
0.0011136136136136135	0.1082589770164933	0.12805312898691837	0.23631210600341168
0.0011161161161161162	0.10829919746362093	0.1279889779631531	0.23628817542677402
0.0011186186186186186	0.10834171682730007	0.12792200672358617	0.23626372355088623
0.001121121121121121	0.10838654341703269	0.1278523272012676	0.2362388706183003
0.0011236236236236237	0.10843368254755911	0.12777966765108065	0.23621335019863976
0.0011261261261261261	0.10848314095223732	0.12770294953814074	0.23618609049037806
0.0011286286286286285	0.10853492831617127	0.12762447198917787	0.23615940030534915
0.0011311311311311312	0.10858905352492887	0.12754812542363392	0.2361371789485628
0.0011336336336336336	0.10864552422705384	0.12746951744757581	0.23611504167462966
0.001136136136136136	0.10870434821395565	0.1273832131233658	0.23608756133732145
0.0011386386386386387	0.10876553401859983	0.12729147572106514	0.23605700973966498
0.0011411411411411411	0.10882909063760672	0.1271974007092361	0.23602649134684284
0.0011436436436436436	0.10889502552745035	0.12710159903147472	0.23599662455892506
0.0011461461461461462	0.10896334530110321	0.12700381447664902	0.23596715977775223
0.0011486486486486486	0.10903405695192886	0.1269041888832465	0.23593824583517536
0.001151151151151151	0.10910716929078478	0.12680225185295008	0.23590942114373487
0.0011536536536536537	0.1091826906516955	0.126697539143489	0.2358802297951845
0.0011561561561561561	0.10926062894372762	0.12659024040470082	0.23585086934842844
0.0011586586586586586	0.10934099209362515	0.1264803866414967	0.23582137873512182
0.0011611611611611612	0.10942378813815778	0.12636799488900663	0.23579178302716441
0.0011636636636636636	0.10950902475000632	0.12625308353018147	0.2357621082801878
0.001166166166166166	0.10959670985628503	0.12613567079505067	0.2357323806513357
0.0011686686686686687	0.10968685119553427	0.12601577359330157	0.23570262478883586
0.0011711711711711711	0.10977945620880733	0.1258934090526016	0.23567286526140893
0.0011736736736736738	0.10987453247654626	0.12576859427220854	0.23564312674875482
0.0011761761761761762	0.10997208759218924	0.12564134696726378	0.23561343455945302
0.0011786786786786786	0.1100721291555235	0.12551168459831147	0.23558381375383497
0.0011811811811811813	0.11017466471841049	0.1253796246346049	0.23555428935301537
0.0011836836836836837	0.11027970190870452	0.1252451846700689	0.2355248865787734
0.0011861861861861861	0.11038724840402496	0.12510838217313647	0.23549563057716144
0.0011886886886886888	0.11049731203263778	0.12496923456632618	0.23546654659896396
0.0011911911911911912	0.11060990056719637	0.12482775979230708	0.23543766035950345
0.0011936936936936936	0.11072502095496886	0.12468397557493291	0.23540899652990177
0.0011961961961961963	0.11084268052719413	0.12453789962073526	0.2353805801479294
0.0011986986986986987	0.11096288728267201	0.1243895496777839	0.2353524369604559
0.0012012012012012011	0.11108564778984438	0.12423894348110609	0.23532459127095046
0.0012037037037037038	0.11121096883488805	0.1240860987484352	0.23529706758332325
0.0012062062062062062	0.11133885737002579	0.12393103320270055	0.23526989057272635
0.0012087087087087087	0.11146931991588147	0.1237737646283789	0.23524308454426035
0.0012112112112112113	0.11160236396704705	0.12361431077925031	0.23521667474629737
0.0012137137137137137	0.11173799666597324	0.1234526892735992	0.23519068593957243
0.0012162162162162162	0.11187622513269423	0.12328891775055822	0.23516514288325246
0.0012187187187187188	0.11201705815012747	0.12312301436733444	0.2351400725174619
0.0012212212212212212	0.11216050186945074	0.12295499701335126	0.235115498882802
0.0012237237237237237	0.11230656170581416	0.12278488357803206	0.23509144528384623
0.0012262262262262263	0.11245524404994475	0.12261269234221905	0.2350679363921638
0.0012287287287287287	0.11260655529256956	0.12243844089027044	0.23504499618284
0.0012312312312312312	0.11276050182441565	0.12226214684840088	0.23502264867281653
0.0012337337337337338	0.11291709003621006	0.12208382798123583	0.23500091801744588
0.0012362362362362362	0.11307632631867981	0.12190350205340078	0.2349798283720806
0.0012387387387387387	0.11323821706255198	0.12172118682952118	0.23495940389207315
0.0012412412412412413	0.11340276865855362	0.12153690007422248	0.2349396687327761
0.0012437437437437437	0.11356998749741173	0.12135065955213016	0.2349206470495419
0.0012462462462462462	0.1137398788272063	0.12116248302786967	0.23490236185507596
0.0012487487487487488	0.11391244536281644	0.12097238826606645	0.2348848336288829
0.0012512512512512512	0.11408769576918686	0.120780393031346	0.23486808880053284
0.0012537537537537537	0.11426563608133829	0.12058651508833376	0.23485215116967206
0.0012562562562562563	0.11444627233429149	0.12039077220165516	0.23483704453594664
0.0012587587587587587	0.11462961056306714	0.12019319012833597	0.2348228006914031
0.0012612612612612612	0.114815656802686	0.11999378487160987	0.23480944167429588
0.0012637637637637638	0.11500441708816883	0.11979256855287428	0.23479698564104312
0.0012662662662662662	0.11519589745453632	0.11958955826129351	0.23478545571582982
0.0012687687687687687	0.1153901039368092	0.11938477108603184	0.23477487502284103
0.0012712712712712713	0.1155870446861092	0.11917822411625353	0.23476526880236273
0.0012737737737737737	0.1157867289228929	0.11896993444112292	0.23475666336401582
0.0012762762762762762	0.11598914844681742	0.11875991914980426	0.23474906759662167
0.0012787787787787788	0.11619430679151618	0.11854819533146184	0.23474250212297804
0.0012812812812812813	0.11640220749062263	0.11833478007525997	0.2347369875658826
0.0012837837837837837	0.11661285407777024	0.11811969047036293	0.23473254454813317
0.0012862862862862863	0.11682625008659245	0.11790294360593499	0.23472919369252743
0.0012887887887887888	0.11704239905072268	0.11768455657114046	0.23472695562186313
0.0012912912912912912	0.11726130450379439	0.11746454645514363	0.23472585095893803
0.0012937937937937938	0.11748296997944108	0.11724293034710877	0.23472590032654983
0.0012962962962962963	0.11770739901129612	0.11701972533620018	0.23472712434749632
0.001298798798798799	0.11793459513299302	0.11679494851158213	0.23472954364457516
0.0013013013013013013	0.1181645618781652	0.11656861696241895	0.23473317884058414
0.0013038038038038038	0.1183973027804461	0.1163407477778749	0.234738050558321
0.0013063063063063064	0.11863282137346921	0.11611135804711425	0.23474417942058345
0.0013088088088088088	0.11887112119086793	0.11588046485930134	0.23475158605016927
0.0013113113113113113	0.11911220576627572	0.11564808530360042	0.23476029106987614
0.001313813813813814	0.11935607863332606	0.11541423646917576	0.23477031510250182
0.0013163163163163163	0.11960274827009224	0.1151789354451917	0.23478168371528393
0.0013188188188188188	0.11985222166927528	0.11494219932081251	0.2347944209900878
0.0013213213213213214	0.1201044988210261	0.11470404518520244	0.23480854400622853
0.0013238238238238238	0.12035957971518092	0.11446449012752584	0.23482406984270676
0.0013263263263263263	0.12061746434157608	0.11422355123694695	0.23484101557852305
0.001328828828828829	0.12087815269004791	0.11398125007447778	0.2348594027645257
0.0013313313313313313	0.12114164475043267	0.11373760565412497	0.23487925040455765
0.0013338338338338338	0.12140794051256666	0.11349262733030575	0.23490056784287242
0.0013363363363363364	0.12167703996628625	0.11324633088026384	0.23492337084655007
0.0013388388388388388	0.12194894310142765	0.11299873208124303	0.23494767518267068
0.0013413413413413413	0.12222364052500716	0.11274984671048706	0.23497348723549422
0.001343843843843844	0.12250114637473346	0.11249969054523962	0.2350008369199731
0.0013463463463463464	0.12278146006309028	0.11224827936274452	0.2350297394258348
0.0013488488488488488	0.12306458048889118	0.11199562894024549	0.2350602094291367
0.0013513513513513514	0.12335050655094973	0.11174175505498624	0.23509226160593596
0.0013538538538538539	0.12363923714807941	0.11148667348421057	0.23512591063229
0.0013563563563563563	0.12393077117909376	0.11123040000516218	0.23516117118425595
0.001358858858858859	0.12422510754280637	0.11097295039508483	0.2351980579378912
0.0013613613613613614	0.1245222451380307	0.11071434056540959	0.2352365857034403
0.0013638638638638638	0.12482218286358032	0.11045458795129512	0.23527677081487544
0.0013663663663663664	0.12512491961826877	0.1101937058785739	0.23531862549684268
0.0013688688688688689	0.12543045826036203	0.10993170964731773	0.23536216790767978
0.0013713713713713713	0.1257387932669341	0.10966861455759838	0.23540740782453248
0.001373873873873874	0.1260499209028434	0.10940443618511662	0.23545435708796003
0.0013763763763763764	0.12636383854239128	0.10913918989700368	0.23550302843939497
0.0013788788788788788	0.1266805441975464	0.10887289028192251	0.23555343447946891
0.0013813813813813814	0.1270000347892022	0.1086055524043626	0.23560558719356478
0.0013838838838838839	0.12732230674461745	0.10833719154416861	0.23565949828878607
0.0013863863863863863	0.1276473569961013	0.108067823027581	0.2357151800236823
0.001388888888888889	0.12797518425670776	0.10779746098293878	0.23577264523964653
0.0013913913913913914	0.12830578307733123	0.10752612014577816	0.23583190322310937
0.0013938938938938938	0.12863914885567845	0.10725381562094054	0.235892964476619
0.0013963963963963964	0.1289752781626294	0.10698056186560187	0.23595584002823128
0.0013988988988988989	0.129314166634651	0.10670637298009109	0.2360205396147421
0.0014014014014014013	0.12965580798723597	0.10643126342210232	0.2360870714093383
0.001403903903903904	0.13000019724163792	0.10615524778131878	0.2361554450229567
0.0014064064064064064	0.13034732937460655	0.10587833999644014	0.2362256693710467
0.0014089089089089088	0.13069719798237778	0.10560055428359899	0.23629775226597677
0.0014114114114114115	0.13104979755155413	0.10532190524767197	0.2363717027992261
0.0014139139139139139	0.13140512230717272	0.10504240642610377	0.23644752873327649
0.0014164164164164163	0.1317631653231144	0.10476207173886778	0.2365252370619822
0.001418918918918919	0.13212392079533636	0.10448091529408268	0.23660483608941904
0.0014214214214214214	0.1324873816114379	0.10419895068634154	0.2366863322977794
0.001423923923923924	0.1328535400075572	0.10391619185004514	0.23676973185760233
0.0014264264264264265	0.13322238940022224	0.10363265292028938	0.23685504232051163
0.0014289289289289289	0.13359392094950615	0.10334834633190618	0.23694226728141232
0.0014314314314314315	0.13396812690327234	0.10306328488498318	0.2370314117882555
0.001433933933933934	0.13434499869002162	0.10277748194620759	0.2371224806362292
0.0014364364364364364	0.1347245267106486	0.10249095146664687	0.2372154781772955
0.001438938938938939	0.135106701529065	0.1022035526391511	0.2373102541682161
0.0014414414414414415	0.1354915153436576	0.10191561433544065	0.23740712967909827
0.001443943943943944	0.13587896112237646	0.1016274690653889	0.23750643018776535
0.0014464464464464465	0.13626902771809496	0.10133921277333711	0.2376082404914321
0.001448948948948949	0.1366617042800805	0.10105068207317651	0.23771238635325703
0.0014514514514514514	0.13705698015929704	0.1007624021466889	0.23781938230598593
0.001453953953953954	0.13745484516551773	0.10047251558201953	0.23792736074753726
0.0014564564564564565	0.13785528785424922	0.10017819719669085	0.23803348505094007
0.001458958958958959	0.13825829475918552	0.09988179865614141	0.23814009341532694
0.0014614614614614615	0.13866385453519317	0.09958700105345118	0.23825085558864434
0.001463963963963964	0.13907195925915464	0.09929404140066644	0.23836600065982108
0.0014664664664664664	0.1394825975639945	0.09900055179426723	0.23848314935826173
0.001468968968968969	0.13989575410782074	0.09870574848300584	0.23860150259082658
0.0014714714714714715	0.14031141560311683	0.09841031725355114	0.23872173285666798
0.001473973973973974	0.14072956968164438	0.0981144102570869	0.2388439799387313
0.0014764764764764766	0.1411502030152445	0.09781797635724189	0.23896817937248638
0.001478978978978979	0.14157330197762127	0.0975210285417305	0.23909433051935178
0.0014814814814814814	0.14199885300500772	0.09722357824197769	0.23922243124698542
0.001483983983983984	0.1424268433480838	0.09692563740408519	0.239352480752169
0.0014864864864864865	0.14285725604723337	0.09662721626662513	0.2394844723138585
0.001488988988988989	0.143290075290606	0.09632832560864696	0.23961840089925296
0.0014914914914914916	0.1437252873486098	0.09602897859877334	0.23975426594738314
0.001493993993993994	0.14416287963151628	0.095729187216069	0.2398920668475853
0.0014964964964964964	0.14460285726915478	0.09542896020998244	0.2400318174791372
0.001498998998998999	0.14504513233159347	0.09512830826217678	0.24017344059377024
0.0015015015015015015	0.14548963821246183	0.09482724418420946	0.2403168823966713
0.001504004004004004	0.14593655965340308	0.09452577948280756	0.24046233913621062
0.0015065065065065066	0.1463858678097846	0.09422392588964154	0.24060979369942614
0.001509009009009009	0.1468374232231312	0.09392169264183614	0.24075911586496734
0.0015115115115115114	0.14729121456529737	0.09361908738494573	0.2409103019502431
0.001514014014014014	0.14774722718271086	0.09331612442290524	0.2410633516056161
0.0015165165165165165	0.14820546888047695	0.09301281645184985	0.2412182853323268
0.001519019019019019	0.14866589233925337	0.09270917014467336	0.24137506248392673
0.0015215215215215216	0.14912850525906543	0.09240519562422592	0.24153370088329135
0.001524024024024024	0.1495934341166885	0.09210090598221787	0.24169434009890636
0.0015265265265265264	0.1500604174368076	0.09179630982331949	0.24185672726012708
0.001529029029029029	0.15052941104616743	0.0914914154157875	0.24202082646195494
0.0015315315315315315	0.15100054969407706	0.09118623535965581	0.24218678505373287
0.001534034034034034	0.15147380207949915	0.09088078013528632	0.24235458221478545
0.0015365365365365366	0.15194913771595234	0.09057505894252821	0.24252419665848055
0.001539039039039039	0.15242652110656985	0.09026908022442466	0.2426956013309945
0.0015415415415415416	0.15290592357242144	0.08996285300139545	0.2428687765738169
0.001544044044044044	0.15338732930965773	0.08965638998002799	0.2430437192896857
0.0015465465465465465	0.1538707173516129	0.08934969985509815	0.24322041720671106
0.0015490490490490492	0.1543560626584008	0.0890427900724767	0.2433988527308775
0.0015515515515515516	0.15484334036350414	0.08873567065657403	0.24357901102007817
0.001554054054054054	0.15533253613974107	0.08842835175828385	0.2437608878980249
0.0015565565565565567	0.15582362036598277	0.0881208442752679	0.24394446464125066
0.001559059059059059	0.15631656272738131	0.08781315538772391	0.24412971811510523
0.0015615615615615615	0.1568113548944502	0.08750529314077715	0.24431664803522735
0.0015640640640640642	0.15730796420415344	0.08719726536920819	0.24450522957336163
0.0015665665665665666	0.1578063642530618	0.08688908538804181	0.24469544964110362
0.001569069069069069	0.15830653400398284	0.08658076186771582	0.24488729587169866
0.0015715715715715717	0.15880845001080834	0.08627230051744471	0.24508075052825307
0.001574074074074074	0.15931207800329525	0.08596370909136491	0.24527578709466016
0.0015765765765765765	0.15981740663108873	0.08565499720214398	0.2454724038332327
0.0015790790790790792	0.16032439924754258	0.08534617522910817	0.24567057447665075
0.0015815815815815816	0.16083302790260987	0.08503725279784778	0.24587028070045763
0.001584084084084084	0.1613432721666817	0.08472823443090323	0.24607150659758492
0.0015865865865865867	0.16185510951412488	0.08441912677634696	0.24627423629047185
0.001589089089089089	0.16236850848933113	0.08410994278305021	0.24647845127238133
0.0015915915915915915	0.16288343291503304	0.08380068933707911	0.24668412225211217
0.0015940940940940942	0.1633998653720792	0.0834913743835112	0.2468912397555904
0.0015965965965965966	0.1639177780092583	0.08318200600396095	0.24709978401321925
0.001599099099099099	0.1644371388273659	0.08287259084817708	0.247309729675543
0.0016016016016016017	0.16495792006983606	0.08256313795720985	0.2475210580270459
0.001604104104104104	0.16548009373683162	0.08225365376290608	0.2477337474997377
0.0016066066066066065	0.166003632373189	0.08194414315147869	0.24794777552466768
0.0016091091091091092	0.16652850798988714	0.08163471666398571	0.24816322465387286
0.0016116116116116116	0.16705468448053606	0.08132464489726049	0.24837932937779655
0.001614114114114114	0.16758213169457345	0.08101358302762168	0.24859571472219513
0.0016166166166166167	0.16811083615803318	0.08070232586797234	0.2488131620260055
0.0016191191191191191	0.16864074681696495	0.08039584540271763	0.24903659221968258
0.0016216216216216215	0.16917184283481987	0.08008771774329526	0.24925956057811513
0.0016241241241241242	0.16970409434030823	0.07977761224950017	0.2494817065898084
0.0016266266266266266	0.17023746425446443	0.07946819999539118	0.2497056642498556
0.001629129129129129	0.17077193221735537	0.0791588143574623	0.24993074657481767
0.0016316316316316317	0.17130745670962522	0.07884947979155332	0.25015693650117854
0.0016341341341341341	0.17184401114187614	0.07854019863053789	0.25038420977241405
0.0016366366366366365	0.1723815599680527	0.07823097934627345	0.25061253931432614
0.0016391391391391392	0.17292007202419865	0.07792183204991454	0.2508419040741132
0.0016416416416416416	0.17345951297935625	0.07761275940435923	0.2510722723837155
0.001644144144144144	0.17399986306700882	0.077303769744376	0.2513036328113848
0.0016466466466466467	0.17454107282791764	0.07699486678348455	0.2515359396114022
0.0016491491491491491	0.175083110117591	0.07668605866233125	0.2517691687799223
0.0016516516516516516	0.17562595784652094	0.07637735492976572	0.2520033127762866
0.0016541541541541542	0.17616956602573844	0.07606875728019433	0.25223832330593277
0.0016566566566566566	0.1767139100247128	0.07576027010607879	0.2524741801307916
0.001659159159159159	0.1772589483527281	0.07545191483593164	0.25271086318865976
0.0016616616616616617	0.17780465294742626	0.07514369979514683	0.2529483527425731
0.0016641641641641641	0.17835099211689123	0.07483559555799464	0.2531865876748859
0.0016666666666666668	0.17889792352002543	0.0745275863905052	0.25342550991053064
0.0016691691691691692	0.17944541506085132	0.07421976710402417	0.2536651821648755
0.0016716716716716716	0.17999343682600089	0.07391209115955671	0.2539055279855576
0.0016741741741741743	0.18054194807500307	0.07360456851247614	0.2541465165874792
0.0016766766766766767	0.1810909143517463	0.07329720799978187	0.2543881223515282
0.0016791791791791791	0.18164029588058675	0.07299001317850125	0.254630309059088
0.0016816816816816818	0.18219006945650773	0.0726829892070874	0.2548730586635951
0.0016841841841841842	0.18274019575807726	0.07237614414319389	0.25511633990127114
0.0016866866866866866	0.1832906339396913	0.07206947673165172	0.255360110671343
0.0016891891891891893	0.183841341900766	0.0717629985099655	0.2556043404107315
0.0016916916916916917	0.18439229373785496	0.07145671595729688	0.25584900969515184
0.0016941941941941941	0.1849434614998938	0.07115062854445375	0.2560940900443476
0.0016966966966966968	0.18549478814994705	0.07084474085080027	0.2563395290007473
0.0016991991991991992	0.18604624254078095	0.07053907535665631	0.25658531789743727
0.0017017017017017016	0.18659780076231464	0.07023365707468117	0.2568314578369958
0.0017042042042042043	0.18714941666586213	0.06992844874892418	0.2570778654147863
0.0017067067067067067	0.18770105173131915	0.06962331823482952	0.25732436996614866
0.0017092092092092091	0.1882526732167415	0.06931853212232944	0.25757120533907096
0.0017117117117117118	0.1888042464525964	0.06901399581888999	0.2578182422714864
0.0017142142142142142	0.18935554567965496	0.06870971528002504	0.25806526095967997
0.0017167167167167166	0.18990773658554477	0.0684055830033849	0.25831331958892967
0.0017192192192192193	0.19045921706119368	0.06810169838700107	0.25856091544819476
0.0017217217217217217	0.19100924037888267	0.06779812226025628	0.25880736263913895
0.0017242242242242242	0.19155995032197518	0.0674947823812857	0.25905473270326085
0.0017267267267267268	0.19211061648082128	0.06719170248390559	0.2593023189647269
0.0017292292292292292	0.19265957046741988	0.06688888497271474	0.2595484554401346
0.0017317317317317317	0.193210803927262	0.06658633283049785	0.25979713675775984
0.0017342342342342343	0.1937601701623128	0.06628405137235138	0.2600442215346642
0.0017367367367367367	0.19430871150342266	0.06598205226654345	0.2602907637699661
0.0017392392392392392	0.1948572338371303	0.06568032768321835	0.2605375615203487
0.0017417417417417418	0.19540524005913182	0.06537888544494407	0.26078412550407587
0.0017442442442442442	0.19595268166681123	0.06507773080724488	0.2610304124740561
0.0017467467467467467	0.19649956655070372	0.06477686377642494	0.26127643032712866
0.0017492492492492493	0.19704582370934964	0.0644763043547522	0.26152212806410186
0.0017517517517517517	0.19759140867550196	0.06417606747062583	0.2617674761461278
0.0017542542542542542	0.19813630850561642	0.06387608498359211	0.2620123934892085
0.0017567567567567568	0.19868046434617836	0.06357637535649681	0.26225683970267516
0.0017592592592592592	0.1992238492966469	0.06327703144419398	0.2625008807408409
0.0017617617617617617	0.19976640615513896	0.06297798605878464	0.2627443922139236
0.0017642642642642643	0.20030813473390693	0.06267925577138862	0.26298739050529557
0.0017667667667667667	0.20084897320437092	0.06238084630622815	0.2632298195105991
0.0017692692692692692	0.2013888707109284	0.062082758234359124	0.26347162894528753
0.0017717717717717718	0.20192781251173794	0.061784993919342	0.26371280643107997
0.0017742742742742742	0.20246573824017933	0.06148756144649723	0.2639532996866766
0.0017767767767767767	0.2030026256150275	0.06119045658611836	0.26419308220114585
0.0017792792792792793	0.20353843032166025	0.06089369031873569	0.26443212064039595
0.0017817817817817817	0.20407312290942295	0.060597257214382375	0.26467038012380534
0.0017842842842842842	0.20460665329389294	0.06030116750821036	0.2649078208021033
0.0017867867867867868	0.20513898391275978	0.06000542207097256	0.26514440598373235
0.0017892892892892893	0.20567008627411845	0.05971002895878253	0.265380115232901
0.001791791791791792	0.2061999109378994	0.05941484364732903	0.26561475458522843
0.0017942942942942943	0.20672840083312707	0.05911984843038239	0.2658482492635095
0.0017967967967967968	0.20725570213787217	0.05882584368908954	0.2660815458269617
0.0017992992992992994	0.20778130035345044	0.058531984240945995	0.2663132845943964
0.0018018018018018018	0.20830573948826564	0.05823829475905062	0.26654403424731626
0.0018043043043043043	0.2088286246029701	0.05794503188991193	0.26677365649288204
0.001806806806806807	0.2093500320025126	0.05765224431002362	0.2670022763125362
0.0018093093093093093	0.20986987991734127	0.05735855524162663	0.2672284351589679
0.0018118118118118118	0.2103882253844313	0.05706445255258868	0.26745267793702
0.0018143143143143144	0.2109048672007182	0.056777844861421276	0.26768271206213945
0.0018168168168168168	0.21141987277036767	0.056486564828660844	0.2679064375990285
0.0018193193193193193	0.2119332085245021	0.056191698496692435	0.2681249070211945
0.001821821821821822	0.2124448237402324	0.05590842239432	0.2683532461345524
0.0018243243243243243	0.21295468065320172	0.05563702276135028	0.268591703414552
0.0018268268268268268	0.2134627322109726	0.05533482381103558	0.26879755602200817
0.0018293293293293294	0.21396896149757305	0.05502869773196404	0.2689976592295371
0.0018318318318318318	0.21447330932152947	0.05473936512508211	0.26921267444661157
0.0018343343343343343	0.21497575707941932	0.054430174401905826	0.26940593148132513
0.001836836836836837	0.21547626054930497	0.054152373468589844	0.26962863401789483
0.0018393393393393393	0.21597478592920558	0.05388358391904654	0.2698583698482521
0.0018418418418418418	0.21647130008530363	0.05359066981036534	0.270061969895669
0.0018443443443443444	0.2169657555705589	0.05330371128464811	0.270269466855207
0.0018468468468468468	0.2174581349835049	0.05301690359033319	0.2704750385738381
0.0018493493493493493	0.21794842098605896	0.05273066065580416	0.2706790816418631
0.001851851851851852	0.21843647301723	0.05244515627163943	0.27088162928886944
0.0018543543543543544	0.2189223814341809	0.052159169919951356	0.27108155135413226
0.0018568568568568568	0.21940606880768715	0.05187354979836223	0.2712796186060494
0.0018593593593593594	0.21988747713139026	0.05158893901231071	0.271476416143701
0.0018618618618618619	0.22036659439841802	0.05130451549513083	0.27167110989354887
0.0018643643643643643	0.22084338589696698	0.051020522774628645	0.2718639086715956
0.001866866866866867	0.22131781532738123	0.050736934195258036	0.27205474952263925
0.0018693693693693694	0.22178984436571866	0.0504537514950282	0.27224359586074687
0.0018718718718718718	0.22225944759284674	0.05017097637045797	0.2724304239633047
0.0018743743743743744	0.2227265753547851	0.04988860811709916	0.27261518347188424
0.0018768768768768769	0.22319122062757807	0.049606648430411696	0.27279786905798975
0.0018793793793793793	0.2236533075719221	0.049325100183929035	0.27297840775585114
0.001881881881881882	0.224112867703191	0.049043960594265995	0.273156828297457
0.0018843843843843844	0.22456981135954304	0.048763232870722054	0.2733330442302651
0.0018868868868868868	0.2250241345354277	0.048482917573538405	0.2735070521089661
0.0018893893893893894	0.22547579117189526	0.04820301244354761	0.2736788036154429
0.0018918918918918919	0.22592475837057374	0.04792383717699947	0.27384859554757324
0.0018943943943943943	0.226371012614296	0.04764043502019332	0.2740114476344893
0.001896896896896897	0.22681449775375886	0.04735187157484589	0.2741663693286048
0.0018993993993993994	0.22725521128609733	0.04709133681036875	0.2743465480964661
0.0019019019019019018	0.22769310221283248	0.04682470342230161	0.2745178056351341
0.0019044044044044044	0.22812814210091706	0.046531583221208546	0.2746597253221256
0.0019069069069069069	0.22856032288980074	0.04625465459422504	0.2748149774840258
0.0019094094094094093	0.22898958371014813	0.045978710862176746	0.27496829457232486
0.001911911911911912	0.22941591703684722	0.04570249325247701	0.2751184102893242
0.0019144144144144144	0.22983928253602623	0.04542672979450708	0.2752660123305333
0.001916916916916917	0.23025965645380778	0.04515138036693144	0.2754110368207392
0.0019194194194194195	0.23067701039388852	0.044876447044821854	0.2755534574387104
0.0019219219219219219	0.23109131269931202	0.044601927852329915	0.2756932405516419
0.0019244244244244245	0.2315025385535992	0.044327821608839524	0.2758303601624387
0.001926926926926927	0.23191075139127987	0.044054130521278205	0.2759648819125581
0.0019294294294294294	0.2323152133662614	0.04378085175345063	0.276096065119712
0.001931931931931932	0.23271747142267915	0.043507986734066015	0.27622545815674515
0.0019344344344344345	0.2331161226893415	0.043235533959538455	0.27635165664887995
0.0019369369369369369	0.23351155086630987	0.042963492761933224	0.2764750436282431
0.0019394394394394395	0.2339037385981589	0.042691864283856386	0.2765956028820153
0.001941941941941942	0.2342926745459786	0.042420644415830475	0.27671331896180906
0.0019444444444444444	0.23467830095156797	0.04214983551530979	0.27682813646687776
0.001946946946946947	0.23506062121943977	0.04187943571790935	0.27694005693734913
0.0019494494494494495	0.2354396017949119	0.041609444047083034	0.27704904584199497
0.001951951951951952	0.2358152180319337	0.04133985988542069	0.2771550779173544
0.0019544544544544545	0.23618744987500817	0.04107068192625393	0.27725813180126213
0.001956956956956957	0.23655626450971037	0.040801914992892964	0.27735817950260333
0.0019594594594594594	0.23692164603966528	0.04053350123707759	0.27745514727674286
0.001961961961961962	0.23728356930679675	0.04026538365103797	0.2775489529578347
0.0019644644644644643	0.23764201419424746	0.03999794023017718	0.27763995442442463
0.001966966966966967	0.23799695010609395	0.03973087591298264	0.2777278260190766
0.0019694694694694695	0.23834837002381012	0.03946407891625502	0.2778124489400651
0.001971971971971972	0.2386962390047854	0.03919771334526281	0.2778939523500482
0.0019744744744744744	0.23904051641165178	0.038931742655992224	0.277972259067644
0.001976976976976977	0.23938120460026685	0.038666165567655876	0.27804737016792275
0.0019794794794794797	0.239718208080745	0.03840098146144021	0.27811918954218523
0.001981981981981982	0.24005184371174373	0.03813618859800703	0.27818803230975075
0.0019844844844844845	0.24038166597481028	0.03787178502255508	0.27825345099736537
0.001986986986986987	0.24070782587884382	0.03760776802725131	0.2783155939060951
0.0019894894894894894	0.24103030036677306	0.03734413590974053	0.2783744362765136
0.001991991991991992	0.24134912037534995	0.037080886972015996	0.27843000734736595
0.0019944944944944947	0.24166389566355823	0.03681811662994163	0.27848201229349984
0.001996996996996997	0.24197544269830584	0.03655576625561376	0.2785312089539196
0.0019994994994994996	0.24228298425149336	0.03629337056604863	0.278576354817542
0.002002002002002002	0.24258675450878633	0.036031568976228855	0.2786183234850152
0.0020045045045045044	0.24288673276423067	0.035770104769050175	0.27865683753328085
0.002007007007007007	0.2431829020860412	0.03550937527239018	0.2786922773584314
0.0020095095095095097	0.24347524697349038	0.03524869117117078	0.2787239381446612
0.002012012012012012	0.24376375231151182	0.03498842876709395	0.2787521810786058
0.0020145145145145146	0.24404840295148622	0.03472852430376238	0.2787769272552486
0.002017017017017017	0.24432918433007159	0.03446897959887951	0.27879816392895107
0.0020195195195195194	0.24460608071555082	0.03420978831555739	0.2788158690311082
0.002022022022022022	0.24487908005351716	0.033950942779413275	0.27883002283293046
0.0020245245245245247	0.24514866415593442	0.03369245521403214	0.2788411193699666
0.002027027027027027	0.24541098908398834	0.03343433683399943	0.2788453259179878
0.0020295295295295296	0.24567463758106958	0.03317658489422105	0.27885122247529065
0.002032032032032032	0.24593187641553677	0.03291910513519458	0.27885098155073135
0.0020345345345345344	0.24618519119735147	0.03266193356132633	0.2788471247586778
0.002037037037037037	0.24643453347986463	0.03240515842901874	0.27883969190888336
0.0020395395395395397	0.24667989090772355	0.03214869718493094	0.2788285880926545
0.002042042042042042	0.24692125387052466	0.03189256215825148	0.27881381602877614
0.0020445445445445446	0.24715861145472454	0.03163674845586826	0.2787953599105928
0.002047047047047047	0.24739195377812254	0.03138125063671288	0.27877320441483544
0.0020495495495495494	0.24762127169154952	0.031126989915657564	0.27874826160720706
0.002052052052052052	0.24784655526958857	0.030861584306403164	0.2787081395759917
0.0020545545545545547	0.24806779568985365	0.030592977512251044	0.2786607732021047
0.002057057057057057	0.24828498481306438	0.030391138850675112	0.2786761236637395
0.0020595595595595596	0.24849811518448983	0.030115082797035442	0.2786131979815253
0.002062062062062062	0.24870717899435305	0.02985144445941462	0.27855862345376764
0.0020645645645645644	0.2489121687567737	0.029601545814191128	0.2785137145709648
0.002067067067067067	0.24911307757035617	0.029348204797583127	0.2784612823679393
0.0020695695695695697	0.24930989881775334	0.029095371396699023	0.2784052702144524
0.002072072072072072	0.24950262653226504	0.028842809688484915	0.27834543622075
0.0020745745745745746	0.2496912566013221	0.02859051572768655	0.27828177232900864
0.002077077077077077	0.2498757806649848	0.028338482927520718	0.2782142635925055
0.0020795795795795794	0.25005619718643407	0.028086705791075025	0.2781429029775091
0.002082082082082082	0.25023249991988905	0.02783517991528511	0.27806767983517416
0.0020845845845845847	0.25040468426233836	0.02758389968805855	0.27798858395039694
0.002087087087087087	0.25057274841891297	0.027332858247612408	0.27790560666652536
0.0020895895895895896	0.25073668671909544	0.027082080034087973	0.2778187667531834
0.002092092092092092	0.2508964973012646	0.02682771875331089	0.27772421605457553
0.0020945945945945945	0.25105217874244706	0.02657178007145496	0.277623958813902
0.0020970970970970973	0.25120372789086176	0.0263328890758618	0.27753661696672355
0.0020995995995995997	0.25135114165637196	0.026081003901295533	0.2774321455576675
0.002102102102102102	0.2514944216482489	0.025831092132187823	0.27732551378043674
0.0021046046046046046	0.2516335633718181	0.02558187616531502	0.2772154395371331
0.002107107107107107	0.2517685679689015	0.0253323131841438	0.2771008811530453
0.0021096096096096095	0.2518994359475891	0.025083123072923614	0.2769825590205127
0.0021121121121121123	0.25202616509766507	0.024834073324952598	0.27686023842261764
0.0021146146146146147	0.2521487584863292	0.024585787022195504	0.2767345455085247
0.002117117117117117	0.25226721444993305	0.024341467082712304	0.27660868153264534
0.0021196196196196196	0.25238153557933724	0.024096899902032724	0.27647843548136997
0.002122122122122122	0.25249172278515486	0.023837802695815657	0.2763295254809705
0.0021246246246246245	0.25259777882578127	0.023591604832889985	0.27618938365867124
0.0021271271271271273	0.2526997053572088	0.023343435686421263	0.2760431410436301
0.0021296296296296298	0.2527975049502709	0.023095431429262667	0.2758929363795336
0.002132132132132132	0.25289117946792633	0.022847535011525266	0.2757387144794516
0.0021346346346346346	0.2529807352367701	0.02259973829725841	0.27558047353402854
0.002137137137137137	0.25306617065913756	0.022352032601995638	0.2754182032611332
0.0021396396396396395	0.25314746490965706	0.022104407884372995	0.2752518727940301
0.0021421421421421423	0.2532246829290243	0.02185685547020245	0.2750815383992267
0.0021446446446446448	0.2532978095011535	0.021609364696034396	0.2749071741971879
0.002147147147147147	0.25336682349134637	0.021361925479296922	0.2747287489706433
0.0021496496496496496	0.2534317441666886	0.021114526035470663	0.27454627020215927
0.002152152152152152	0.2534925755385027	0.02086716808805951	0.2743597436265622
0.0021546546546546545	0.2535493264405949	0.02062014638868334	0.2741694728292783
0.0021571571571571573	0.2536020013500073	0.020373241762870083	0.2739752431128774
0.0021596596596596598	0.2536506068147657	0.02012497913485617	0.27377558594962187
0.002162162162162162	0.2536951513554891	0.019877777123024624	0.2735729284785137
0.0021646646646646646	0.25373564135551246	0.01962971403450759	0.27336535539002005
0.002167167167167167	0.2537720845056123	0.019381242446644204	0.27315332695225647
0.0021696696696696695	0.2538044882323949	0.01913575995909291	0.27294024819148777
0.0021721721721721723	0.2538328620064797	0.018888091427222847	0.27272095343370256
0.0021746746746746748	0.2538572139360225	0.018640425892276418	0.27249763982829894
0.002177177177177177	0.25387755209399726	0.01839274609330517	0.2722702981873024
0.0021796796796796796	0.25389388729298074	0.01814499525265847	0.2720388825456392
0.002182182182182182	0.2539062273798646	0.01789715938178574	0.2718033867616504
0.0021846846846846845	0.2539145830847664	0.01764903518081754	0.27156361826558395
0.0021871871871871874	0.25391896510779605	0.017400825863414612	0.2713197909712107
0.0021896896896896898	0.25391938139509546	0.01715245890209274	0.27107184029718817
0.002192192192192192	0.2539158457699897	0.01690399839771833	0.27081984416770805
0.0021946946946946946	0.25390836724352345	0.016655319015620763	0.27056368625914423
0.002197197197197197	0.25389695683645436	0.016406407069840805	0.27030336390629517
0.0021996996996996995	0.25388162717191504	0.016157282208086432	0.27003890938000147
0.0022022022022022024	0.25386238968811	0.0159079173539047	0.26977030704201466
0.002204704704704705	0.253839255510174	0.015658296649601375	0.2694975521597754
0.002207207207207207	0.2538122391452126	0.015408402981864059	0.2692206421270767
0.0022097097097097096	0.2537813510664076	0.015158214188746832	0.26893956525515444
0.002212212212212212	0.2537466046604082	0.014907713056684691	0.2686543177170929
0.0022147147147147145	0.25370801445452046	0.014656887403708505	0.268364901858229
0.0022172172172172174	0.25366559134891303	0.014405689951622723	0.26807128130053576
0.00221971971971972	0.2536193509235324	0.014154067255646918	0.2677734181791793
0.0022222222222222222	0.2535693060589157	0.013902116500725778	0.26747142255964146
0.0022247247247247246	0.25351547136819735	0.013649896593649655	0.26716536796184703
0.002227227227227227	0.2534578613522625	0.013397076926941231	0.26685493827920376
0.00222972972972973	0.2533964900408216	0.013143833730614838	0.26654032377143644
0.0022322322322322324	0.2533313717590799	0.012890108980077877	0.26622148073915775
0.002234734734734735	0.2532625247642672	0.012635880448986274	0.2658984052132535
0.0022372372372372372	0.2531899593470055	0.012381245447906315	0.2655712047949118
0.0022397397397397397	0.2531136956381068	0.012121917465739073	0.2652356131038459
0.002242242242242242	0.2530337460642745	0.011862802854186307	0.26489654891846076
0.002244744744744745	0.2529501277506459	0.011622577151857364	0.2645727049025033
0.0022472472472472474	0.25286285852468654	0.011360408698788583	0.2642232672234751
0.00224974974974975	0.25277195190146906	0.01109653605249477	0.26386848795396384
0.0022522522522522522	0.2526774258590576	0.01084021941249823	0.26351764527155586
0.0022547547547547547	0.2525792976724845	0.010580772892501906	0.2631600705649864
0.002257257257257257	0.25247758319162383	0.010320293177976171	0.2627978763696
0.00225975975975976	0.2523723010618878	0.010060251735386236	0.262432552797274
0.0022622622622622624	0.25226346802498945	0.00979853087048496	0.2620619988954744
0.002264764764764765	0.25215109989195655	0.009536123676277606	0.26168722356823415
0.0022672672672672672	0.25203521763425357	0.009272814625492122	0.2613080322597457
0.0022697697697697697	0.251915836895093	0.009008589168603497	0.2609244260636965
0.002272272272272272	0.25179297625522856	0.00874340122712948	0.26053637748235803
0.002274774774774775	0.25166665434141644	0.008477213588692294	0.26014386793010874
0.0022772772772772774	0.2515368899542289	0.008209985888470538	0.25974687584269945
0.00227977977977978	0.25140370058081485	0.007941676911173317	0.25934537749198816
0.0022822822822822822	0.2512670406942515	0.0076723209269093165	0.2589393616211608
0.0022847847847847847	0.2511274404565418	0.007401004688459824	0.2585284451450016
0.002287287287287287	0.25098375870323675	0.007128081601869284	0.25811184030510603
0.00228978978978979	0.25083707247623527	0.00685708706066183	0.2576941595368971
0.0022922922922922924	0.250687046014577	0.006584961566602031	0.257272007581179
0.002294794794794795	0.2505337164921655	0.006305969630451606	0.2568396861226171
0.0022972972972972973	0.2503771840506496	0.006029447443614606	0.25640663149426424
0.0022997997997997997	0.2502172720315652	0.0057509178314584936	0.25596818986302367
0.002302302302302302	0.25005404924655594	0.005470686672498254	0.2555247359190542
0.002304804804804805	0.249887675789738	0.005188954021159406	0.2550766298108974
0.0023073073073073074	0.24971809281272783	0.0049055903994735875	0.2546236832122014
0.00230980980980981	0.24954532097238355	0.0046205169864617325	0.2541658379588453
0.0023123123123123123	0.24936938090820357	0.004333676818341665	0.2537030577265452
0.0023148148148148147	0.2491902935989117	0.004045002605345519	0.2532352962042572
0.002317317317317317	0.2490080784283181	0.003754425170689999	0.2527625035990081
0.00231981981981982	0.24882275747125127	0.0034618729683140994	0.25228463043956534
0.0023223223223223224	0.24863435090203895	0.0031672718126541572	0.2518016227146931
0.002324824824824825	0.24844288056728853	0.0028705449117576187	0.25131342547904617
0.0023273273273273273	0.2482483664449362	0.0025716125238535244	0.2508199789687897
0.0023298298298298297	0.24805083171563747	0.002270392151909649	0.2503212238675471
0.002332332332332332	0.2478502961972533	0.001966798153939003	0.2498170943511923
0.002334834834834835	0.2476467805852334	0.0016607417541787868	0.2493075223394122
0.0023373373373373374	0.24744030932286395	0.001352130872098866	0.24879244019496283
0.00233983983983984	0.24723090130304742	0.0010408707516094994	0.24827177205465692
0.0023423423423423423	0.24701857966636662	0.0007268645644611805	0.2477454442308278
0.0023448448448448447	0.24680336564237176	0.00041000851855167324	0.24721337416092343
0.0023473473473473476	0.24658528103071625	0.00009016894989987289	0.24667544998061613
0.00234984984984985	0.24636434831040285	0	0.24636434831040285
0.0023523523523523524	0.2461405895147584	0	0.2461405895147584
0.002354854854854855	0.24591402559250264	0	0.24591402559250264
0.0023573573573573573	0.24568468006201574	0	0.24568468006201574
0.0023598598598598597	0.24545257431371378	0	0.24545257431371378
0.0023623623623623626	0.245217730836648	0	0.245217730836648
0.002364864864864865	0.2449801722209083	0	0.2449801722209083
0.0023673673673673674	0.24473992051819887	0	0.24473992051819887
0.00236986986986987	0.244496998622609	0	0.244496998622609
0.0023723723723723723	0.2442514278988123	0	0.2442514278988123
0.0023748748748748747	0.24400323178064862	0	0.24400323178064862
0.0023773773773773776	0.24375243295806331	0	0.24375243295806331
0.00237987987987988	0.24349905396293656	0	0.24349905396293656
0.0023823823823823824	0.2432431175460871	0	0.2432431175460871
0.002384884884884885	0.24298464453566648	0	0.24298464453566648
0.0023873873873873873	0.2427236609829162	0	0.2427236609829162
0.0023898898898898897	0.24246018337185854	0	0.24246018337185854
0.0023923923923923926	0.2421942253474798	0	0.2421942253474798
0.002394894894894895	0.24192573741452658	0	0.24192573741452658
0.0023973973973973974	0.24165506518148266	0	0.24165506518148266
0.0023998998998999	0.24138186056295916	0	0.24138186056295916
0.0024024024024024023	0.24110627913159932	0	0.24110627913159932
0.0024049049049049047	0.24082834574424872	0	0.24082834574424872
0.0024074074074074076	0.24054808120082477	0	0.24054808120082477
0.00240990990990991	0.24026551008241614	0	0.24026551008241614
0.0024124124124124124	0.23998065473035418	0	0.23998065473035418
0.002414914914914915	0.23969353724488024	0	0.23969353724488024
0.0024174174174174173	0.2394041816836416	0	0.2394041816836416
0.0024199199199199197	0.23911260972257814	0	0.23911260972257814
0.0024224224224224226	0.23881884459235253	0	0.23881884459235253
0.002424924924924925	0.23852290968034628	0	0.23852290968034628
0.0024274274274274274	0.2382248264695169	0	0.2382248264695169
0.00242992992992993	0.23792462038379286	0	0.23792462038379286
0.0024324324324324323	0.23762231083223576	0	0.23762231083223576
0.0024349349349349347	0.23731792305033786	0	0.23731792305033786
0.0024374374374374376	0.23701147892953464	0	0.23701147892953464
0.00243993993993994	0.23670300087902998	0	0.23670300087902998
0.0024424424424424425	0.23639251199547007	0	0.23639251199547007
0.002444944944944945	0.23608003475647743	0	0.23608003475647743
0.0024474474474474473	0.23576559225062105	0	0.23576559225062105
0.0024499499499499497	0.23544920672331526	0	0.23544920672331526
0.0024524524524524526	0.23513090087055363	0	0.23513090087055363
0.002454954954954955	0.23481069720294212	0	0.23481069720294212
0.0024574574574574575	0.23448861821232964	0	0.23448861821232964
0.00245995995995996	0.23416468651399286	0	0.23416468651399286
0.0024624624624624623	0.23383892432080694	0	0.23383892432080694
0.0024649649649649647	0.23351135410938004	0	0.23351135410938004
0.0024674674674674676	0.23318199834230405	0	0.23318199834230405
0.00246996996996997	0.23285087910425586	0	0.23285087910425586
0.0024724724724724725	0.23251801891801724	0	0.23251801891801724
0.002474974974974975	0.23218343970466676	0	0.23218343970466676
0.0024774774774774773	0.23184716388877472	0	0.23184716388877472
0.00247997997997998	0.23150921330908347	0	0.23150921330908347
0.0024824824824824826	0.23116961025509006	0	0.23116961025509006
0.002484984984984985	0.23082837658887176	0	0.23082837658887176
0.0024874874874874875	0.23048553410848685	0	0.23048553410848685
0.00248998998998999	0.23014110504323732	0	0.23014110504323732
0.0024924924924924923	0.22979511084341267	0	0.22979511084341267
0.002494994994994995	0.22944757369781799	0	0.22944757369781799
0.0024974974974974976	0.22909850673666132	0	0.22909850673666132
0.0025	0.22874798672493146	0	0.22874798672493146