3.2029911956629295e-6	0.23393436597281328
8.231196690981034e-6	0.23388860700938116
0.000013259611438584893	0.23384228632726908
0.000018288245001799778	0.2337953976019752
0.00002331710682833957	0.2337479461390695
0.000028346206357562544	0.23369993167066927
0.000033375553045784595	0.23365135458163905
0.00003840515633336998	0.23360221583208607
0.000043435025678531716	0.23355251580702496
0.00004846517051728079	0.2335022552047735
0.000053495600308168215	0.23345143468591575
0.000058526324518088496	0.23340005468464037
0.0000635573525808763	0.2333481159731977
0.00006858869396685166	0.233295619369611
0.00007362035813014394	0.23324256516402467
0.000078652354540389	0.23318895402817072
0.00008368469264728021	0.23313478677412347
0.00008871738198133111	0.2330800639319517
0.00009375043193797593	0.23302478613982466
0.00009878385202123634	0.2329689539992966
0.00010381765170911533	0.23291256824293838
0.00010885184049012908	0.23285562939298057
0.00011388642782755524	0.23279813807517022
0.00011892142328545842	0.2327400950282008
0.00012395683628251862	0.23268150085089162
0.0001289926763788772	0.23262235621942506
0.0001340289530213119	0.23256266159309694
0.00013906567574173734	0.23250241784247455
0.00014410285406721448	0.23244162552544337
0.00014914049750937953	0.23238028527297241
0.00015417861560330007	0.23231839762614498
0.0001592172178849608	0.23225596342817365
0.00016425631388263117	0.23219298330368168
0.00016929591315071663	0.23212945764299883
0.00017433602525586403	0.23206538741834593
0.00017937665972729192	0.2320007732100399
0.00018441782613947937	0.23193561539716495
0.00018945953407346878	0.23186991501447074
0.00019450179311093823	0.23180367246904401
0.00019954461283121575	0.23173688850312996
0.00020458800288470925	0.23166956368195202
0.00020963197277899505	0.23160169891303817
0.00021467653217974303	0.23153329448780396
0.00021972169069273915	0.23146435145641217
0.00022476745796506703	0.23139486985699892
0.00022981384362962023	0.2313248508838139
0.00023486085731834637	0.2312542960115951
0.00023990850870627843	0.23118320412105983
0.00024495680745676237	0.23111157671263774
0.00025000576325107316	0.23103941442829434
0.0002550553857507056	0.23096671799988183
0.0002601056846750043	0.23089348816279165
0.00026515666972054205	0.23081972565585457
0.00027020835059897837	0.23074543122124863
0.00027526073704033164	0.230670604916662
0.0002803138388120826	0.23059524676705515
0.000285367665631162	0.2305193601229974
0.00029042222726110184	0.23044294402136004
0.00029547753347081954	0.230365998173731
0.0003005335940852725	0.23028852365315097
0.0003055904188559631	0.2302105229603852
0.0003106480176255194	0.230131994772478
0.00031570640017476644	0.23005294159483164
0.0003207655764436284	0.22997336124071627
0.0003258255561381716	0.22989325740497163
0.0003308863491838467	0.2298126291416553
0.0003359479654491933	0.22973147686483292
0.00034101041483755617	0.22964980237715218
0.0003460737072566656	0.2295676062856784
0.00035113785257300846	0.22948488902989142
0.0003562028607508988	0.22940165052581546
0.00036126874174359253	0.2293178917196071
0.00036633550552301914	0.22923361373163095
0.00037140316204331607	0.22914881786978783
0.00037647172128261753	0.22906350389487895
0.0003815411932567429	0.22897767242555286
0.000386611588047815	0.22889132407092844
0.0003916829155944488	0.22880446083362777
0.0003967551859999938	0.22871708145512054
0.0004018284093526012	0.22862918774853
0.000406902595702734	0.22854078155404678
0.00041197775516193234	0.22845186128597622
0.0004170538978780085	0.22836242790437622
0.0004221310340021982	0.22827248409666698
0.0004272091736192532	0.22818202966216503
0.0004322883269538587	0.22809106370214252
0.00043736850422578113	0.22799958804012746
0.0004424497155931921	0.22790760452458872
0.0004475319713167046	0.22781511226926293
0.0004526152816255689	0.22772211294794248
0.0004576996568146621	0.22762860636150742
0.000462785107157994	0.2275345938400597
0.00046787164296227085	0.2274400763885628
0.0004729592746441002	0.22734491087857572
0.00047804802191707093	0.2272491652429122
0.0004831378762551519	0.2271535600985884
0.00048822885747436593	0.22705695737266113
0.0004933209760056992	0.2269599231560437
0.0004984142422559465	0.22686238799638403
0.0005035086667252916	0.22676435187908206
0.0005086042598364186	0.22666581718471893
0.000513701032122008	0.22656678221045276
0.0005187989940869413	0.2264672505217844
0.0005238981562673796	0.22636721958343253
0.0005289985292415566	0.22626669260965235
0.0005341001236117043	0.22616566945011896
0.0005392029499731333	0.22606415027709495
0.0005443070189331084	0.22596213781506283
0.0005494123411559959	0.2258596302271185
0.0005545189273401995	0.2257566293859755
0.0005596267882112365	0.2256531358148398
0.0005647359344591512	0.22554915123209443
0.0005698463768957085	0.22544467431527393
0.0005749581262650966	0.225339707786058
0.000580071193374404	0.22523425167898678
0.0005851855890520093	0.22512830687838278
0.0005903013242040074	0.22502187224022488
0.0005954184096851848	0.22491495115616938
0.0006005368563880199	0.22480754401809847
0.0006056566752707694	0.2246996493613713
0.0006107778773722015	0.22459126974121346
0.0006159004735616248	0.22448240638677477
0.0006210244749051436	0.22437305885529119
0.0006261498924643461	0.22426322736823054
0.0006312767373437213	0.2241529133168004
0.0006364050207310056	0.22404211810209015
0.0006415347535671741	0.22393084195572596
0.0006466659471373974	0.22381908578613235
0.0006517986126058083	0.22370684915369496
0.0006569327611898273	0.2235941351399771
0.0006620684042080224	0.22348094114851477
0.0006672055528846333	0.22336727125361444
0.0006723442185907475	0.22325312420250568
0.0006774844126160259	0.22313850224890458
0.0006826261464458826	0.22302340330866438
0.0006877694313721371	0.2229078316268933
0.0006929142789399537	0.22279178479850564
0.0006980607005554198	0.22267526707038204
0.0007032087077778487	0.2225582750575388
0.0007083583121381497	0.2224408124948383
0.000713509525206914	0.22232287982343318
0.0007186623586230138	0.22220447598561416
0.0007238168240137297	0.2220856037316912
0.0007289729330550182	0.22196626251320797
0.000734130697552274	0.2218464532616296
0.0007392901290822033	0.2217261780748818
0.0007444512395929023	0.22160543591773665
0.0007496140408353096	0.22148422806051682
0.000754778544657785	0.22136255544775169
0.0007599447628628725	0.2212404190269552
0.0007651127076487524	0.22111781942102854
0.0007702823910290957	0.22099475708667973
0.0007754538244327352	0.22087123330898664
0.0007806270207176334	0.2207472475646609
0.0007858019913625977	0.22062280195708214
0.0007909787486793413	0.2204978969571669
0.0007961573048621858	0.22037253270767213
0.0008013376721030396	0.22024671066072482
0.0008065198626191331	0.22012043162436695
0.0008117038885801014	0.21999369525259732
0.0008168897625807329	0.2198666910876009
0.0008220774837359003	0.21973932612554464
0.0008272670908851078	0.2196106664851044
0.0008324585829832208	0.21948220505401114
0.0008376519727488453	0.21935319709457266
0.0008428472726591512	0.21922373684045027
0.0008480444953809308	0.21909382592123358
0.0008532436533860628	0.21896346533101893
0.0008584447594556208	0.21883265264140883
0.0008636478262945042	0.21870139208186348
0.0008688528666221924	0.21856968383646044
0.0008740598932749933	0.2184375277661173
0.0008792689191136669	0.21830492421637884
0.0008844799569743952	0.21817187498849144
0.0008896930198077466	0.21803838141157805
0.000894908120635566	0.21790444157594063
0.0009001252725390897	0.21777005874125446
0.0009053444884966534	0.21763523327008305
0.0009105657816471787	0.21749996568512536
0.0009157891652375392	0.21736425667891063
0.0009210146524820208	0.21722810548396723
0.000926242256639234	0.21709151649463038
0.0009314719910137876	0.21695448703160258
0.0009367038690425981	0.2168170192350024
0.0009419379042532642	0.21667911380044141
0.00094717410985951	0.21654077223596838
0.0009524124996287696	0.21640199331721888
0.0009576530870725689	0.21626278031585655
0.0009628958857586311	0.21612313121477572
0.0009681409094084683	0.21598305024514863
0.0009733881718242507	0.2158425342857091
0.0009786376868149713	0.21570158676089876
0.000983889468178624	0.21556020807117401
0.0009891435298540758	0.2154183984581333
0.0009943998857350421	0.21527615880337223
0.0009996585500199175	0.21513348935291873
0.0010049195367122126	0.21499039194223823
0.0010101828598723637	0.21484686762465968
0.0010154485338240346	0.21470291474485806
0.0010207165728438605	0.2145585375286144
0.0010259869910610583	0.21441373322402138
0.0010312598029470518	0.21426850541861822
0.0010365350229867884	0.21412285342908427
0.0010418126655850316	0.21397677879012175
0.0010470927454126044	0.21383028114017494
0.0010523752769663784	0.2136833626455977
0.0010576602750101767	0.21353602327187923
0.0010629477542572878	0.2133882629781368
0.0010682377294980359	0.21324008551161464
0.00107353021565624	0.21309148833111882
0.0010788252276413832	0.21294247266041347
0.001084122780436242	0.21279304208924887
0.0010894228891284092	0.21264319471708654
0.0010947255688876071	0.2124929317803299
0.0011000308348664144	0.2123422538891299
0.001105338702349825	0.21219116306548755
0.0011106491867034838	0.2120396596168735
0.001115962303271441	0.2118877430696851
0.0011212780675956427	0.2117354151358984
0.0011265964952123099	0.21158267737657546
0.0011319176017443643	0.21142952933129816
0.001137241402841072	0.21127597162581124
0.0011425679142639457	0.211122007071766
0.0011478971518939464	0.21096763397480958
0.0011532291316643218	0.21081285421175203
0.0011585638694573666	0.21065766935389277
0.001163901381372494	0.21050207896182915
0.001169241683658321	0.21034608336828023
0.001174584792341616	0.21018968523147352
0.0011799307237842745	0.21003288427625777
0.0011852794943683523	0.20987568100086218
0.0011906311205212147	0.20971807636953493
0.0011959856187900547	0.2095600713461493
0.001201343005744435	0.20940166751871916
0.0012067032980985512	0.20924286354841917
0.0012120665125909895	0.20908366286775706
0.0012174326660808568	0.20892406430463545
0.0012228017755031963	0.20876406914095458
0.001228173857849547	0.2086036789732837
0.0012335489303394636	0.2084428924850543
0.0012389270099349375	0.2082817134138129
0.0012443081140309502	0.208120140763906
0.0012496922600015344	0.20795817445305786
0.0012550794652497874	0.20779581776163183
0.0012604697473210054	0.20763306985604227
0.0012658631238305282	0.20746993188568577
0.0012712596124970618	0.20730640393778393
0.00127665923114961	0.20714248746608144
0.001282061997624705	0.20697818454096328
0.001287467929961984	0.20681349298220006
0.0012928770462163573	0.2066484166762007
0.0012982893645486157	0.20648295466958833
0.0013037049033794259	0.20631710691447594
0.0013091236808383565	0.20615087669295806
0.001314545715495536	0.20598426321285232
0.0013199710261646584	0.20581726764603542
0.001325399631003668	0.20564989071324682
0.0013308315490138437	0.20548213359265508
0.0013362667990805051	0.2053139953575331
0.0013417054001726803	0.20514547898750585
0.0013471473713134907	0.20497658551938522
0.001352592731712252	0.20480731298963797
0.001358041500631593	0.20463766468280492
0.0013634936975506105	0.2044676399917854
0.0013689493417632273	0.20429724190294596
0.0013744084529467306	0.20412646862736283
0.0013798710508422071	0.20395532165787814
0.0013853371552268515	0.20378380293999657
0.0013908067860009849	0.20361191173968454
0.001396279963279383	0.20343965059922334
0.0014017567071678246	0.20326701864725044
0.0014072370379463483	0.2030940169429673
0.0014127209760165461	0.20292064758559872
0.0014182085417961793	0.2027469107546593
0.0014236997559587304	0.2025728060382087
0.0014291946392948655	0.20239833598440748
0.0014346932125108185	0.20222350033767683
0.0014401954966375993	0.20204830076418787
0.0014457015127891915	0.20187273686999208
0.001451211282186269	0.20169681017666694
0.0014567248261652577	0.2015205219140845
0.00146224216617948	0.2013438727291443
0.001467763323865708	0.2011668550830057
0.0014732883215077363	0.20098947761685265
0.0014788171794889577	0.20081177995006605
0.001484349920666822	0.20063368879835738
0.0014898865672322574	0.20045524554332766
0.00149542714131394	0.200276445305811
0.0015009716653380726	0.20009729079219357
0.001506520161813394	0.19991778136588748
0.0015120726534509825	0.19973791711778058
0.001517629163019601	0.19955770104867768
0.0015231897134396165	0.1993771318091648
0.0015287543278083887	0.19919621138526583
0.0015343230293342993	0.19901494089925453
0.001539895841402485	0.19883331988380046
0.0015454727875880826	0.1986513506214039
0.0015510538914149403	0.19846903250960687
0.001556639176761037	0.19828636812101658
0.0015622286675527996	0.198103356720682
0.001567822387936515	0.19791999944525335
0.001573420362156289	0.19773629758006223
0.001579022614665537	0.19755225126188664
0.0015846291699827726	0.1973678633577398
0.001590240052921765	0.19718313115304942
0.0015958552883037005	0.19699805837189469
0.0016014749012219812	0.19681264445592836
0.0016070989169718931	0.19662689127397795
0.0016127273607399728	0.19644079941920384
0.0016183602582206622	0.19625436791911632
0.0016239976350948266	0.19606760064115278
0.0016296395172663543	0.19588049534646906
0.0016352859307517456	0.19569305604372306
0.001640936901844481	0.1955052799433362
0.0016465924570992227	0.19531717105053842
0.0016522526227804883	0.19512872899329323
0.0016579174257943387	0.19493995410863693
0.0016635868931722977	0.19475084814746188
0.001669261051909256	0.19456141117312367
0.0016749399293646075	0.19437164466086237
0.001680623553108435	0.19418154826161368
0.0016863119507657162	0.19399112457668108
0.0016920051502354763	0.19380037326736108
0.0016977031795934784	0.19360929567880938
0.0017034060671447043	0.1934178921815043
0.0017091138413042979	0.19322616384650754
0.0017148265307531025	0.19303411202850876
0.001720544164457685	0.19284173641321148
0.001726266771308171	0.19264903905704167
0.001731994380732767	0.19245601937726564
0.0017377270220969787	0.19226268068214314
0.0017434647251801502	0.19206902087762542
0.0017492075198656904	0.1918750428577845
0.001754955436304588	0.1916807466151464
0.0017607085047791119	0.1914861333914977
0.0017664667559251516	0.1912912027752111
0.0017722302204624867	0.1910959583529606
0.0017779989295257134	0.19090039821352844
0.001783772914160227	0.19070452457047474
0.0017895522058964134	0.19050833840742426
0.0017953368364801619	0.1903118390665808
0.0018011268378299726	0.1901150297262722
0.0018069222420800692	0.1899179093313525
0.001812723081668926	0.18972047969737185
0.0018185293892329318	0.18952274168956296
0.001824341197707967	0.18932469536082155
0.0018301585402762505	0.1891263423989668
0.0018359814509023005	0.1889276834105762
0.001841809961927323	0.18872871859810159
0.001847644107944756	0.1885294507417893
0.0018534839231087077	0.18832987870235546
0.001859329441837976	0.1881300044550772
0.0018651806989328896	0.18792982714362466
0.0018710377292288601	0.18772935090105833
0.0018769005680321356	0.1875285736741945
0.00188276925082869	0.18732749785152575
0.0018886438135721716	0.18712612273749804
0.001894524292074805	0.18692445126012555
0.0019004107228477068	0.18672248260216873
0.001906303142520777	0.18652021942783775
0.0019122015880236893	0.18631766026704896
0.0019181060965842447	0.18611480845318287
0.001924016705767807	0.18591166279864793
0.001929933453440391	0.1857082250442783
0.0019358563776688184	0.18550449680299694
0.0019417855170608218	0.18530047704028102
0.0019477209102040786	0.18509616949175298
0.001953662596224557	0.18489157247750762
0.0019596106145707004	0.18468668775669067
0.0019655650049444514	0.18448060558698226
0.001971525894757066	0.18427376894410685
0.001977493150937387	0.1840707258096884
0.001983466900401706	0.18386425058839911
0.001989447184116585	0.18365794135058106
0.0019954340436131642	0.18345134964913032
0.0020014275207495907	0.18324447543929873
0.0020074276574473843	0.1830373212901029
0.0020134344962695378	0.18282988807923137
0.0020194480800840883	0.18262217603925998
0.002025468452058006	0.18241418618966068
0.002031495655833744	0.18220591864584976
0.002037529735349649	0.1819973761194447
0.0020435707349737335	0.1817885583496365
0.0020496186993937135	0.18157946624593232
0.0020556736738661366	0.18137010085131158
0.0020617357037027166	0.18116046334282299
0.0020678048352359758	0.18095055400230367
0.002073881114235458	0.1807403744017073
0.002079964587681807	0.1805299252197237
0.002086055302919332	0.18031920752436234
0.002092153307220464	0.18010822226209747
0.0020982586487405855	0.1798969693636364
0.0021043713759402944	0.17968545118788615
0.002110491537798657	0.17947366831439993
0.0021166191834358955	0.17926162133028006
0.002122754362762188	0.1790493107021861
0.0021288971260418625	0.17883649022781936
0.0021350475492013183	0.17862327934617694
0.002141205633426878	0.17841091538079365
0.0021473714551298595	0.17819744091519563
0.0021535450664343335	0.1779838286549856
0.0021597265199478125	0.1777699599723128
0.002165915868909506	0.17755583412311465
0.0021721131667568933	0.17734145275415003
0.0021783184677066953	0.1771268172669202
0.0021845318264077053	0.17691192719333101
0.002190753298032396	0.17669678544300804
0.00219698293828007	0.17648139168879054
0.0022032208034366164	0.1762657476008362
0.002209466950154187	0.1760498546097274
0.0022157214359667453	0.17583370894269124
0.0022219843187959195	0.17561731848099818
0.002228255656867506	0.17540067996990596
0.0022345355094677655	0.17518379584978086
0.0022408239361407234	0.17496666733093436
0.0022471209970920604	0.17474929464614344
0.0022534267532661914	0.17453167889705015
0.0022597412659510407	0.17431382131366463
0.0022660645972990166	0.17409572276611687
0.0022723968099814984	0.17387738327539284
0.002278737967352328	0.17365880616658744
0.0022850881334791954	0.17343999050155512
0.00229144737279827	0.17322093718021428
0.002297815750762184	0.17300164844413712
0.002304193333181946	0.17278212520615893
0.0023105801869382566	0.17256236669093272
0.002316976379345692	0.17234237672977348
0.0023233819784999497	0.17212213109361837
0.002329797055528526	0.17190164468083885
0.00233622167500823	0.17168102666226956
0.0023426559097667276	0.17146010291030714
0.0023490998307411763	0.17123896265505975
0.0023555535097229624	0.17101759571431455
0.002362017019224638	0.17079600259324063
0.0023684904326521034	0.17057418476045985
0.0023749738241134774	0.17035214369111176
0.0023814672684867423	0.17012987956013026
0.002387970841680859	0.16990739350273779
0.0023944846201183604	0.16968468749161053
0.0024010086812937975	0.16946176172970012
0.0024075431036085586	0.16923861737885923
0.0024140879661829766	0.16901525466209516
0.0024206433489798547	0.16879167852551175
0.00242720933324538	0.16856788298015823
0.0024337860005515404	0.1683438798980347
0.0024403734338435197	0.16811966157098945
0.00244697171706987	0.16789522513207072
0.0024535809351015057	0.16767057834612445
0.0024602011732897037	0.16744573012468006
0.0024668325184794876	0.16722067075332828
0.0024734750582512087	0.16699540335236374
0.002480128881969001	0.16676997610461633
0.0024867940722988462	0.1665443828896985
0.0024934707335122017	0.16631833118742761
0.0025001589507180006	0.166092276583783
0.002506858817224479	0.16586598577034914
0.0025135704272550557	0.1656394907168353
0.002520293876320793	0.16541279801677333
0.002527029260424305	0.16518591653966316
0.002533776676872471	0.16495883000861591
0.002540536225996562	0.164731483562022
0.0025473080136746277	0.16450392596432167
0.0025540921277072927	0.1642764240580601
0.002560888677458486	0.16404853225811622
0.0025676977669858024	0.16382047520022064
0.002574519501362047	0.16359223113466384
0.002581353987037716	0.16336379537156454
0.002588201332021806	0.1631351733937053
0.0025950616452326794	0.16290636843006123
0.002601935037604137	0.16267737249005895
0.0026088216211654597	0.1624481933249168
0.0026157215095714823	0.16221882859916284
0.002622634817739059	0.16198928716580419
0.002629561661988801	0.16175956782758863
0.0026365021604766474	0.16152966497058005
0.002643456433162096	0.16129957857749028
0.0026504246011797832	0.1610693219348365
0.002657406786817912	0.16083889612705982
0.002664403115333028	0.1606082823811129
0.0026714137125276624	0.1603775061138395
0.0026784387077030234	0.16014655413802764
0.002685478226949741	0.15991577721666878
0.00269253236001045	0.15968500839310729
0.0026996013288934154	0.1594525259884544
0.0027066852238847674	0.1592210763007369
0.0027137841823826107	0.15898928438960447
0.002720898343013922	0.158757338145923
0.0027280278468271735	0.15852522359527668
0.002735172837141434	0.15829294419416493
0.002742333458789838	0.15806050989192041
0.0027495098590068065	0.1578279144140164
0.0027567021867775433	0.1575951709336844
0.002763910593394613	0.15736227215044557
0.0027711352326527444	0.1571292140555048
0.002778376260941176	0.15689600124830136
0.0027856338358237896	0.15666264688096568
0.0027929081183040573	0.1564291363188282
0.002800199271328782	0.15619547846678866
0.00280750746062847	0.15596167369685518
0.002814832853817441	0.15572772983562658
0.0028221756218081337	0.15549366734681752
0.0028295359332245803	0.15525948451539298
0.002836913972843732	0.1550250182924208
0.0028443099148900207	0.15479052335742619
0.0028517239410772023	0.15455587266481768
0.0028591562355163563	0.15432109093528357
0.0028666069853942014	0.15408617556815082
0.0028740763812953995	0.15385112504944762
0.00288156461609058	0.15361594937658382
0.002889071886982886	0.15338062628143687
0.0028965983939601573	0.15314518658109452
0.002904144338335866	0.15290964333384202
0.0029117099274576412	0.152673954767029
0.002919295370943233	0.1524381495612834
0.002926900882245914	0.15220222020919214
0.002934526677983825	0.15196617573274113
0.0029421729792255278	0.15173000974500042
0.0029498400095582964	0.15149373845725814
0.0029575279981413735	0.15125734328752816
0.0029652371761295353	0.15102084454743187
0.0029729677806121626	0.15078422888513
0.002980720051245417	0.15054751556196305
0.0029884942331938153	0.15031068728686156
0.002996290575321569	0.1500737612928792
0.003004109330771549	0.14983673456795318
0.003011950758028888	0.14959960818468823
0.0030198151188312967	0.1493623913013837
0.003027702682293963	0.14912505295985984
0.0030356137208128655	0.14888763347968953
0.003043548511092632	0.14865013102541397
0.003051507336705713	0.14841252987479664
0.0030594904851329605	0.14817485025709037
0.0030674982507057965	0.14793707758641728
0.0030755309321237483	0.14769922812319547
0.0030835888350051795	0.14746129139191924
0.00309167227014387	0.14722327972066512
0.0030997815549890346	0.1469851906452241
0.003107917012340011	0.1467470345425434
0.0031160789728091197	0.14650879532380615
0.003124267772476408	0.14627049715001622
0.0031324837547399985	0.14603212993128611
0.0031407272699792792	0.14579369734169376
0.0031489986761324873	0.14555520017753734
0.0031572983379434347	0.14531664801485292
0.0031656266279882603	0.14507803979186418
0.0031739839278210305	0.14483937355725415
0.003182370624477269	0.1446006609249653
0.003190787115892706	0.14436189620094161
0.0031992338074913586	0.14412308818826333
0.003207711113892029	0.14388423517794635
0.003216219459425999	0.1436453441404083
0.0032247592754761035	0.14340641826668835
0.0032333310054073593	0.1431674522515327
0.0032419351027132403	0.14292846177636567
0.00325057203039226	0.1426894378893677
0.0032592422626576967	0.1424503935105243
0.003267946283143481	0.1422113236545993
0.003276684588752321	0.14197223944574827
0.0032854576871642486	0.1417331388933149
0.0032942660993554944	0.1414940201198713
0.003303110357276011	0.14125490377096964
0.003311991006960546	0.14101577690336115
0.0033209086076382826	0.14077664909055893
0.003329863732205213	0.14053752623380247
0.003338856968349558	0.14029840690040804
0.003347888918098545	0.14005930179116788
0.003356960199773661	0.13982020414403856
0.0033660714468886138	0.13958113127034355
0.0033752233095097287	0.13934208122012426
0.00338441645583397	0.13910304945175317
0.0033936515711405118	0.1388640553284295
0.003402929358704078	0.1386250999890672
0.0034122505423869105	0.13838617381244284
0.0034216158651514846	0.13814729732295575
0.0034310260902977465	0.13790847204509316
0.003440482003963491	0.13766969424180678
0.003449984412830288	0.137430985587377
0.003459534148895338	0.13719233003001133
0.0034691320664849965	0.1369537530587212
0.003478779046948495	0.13671524169675853
0.003488475996360361	0.13647681806258308
0.0034982238495759933	0.13623847314859613
0.003508023568724199	0.13600022753518687
0.003517876146516225	0.13576207528070852
0.0035277826069360996	0.13552402309861253
0.0035377440060632235	0.13528608581818924
0.0035477614333913826	0.13504826784010407
0.0035578360152728064	0.13481056589299364
0.0035679689135897715	0.13457300064262928
0.0035781613299102435	0.13433556404098806
0.0035884145079084096	0.1340982841273807
0.0035987297308199026	0.13386114989486556
0.0036091083284484535	0.133624176772376
0.0036195516774934254	0.13338736914689017
0.0036300612038777814	0.13315074121355275
0.003640638383760779	0.13291384185034977
0.0036512848601078403	0.13267689321302428
0.0036620020032399796	0.1324422189759023
0.003672791570414203	0.13220616261783177
0.003683655274268121	0.13197103398057508
0.0036945947768534547	0.1317363774398738
0.003705612161949134	0.13149983133969967
0.003716709238713308	0.13126519239044457
0.00372788801071677	0.1310305867888398
0.0037391505653766744	0.13079626060562047
0.0037504990779872165	0.13056222964392092
0.003761935818165166	0.13032849931457058
0.0037734631550001233	0.13009507650673596
0.0037850835657623648	0.12986198379253044
0.0037967996314996408	0.12962928840753915
0.0038086140614208247	0.12939691664432001
0.0038205296901055097	0.12916492887939574
0.0038325494864909094	0.12893334535942727
0.0038446765665464135	0.12870216817374092
0.0038569142010736125	0.1284714267550755
0.003869265826633597	0.12824114235801945
0.003881735059823048	0.1280113282384081
0.0038943257069025635	0.12778200942313206
0.003907041782203483	0.12755321045103593
0.003919887521278164	0.12732495710711095
0.0039328673994204685	0.12709727166085005
0.003945986151685183	0.12687017384598354
0.003959248794686035	0.12664370601894415
0.0039726606465843705	0.12641789604340692
0.003986227358986678	0.12619276405944305
0.003999954944034696	0.12596835557479763
0.004013849803097418	0.12574470464570958
0.004027918771271269	0.1255218517706036
0.004042169155040761	0.1252998305748122
0.0040566087781570125	0.12507869592404822
0.004071246035763599	0.12485789705481617
0.004086090165698013	0.12463777811014608
0.004101150475491182	0.1244213450035452
0.004116437677796133	0.12420395783984323
0.0041319631424096715	0.12398802072317482
0.00414773921145994	0.12377331423885955
0.004163779317746134	0.12355991312550657
0.004180098125521812	0.123348524079464
0.0041967114385333786	0.1231389358957343
0.00421363740052288	0.12292812509786516
0.004230895225733408	0.12272116681896647
0.00424850645918481	0.12251572028042342
0.00426649506229522	0.12231221466914399
0.004284887805404353	0.12211081031620441
0.004303714752008733	0.12191167542043715
0.004323009855915953	0.12171499947065352
0.004342811700451658	0.12152100885950773
0.004363164435561595	0.12132994625069443
0.004384118968583184	0.12114210173761927
0.004405734505938424	0.12095780862250427
0.004428080577162764	0.12077746472674109
0.004451239741884387	0.12060153711949936
0.004475311289293902	0.12043058011149595
0.004500416392782149	0.12026529525721688
0.0045267055287115604	0.12010652075992492
0.004554369456710947	0.11995534024182937
0.004583656143060511	0.11981316349273274
0.004614898100176286	0.11968186415447486
0.004648559217919193	0.11956407693759898
0.004685321394128152	0.11946366128349017
0.004726262234420654	0.11938671489840354
0.004773278178311621	0.1193439292614009
0.0048303649703305305	0.11935794838644012
0.004909935748222123	0.11949929801524202
0.005174774507773248	0.12099801130003948
0.005254088206007905	0.1217553680037373
0.005310918348309876	0.12238534461046764
0.00535767807188063	0.12295794888156403
0.005398363120660655	0.12349577783565781
0.005434869933741089	0.12400961449083202
0.00546827611616625	0.1245055628824028
0.005499263565268927	0.12498748434605758
0.005528296170328634	0.12545799571122565
0.005555706443202643	0.12591898778796812
0.005581742349939125	0.12637185706899234
0.005606594650608987	0.12681767838338717
0.005630413818817096	0.1272573166488617
0.005653321028633058	0.12769144001256932
0.005675415568763609	0.12812061725413085
0.005696779998280015	0.12854531452667786
0.005717483846337483	0.1289659193756886
0.005737586318843558	0.12938276731595572
0.005757138322476418	0.12979614284795832
0.00577618400702416	0.13020630199377856
0.0057947619552578275	0.13061345299639054
0.005812906120497269	0.13101778929249183
0.0058306465657063196	0.13141948152703933
0.005848010060902944	0.13181867014455498
0.005865020566992593	0.13221517337147506
0.005881699628542778	0.13261176246929787
0.005898066459337242	0.13300319849779718
0.005914139202741205	0.13339294573677865
0.005929933661892756	0.133781418608769
0.005945464500862233	0.13416802600964667
0.005960745151987407	0.13455284378899188
0.0059757879569027955	0.13493625395839587
0.005990604288069193	0.13531578014472606
0.006005204851547892	0.13569658267966753
0.006019598957563425	0.13607550940925803
0.006033795843520139	0.1364522919311372
0.0060478039042181206	0.1368276264945784
0.006061630962836157	0.137201544364734
0.006075284325703603	0.13757409385027372
0.006088770824597425	0.1379453101919726
0.006102096866239547	0.13831523059599962
0.006115268459479588	0.1386838750853878
0.006128291255479615	0.13905128719544388
0.006141170573496351	0.13941749810355625
0.006153911426941631	0.13978251949179185
0.00616651855186232	0.14014638454117773
0.006178996423128741	0.1405091205916423
0.0061913492761685365	0.14087074829093785
0.0062035811235554485	0.1412312870263404
0.00621569577373217	0.14159075320308975
0.006227696841597597	0.14194917393128628
0.006239587763466757	0.14230656539667141
0.006251371809736275	0.14266293278371836
0.006263052095991247	0.1430183096329028
0.006274631590910815	0.14337270771545513
0.006286113128532005	0.1437260927843468
0.006297499417992712	0.1440785774750999
0.006308793039949015	0.14443011698981595
0.006319996471286797	0.1447807146616568
0.006331112080682525	0.14513038992923483
0.006342142137610965	0.14547916271726988
0.006353088816947292	0.1458270403115898
0.006363954205742817	0.14617377298724465
0.0063747403073426264	0.14652146722091244
0.00638544893040861	0.146865921747541
0.00639608215865614	0.14720978542563515
0.006406641653775912	0.14755358542293145
0.006417129128004312	0.14789476766191356
0.006427546338370722	0.1482374270561781
0.006437894654892686	0.1485789902888996
0.00644817571984539	0.14891922722352163
0.006458391009832402	0.14925865763894466
0.006468541950105593	0.14959728173756484
0.0064786299168981655	0.14993511009711097
0.006488656238981603	0.15027214039735484
0.006498622203319029	0.1506083993671173
0.006508529048268394	0.15094386954097744
0.006518377977079364	0.15127857337613462
0.006528170151315018	0.15161250070916182
0.006537906697160303	0.15194566776638166
0.006547588703816687	0.15227808175965282
0.006557217227012611	0.1526097378092681
0.006566793290571339	0.1529406397541541
0.006576317886811698	0.15327080527828496
0.0065857919777262495	0.15360022193558853
0.006595216497900163	0.15392891018573115
0.006604592353098751	0.15425685518459722
0.0066139204244073406	0.15458408124181452
0.006623201565932673	0.15491056910597406
0.006632436609512984	0.15523634598634198
0.0066416263614850115	0.15556139635631028
0.006650771607799442	0.15588573304289755
0.006659873111430818	0.15620936269611377
0.006668931615167962	0.15653227031692907
0.006677947842626495	0.15685447465006466
0.00668692249688988	0.15717598209061895
0.006695856262940536	0.15749677826465192
0.006704749808779795	0.15781687555846566
0.006713603784191498	0.15813628323820636
0.006722418822535741	0.1584549886340165
0.006731195541954189	0.15877300607685857
0.006739934544062485	0.15909032999205486
0.006748636416577322	0.1594069683467773
0.00675730173198391	0.15972292065195146
0.006765931049480545	0.16003818210607665
0.006774524914733906	0.1603527732217149
0.00678308385959953	0.1606666763638577
0.006791608404686922	0.16097989924014508
0.006800099057678247	0.1612924495465388
0.006808556313665202	0.16160431999854583
0.006816980659067344	0.1619155214258215
0.006825372566467017	0.16222604424848838
0.00683373249980708	0.16253590355003036
0.006842060909968607	0.16284508637674935
0.006850358240073892	0.16315360345383667
0.006858624923920923	0.16346145576188534
0.006866861384328921	0.16376863989068607
0.006875068035690979	0.1640751621719574
0.006883245283338948	0.1643810169099256
0.006891393523685744	0.16468621476613637
0.006899513146160757	0.1649907466607976
0.006907604530911908	0.16529461882570404
0.0069156680501384	0.1655978363942055
0.0069237040687139696	0.16590039233310283
0.0069317129442408466	0.1662022894996157
0.006939695026916302	0.1665035273999262
0.00694765066001085	0.16680412110728435
0.006955580179305413	0.16710404668630158
0.0069634839154816535	0.1674033258881382
0.006971362191033497	0.16770195029746135
0.006979215323300693	0.16799992603754943
0.006987043622901527	0.1682972423359375
0.00699484739513305	0.1685939142990549
0.007002626938845068	0.1688899265478571
0.00701038254800579	0.16918529874720867
0.007018114510042629	0.16948001087461756
0.007025823108241429	0.16977408377700212
0.007033508619306277	0.17006752243379464
0.007041171315480236	0.1703602837717882
0.0070488114656284	0.17065240583293337
0.007056429331455385	0.17094388091454238
0.0070640251711287854	0.1712347104799728
0.007071599237855027	0.1715249005940898
0.007079151780290385	0.17181443420850448
0.007086683043411767	0.17210333356896546
0.007094193266831967	0.1723915792182179
0.007101682686998431	0.1726791888294359
0.007109151535833509	0.17296614165743102
0.0071166000419006685	0.17325246125731175
0.007124028428654607	0.17353813147233588
0.007131436917074394	0.17382316187727592
0.0071388257234958116	0.1741075444341604
0.007146195061542175	0.17439128992084485
0.007153545140529758	0.17467436780345588
0.007160876167691826	0.17495682787523695
0.007168188344251787	0.1752386573442984
0.007175481869926432	0.17551982313335524
0.007182756942096718	0.17580035269320968
0.007190013753300362	0.1760802366262162
0.007197252494126656	0.1763594786427112
0.007204473351466897	0.1766380836603425
0.007211676509522573	0.17691602538944362
0.007218862149846372	0.17719345071472728
0.007226030446489101	0.1774700708191322
0.0072331815842041495	0.17774607367446088
0.007240315731357897	0.17802146302443722
0.007247433058937568	0.17829621730254586
0.0072545337344039115	0.17857032933358222
0.007261617923331726	0.1788438004306138
0.007268685788647196	0.17911662214005494
0.007275737491062358	0.17938881286022962
0.007282773188332514	0.1796603592398167
0.007289793036594837	0.17993125767420887
0.0072967971895421275	0.18020151436385487
0.0073037857984267485	0.1804711392456811
0.007310759011959571	0.1807401188583572
0.007317716977578145	0.18100846192918726
0.007324659839863875	0.1812761586381679
0.007331587742049959	0.18154320656328746
0.007338500825123346	0.18180962316625782
0.007345399227484618	0.18207519538277872
0.00735228308670522	0.18234149470155936
0.007359152492822677	0.18260538636642057
0.007366007670030662	0.18286883828762118
0.007372848700990841	0.18313204226610125
0.007379675719032679	0.18339459917351605
0.007386488850846321	0.1836565254551342
0.007393288222122678	0.18391779345717008
0.0074000739580714625	0.18417842597672435
0.007406846180798749	0.1844384231136868
0.007413605011527079	0.18469777102481538
0.007420350570103578	0.18495647104591206
0.007427082974556232	0.1852145308879395
0.007433802341186499	0.1854719532040722
0.007440508784758198	0.1857287291602414
0.007447202418969734	0.18598486268612996
0.007453883355747199	0.18624034618218294
0.007460551705886931	0.18649519001045078
0.007467207578348346	0.18674939170946725
0.007473851080875785	0.1870029462357895
0.007480482320135327	0.1872558601476922
0.007487101401025506	0.1875081594627722
0.007493708427473534	0.18775958896866882
0.00750030350888899	0.18801065845849108
0.007506886732799695	0.1882610644457274
0.007513458206151755	0.18851075246924728
0.007520018027419797	0.18875978629148688
0.007526566294668211	0.18900818562162333
0.007533103103878703	0.1892559414603678
0.007539628550380473	0.18950304740146853
0.007546142728580333	0.18974946808061385
0.007552645731627679	0.18999547076612014
0.00755913764451689	0.1902405367669233
0.007565618571469107	0.19048500095748924
0.007572088595200735	0.1907288713494469
0.007578547805028869	0.19097209405041085
0.00758499628842236	0.1912146665618726
0.007591434132170076	0.19145660101632903
0.007597861421540165	0.191697888294966
0.007604278241472737	0.19193852058522484
0.007610684675963342	0.19217850219155017
0.007617080807633666	0.1924178429282938
0.007623466718188357	0.19265653028032378
0.007629842488801517	0.19289457209056612
0.007636208199212111	0.19313196372868532
0.007642563928876681	0.19336870594412833
0.007648909755902432	0.19360479840993441
0.00765524575769336	0.1938402418866365
0.007661572010926892	0.1940750351127741
0.0076678885912361645	0.19430917777647078
0.007674195573591805	0.1945426706546585
0.007680493032066103	0.1947755130381524
0.007686781039896796	0.1950077042208813
0.007693059669648575	0.19523924458955097
0.0076993289930112	0.19547014669441923
0.007705589081009072	0.19570030990071238
0.007711840006164394	0.19592993340945203
0.007718081833220135	0.19615889384888657
0.007724314633370001	0.19638717521865903
0.007730538474782044	0.19661480603596207
0.007736753424676742	0.1968417828734204
0.007742959549635739	0.19706810754320456
0.007749156915675808	0.19729377993218186
0.00775534558792761	0.19751879841281017
0.007761525631259968	0.19774316288096924
0.007767697109545487	0.19796687531938784
0.007773860085972373	0.1981899328593095
0.0077800146233467544	0.19841233638709802
0.007786160783579216	0.19863408582024117
0.0077922986282582315	0.19885518066457902
0.0077984282180939895	0.19907562056939385
0.00780454961333066	0.1992954061687853
0.007810662873633839	0.19951453698333996
0.007816768057807672	0.19973301113434694
0.007822865224613422	0.19995083321019708
0.007828954431716502	0.20016799514784253
0.00783503573661872	0.20038450212028222
0.007841109196022182	0.200600353387066
0.00784717486616184	0.20081554793475037
0.007853232802728266	0.20103008701530717
0.007859283060822642	0.20124396820497442
0.00786532569517508	0.2014571929123745
0.007871360759756132	0.20166976042233664
0.007877388308396656	0.20188166974051794
0.007883408394116718	0.20209292258305436
0.007889421069469198	0.20230365433409553
0.007895426386662577	0.20251276300106086
0.007901424422039088	0.20272246885884584
0.007907415176756371	0.20293136962288608
0.007913398726815252	0.20313933097666426
0.007919375122427854	0.20334663287070012
0.007925344413291072	0.2035532756394575
0.007931306648931526	0.20375925947964724
0.007937261878119755	0.2039645845954398
0.007943210149258936	0.20416924917526508
0.007949151510285015	0.20437325415702323
0.007955086009050887	0.2045765993272795
0.007961013692535842	0.20477928433457152
0.007966934607240605	0.20498130926751706
0.007972848800045285	0.2051826732035106
0.007978756316496482	0.205383376679363
0.007984657202299392	0.20558341921851364
0.007990551502463925	0.20578280049596184
0.007996439261777268	0.20598152033741762
0.008002320524564436	0.20617957989114452
0.008008195334757122	0.20637697694509963
0.00801406373597193	0.20657371222222437
0.008019925771445741	0.20676978542326094
0.008025781484020241	0.20696519713784844
0.008031630916055792	0.207159947226486
0.00803747410987775	0.2073540336402304
0.008043311107257235	0.20754745728226343
0.008049141949481428	0.20774072511816924
0.008054966677700599	0.20792977773644433
0.00806078541869547	0.2081227699350417
0.008066598039685598	0.20831456947536636
0.008072404667842505	0.2085046782576161
0.008078205342956292	0.20869412346517
0.008084000104408835	0.20888290396735137
0.008089788991300499	0.20907102251070084
0.008095572042473088	0.20925847573734452
0.008101349296359608	0.20944526566684904
0.008107120791101808	0.2096313913352516
0.008112886564567616	0.20981685163599698
0.008118646654307797	0.21000164876099534
0.008124401097500126	0.21018577981161304
0.008130149931216192	0.21036924729840079
0.00813589319203074	0.21055204907820665
0.008141630916246157	0.21073418692704085
0.00814736314013038	0.21091565840747625
0.00815308989943144	0.2110964651597203
0.00815881122964464	0.21127660535586007
0.00816452716602919	0.2114560821628928
0.008170237743557877	0.21163489179376457
0.008175942996983647	0.21181303607151
0.00818164296069588	0.21199051363746993
0.008187337668956561	0.21216732663290677
0.008193027154904931	0.21234347279714602
0.008198711453601206	0.21251895276628952
0.008204390597859797	0.21269376672311077
0.008210064620808904	0.21286791363806865
0.008215733555359919	0.21304139431756566
0.008221397434167318	0.21321420865716179
0.008227056289631123	0.2133863554880547
0.00823271015400837	0.21355783686163676
0.008238359059182116	0.21372865008375724
0.00824400303691872	0.21389879676237633
0.008249642118571317	0.2140682766661347
0.008255276335600279	0.21423708818768256
0.008260905718954567	0.21440523434086764
0.008266530299384381	0.21457271198319736
0.008272150107507483	0.21473952245141395
0.008277765173691172	0.21490566523201757
0.008283375528079773	0.21507114121082774
0.00828898120058852	0.21523594802902626
0.008294582220940273	0.21540008890872414
0.008300178618637393	0.21556356103113425
0.00830577042292961	0.21572636593022604
0.008311357663028119	0.2158885021909383
0.008316940367788371	0.21604997104925389
0.008322518565832432	0.21621077187737778
0.00832809228572823	0.21637090436630418
0.008333661555740548	0.21653036899072212
0.008339226403954183	0.21668916513862527
0.00834478685827409	0.21684729407868492
0.008350342946429404	0.21700475380055878
0.008355894695952567	0.21716154558744716
0.008361442134095943	0.21731766868891408
0.00836698528818376	0.21747312393046617
0.008372524185069057	0.21762791025793649
0.00837805885144498	0.21778202819483938
0.008383589314219037	0.21793547905531802
0.008389115599633568	0.21808825928019843
0.00839463773401413	0.21824037287898798
0.008400155743353252	0.21839181629329932
0.00840566965368169	0.21854259292078512
0.00841117949065032	0.21869269936537808
0.008416685279828516	0.21884213761817894
0.008422187046745843	0.21899090792920214
0.008427684816568519	0.21913900913225728
0.008433178614364888	0.21928644276083126
0.008438668465082566	0.21943320559167498
0.008444154393527623	0.219579301556765
0.008449636424222128	0.21972472838884058
0.008455114581658572	0.21986948685525315
0.008460588890110133	0.2200135764497548
0.008466059373714618	0.22015699683341827
0.00847152605650327	0.22029974974499925
0.008476988962184316	0.2204418332560762
0.008482448114643593	0.2205832489614088
0.008487903537301956	0.2207239952589628
0.008493355253599264	0.22086407359657761
0.008498803286744145	0.22100348366178368
0.00850424765984278	0.22114222418805338
0.008509688395919564	0.221280297603981
0.00851512551775086	0.22141770152347934
0.00852055904806081	0.22155443678421416
0.008525989009381545	0.221690505029221
0.008531415424031765	0.22182590420548381
0.008536838314477498	0.22196064064872578
0.00854225770278375	0.2220946695709425
0.008547673611824791	0.2222280729089812
0.008553086061989143	0.22236080781584464
0.008558495075678985	0.22249286570087934
0.008563900674517386	0.2226242558428183
0.008569302879984472	0.22275497847924877
0.00857470171344851	0.22288503320635936
0.008580097196167044	0.2230144193010785
0.008585489349280056	0.223143138155001
0.008590878193693462	0.22327118888940795
0.008596263750465762	0.223398572746126
0.00860164604025849	0.2235252878790283
0.008607025083729956	0.22365133570594178
0.00861240090143857	0.2237767169938003
0.00861777351374789	0.22390143039786728
0.008623142940981456	0.22402547572133036
0.008628509203382703	0.22414885489309094
0.008633872320886481	0.22427156608805737
0.008639232313533994	0.2243936110870132
0.008644589201146724	0.22451498872585307
0.008649943003478067	0.22463569834128486
0.008655293740100966	0.22475574287721617
0.008660641430635009	0.22487512003280527
0.00866598609446337	0.22499383145651647
0.008671327750852833	0.22511187452638798
0.008676666419075836	0.22522925238291297
0.008682002118167607	0.22534596487431627
0.008687334867126334	0.2254620097211722
0.008692664684897222	0.22557738893031204
0.008697991589986104	0.22569210220183508
0.008703315601609085	0.22580614973936855
0.008708636738100945	0.22591953125434688
0.008713955017863305	0.22603224861066035
0.008719270459469243	0.22614429921329485
0.008724583081168543	0.22625568411563776
0.00872989290115808	0.22636640536209784
0.008735199937523662	0.2264764597051288
0.008740504208338988	0.2265858505342244
0.00874580573147925	0.2266945765921546
0.008751104524802978	0.2268026372990258
0.008756400606068472	0.22691003356996786
0.00876169399292851	0.22701676516154135
0.008766984702945508	0.22712283399677025
0.008772272753571463	0.22722823751015914
0.0087775581622707	0.2273329768090121
0.008782840946190125	0.2274370539971193
0.00878812112270852	0.2275404660188196
0.008793398708934638	0.22764321533146403
0.008798673721866598	0.22774530121816872
0.008803946178502622	0.22784672330779226
0.008809216095721507	0.2279474839031018
0.008814483490281955	0.2280475802951949
0.008819748378961509	0.22814701497144219
0.008825010778351084	0.22824578723504815
0.008830270705014416	0.22834389707085287
0.00883552817544671	0.2284413444654153
0.008840783206048166	0.22853812991377273
0.008846035813053517	0.22863425475243637
0.008851286012848358	0.22872971713328044
0.008856533821553297	0.22882451773694815
0.008861779255209834	0.22891865808311151
0.008867022329896217	0.22901213751050756
0.008872263061553795	0.22910495502960093
0.008877501466044874	0.22919711352554578
0.008882737559081554	0.22928861099873069
0.00888797135649894	0.22937944782241954
0.008893202873937803	0.22946962554776823
0.008898432126952724	0.22955914353751913
0.00890365913101382	0.22964800099407984
0.008908883901665006	0.22973619948765206
0.008914106454212804	0.2298237397436882
0.008919326803922687	0.2299106206350664
0.008924544966118369	0.22999684256430186
0.008929760955940504	0.23008240525883175
0.008934974788493524	0.23016731183690545
0.008940186478730332	0.2302515594864258
0.00894539604174647	0.2303351479551339
0.00895060349241531	0.23041808105580713
0.008955808845490774	0.23050035581487419
0.008961012115876223	0.2305819733498334
0.00896621331817366	0.23066293477188657
0.008971412467141263	0.2307432388211781
0.008976609577299748	0.23082288696490216
0.008981804663234621	0.23090187862828787
0.00898699773938972	0.2309802156272641
0.008992188820023235	0.23105789518120243
0.008997377919768498	0.23113492133545507
0.009002565052775625	0.23121129062778292
0.009007750233274965	0.23128700592553228
0.009012933475426341	0.23136206718313504
0.009018114793437088	0.23143647351693983
0.009023294201218763	0.2315102257536471
0.00902847171284152	0.23158332403855952
0.009033647342231372	0.23165576920577205
0.00903882110331104	0.23172756191988758
0.009043993009895114	0.2317986996033848
0.009049163075800953	0.2318691867024723
0.009054331314600799	0.23193901977895676
0.009059497740156667	0.23200820209613005
0.009064662366062869	0.2320767312502066
0.00906982520574936	0.23214460965673214
0.009074986272923833	0.23221183680537366
0.009080145580981256	0.23227841305788902
0.009085303143271169	0.23234433723257367
0.00909045897323217	0.2324096133044534
0.009095613084076519	0.2324742376844282
0.009100765489203154	0.23253821230579386
0.009105916201707778	0.23260153754173185
0.009111065234754098	0.23266421394832063
0.009116212601535376	0.2327262422538341
0.00912135831505769	0.23278762009639298
0.009126502388394828	0.23284835063325468
0.009131644834425483	0.23290843356587612
0.009136785666152647	0.23296786809498596
0.009141924896473554	0.23302665497552788
0.009147062538183634	0.2330847954796059
0.009152198604069671	0.23314229053547741
0.009157333106854206	0.23319913676630427
0.009162466059243026	0.23325533788606925
0.009167597473944524	0.23331089396521493
0.009172727363487284	0.23336580440044352
0.009177855740513613	0.23341997016423283
0.009182982617349204	0.23347418378251145
0.00918810799373167	0.23352686000654463
0.009193231908094983	0.23357899248657682
0.0091983543599558	0.23363068095693315
0.009203475361287078	0.23368172523858036
0.009208594924598364	0.23373212683820982
0.009213713062143448	0.2337818860387558
0.009218829786176972	0.23383100244210547
0.009223945108881611	0.2338794770399611
0.009229059042208063	0.2339273104770197
0.009234171598871752	0.23397450167069106
0.009239282790187112	0.23402105232186016
0.009244392628739434	0.2340669622177154
0.009249501126508672	0.23411223202380443
0.009254608295179018	0.23415686223096466
0.009259714146765413	0.23420085298821855
0.009264818693172692	0.23424420444947647
0.009269921946339485	0.23428691642630856
0.00927502391794424	0.23432899116645842
0.009280124619883182	0.23437042760987664
0.009285224063853329	0.23441122593053298
0.009290322261574375	0.2344513878647186
0.009295419224708586	0.2344909116706566
0.009300514964937872	0.23452979962388215
0.009305609493816374	0.23456805241960088
0.00931070282292479	0.2346056672855617
0.009315794963848404	0.23464264895012218
0.009320885928040418	0.23467899410590243
0.009325975726985765	0.23471470644933107
0.00933106437213866	0.2347497826806453
0.009336151874931609	0.23478422615957573
0.009341238246710014	0.23481803568486556
0.009346323498819791	0.23485121374193335
0.00935140764256311	0.23488375722117372
0.00935649068927629	0.23491567002091837
0.009361572650116395	0.2349469500782557
0.009366653536423316	0.23497759902822168
0.009371733359227625	0.23500761709195808
0.009376812129898267	0.23503700520144097
0.00938188985946122	0.2350657630639077
0.009386966559020956	0.2350938903992087
0.009392042239675146	0.23512138815401257
0.009397116912422357	0.23514825797052422
0.009402190588363907	0.23517449974131838
0.009407263278429017	0.23520011197422377
0.009412334993625242	0.23522509738321631
0.009417405744842629	0.23524945674005251
0.00942247554300782	0.2352731876836649
0.009427544399040904	0.2352962925943563
0.00943261232375798	0.2353187717334847
0.009437679327996846	0.23534062625047084
0.0094427454225683	0.23536185449203512
0.009447810618262322	0.23538245902570015
0.009452874925810989	0.2354024392475866
0.009457938355958638	0.2354217958016812
0.009463000919388816	0.23544052792726733
0.009468062626822421	0.23545863872854395
0.00947312348885989	0.23547612655975986
0.009478183516208548	0.235492992434462
0.009483242719437552	0.23550923770186016
0.009488301109099952	0.2355248602132522
0.00949335869584185	0.23553986379948824
0.009498415490120218	0.2355542459501152
0.009503471502506756	0.2355680096306509
0.00950852674346372	0.23558115356531092
0.009513581223473982	0.23559367896714542
0.00951863495298592	0.23560565907049486
0.009523687942432128	0.23561650805756496
0.009528740211699844	0.2356274072414128
0.009533791752080342	0.23563761047754533
0.009538842583629964	0.23564704870254446
0.009543892716652782	0.23565587146090036
0.00954894216143766	0.235664078914097
0.00955399092831725	0.2356716708886548
0.009559039027569612	0.2356786487943396
0.009564086469459922	0.23568501210436205
0.009569133264234374	0.23569076293968905
0.009574179422118752	0.23569590059490078
0.009579224953335705	0.2357004243929922
0.009584269868071413	0.23570433646934538
0.009589314176530434	0.23570763823747862
0.009594357888820165	0.23571032813164217
0.00959940101511156	0.23571240637090257
0.009604443565536795	0.23571387579918354
0.009609485550169295	0.23571473572830243
0.009614526979106178	0.23571498550054304
0.009619567862400775	0.23571462762275164
0.00962460821015259	0.23571366124367502
0.009629648032380214	0.23571208694829535
0.009634687339096015	0.2357099053124251
0.009639726140323079	0.2357071177942645
0.009644764446036786	0.23570372426170094
0.009649802266213762	0.23569972477693535
0.00965483961082356	0.23569511958242398
0.009659876489799333	0.23568990997896305
0.009664912913101986	0.2356840967298273
0.009669948890626645	0.2356776804267369
0.00967498443224868	0.2356706604363441
0.009680019547899677	0.2356630375506574
0.009685054247385801	0.23565481395505034
0.009690088540664537	0.2356459870810293
0.009695122437572305	0.23563656038565076
0.009700155947901965	0.23562653252122512
0.009705189081498132	0.2356159060591452
0.009710221848139812	0.23560467965891826
0.009715254257646874	0.23559285344265007
0.009720286319829458	0.23558042892454278
0.009725318044437745	0.23556740830691322
0.00973034944120355	0.2355537893865038
0.00973538051992394	0.23553957335841327
0.009740411290324128	0.23552476138389333
0.009745441762128949	0.2355093539258263
0.009750471945059984	0.23549335145114994
0.009755501848798035	0.2354767544309351
0.009760531483064145	0.2354595633404723
0.00976556085754235	0.23544177874716732
0.009770589981917722	0.23542340034520423
0.009775618865869714	0.23540443049565563
0.009780647519014564	0.23538486891932306
0.009785675951023934	0.235364715623864
0.009790704171530875	0.2353439717930096
0.009795732190167683	0.23532263758197305
0.009800760016514632	0.23530071391742174
0.00980578766026876	0.23527820110051967
0.009810815130988358	0.23525509978053144
0.009815842438275704	0.2352314104274394
0.009820869591722034	0.23520713385153896
0.009825896600892862	0.23518227022702493
0.009830923475365768	0.23515682039326927
0.00983595022472897	0.23513078498579665
0.00984097685852596	0.23510416424365801
0.00984600338631011	0.2350769589955424
0.009851029817631828	0.23504916983307836
0.0098560561620276	0.2350207971271593
0.009861082429029023	0.23499184155465383
0.009866108628172094	0.23496230370174995
0.009871134768967789	0.23493218422870923
0.009876160860908414	0.23490148348026935
0.009881186913571512	0.23487020221682373
0.009886212936399165	0.2348383409799496
0.009891238938971205	0.23480590038953528
0.009896264930709721	0.23477288092464987
0.009901290921134535	0.23473928317854686
0.009906316919728594	0.23470510784893936
0.009911342935974012	0.23467035542179218
0.00991636897932495	0.23463502651527512
0.009921395059333496	0.23459912171085529
0.009926421185410926	0.23456264169889335
0.009931447367039388	0.23452558688626418
0.009936473613685022	0.23448795782130458
0.009941499934820271	0.2344497554358636
0.009946526339883435	0.23441098013135153
0.009951552838358874	0.2343716323555388
0.00995657943969416	0.2343317128957255
0.009961606153332832	0.2342912223119551
0.00996663298874254	0.23425016112659025
0.009971659955365985	0.2342085301761782
0.009976687062652666	0.23416632972084878
0.009981714320050048	0.23412356059737116
0.009986741737005868	0.23408022429561492
0.00999176932296503	0.23403631672714964
0.009996797087494961	0.2339918454437475