0.	0.39665475433251046	0	0.39665475433251046
2.5025025025025024e-6	0.3960438701225173	0	0.3960438701225173
5.005005005005005e-6	0.3954292972606768	0	0.3954292972606768
7.507507507507507e-6	0.3948110550275506	0	0.3948110550275506
0.00001001001001001001	0.39418919140964515	0	0.39418919140964515
0.000012512512512512513	0.39356375153117207	0	0.39356375153117207
0.000015015015015015015	0.3929347801381454	0	0.3929347801381454
0.000017517517517517516	0.3923023214295725	0	0.3923023214295725
0.00002002002002002002	0.39166642026886006	0	0.39166642026886006
0.000022522522522522523	0.391027120582683	0	0.391027120582683
0.000025025025025025026	0.39038446669395277	0	0.39038446669395277
0.000027527527527527526	0.389738502596726	0	0.389738502596726
0.00003003003003003003	0.3890892718485142	0	0.3890892718485142
0.00003253253253253253	0.38843681846274525	0	0.38843681846274525
0.00003503503503503503	0.3877811858887185	0	0.3877811858887185
0.000037537537537537536	0.3871224172019264	0	0.3871224172019264
0.00004004004004004004	0.38646055593033424	0	0.38646055593033424
0.00004254254254254254	0.3857956450886326	0	0.3857956450886326
0.000045045045045045046	0.3851277273593433	0	0.3851277273593433
0.00004754754754754755	0.38445684531291546	0	0.38445684531291546
0.00005005005005005005	0.3837830419003821	0	0.3837830419003821
0.000052552552552552556	0.38310635902966833	0	0.38310635902966833
0.00005505505505505505	0.382426839064598	0	0.382426839064598
0.000057557557557557555	0.38174452428683525	0	0.38174452428683525
0.00006006006006006006	0.38105945623783055	0	0.38105945623783055
0.00006256256256256256	0.3803716753192352	0	0.3803716753192352
0.00006506506506506506	0.37968122510709607	0	0.37968122510709607
0.00006756756756756757	0.3789881462909322	0	0.3789881462909322
0.00007007007007007007	0.378292477937454	0	0.378292477937454
0.00007257257257257258	0.37759426335309765	0	0.37759426335309765
0.00007507507507507507	0.3768935414220652	0	0.3768935414220652
0.00007757757757757758	0.3761903541212401	0	0.3761903541212401
0.00008008008008008008	0.3754847412016959	0	0.3754847412016959
0.00008258258258258259	0.3747767417543723	0	0.3747767417543723
0.00008508508508508508	0.3740663975655951	0	0.3740663975655951
0.00008758758758758758	0.37335374494858015	0	0.37335374494858015
0.00009009009009009009	0.3726388282618789	0	0.3726388282618789
0.00009259259259259259	0.37192168197866593	0	0.37192168197866593
0.0000950950950950951	0.3712023483679121	0	0.3712023483679121
0.0000975975975975976	0.3704808654148262	0	0.3704808654148262
0.0001001001001001001	0.3697572702368815	0	0.3697572702368815
0.0001026026026026026	0.36903160299905646	0	0.36903160299905646
0.00010510510510510511	0.36830390104935545	0	0.36830390104935545
0.00010760760760760761	0.3675742015054978	0	0.3675742015054978
0.0001101101101101101	0.3668425458212838	0	0.3668425458212838
0.00011261261261261261	0.36610896664615733	0	0.36610896664615733
0.00011511511511511511	0.36537350419438236	0	0.36537350419438236
0.00011761761761761762	0.36463619621933524	0	0.36463619621933524
0.00012012012012012012	0.36389707818078454	0	0.36389707818078454
0.00012262262262262261	0.36315618522447646	0	0.36315618522447646
0.00012512512512512512	0.3624135557351562	0	0.3624135557351562
0.00012762762762762763	0.3616692261144115	0	0.3616692261144115
0.00013013013013013012	0.3609232335657415	0	0.3609232335657415
0.00013263263263263263	0.36017561058891734	0	0.36017561058891734
0.00013513513513513514	0.3594263958751581	0	0.3594263958751581
0.00013763763763763765	0.35867562134133696	0	0.35867562134133696
0.00014014014014014013	0.35792332561351176	0	0.35792332561351176
0.00014264264264264264	0.35716954263955414	0	0.35716954263955414
0.00014514514514514515	0.3564143043975406	0	0.3564143043975406
0.00014764764764764766	0.35565764830442	0	0.35565764830442
0.00015015015015015014	0.35489960817187266	0	0.35489960817187266
0.00015265265265265265	0.35414021759976216	0	0.35414021759976216
0.00015515515515515516	0.35337950889636177	0	0.35337950889636177
0.00015765765765765765	0.35261751808980846	0	0.35261751808980846
0.00016016016016016016	0.3518542775080747	0	0.3518542775080747
0.00016266266266266267	0.351089818753087	0	0.351089818753087
0.00016516516516516518	0.35032417690901224	0	0.35032417690901224
0.00016766766766766766	0.34955738309914985	0	0.34955738309914985
0.00017017017017017017	0.34878947186438536	0	0.34878947186438536
0.00017267267267267268	0.34802047199835917	0	0.34802047199835917
0.00017517517517517516	0.34725041714278787	0	0.34725041714278787
0.00017767767767767767	0.3464793387819602	0	0.3464793387819602
0.00018018018018018018	0.3457072698448374	0	0.3457072698448374
0.0001826826826826827	0.3449342388973348	0	0.3449342388973348
0.00018518518518518518	0.3441602791935698	0	0.3441602791935698
0.00018768768768768769	0.34338542101357294	0	0.34338542101357294
0.0001901901901901902	0.34260969586945955	0	0.34260969586945955
0.0001926926926926927	0.3418331303955249	0	0.3418331303955249
0.0001951951951951952	0.3410557587581507	0	0.3410557587581507
0.0001976976976976977	0.34027760831573617	0	0.34027760831573617
0.0002002002002002002	0.3394987093699256	0	0.3394987093699256
0.0002027027027027027	0.3387190929613043	0	0.3387190929613043
0.0002052052052052052	0.3379387856272254	0	0.3379387856272254
0.0002077077077077077	0.33715781775815273	0	0.33715781775815273
0.00021021021021021022	0.3363762182616418	0	0.3363762182616418
0.0002127127127127127	0.33559401726139576	0	0.33559401726139576
0.00021521521521521522	0.33481123860403555	0	0.33481123860403555
0.00021771771771771773	0.3340279140874545	0	0.3340279140874545
0.0002202202202202202	0.33324407122306055	0	0.33324407122306055
0.00022272272272272272	0.33245973584478217	0	0.33245973584478217
0.00022522522522522523	0.33167492934088033	0	0.33167492934088033
0.00022772772772772774	0.3308905735782072	0	0.3308905735782072
0.00023023023023023022	0.3301037780158388	0	0.3301037780158388
0.00023273273273273273	0.32931805170852796	0	0.32931805170852796
0.00023523523523523524	0.3285316665396395	0	0.3285316665396395
0.00023773773773773772	0.3277449506347453	0	0.3277449506347453
0.00024024024024024023	0.32695793080671826	0	0.32695793080671826
0.00024274274274274274	0.32617063312980515	0	0.32617063312980515
0.00024524524524524523	0.3253830827812874	0	0.3253830827812874
0.00024774774774774777	0.32459530325518526	0	0.32459530325518526
0.00025025025025025025	0.323807323452881	0	0.323807323452881
0.00025275275275275273	0.323019167435629	0	0.323019167435629
0.00025525525525525527	0.3222308571111295	0	0.3222308571111295
0.00025775775775775775	0.32144242041734	0	0.32144242041734
0.00026026026026026023	0.3206538819557534	0	0.3206538819557534
0.00026276276276276277	0.31986526231287826	0	0.31986526231287826
0.00026526526526526525	0.3190765881143404	0	0.3190765881143404
0.0002677677677677678	0.3182878838996214	0	0.3182878838996214
0.0002702702702702703	0.31749917163525804	0	0.31749917163525804
0.00027277277277277276	0.3167104739568227	0	0.3167104739568227
0.0002752752752752753	0.31592181573694844	0	0.31592181573694844
0.0002777777777777778	0.3151332197255869	0	0.3151332197255869
0.00028028028028028026	0.3143447078132558	0	0.3143447078132558
0.0002827827827827828	0.31355630142777324	0	0.31355630142777324
0.0002852852852852853	0.3127680262304661	0	0.3127680262304661
0.00028778778778778776	0.3119799014937351	0	0.3119799014937351
0.0002902902902902903	0.31119195058297294	0	0.31119195058297294
0.0002927927927927928	0.31040419485650783	0	0.31040419485650783
0.0002952952952952953	0.3096166547017577	0	0.3096166547017577
0.0002977977977977978	0.308829354171254	0	0.308829354171254
0.0003003003003003003	0.30804231144424254	0	0.30804231144424254
0.0003028028028028028	0.3072555489952558	0	0.3072555489952558
0.0003053053053053053	0.30646908832002795	0	0.30646908832002795
0.0003078078078078078	0.30568294708173305	0	0.30568294708173305
0.00031031031031031033	0.3048971494731533	0	0.3048971494731533
0.0003128128128128128	0.30411171356492733	0	0.30411171356492733
0.0003153153153153153	0.30332658801722495	0	0.30332658801722495
0.00031781781781781783	0.3025417399179022	0	0.3025417399179022
0.0003203203203203203	0.3017577620427956	0	0.3017577620427956
0.0003228228228228228	0.30097397828757283	0	0.30097397828757283
0.00032532532532532533	0.30019066009281387	0	0.30019066009281387
0.0003278278278278278	0.29940732227922284	0	0.29940732227922284
0.00033033033033033035	0.2986260513684443	0	0.2986260513684443
0.00033283283283283284	0.29784359182271647	0	0.29784359182271647
0.0003353353353353353	0.29706230894038177	0	0.29706230894038177
0.00033783783783783786	0.2962815632789114	0	0.2962815632789114
0.00034034034034034034	0.2955013883314085	0	0.2955013883314085
0.0003428428428428428	0.29472180345732774	0	0.29472180345732774
0.00034534534534534536	0.2939428263767332	0	0.2939428263767332
0.00034784784784784784	0.2931644741056377	0	0.2931644741056377
0.0003503503503503503	0.2923867822309938	0	0.2923867822309938
0.00035285285285285286	0.2916098174729026	0	0.2916098174729026
0.00035535535535535535	0.29083335219928563	0	0.29083335219928563
0.0003578578578578579	0.29005767491964424	0	0.29005767491964424
0.00036036036036036037	0.2892827106211162	0	0.2892827106211162
0.00036286286286286285	0.2885084739836652	0	0.2885084739836652
0.0003653653653653654	0.2877349818418075	0	0.2877349818418075
0.00036786786786786787	0.28696225122399177	0	0.28696225122399177
0.00037037037037037035	0.28619029750914277	0	0.28619029750914277
0.0003728728728728729	0.28541913688093584	0	0.28541913688093584
0.00037537537537537537	0.2846487860137823	0	0.2846487860137823
0.00037787787787787786	0.2838792582448905	0	0.2838792582448905
0.0003803803803803804	0.28311057294840486	0	0.28311057294840486
0.0003828828828828829	0.2823427429110474	0	0.2823427429110474
0.0003853853853853854	0.281575783331417	0	0.281575783331417
0.0003878878878878879	0.28080971098380925	0	0.28080971098380925
0.0003903903903903904	0.28004453915002625	0	0.28004453915002625
0.0003928928928928929	0.27928028302887054	0	0.27928028302887054
0.0003953953953953954	0.2785169211771947	0	0.2785169211771947
0.0003978978978978979	0.27775456915903673	0	0.27775456915903673
0.0004004004004004004	0.27699327622993547	0	0.27699327622993547
0.0004029029029029029	0.2762327024103243	0	0.2762327024103243
0.0004054054054054054	0.2754732543311943	0	0.2754732543311943
0.0004079079079079079	0.27471479812131616	0	0.27471479812131616
0.0004104104104104104	0.2739573512236746	0	0.2739573512236746
0.0004129129129129129	0.2732009452497256	0	0.2732009452497256
0.0004154154154154154	0.2724455815694043	0	0.2724455815694043
0.0004179179179179179	0.27169127039932844	0	0.27169127039932844
0.00042042042042042044	0.2709380303623207	0	0.2709380303623207
0.00042292292292292293	0.2701858741134593	0	0.2701858741134593
0.0004254254254254254	0.26943481132901603	0	0.26943481132901603
0.00042792792792792795	0.2686848596980399	0	0.2686848596980399
0.00043043043043043043	0.2679360291629108	0	0.2679360291629108
0.0004329329329329329	0.26718833369992706	0	0.26718833369992706
0.00043543543543543545	0.2664417855913285	0	0.2664417855913285
0.00043793793793793793	0.2656963975275189	0	0.2656963975275189
0.0004404404404404404	0.26495214093454766	0	0.26495214093454766
0.00044294294294294295	0.2642091571621016	0	0.2642091571621016
0.00044544544544544544	0.26346730929945017	0	0.26346730929945017
0.000447947947947948	0.2627266804779592	0	0.2627266804779592
0.00045045045045045046	0.26198727152058093	0	0.26198727152058093
0.00045295295295295294	0.26124909419660725	0	0.26124909419660725
0.0004554554554554555	0.2605121611491315	0	0.2605121611491315
0.00045795795795795796	0.25977648158239547	0	0.25977648158239547
0.00046046046046046044	0.259042059920334	0	0.259042059920334
0.000462962962962963	0.25830986648490273	0	0.25830986648490273
0.00046546546546546546	0.25757701762056723	0	0.25757701762056723
0.00046796796796796795	0.2568465513304831	0	0.2568465513304831
0.0004704704704704705	0.2561171076775735	0	0.2561171076775735
0.00047297297297297297	0.25538901283280124	0	0.25538901283280124
0.00047547547547547545	0.2546627962679323	0	0.2546627962679323
0.000477977977977978	0.2539375704697206	0	0.2539375704697206
0.00048048048048048047	0.25321368437667424	0	0.25321368437667424
0.000482982982982983	0.25249116338922045	0	0.25249116338922045
0.0004854854854854855	0.2517700178485994	0	0.2517700178485994
0.000487987987987988	0.2510502546861226	0	0.2510502546861226
0.0004904904904904905	0.2503318892453774	0	0.2503318892453774
0.000492992992992993	0.24961492703393845	0	0.24961492703393845
0.0004954954954954955	0.2488993804696903	0	0.2488993804696903
0.000497997997997998	0.24818525975676983	0	0.24818525975676983
0.0005005005005005005	0.2474725719962322	0	0.2474725719962322
0.000503003003003003	0.24676133087626193	0	0.24676133087626193
0.0005055055055055055	0.24605154447640937	0	0.24605154447640937
0.000508008008008008	0.24534321886507032	0	0.24534321886507032
0.0005105105105105105	0.2446363695332555	0	0.2446363695332555
0.000513013013013013	0.2439310051913574	0	0.2439310051913574
0.0005155155155155155	0.24322700101847552	0	0.24322700101847552
0.000518018018018018	0.24252477784699022	0	0.24252477784699022
0.0005205205205205205	0.24182388930694845	0	0.24182388930694845
0.000523023023023023	0.2411245458504395	0	0.2411245458504395
0.0005255255255255255	0.24042673064278994	0	0.24042673064278994
0.0005280280280280281	0.23973042745097012	0	0.23973042745097012
0.0005305305305305305	0.23903572732361256	0	0.23903572732361256
0.000533033033033033	0.23834255018606043	0	0.23834255018606043
0.0005355355355355356	0.23765094234280112	0	0.23765094234280112
0.000538038038038038	0.23696090184724392	0	0.23696090184724392
0.0005405405405405405	0.2362724455824316	0	0.2362724455824316
0.0005430430430430431	0.23558558023287168	0	0.23558558023287168
0.0005455455455455455	0.2349003099559288	0	0.2349003099559288
0.000548048048048048	0.23421676095389185	0	0.23421676095389185
0.0005505505505505506	0.2335345823283421	0	0.2335345823283421
0.000553053053053053	0.2328541888263971	0	0.2328541888263971
0.0005555555555555556	0.23217539972372886	0	0.23217539972372886
0.0005580580580580581	0.23149825182148198	0	0.23149825182148198
0.0005605605605605605	0.2308227516934324	0	0.2308227516934324
0.0005630630630630631	0.23014890718791986	0	0.23014890718791986
0.0005655655655655656	0.22947672796457913	0	0.22947672796457913
0.000568068068068068	0.2288062211863097	0	0.2288062211863097
0.0005705705705705706	0.22813735548370617	0	0.22813735548370617
0.0005730730730730731	0.2274701931853691	0	0.2274701931853691
0.0005755755755755755	0.22680481082916	0	0.22680481082916
0.0005780780780780781	0.22614107441308964	0	0.22614107441308964
0.0005805805805805806	0.2254790464420546	0	0.2254790464420546
0.000583083083083083	0.22481873985998171	0	0.22481873985998171
0.0005855855855855856	0.22416015869372263	0	0.22416015869372263
0.0005880880880880881	0.2235033125871944	0	0.2235033125871944
0.0005905905905905906	0.22284820868037017	0	0.22284820868037017
0.0005930930930930931	0.2221948539991	0	0.2221948539991
0.0005955955955955956	0.22154325724624127	0	0.22154325724624127
0.0005980980980980981	0.22089342482327165	0	0.22089342482327165
0.0006006006006006006	0.22024536517182783	0	0.22024536517182783
0.0006031031031031031	0.21959908278764537	0	0.21959908278764537
0.0006056056056056056	0.2189545893048523	0	0.2189545893048523
0.0006081081081081081	0.2183119615834288	0	0.2183119615834288
0.0006106106106106106	0.21766687114520744	0	0.21766687114520744
0.0006131131131131132	0.21702659959915183	0	0.21702659959915183
0.0006156156156156156	0.21639434009870498	0	0.21639434009870498
0.0006181181181181181	0.21575903443368621	0	0.21575903443368621
0.0006206206206206207	0.2151250626233731	0	0.2151250626233731
0.0006231231231231231	0.21450395555785562	0	0.21450395555785562
0.0006256256256256256	0.213860740004177	0	0.213860740004177
0.0006281281281281282	0.21323661411450054	0	0.21323661411450054
0.0006306306306306306	0.21261070021583248	0	0.21261070021583248
0.0006331331331331331	0.21198518057894186	0	0.21198518057894186
0.0006356356356356357	0.2113626762092059	0	0.2113626762092059
0.0006381381381381381	0.21074205623768535	0	0.21074205623768535
0.0006406406406406406	0.21012333252336884	0	0.21012333252336884
0.0006431431431431432	0.20950649924191528	0	0.20950649924191528
0.0006456456456456456	0.20889104005313683	0	0.20889104005313683
0.0006481481481481481	0.20827655332397224	0	0.20827655332397224
0.0006506506506506507	0.20766749448489025	0	0.20766749448489025
0.0006531531531531532	0.2070582248646099	0	0.2070582248646099
0.0006556556556556556	0.2064509693513	0	0.2064509693513
0.0006581581581581582	0.2058456400083861	0	0.2058456400083861
0.0006606606606606607	0.20524225924506914	0	0.20524225924506914
0.0006631631631631631	0.20464082287691732	0	0.20464082287691732
0.0006656656656656657	0.20404134441217975	0	0.20404134441217975
0.0006681681681681682	0.2034438330740048	0	0.2034438330740048
0.0006706706706706706	0.20284829147283753	0.000852231946730923	0.20370052341956846
0.0006731731731731732	0.20225471732256578	0.002282391835666262	0.20453710915823203
0.0006756756756756757	0.20166313071261038	0.0037062425607070877	0.20536937327331747
0.0006781781781781781	0.2010735394894246	0.005123916704046852	0.20619745619347146
0.0006806806806806807	0.2004859408184777	0.006535435351343737	0.20702137616982144
0.0006831831831831832	0.19990034863185627	0.007940824117760871	0.20784117274961714
0.0006856856856856856	0.19931675972335167	0.00934011330313864	0.2086568730264903
0.0006881881881881882	0.19873519779390217	0.010733335935187079	0.20946853372908925
0.0006906906906906907	0.1981556577234611	0.012120511698356881	0.21027616942181798
0.0006931931931931931	0.19757814919400868	0.013501659674133928	0.2110798088681426
0.0006956956956956957	0.19700267732908794	0.014876794320446914	0.21187947164953486
0.0006981981981981982	0.19642924535257486	0.016245927656417046	0.2126751730089919
0.0007007007007007007	0.19585788106918162	0.017609068178016066	0.21346694924719767
0.0007032032032032032	0.1952885625507259	0.01896624167594809	0.214254804226674
0.0007057057057057057	0.19472131217513017	0.020317313501049487	0.21503862567617965
0.0007082082082082082	0.19415614310613857	0.021662569820139088	0.21581871292627766
0.0007107107107107107	0.19359304264486973	0.02300176825569519	0.21659481090056493
0.0007132132132132132	0.19303203714706887	0.024334969967253792	0.21736700711432266
0.0007157157157157158	0.19247312671336472	0.025662169758022713	0.21813529647138744
0.0007182182182182182	0.19191630690278352	0.026983357102292844	0.21889966400507638
0.0007207207207207207	0.19136160058131702	0.028298519238931404	0.2196601198202484
0.0007232232232232233	0.19080901705794975	0.029607642729404453	0.2204166597873542
0.0007257257257257257	0.1902585460759703	0.03091071051927197	0.22116925659524225
0.0007282282282282282	0.1897102119821367	0.032207706402500064	0.22191791838463676
0.0007307307307307308	0.18916400014785217	0.033498609030757305	0.22266260917860947
0.0007332332332332332	0.1886199508260879	0.03478340012376543	0.22340335094985334
0.0007357357357357357	0.18807804121796562	0.03606205589666405	0.22414009711462968
0.0007382382382382383	0.18753829043860537	0.03733455491920237	0.22487284535780774
0.0007407407407407407	0.18700070017949316	0.03860087131165748	0.22560157149115065
0.0007432432432432432	0.18646529533406547	0.039860980176254515	0.22632627551031997
0.0007457457457457458	0.18593205146320926	0.041114857042351155	0.22704690850556042
0.0007482482482482482	0.18540101478361257	0.042362474072008514	0.2277634888556211
0.0007507507507507507	0.18487216446756027	0.04360380399345359	0.22847596846101387
0.0007532532532532533	0.18434541523230705	0.04483881771718269	0.22918423294948975
0.0007557557557557557	0.18382254923733124	0.046067486802698954	0.2298900360400302
0.0007582582582582582	0.18329794731093021	0.047289783220453456	0.23058773053138368
0.0007607607607607608	0.18277890719780898	0.04850567817532107	0.23128458537313004
0.0007632632632632632	0.18226088177935323	0.0497151375265318	0.23197601930588502
0.0007657657657657658	0.1817455366485045	0.0509181345771786	0.2326636712256831
0.0007682682682682683	0.18123225082793748	0.05211463796109981	0.23334688878903728
0.0007707707707707708	0.18072122309894453	0.05330461580265841	0.23402583890160294
0.0007732732732732733	0.18021245667854746	0.05448803901397728	0.23470049569252474
0.0007757757757757758	0.17970596075533757	0.05566487539399301	0.23537083614933058
0.0007782782782782783	0.1792017345085951	0.05683509373286894	0.23603682824146405
0.0007807807807807808	0.17869980095732874	0.05799866085950613	0.23669846181683488
0.0007832832832832833	0.17820016012065834	0.0591555497198902	0.23735570984054855
0.0007857857857857858	0.17770280926904014	0.06030572688692257	0.2380085361559627
0.0007882882882882883	0.17720777926397488	0.06144915999147253	0.2386569392554474
0.0007907907907907908	0.17671506421403527	0.06258581915810582	0.2393008833721411
0.0007932932932932933	0.1762246685640825	0.0637156717133852	0.2399403402774677
0.0007957957957957958	0.1757366123601571	0.06483869164807929	0.2405753040082364
0.0007982982982982983	0.17525089199723043	0.06595484120620847	0.2412057332034389
0.0008008008008008008	0.1747675171089135	0.06706409658584338	0.24183161369475686
0.0008033033033033033	0.17428650633957987	0.06816642100078549	0.24245292734036536
0.0008058058058058058	0.1738078619042361	0.06926178963053375	0.24306965153476986
0.0008083083083083083	0.1733315900875678	0.07035016726656942	0.24368175735413722
0.0008108108108108108	0.17285769657326402	0.0714315295855018	0.2442892261587658
0.0008133133133133133	0.1723861952829645	0.07250584618601597	0.24489204146898047
0.0008158158158158158	0.17191709583435047	0.07357308239027822	0.2454901782246287
0.0008183183183183183	0.17145054959359812	0.07463321648113055	0.24608376607472868
0.0008208208208208208	0.1709861776973625	0.07568621417647386	0.24667239187383636
0.0008233233233233233	0.17052427665674258	0.07673205209851802	0.2472563287552606
0.0008258258258258258	0.17006485865056373	0.07777069871587575	0.24783555736643947
0.0008283283283283283	0.16960788003575641	0.07880212810022352	0.24841000813597994
0.0008308308308308308	0.16915336562056563	0.07982631192416155	0.24897967754472716
0.0008333333333333334	0.1687015277990302	0.0808432276121496	0.2495447554111798
0.0008358358358358358	0.16825180123627761	0.08185284218419767	0.2501046434204753
0.0008383383383383384	0.1678045853190224	0.0828551312193846	0.250659716538407
0.0008408408408408409	0.16735996795021726	0.08385007614804071	0.251210044098258
0.0008433433433433433	0.16691784047892447	0.08483764273376594	0.2517554832126904
0.0008458458458458459	0.16647821394509738	0.08581781048492944	0.2522960244300268
0.0008483483483483484	0.1660411070340565	0.08679055495932736	0.25283166199338386
0.0008508508508508508	0.16560652846371754	0.08775585306308227	0.2533623815267998
0.0008533533533533534	0.16517448072071292	0.08871367863712719	0.2538881593578401
0.0008558558558558559	0.16474497659369827	0.08966400959738939	0.25440898619108765
0.0008583583583583583	0.16431802347366847	0.09060686384880778	0.25492488732247626
0.0008608608608608609	0.16389364032549864	0.09154126034954885	0.2554349006750475
0.0008633633633633634	0.1634718294667598	0.09247352490887444	0.25594535437563426
0.0008658658658658658	0.16305259883531126	0.09339163342684749	0.25644423226215873
0.0008683683683683684	0.16263596121047447	0.09430291694372246	0.2569388781541969
0.0008708708708708709	0.16222192992214635	0.09520480374583881	0.2574267336679852
0.0008733733733733733	0.16181050874205638	0.0961023769017621	0.2579128856438185
0.0008758758758758759	0.161401713637054	0.09699437867449334	0.25839609231154737
0.0008783783783783784	0.16099555443908686	0.0978762456480781	0.258871800087165
0.0008808808808808808	0.160592036012711	0.09875049120940374	0.2593425272221147
0.0008833833833833834	0.1601911725813089	0.09961701685486951	0.25980818943617845
0.0008858858858858859	0.1597929792932132	0.10047581547361881	0.260268794766832
0.0008883883883883883	0.1593974551460485	0.10132686905923385	0.26072432420528235
0.0008908908908908909	0.15900462193183595	0.10217016155135208	0.261174783483188
0.0008933933933933934	0.1586144881358455	0.10300567738118811	0.2616201655170336
0.000895895895895896	0.15822705574827725	0.10383339970049928	0.26206045544877654
0.0008983983983983984	0.15784234505378764	0.10465332105621433	0.26249566611000197
0.0009009009009009009	0.15746037022781934	0.1054654273019053	0.26292579752972467
0.0009034034034034035	0.1570811343536369	0.10626967130433397	0.26335080565797087
0.0009059059059059059	0.1567046530656021	0.10706609751694118	0.2637707505825433
0.0009084084084084084	0.15633092904653698	0.1078546865623324	0.2641856156088694
0.000910910910910911	0.15595998952444912	0.10863538569159505	0.26459537521604415
0.0009134134134134134	0.15559183491298223	0.10940821067411025	0.26500004558709245
0.0009159159159159159	0.15522647347565832	0.11017314945057914	0.2653996229262375
0.0009184184184184185	0.15486392883358074	0.11093018709368897	0.2657941159272697
0.0009209209209209209	0.15450423021971416	0.11167932430882044	0.2661835545285346
0.0009234234234234234	0.15414708242022138	0.11242054691275698	0.26656762933297834
0.000925925925925926	0.1537899708542576	0.1131538463202258	0.2669438171744834
0.0009284284284284284	0.1534388885038034	0.1138792148529625	0.2673181033567659
0.0009309309309309309	0.15309545274955855	0.11459665117436929	0.26769210392392784
0.0009334334334334335	0.1527528370015684	0.11530614674665232	0.2680589837482207
0.0009359359359359359	0.15240699491033663	0.1160076960619342	0.26841469097227083
0.0009384384384384384	0.15206567557028994	0.11670129350438979	0.26876696907467973
0.000940940940940941	0.151729409230137	0.11738693644627403	0.269116345676411
0.0009434434434434434	0.15139533628620572	0.11806459023542004	0.26945992652162576
0.0009459459459459459	0.15106496316619192	0.118734369494826	0.2697993326610179
0.0009484484484484485	0.15073704796224485	0.11939678015073936	0.2701338281129842
0.0009509509509509509	0.15041215498365146	0.12005018856353196	0.2704623435471834
0.0009534534534534534	0.15009026029515501	0.12069538448797427	0.2707856447831293
0.000955955955955956	0.14977135889291185	0.12133298155568267	0.27110434044859455
0.0009584584584584585	0.14945546590444783	0.1219633776801093	0.27141884358455715
0.0009609609609609609	0.14914257252086507	0.12258539791842928	0.27172797043929436
0.0009634634634634635	0.14883273978124234	0.12319934058633915	0.2720320803675815
0.000965965965965966	0.14852602735264464	0.12380533206467052	0.2723313594173152
0.0009684684684684684	0.14822231850432965	0.12440336039547951	0.27262567889980915
0.000970970970970971	0.14792169880423123	0.12499343205568078	0.27291513085991204
0.0009734734734734735	0.14762417970587335	0.12557554474224678	0.27319972444812013
0.000975975975975976	0.1473297714231088	0.1261496214267621	0.2734793928498709
0.0009784784784784785	0.14703848035184944	0.126712361694463	0.27375084204631245
0.000980980980980981	0.14675033452451614	0.1272962648662195	0.2740465993907356
0.0009834834834834836	0.14646534419188278	0.12783300847114368	0.2742983526630265
0.000985985985985986	0.1461835202210658	0.1283667847502694	0.2745503049713352
0.0009884884884884884	0.14590487947701503	0.12890202085401745	0.2748069003310325
0.000990990990990991	0.14562943768778322	0.1294303629226107	0.2750598006103939
0.0009934934934934935	0.145357210772643	0.1299246576941947	0.27528186846683766
0.000995995995995996	0.1450882130828923	0.1304495019162315	0.27553771499912383
0.0009984984984984986	0.14482245607513228	0.13096050598489112	0.2757829620600234
0.001001001001001001	0.14455995707939215	0.1314553064644527	0.27601526354384487
0.0010035035035035034	0.1443007372244482	0.1319423702997142	0.27624310752416237
0.001006006006006006	0.1440448110660244	0.13242162528980692	0.27646643635583135
0.0010085085085085085	0.14379218662437038	0.1328930285417965	0.27668521516616684
0.001011011011011011	0.14354288179248137	0.13335660155780973	0.27689948335029113
0.0010135135135135136	0.14329692214056095	0.13381235664990193	0.2771092787904629
0.001016016016016016	0.14305431413563924	0.13426024149286353	0.27731455562850277
0.0010185185185185184	0.14281507259585222	0.13470035779540815	0.27751543039126036
0.001021021021021021	0.14257922591819275	0.13513273244757154	0.2777119583657643
0.0010235235235235235	0.14234678295657233	0.1355573179678031	0.27790410092437545
0.001026026026026026	0.14211775915297578	0.1359741317887566	0.27809189094173237
0.0010285285285285286	0.14189217253449427	0.1363832018164989	0.27827537435099314
0.001031031031031031	0.14167003917519905	0.1367845490402881	0.2784545882154872
0.0010335335335335334	0.14145137642168307	0.1371781882238738	0.2786295646455569
0.001036036036036036	0.1412362063547807	0.13756412571426443	0.27880033206904514
0.0010385385385385385	0.14102453740337628	0.13794239141971945	0.2789669288230957
0.001041041041041041	0.14081639199099263	0.1383130007393208	0.27912939273031345
0.0010435435435435436	0.14061179280572783	0.1386759747789916	0.2792877675847194
0.001046046046046046	0.1404107552040405	0.13903128809576615	0.27944204329980665
0.0010485485485485487	0.14021329177253128	0.13937894457774044	0.27959223635027175
0.001051051051051051	0.14001941155229147	0.13971964257756925	0.2797390541298607
0.0010535535535535535	0.13982914523514678	0.14005231529647996	0.27988146053162677
0.0010560560560560562	0.13964251933285063	0.14037680727782337	0.28001932661067397
0.0010585585585585586	0.13945954072233271	0.14069386124898176	0.28015340197131444
0.001061061061061061	0.13928022627426906	0.14100418037234372	0.2802844066466128
0.0010635635635635637	0.13910459600295916	0.14130612466435027	0.28041072066730943
0.001066066066066066	0.13893267216425423	0.1416179158512907	0.2805505880155449
0.0010685685685685685	0.13876447862225033	0.14187296997613727	0.2806374485983876
0.0010710710710710712	0.13860001890089282	0.1420866106713852	0.280686629572278
0.0010735735735735736	0.1384393185590892	0.1423987764011061	0.2808380949601953
0.001076076076076076	0.1382824051129921	0.14268227834109254	0.28096468345408465
0.0010785785785785787	0.1381292913886453	0.1429848346509406	0.2811141260395859
0.001081081081081081	0.1379799969336559	0.1432998695700613	0.28127986650371717
0.0010835835835835835	0.1378345344603308	0.14350984155544072	0.28134437601577156
0.0010860860860860862	0.13769290277881335	0.14371102650119366	0.281403929280007
0.0010885885885885886	0.13755512896080882	0.1439245015219124	0.28147963048272123
0.001091091091091091	0.13742127097104334	0.14414730581041924	0.2815685767814626
0.0010935935935935937	0.1372914568932915	0.14436256021657456	0.28165401710986604
0.001096096096096096	0.13716554298147954	0.14457002134685215	0.2817355643283317
0.0010985985985985985	0.13704351331656336	0.1447703433992828	0.28181385671584613
0.0011011011011011012	0.13692547645183367	0.14496355687008408	0.2818890333219177
0.0011036036036036036	0.13681144407864404	0.1451496940357518	0.2819611381143958
0.001106106106106106	0.13670143219470565	0.14532878304579186	0.28203021524049754
0.0011086086086086087	0.1365954377506337	0.1455008503811391	0.2820962881317728
0.0011111111111111111	0.13649355466312457	0.14566585956040987	0.2821594142235344
0.0011136136136136135	0.13639594191200427	0.14582384682668467	0.2822197887386889
0.0011161161161161162	0.13630258355179758	0.1459753607175637	0.28227794426936126
0.0011186186186186186	0.13621338146931977	0.14612009702253892	0.2823334784918587
0.001121121121121121	0.13612761021190253	0.14625727670947206	0.2823848869213746
0.0011236236236236237	0.13604556381455252	0.1463875043276092	0.28243306814216174
0.0011261261261261261	0.1359683576980012	0.14651104454068142	0.2824794022386826
0.0011286286286286285	0.13589566237120804	0.1466279027124424	0.2825235650836504
0.0011311311311311312	0.13582701490548035	0.14673807824507445	0.2825650931505548
0.0011336336336336336	0.13576259440064226	0.14684150736034032	0.2826041017609826
0.001136136136136136	0.1357024608646638	0.1469382639001529	0.2826407247648167
0.0011386386386386387	0.13564662381766876	0.14702847003609226	0.282675093853761
0.0011411411411411411	0.13559510548274392	0.14711184878363248	0.2827069542663764
0.0011436436436436436	0.13554792809109928	0.14718821006723742	0.2827361381583367
0.0011461461461461462	0.13550511386714878	0.1472581956282237	0.2827633094953725
0.0011486486486486486	0.13546668493202335	0.1473221466209583	0.2827888315529816
0.001151151151151151	0.1354326634456685	0.147379665161939	0.2828123286076075
0.0011536536536536537	0.13540307132551893	0.14743059920641757	0.28283367053193653
0.0011561561561561561	0.135377930156928	0.14747503670882262	0.2828529668657506
0.0011586586586586586	0.13535726348186647	0.14751299359754463	0.2828702570794111
0.0011611611611611612	0.13534109435145167	0.14754455560022703	0.2828856499516787
0.0011636636636636636	0.13532944562639046	0.14756979766430509	0.28289924329069555
0.001166166166166166	0.1353223404196715	0.1475887390387315	0.282911079458403
0.0011686686686686687	0.13531980131318733	0.14760141547209849	0.2829212167852858
0.0011711711711711711	0.13532185040243394	0.14760786130988726	0.2829297117123212
0.0011736736736736738	0.1353285098143185	0.14760811113063824	0.28293662094495675
0.0011761761761761762	0.13533980372383306	0.14760219950549308	0.28294200322932617
0.0011786786786786786	0.13535575628377447	0.14759016083030616	0.2829459171140806
0.0011811811811811813	0.13537638997793305	0.14757202900030608	0.28294841897823914
0.0011836836836836837	0.13540172694780347	0.1475478404230728	0.2829495673708763
0.0011861861861861861	0.13543178848806303	0.14751763107526566	0.2829494195633287
0.0011886886886886888	0.13546659971445826	0.14748143617886486	0.2829480358933231
0.0011911911911911912	0.13550618464892775	0.1474392903016727	0.2829454749506004
0.0011936936936936936	0.1355505674175265	0.14739122659483048	0.282941794012357
0.0011961961961961963	0.13559977057754444	0.14733728249154926	0.28293705306909367
0.0011986986986986987	0.13565381720967826	0.1472774952143686	0.28293131242404684
0.0012012012012012011	0.13571273029199066	0.14721190271655174	0.2829246330085424
0.0012037037037037038	0.1357765336387178	0.1471405399598589	0.2829170735985767
0.0012062062062062062	0.13584525072092843	0.1470634423664448	0.2829086930873732
0.0012087087087087087	0.1359189054561128	0.14698064444635134	0.28289954990246413
0.0012112112112112113	0.13599752069299992	0.14689218288459172	0.28288970357759163
0.0012137137137137137	0.1360811196174303	0.14679809508900316	0.28287921470643346
0.0012162162162162162	0.13616972525505217	0.1466984177547065	0.28286814300975865
0.0012187187187187188	0.1362633606619528	0.1465931874990292	0.282856548160982
0.0012212212212212212	0.13636204969341595	0.14648244116387635	0.2828444908572923
0.0012237237237237237	0.13646581581241943	0.1463662154993615	0.2828320313117809
0.0012262262262262263	0.13657468263797878	0.14624454720102745	0.2828192298390062
0.0012287287287287287	0.13668867401663007	0.14611747222057075	0.2828061462372008
0.0012312312312312312	0.13680781266238476	0.14598502839542038	0.2827928410578051
0.0012337337337337338	0.13693212182093067	0.14584725276499869	0.2827793745859294
0.0012362362362362362	0.1370616247379555	0.14570418236872804	0.28276580710668353
0.0012387387387387387	0.13719634465914707	0.1455558542460308	0.2827521989051779
0.0012412412412412413	0.13733630483019313	0.1454023054363293	0.2827386102665224
0.0012437437437437437	0.1374815284967814	0.14524357297904592	0.2827251014758273
0.0012462462462462462	0.13763203890459974	0.14507969391360304	0.2827117328182028
0.0012487487487487488	0.13778785929933587	0.14491070527942299	0.28269856457875886
0.0012512512512512512	0.13794901292667755	0.14473664411592815	0.28268565704260573
0.0012537537537537537	0.138115524781457	0.14455754749589084	0.28267307227734784
0.0012562562562562563	0.13828746082656207	0.14437345287178838	0.28266091369835045
0.0012587587587587587	0.138464804827768	0.1441843969633321	0.2826492017911001
0.0012612612612612612	0.13864757733977356	0.14399041680869293	0.28263799414846646
0.0012637637637637638	0.1388357989172777	0.1437915494460419	0.2826273483633196
0.0012662662662662662	0.13902949011497917	0.14358783191355	0.2826173220285292
0.0012687687687687687	0.1392286714875769	0.14337930124938827	0.28260797273696514
0.0012712712712712713	0.1394333635897697	0.14316599449172768	0.2825993580814974
0.0012737737737737737	0.13964358697625645	0.14294794867873922	0.2825915356549957
0.0012762762762762762	0.13985936220173595	0.1427252008485939	0.28258456305032986
0.0012787787787787788	0.14008070982090712	0.14249778803946275	0.28257849786036987
0.0012812812812812813	0.14030765038846874	0.14226574728951677	0.2825733976779855
0.0012837837837837837	0.1405402044591197	0.1420291156369269	0.28256932009604663
0.0012862862862862863	0.14077839258755886	0.1417879301198642	0.2825663227074231
0.0012887887887887888	0.14102223532848504	0.14154222842139952	0.28256446374988453
0.0012912912912912912	0.1412717532365971	0.1412920474189588	0.28256380065555586
0.0012937937937937938	0.14152696686659394	0.1410374216790944	0.2825643885456883
0.0012962962962962963	0.14178789677317433	0.1407783908430769	0.28256628761625124
0.001298798798798799	0.1420545635110372	0.14051499195427622	0.2825695554653134
0.0013013013013013013	0.14232698763488133	0.14024725964433163	0.282574247279213
0.0013038038038038038	0.1426051896994056	0.13997522989303984	0.28258041959244545
0.0013063063063063064	0.14288919025930888	0.13969893868019756	0.28258812893950647
0.0013088088088088088	0.14317900986929	0.13941842198560161	0.2825974318548916
0.0013113113113113113	0.1434746690840478	0.1391337157890487	0.2826083848730965
0.001313813813813814	0.1437761884582812	0.13884485607033561	0.2826210445286168
0.0013163163163163163	0.14408358854668893	0.13855187880925912	0.282635467355948
0.0013188188188188188	0.14439688990396993	0.13825481998561592	0.2826517098895859
0.0013213213213213214	0.14471611308482307	0.13795371557920277	0.28266982866402585
0.0013238238238238238	0.1450412786439471	0.1376486015698165	0.2826898802137636
0.0013263263263263263	0.14537240713604097	0.1373395139372538	0.2827119210732948
0.001328828828828829	0.1457095191158035	0.13702648866131142	0.28273600777711494
0.0013313313313313313	0.1460526731964206	0.13670956168227613	0.2827622348786967
0.0013338338338338338	0.14640184690572797	0.13638877101127783	0.28279061791700577
0.0013363363363363364	0.14675705323886404	0.13606415154719365	0.28282120478605766
0.0013388388388388388	0.14711830698945788	0.13573573777049067	0.2828540447599486
0.0013413413413413413	0.1474856229511387	0.13540356416163582	0.28288918711277455
0.001343843843843844	0.14785901591753572	0.1350676652010961	0.28292668111863184
0.0013463463463463464	0.1482385006822781	0.1347280753693385	0.28296657605161657
0.0013488488488488488	0.14862409203899493	0.13438482914683006	0.283008921185825
0.0013513513513513514	0.14901580478131551	0.1340379610140377	0.28305376579535324
0.0013538538538538539	0.1494136537028689	0.1336875054514285	0.2831011591542974
0.0013563563563563563	0.14981765359728433	0.1333334969394694	0.2831511505367537
0.001358858858858859	0.15022782406354432	0.13297597103595007	0.2832037950994944
0.0013613613613613614	0.15064417332001484	0.13261496138447457	0.2832591347044894
0.0013638638638638638	0.15106671411942763	0.13225050119444573	0.2833172153138733
0.0013663663663663664	0.15149545952047666	0.1318826243925619	0.28337808391303854
0.0013688688688688689	0.15193042489562789	0.13151136576207959	0.28344179065770747
0.0013713713713713713	0.1523716199356709	0.13113675875864103	0.2835083786943119
0.001373873873873874	0.15281905633169038	0.1307588357520483	0.2835778920837387
0.0013763763763763764	0.15327274722246023	0.13037762996672975	0.28365037718918995
0.0013788788788788788	0.15373270437968697	0.1299931744838732	0.28372587886356015
0.0013813813813813814	0.15419893596567913	0.1296055027395886	0.2838044387052677
0.0013838838838838839	0.15467145245005198	0.12921464806902377	0.28388610051907576
0.0013863863863863863	0.1551502646746759	0.12882064523382514	0.28397090990850105
0.001388888888888889	0.1556353804036725	0.1284235260822619	0.2840589064859344
0.0013913913913913914	0.1561268094482271	0.12802332135474775	0.28415013080297485
0.0013938938938938938	0.15662456155377044	0.12762006228532444	0.2842446238390949
0.0013963963963963964	0.1571286414264184	0.1272137811934981	0.2843424226199165
0.0013988988988988989	0.1576390557825216	0.12680451098686754	0.28444356676938914
0.0014014014014014013	0.15815581157948333	0.1263922851783337	0.284548096757817
0.001403903903903904	0.15867891597301653	0.12597713463948168	0.2846560506124982
0.0014064064064064064	0.15920837816924058	0.12555909019290248	0.28476746836214306
0.0014089089089089088	0.15974420056411526	0.1251381830064739	0.28488238357058915
0.0014114114114114115	0.16028638747309945	0.12471444451176662	0.2850008319848661
0.0014139139139139139	0.1608349432494663	0.12428790644074156	0.28512284969020785
0.0014164164164164163	0.1613898725172516	0.12385859963869392	0.2852484721559455
0.001418918918918919	0.16195117993423142	0.12342655450028478	0.2853777344345162
0.0014214214214214214	0.16251886664722576	0.12299180209135946	0.2855106687385852
0.001423923923923924	0.16309293588353796	0.12255437097967549	0.28564730686321343
0.0014264264264264265	0.16367338746274576	0.12211430312806744	0.2857876905908132
0.0014289289289289289	0.16426022221908654	0.12167160041344698	0.2859318226325335
0.0014314314314314315	0.16485344080154476	0.12122625468140466	0.2860796954829494
0.001433933933933934	0.1654530445857008	0.1207782988303616	0.2862313434160624
0.0014364364364364364	0.1660590323588265	0.12032773965660515	0.2863867720154316
0.001438938938938939	0.16667140376571518	0.11987467583212373	0.2865460795978389
0.0014414414414414415	0.16729015605587616	0.11941942039354465	0.2867095764494208
0.001443943943943944	0.16791528734829655	0.11896202098595295	0.2868773083342495
0.0014464464464464465	0.16854679709800247	0.11850204394588805	0.2870488410438905
0.001448948948948949	0.16918468736415598	0.11803939890510341	0.2872240862692594
0.0014514514514514514	0.16982881035101607	0.11757440310160285	0.28740321345261893
0.001453953953953954	0.17047923373235208	0.11710714845279023	0.2875863821851423
0.0014564564564564565	0.171136820711657	0.11663758627299228	0.2877744069846493
0.001458958958958959	0.17180106164762224	0.1161657612500745	0.2879668228976967
0.0014614614614614615	0.17247044795563532	0.11569176856876151	0.28816221652439683
0.001463963963963964	0.17314586672502513	0.11521562273945408	0.2883614894644792
0.0014664664664664664	0.17382784927653638	0.11473738974642177	0.28856523902295816
0.001468968968968969	0.17451638090485463	0.11425680993038473	0.28877319083523934
0.0014714714714714715	0.17521136601019585	0.11377365294153133	0.2889850189517272
0.001473973973973974	0.17591261819562723	0.1132885600977316	0.28920117829335884
0.0014764764764764766	0.17662016035926376	0.11280169506389626	0.28942185542316
0.001478978978978979	0.1773339847263952	0.11231272796695302	0.2896467126933482
0.0014814814814814814	0.1780540978326924	0.11182168938773822	0.2898757872204306
0.001483983983983984	0.17878035964601424	0.11132865297688314	0.2901090126228974
0.0014864864864864865	0.17951281997132879	0.11083363757390127	0.29034645754523003
0.001488988988988989	0.18025167513496126	0.11033667162658994	0.2905883467615512
0.0014914914914914916	0.1809967512095389	0.1098377907692824	0.2908345419788213
0.001493993993993994	0.18174798946167567	0.10933701242403743	0.29108500188571307
0.0014964964964964964	0.18250537038276712	0.10883435770463645	0.2913397280874036
0.001498998998998999	0.18326890805510426	0.10832825907707923	0.2915971671321835
0.0015015015015015015	0.18403858688032704	0.10782616866952244	0.2918647555498495
0.001504004004004004	0.18481439285047294	0.10733477419187222	0.29214916704234517
0.0015065065065065066	0.18559631142444158	0.10685524745965531	0.2924515588840969
0.001509009009009009	0.1863842998729389	0.10634502064169077	0.29272932051462963
0.0015115115115115114	0.1871783545779391	0.10577829527411538	0.2929566498520545
0.001514014014014014	0.18797845797977134	0.10524462255758266	0.293223080537354
0.0015165165165165165	0.18878457946932245	0.10471050052638779	0.29349507999571023
0.001519019019019019	0.1895966924391841	0.10416848931913797	0.29376518175832206
0.0015215215215215216	0.1904147750049505	0.1037000224776937	0.2941147974826442
0.001524024024024024	0.19123881866374204	0.10320047872781803	0.29443929739156005
0.0015265265265265264	0.1920687876614641	0.10266490391442094	0.294733691575885
0.001529029029029029	0.19290463685388964	0.10214019837100786	0.2950448352248975
0.0015315315315315315	0.1937463529348603	0.10161389307505277	0.29536024600991306
0.001534034034034034	0.19459391663719916	0.10108620997660778	0.29568012661380694
0.0015365365365365366	0.1954473020464945	0.10055734021747467	0.29600464226396916
0.001539039039039039	0.1963064665628093	0.10002664575326148	0.2963331123160708
0.0015415415415415416	0.19717138422686842	0.09949406719787873	0.29666545142474715
0.001544044044044044	0.1980420289661299	0.09896021111343331	0.2970022400795632
0.0015465465465465465	0.198918363625601	0.09842519021591842	0.29734355384151945
0.0015490490490490492	0.19980035683471897	0.09788869791333282	0.2976890547480518
0.0015515515515515516	0.2006879762508799	0.09735084528960225	0.2980388215404821
0.001554054054054054	0.20158118431603328	0.09681164847356485	0.29839283278959816
0.0015565565565565567	0.20247996302519605	0.09627113132170508	0.2987510943469011
0.001559059059059059	0.2033842593989703	0.09572931339609757	0.2991135727950679
0.0015615615615615615	0.20429403687037256	0.09518620843474364	0.2994802453051162
0.0015640640640640642	0.20520927430915512	0.09464184309974663	0.29985111740890175
0.0015665665665665666	0.20612991712386702	0.09409623830055679	0.3002261554244238
0.001569069069069069	0.2070559275579564	0.0935494114196713	0.3006053389776277
0.0015715715715715717	0.2079872787828831	0.09300137585773034	0.3009886546406134
0.001574074074074074	0.2089239275954236	0.0924521471585078	0.3013760747539314
0.0015765765765765765	0.20986582437188855	0.09190175559968866	0.3017675799715772
0.0015790790790790792	0.21081292987987071	0.09135027418223282	0.3021632040621035
0.0015815815815815816	0.21176520605800528	0.09079763501338313	0.3025628410713884
0.001584084084084084	0.21272260920477984	0.09024388134635376	0.3029664905511336
0.0015865865865865867	0.2136850938217044	0.08968904552388629	0.30337413934559065
0.001589089089089089	0.21465261177620573	0.08913314047081199	0.3037857522470177
0.0015915915915915915	0.21562512209359194	0.0885761810706411	0.30420130316423305
0.0015940940940940942	0.21660258660632326	0.08801826088282663	0.30462084748914986
0.0015965965965965966	0.21758493642000265	0.08745941302686196	0.3050443494468646
0.001599099099099099	0.21857213793977415	0.08689482089686187	0.305466958836636
0.0016016016016016017	0.21956414892424977	0.08632450235903198	0.30588865128328174
0.001604104104104104	0.22056090061335376	0.08577284927351568	0.30633374988686946
0.0016066066066066065	0.2215622808719462	0.08521549173101385	0.3067777726029601
0.0016091091091091092	0.22256844283986552	0.08464906192193068	0.3072175047617962
0.0016116116116116116	0.22357917724133353	0.08408683160847971	0.3076660088498132
0.001614114114114114	0.22459442869060456	0.08352923985306089	0.30812366854366546
0.0016166166166166167	0.22561416576012366	0.08296315656810001	0.30857732232822366
0.0016191191191191191	0.22663834762155885	0.0823821989351381	0.309020546556697
0.0016216216216216215	0.22766704966252144	0.08181726912455647	0.30948431878707794
0.0016241241241241242	0.22869922941577983	0.08124812724818467	0.3099473566639645
0.0016266266266266266	0.2297369116672498	0.08067828343243683	0.3104151950996866
0.001629129129129129	0.23077704922618086	0.08010764016517816	0.31088468939135905
0.0016316316316316317	0.23182887746421635	0.07953621661348581	0.3113650940777022
0.0016341341341341341	0.23287796377840383	0.07896402585966171	0.31184198963806553
0.0016366366366366365	0.23392859284768214	0.0783910834527444	0.31231967630042656
0.0016391391391391392	0.23497725440890757	0.07781741065867023	0.3127946650675778
0.0016416416416416416	0.23604489657379216	0.07724283856338438	0.31328773513717656
0.001644144144144144	0.23711211922900216	0.07666741088540126	0.3137795301144034
0.0016466466466466467	0.23818118756724588	0.07609210459573393	0.31427329216297983
0.0016491491491491491	0.23925416054842796	0.07551581538357931	0.3147699759320073
0.0016516516516516516	0.2403308158460247	0.07493892626011092	0.3152697421061356
0.0016541541541541542	0.2414110679767604	0.07436067879523536	0.31577174677199576
0.0016566566566566566	0.24249486318503408	0.07378222308143687	0.31627708626647094
0.001659159159159159	0.24358214585983576	0.07320320273866197	0.3167853485984977
0.0016616616616616617	0.24467282877690555	0.07262353888562365	0.3172963676625292
0.0016641641641641641	0.24576685617768607	0.07204328188015355	0.31781013805783964
0.0016666666666666668	0.24686416778363135	0.07146244052377097	0.31832660830740234
0.0016691691691691692	0.24796468945446712	0.0708810314216865	0.3188457208761536
0.0016716716716716716	0.24906835458013252	0.07029906228724407	0.3193674168673766
0.0016741741741741743	0.250175081910654	0.0697165518924458	0.3198916338030998
0.0016766766766766767	0.25128482486433806	0.06913350938639698	0.32041833425073507
0.0016791791791791791	0.2523974858882064	0.06854994603656075	0.32094743192476716
0.0016816816816816818	0.25351301587126823	0.0679658743901969	0.32147889026146514
0.0016841841841841842	0.25463133919283076	0.06738130679653052	0.3220126459893613
0.0016866866866866866	0.25575237036096304	0.06679625833135067	0.3225486286923137
0.0016891891891891893	0.25687605348185877	0.06621073661164235	0.3230867900935011
0.0016916916916916917	0.25800230855160083	0.06562475259555466	0.3236270611471555
0.0016941941941941941	0.2591310582628086	0.06503832295023027	0.32416938121303884
0.0016966966966966968	0.2602622348027414	0.06445144928698748	0.3247136840897289
0.0016991991991991992	0.26139576161411754	0.0638641388663279	0.32525990048044545
0.0017017017017017016	0.2625315485925011	0.06327643728065363	0.32580798587315474
0.0017042042042042043	0.2636695489284774	0.06268832606106028	0.32635787498953767
0.0017067067067067067	0.2648096647711571	0.062099809310841116	0.3269094740819982
0.0017092092092092091	0.26595182300559866	0.06151090993720284	0.3274627329428015
0.0017117117117117118	0.26709594066460773	0.060921638345508865	0.3280175790101166
0.0017142142142142142	0.26824196033524356	0.06033200215557196	0.3285739624908155
0.0017167167167167166	0.26938977994208696	0.05974200952295902	0.32913178946504595
0.0017192192192192193	0.2705393419130596	0.059151674574064415	0.329691016487124
0.0017217217217217217	0.27169043194073456	0.05856100351445292	0.3302514354551875
0.0017242242242242242	0.27284380891616206	0.05797000664685569	0.33081381556301775
0.0017267267267267268	0.27399761968290476	0.05737869764467502	0.3313763173275798
0.0017292292292292292	0.27515326582020727	0.05678707170332165	0.3319403375235289
0.0017317317317317317	0.27631028629709575	0.05619518481844253	0.3325054711155383
0.0017342342342342343	0.27746851581429893	0.0556017835705023	0.33307029938480126
0.0017367367367367367	0.2786282450572225	0.05500828404336706	0.33363652910058955
0.0017392392392392392	0.27978860089464536	0.05441816878542572	0.33420676968007107
0.0017417417417417418	0.28095000215090193	0.05382499947168837	0.33477500162259033
0.0017442442442442442	0.2821124566057486	0.05323365561618422	0.3353461122219328
0.0017467467467467467	0.2832757310301116	0.052638157316762864	0.33591388834687447
0.0017492492492492493	0.2844397599691748	0.05204395258132403	0.33648371255049886
0.0017517517517517517	0.28560445563931136	0.05145007166542373	0.33705452730473506
0.0017542542542542542	0.28676973682147094	0.05085584151710695	0.33762557833857787
0.0017567567567567568	0.28793553225254526	0.050261394473775485	0.33819692672632073
0.0017592592592592592	0.2891017350622095	0.04966673621562375	0.3387684712778332
0.0017617617617617617	0.29026826202786055	0.04907187380191112	0.3393401358297717
0.0017642642642642643	0.2914350513230186	0.04847681456518493	0.33991186588820355
0.0017667667667667667	0.2926019779962026	0.04788156531356737	0.34048354330976993
0.0017692692692692692	0.29376900907244796	0.04728613329232832	0.3410551423647763
0.0017717717717717718	0.2949360078262548	0.04669052287421675	0.34162653070047155
0.0017742742742742742	0.2961029214486139	0.04609474155380472	0.3421976630024186
0.0017767767767767767	0.29726965346810924	0.045498796554236796	0.342768450022346
0.0017792792792792793	0.29843610667113535	0.04490269221804457	0.3433387988891799
0.0017817817817817817	0.2996022074594174	0.04430643268556249	0.3439086401449799
0.0017842842842842842	0.3007678853126533	0.04371002721891863	0.34447791253157195
0.0017867867867867868	0.3019327554443578	0.0431134790288138	0.3450462344731716
0.0017892892892892893	0.30309845115731276	0.042516793948202486	0.3456152451055152
0.001791791791791792	0.30425309539884016	0.04191997546117158	0.34617307086001176
0.0017942942942942943	0.3054282235619887	0.041323031924926396	0.3467512554869151
0.0017967967967967968	0.3065863497892501	0.0407259647143973	0.3473123145036474
0.0017992992992992994	0.3077476732315438	0.040128779853098304	0.3478764530846421
0.0018018018018018018	0.30890779530801354	0.03953148233632591	0.34843927764433946
0.0018043043043043043	0.3100667661800566	0.03893407375252637	0.34900083993258296
0.001806806806806807	0.3112245319292436	0.03833656049013296	0.34956109241937655
0.0018093093093093093	0.31238097005134435	0.03773894755000008	0.3501199176013444
0.0018118118118118118	0.31353600656540553	0.037141235889674114	0.35067724245507964
0.0018143143143143144	0.3146895638513332	0.03654343057250064	0.3512329944238338
0.0018168168168168168	0.3158415205881439	0.03594553346284927	0.3517870540509932
0.0018193193193193193	0.31699183065550146	0.03534754910849371	0.35233937976399515
0.001821821821821822	0.31814038154656993	0.03474948108860909	0.352889862635179
0.0018243243243243243	0.3192870984006063	0.03415132951167376	0.3534384279122801
0.0018268268268268268	0.3204318750259294	0.03355309997329948	0.3539849749992289
0.0018293293293293294	0.32157464338240177	0.0329547934556629	0.35452943683806465
0.0018318318318318318	0.32271532164710676	0.0323564125473048	0.35507173419441157
0.0018343343343343343	0.3238538036927937	0.03175795791948592	0.35561176161227964
0.001836836836836837	0.3249899980181304	0.031159432390777883	0.3561494304089083
0.0018393393393393393	0.32612384479829293	0.03056083820633001	0.3566846830046229
0.0018418418418418418	0.3272552433355809	0.029962176626368252	0.35721741996194917
0.0018443443443443444	0.32838411663936773	0.029363447362872816	0.35774756400224056
0.0018468468468468468	0.3295103392572678	0.02876465242820065	0.35827499168546845
0.0018493493493493493	0.33063388466043075	0.02816579197073947	0.35879967663117024
0.001851851851851852	0.3317546251080312	0.027566867949071355	0.3593214930571026
0.0018543543543543544	0.332872487483944	0.026967878464994682	0.35984036594893865
0.0018568568568568568	0.3339873876834713	0.026368825312050218	0.3603562129955215
0.0018593593593593594	0.3350992297806382	0.025769706655535247	0.36086893643617346
0.0018618618618618619	0.33620796533416636	0.02517052429418063	0.361378489628347
0.0018643643643643643	0.3373134580677334	0.024571273788976396	0.3618847318567098
0.001866866866866867	0.33841565669165885	0.023971957178330946	0.3623876138699898
0.0018693693693693694	0.33951447126029133	0.023372572326370345	0.3628870435866617
0.0018718718718718718	0.3406098253022491	0.02277311746591296	0.3633829427681621
0.0018743743743743744	0.34170161211960703	0.022173589378656867	0.3638752014982639
0.0018768768768768769	0.3427897662402207	0.021573987183254994	0.36436375342347566
0.0018793793793793793	0.34387420575393063	0.020974308325645466	0.3648485140795761
0.001881881881881882	0.34495484000334037	0.020374548180615706	0.36532938818395605
0.0018843843843843844	0.34603161502625973	0.019774705620206414	0.3658063206464661
0.0018868868868868868	0.3471043994493009	0.019174775202174078	0.36627917465147497
0.0018893893893893894	0.34817309626531484	0.018574752762876155	0.366747849028191
0.0018918918918918919	0.3492350648411728	0.017974634346733888	0.3672096991879067
0.0018943943943943943	0.35029748265237254	0.017374415056788627	0.36767189770916114
0.001896896896896897	0.35135436470566195	0.016774088912789257	0.3681284536184512
0.0018993993993993994	0.3524061334874348	0.016173649369566657	0.3685797828570015
0.0019019019019019018	0.35345346732647226	0.015573091228687351	0.3690265585551596
0.0019044044044044044	0.354496279446365	0.014972406720144606	0.36946868616650963
0.0019069069069069069	0.3555335035564882	0.014371588110590172	0.3699050916670784
0.0019094094094094093	0.35657090683683623	0.013770627441652451	0.3703415342784887
0.001911911911911912	0.35759204786258125	0.01316951628075325	0.3707615641433345
0.0019144144144144144	0.35864028034291906	0.012568244092259939	0.371208524435179
0.001916916916916917	0.35963889366575563	0.01196680223573718	0.37160569590149284
0.0019194194194194195	0.3606535600423348	0.011365178830141006	0.3720187388724758
0.0019219219219219219	0.36166388460867127	0.010763359009106285	0.37242724361777757
0.0019244244244244245	0.3626440379004704	0.010161305139813061	0.37280534304028345
0.001926926926926927	0.3636652161689873	0.009559106343281292	0.37322432251226856
0.0019294294294294294	0.36465876475818537	0.00895663583311554	0.37361540059130094
0.001931931931931932	0.36564681648961955	0.008353919505592696	0.3740007359952123
0.0019344344344344345	0.36662944996992874	0.007750940859357847	0.3743803908292866
0.0019369369369369369	0.36760659240422244	0.007147684014635878	0.37475427641885833
0.0019394394394394395	0.3685781718984189	0.0065441310682814325	0.37512230296670035
0.001941941941941942	0.36954411959963673	0.005940263955744876	0.3754843835553816
0.0019444444444444444	0.37050436806808235	0.0053360632865412086	0.3758404313546235
0.001946946946946947	0.3714588460244836	0.0047315083181523	0.37619035434263587
0.0019494494494494495	0.37240748839581383	0.004126580383063465	0.3765340687788773
0.001951951951951952	0.3733502251482671	0.0035212526661031578	0.37687147781437025
0.0019544544544544545	0.37428699241552293	0.002915503712604679	0.3772024961281276
0.001956956956956957	0.3752177207080683	0.0023093055817439197	0.3775270262898122
0.0019594594594594594	0.37614233852767853	0.001702644436214394	0.3778449829638929
0.001961961961961962	0.3770607404035297	0.001095486462981942	0.3781562268665117
0.0019644644644644643	0.3779730481457558	0.0004878123904815825	0.37846086053623734
0.001966966966966967	0.37887898718449814	0	0.37887898718449814
0.0019694694694694695	0.3797785718276717	0	0.3797785718276717
0.001971971971971972	0.3806717396453729	0	0.3806717396453729
0.0019744744744744744	0.3815584299235124	0	0.3815584299235124
0.001976976976976977	0.3824385843219549	0	0.3824385843219549
0.0019794794794794797	0.38331213298485267	0	0.38331213298485267
0.001981981981981982	0.3841792550416905	0	0.3841792550416905
0.0019844844844844845	0.38503922555946307	0	0.38503922555946307
0.001986986986986987	0.38589264809722434	0	0.38589264809722434
0.0019894894894894894	0.38673924119079595	0	0.38673924119079595
0.001991991991991992	0.3875789539196503	0	0.3875789539196503
0.0019944944944944947	0.38841173935463624	0	0.38841173935463624
0.001996996996996997	0.3892375184862845	0	0.3892375184862845
0.0019994994994994996	0.39005626155430945	0	0.39005626155430945
0.002002002002002002	0.3908679045527963	0	0.3908679045527963
0.0020045045045045044	0.3916724236282517	0	0.3916724236282517
0.002007007007007007	0.3924697340131646	0	0.3924697340131646
0.0020095095095095097	0.39325983025280775	0	0.39325983025280775
0.002012012012012012	0.39404237317417234	0	0.39404237317417234
0.0020145145145145146	0.39481800655800864	0	0.39481800655800864
0.002017017017017017	0.3955860408577106	0	0.3955860408577106
0.0020195195195195194	0.3963466467585947	0	0.3963466467585947
0.002022022022022022	0.3970997695280425	0	0.3970997695280425
0.0020245245245245247	0.3978453698648964	0	0.3978453698648964
0.002027027027027027	0.39858340205500686	0	0.39858340205500686
0.0020295295295295296	0.39931382103260665	0	0.39931382103260665
0.002032032032032032	0.4000365889704687	0	0.4000365889704687
0.0020345345345345344	0.400751662644598	0	0.400751662644598
0.002037037037037037	0.40145900003211493	0	0.40145900003211493
0.0020395395395395397	0.4021585683957683	0	0.4021585683957683
0.002042042042042042	0.40285032169047236	0	0.40285032169047236
0.0020445445445445446	0.40353422779141773	0	0.40353422779141773
0.002047047047047047	0.40421024782369486	0	0.40421024782369486
0.0020495495495495494	0.4048786316189654	0	0.4048786316189654
0.002052052052052052	0.40553740960567475	0	0.40553740960567475
0.0020545545545545547	0.40619068894983895	0	0.40619068894983895
0.002057057057057057	0.4068348071737741	0	0.4068348071737741
0.0020595595595595596	0.40747229582121985	0	0.40747229582121985
0.002062062062062062	0.40809883317609724	0	0.40809883317609724
0.0020645645645645644	0.40871871940098486	0	0.40871871940098486
0.002067067067067067	0.4093304499626427	0	0.4093304499626427
0.0020695695695695697	0.4099340056346778	0	0.4099340056346778
0.002072072072072072	0.41052935981757116	0	0.41052935981757116
0.0020745745745745746	0.41111648782876165	0	0.41111648782876165
0.002077077077077077	0.4116953577773829	0	0.4116953577773829
0.0020795795795795794	0.4122658767602975	0	0.4122658767602975
0.002082082082082082	0.4128282476762342	0	0.4128282476762342
0.0020845845845845847	0.41338221342807674	0	0.41338221342807674
0.002087087087087087	0.41392783155251567	0	0.41392783155251567
0.0020895895895895896	0.41446508074015914	0	0.41446508074015914
0.002092092092092092	0.4149939414121987	0	0.4149939414121987
0.0020945945945945945	0.4155143924322833	0	0.4155143924322833
0.0020970970970970973	0.41602642170699183	0	0.41602642170699183
0.0020995995995995997	0.41652999481489233	0	0.41652999481489233
0.002102102102102102	0.41702511276481014	0	0.41702511276481014
0.0021046046046046046	0.41751175738408186	0	0.41751175738408186
0.002107107107107107	0.4179898672492657	0	0.4179898672492657
0.0021096096096096095	0.41845953928191026	0	0.41845953928191026
0.0021121121121121123	0.4189206582571879	0	0.4189206582571879
0.0021146146146146147	0.41937324387061364	0	0.41937324387061364
0.002117117117117117	0.4198174687119653	0	0.4198174687119653
0.0021196196196196196	0.42025272271157005	0	0.42025272271157005
0.002122122122122122	0.4206796759482212	0	0.4206796759482212
0.0021246246246246245	0.4210980537315226	0	0.4210980537315226
0.0021271271271271273	0.4215078249561159	0	0.4215078249561159
0.0021296296296296298	0.4219090064546306	0	0.4219090064546306
0.002132132132132132	0.42230159253354455	0	0.42230159253354455
0.0021346346346346346	0.4226855788156879	0	0.4226855788156879
0.002137137137137137	0.4230609599944956	0	0.4230609599944956
0.0021396396396396395	0.4234277348304459	0	0.4234277348304459
0.0021421421421421423	0.42378589454244003	0	0.42378589454244003
0.0021446446446446448	0.4241354439244185	0	0.4241354439244185
0.002147147147147147	0.4244763767374615	0	0.4244763767374615
0.0021496496496496496	0.4248086943763018	0	0.4248086943763018
0.002152152152152152	0.42513239716490164	0	0.42513239716490164
0.0021546546546546545	0.4254474877233548	0	0.4254474877233548
0.0021571571571571573	0.4257539647158525	0	0.4257539647158525
0.0021596596596596598	0.42605179725572	0	0.42605179725572
0.002162162162162162	0.4263412596363558	0	0.4263412596363558
0.0021646646646646646	0.42662175264729796	0	0.42662175264729796
0.002167167167167167	0.42689382199443154	0	0.42689382199443154
0.0021696696696696695	0.4271572981615463	0	0.4271572981615463
0.0021721721721721723	0.42741219210028664	0	0.42741219210028664
0.0021746746746746748	0.42765851043595887	0	0.42765851043595887
0.002177177177177177	0.4278962604036716	0	0.4278962604036716
0.0021796796796796796	0.4281254134487136	0	0.4281254134487136
0.002182182182182182	0.42834694410367036	0	0.42834694410367036
0.0021846846846846845	0.42855766468086276	0	0.42855766468086276
0.0021871871871871874	0.4287617934121968	0	0.4287617934121968
0.0021896896896896898	0.4289568491676641	0	0.4289568491676641
0.002192192192192192	0.4291434925958704	0	0.4291434925958704
0.0021946946946946946	0.42932083337084115	0	0.42932083337084115
0.002197197197197197	0.42949111532594886	0	0.42949111532594886
0.0021996996996996995	0.42965224321287576	0	0.42965224321287576
0.0022022022022022024	0.42980494153258486	0	0.42980494153258486
0.002204704704704705	0.4299492125761436	0	0.4299492125761436
0.002207207207207207	0.4300850714379455	0	0.4300850714379455
0.0022097097097097096	0.43021253970048196	0	0.43021253970048196
0.002212212212212212	0.43033163266983143	0	0.43033163266983143
0.0022147147147147145	0.4304423687680011	0	0.4304423687680011
0.0022172172172172174	0.43054477128592866	0	0.43054477128592866
0.00221971971971972	0.4306388561175562	0	0.4306388561175562
0.0022222222222222222	0.43072464681768485	0	0.43072464681768485
0.0022247247247247246	0.4308021648183963	0	0.4308021648183963
0.002227227227227227	0.43087143056033067	0	0.43087143056033067
0.00222972972972973	0.4309324695937132	0	0.4309324695937132
0.0022322322322322324	0.4309853018084748	0	0.4309853018084748
0.002234734734734735	0.43102995565004143	0	0.43102995565004143
0.0022372372372372372	0.4310664526455964	0	0.4310664526455964
0.0022397397397397397	0.4310948161357371	0	0.4310948161357371
0.002242242242242242	0.4311150768571263	0	0.4311150768571263
0.002244744744744745	0.43112725834804905	0	0.43112725834804905
0.0022472472472472474	0.431131388447232	0	0.431131388447232
0.00224974974974975	0.43112749102278025	0	0.43112749102278025
0.0022522522522522522	0.43111559931221877	0	0.43111559931221877
0.0022547547547547547	0.43109574107963233	0	0.43109574107963233
0.002257257257257257	0.4310679412123064	0	0.4310679412123064
0.00225975975975976	0.4310322318664334	0	0.4310322318664334
0.0022622622622622624	0.43098864746338234	0	0.43098864746338234
0.002264764764764765	0.4309372102504171	0	0.4309372102504171
0.0022672672672672672	0.4308779569000151	0	0.4308779569000151
0.0022697697697697697	0.4308109180017981	0	0.4308109180017981
0.002272272272272272	0.4307361253641648	0	0.4307361253641648
0.002274774774774775	0.4306536377489453	0	0.4306536377489453
0.0022772772772772774	0.4305650275636267	0	0.4305650275636267
0.00227977977977978	0.430465496313787	0	0.430465496313787
0.0022822822822822822	0.4303600429196318	0	0.4303600429196318
0.0022847847847847847	0.43024698038668957	0	0.43024698038668957
0.002287287287287287	0.43012636674055005	0	0.43012636674055005
0.00228978978978979	0.4299982377070039	0	0.4299982377070039
0.0022922922922922924	0.4298626287842773	0	0.4298626287842773
0.002294794794794795	0.42971957259140536	0	0.42971957259140536
0.0022972972972972973	0.42956911102726364	0	0.42956911102726364
0.0022997997997997997	0.42941127903139287	0	0.42941127903139287
0.002302302302302302	0.4292461136908319	0	0.4292461136908319
0.002304804804804805	0.4290736508353236	0	0.4290736508353236
0.0023073073073073074	0.42889393102425427	0	0.42889393102425427
0.00230980980980981	0.42870699138163	0	0.42870699138163
0.0023123123123123123	0.4285128701347405	0	0.4285128701347405
0.0023148148148148147	0.42831160981588473	0	0.42831160981588473
0.002317317317317317	0.4281032449430401	0	0.4281032449430401
0.00231981981981982	0.42788781693500505	0	0.42788781693500505
0.0023223223223223224	0.42766536791118276	0	0.42766536791118276
0.002324824824824825	0.4274359359248865	0	0.4274359359248865
0.0023273273273273273	0.42719956285001354	0	0.42719956285001354
0.0023298298298298297	0.4269562898806625	0	0.4269562898806625
0.002332332332332332	0.42670615558642977	0	0.42670615558642977
0.002334834834834835	0.4264492060593123	0	0.4264492060593123
0.0023373373373373374	0.4261854809022314	0	0.4261854809022314
0.00233983983983984	0.425915021487461	0	0.425915021487461
0.0023423423423423423	0.42563787042942103	0	0.42563787042942103
0.0023448448448448447	0.42535407016144733	0	0.42535407016144733
0.0023473473473473476	0.4250636653673848	0	0.4250636653673848
0.00234984984984985	0.42476669789652255	0	0.42476669789652255
0.0023523523523523524	0.42446320973019036	0	0.42446320973019036
0.002354854854854855	0.4241532452837197	0	0.4241532452837197
0.0023573573573573573	0.423836849741419	0	0.423836849741419
0.0023598598598598597	0.42351406678584974	0	0.42351406678584974
0.0023623623623623626	0.4231849373204099	0	0.4231849373204099
0.002364864864864865	0.422849508820605	0	0.422849508820605
0.0023673673673673674	0.42250782701476286	0	0.42250782701476286
0.00236986986986987	0.422159932247069	0	0.422159932247069
0.0023723723723723723	0.421805873327017	0	0.421805873327017
0.0023748748748748747	0.4214456929061477	0	0.4214456929061477
0.0023773773773773776	0.42107943634205086	0	0.42107943634205086
0.00237987987987988	0.42070715068653786	0	0.42070715068653786
0.0023823823823823824	0.420328881817022	0	0.420328881817022
0.002384884884884885	0.4199446718801744	0	0.4199446718801744
0.0023873873873873873	0.4195545696172307	0	0.4195545696172307
0.0023898898898898897	0.419158619600081	0	0.419158619600081
0.0023923923923923926	0.41875686741992085	0	0.41875686741992085
0.002394894894894895	0.4183493619711624	0	0.4183493619711624
0.0023973973973973974	0.4179361443309012	0	0.4179361443309012
0.0023998998998999	0.41751726496187935	0	0.41751726496187935
0.0024024024024024023	0.41709276973918535	0	0.41709276973918535
0.0024049049049049047	0.416662703386126	0	0.416662703386126
0.0024074074074074076	0.4162271143679859	0	0.4162271143679859
0.00240990990990991	0.4157860490067032	0	0.4157860490067032
0.0024124124124124124	0.41533955080266505	0	0.41533955080266505
0.002414914914914915	0.4148876711852051	0	0.4148876711852051
0.0024174174174174173	0.41443045161026765	0	0.41443045161026765
0.0024199199199199197	0.41396794558227995	0	0.41396794558227995
0.0024224224224224226	0.4135001935007847	0	0.4135001935007847
0.002424924924924925	0.4130272466663977	0	0.4130272466663977
0.0024274274274274274	0.41254914972236384	0	0.41254914972236384
0.00242992992992993	0.41206594926741974	0	0.41206594926741974
0.0024324324324324323	0.4115776950189638	0	0.4115776950189638
0.0024349349349349347	0.4110844307287417	0	0.4110844307287417
0.0024374374374374376	0.41058620534164253	0	0.41058620534164253
0.00243993993993994	0.41008306456908505	0	0.41008306456908505
0.0024424424424424425	0.4095750549567516	0	0.4095750549567516
0.002444944944944945	0.40906222547847426	0	0.40906222547847426
0.0024474474474474473	0.40854462166614336	0	0.40854462166614336
0.0024499499499499497	0.40802229064143447	0	0.40802229064143447
0.0024524524524524526	0.40749527902963467	0	0.40749527902963467
0.002454954954954955	0.4069636341867524	0	0.4069636341867524
0.0024574574574574575	0.40642740227872143	0	0.40642740227872143
0.00245995995995996	0.40588663037512795	0	0.40588663037512795
0.0024624624624624623	0.40534136524505054	0	0.40534136524505054
0.0024649649649649647	0.4047916535101152	0	0.4047916535101152
0.0024674674674674676	0.4042375414215392	0	0.4042375414215392
0.00246996996996997	0.4036790758298402	0	0.4036790758298402
0.0024724724724724725	0.40311630323798453	0	0.40311630323798453
0.002474974974974975	0.4025492696839784	0	0.4025492696839784
0.0024774774774774773	0.4019780217297615	0	0.4019780217297615
0.00247997997997998	0.40140260564600744	0	0.40140260564600744
0.0024824824824824826	0.4008230673385974	0	0.4008230673385974
0.002484984984984985	0.40023945323772436	0	0.40023945323772436
0.0024874874874874875	0.39965180884224066	0	0.39965180884224066
0.00248998998998999	0.39906018039855845	0	0.39906018039855845
0.0024924924924924923	0.39846461362123603	0	0.39846461362123603
0.002494994994994995	0.3978651538786034	0	0.3978651538786034
0.0024974974974974976	0.39726184369352757	0	0.39726184369352757
0.0025	0.39665475433251046	0	0.39665475433251046