0.	0.38781515000250777	0	0.38781515000250777
2.5025025025025024e-6	0.3866007919608934	0	0.3866007919608934
5.005005005005005e-6	0.3853818587831612	0	0.3853818587831612
7.507507507507507e-6	0.3841584598013021	0	0.3841584598013021
0.00001001001001001001	0.3829307095017133	0	0.3829307095017133
0.000012512512512512513	0.38169872196749466	0	0.38169872196749466
0.000015015015015015015	0.38046261014013477	0	0.38046261014013477
0.000017517517517517516	0.379222485557009	0	0.379222485557009
0.00002002002002002002	0.37797845852293943	0	0.37797845852293943
0.000022522522522522523	0.3767306384995087	0	0.3767306384995087
0.000025025025025025026	0.37547913342216044	0	0.37547913342216044
0.000027527527527527526	0.37422405001548387	0	0.37422405001548387
0.00003003003003003003	0.3729654942545441	0	0.3729654942545441
0.00003253253253253253	0.3717035703364888	0	0.3717035703364888
0.00003503503503503503	0.3704383820077885	0	0.3704383820077885
0.000037537537537537536	0.36917003116327124	0	0.36917003116327124
0.00004004004004004004	0.36789861912758387	0	0.36789861912758387
0.00004254254254254254	0.3666242446033044	0	0.3666242446033044
0.000045045045045045046	0.36534700918125396	0	0.36534700918125396
0.00004754754754754755	0.3640670055540525	0	0.3640670055540525
0.00005005005005005005	0.36278433452663006	0	0.36278433452663006
0.000052552552552552556	0.36149908862140073	0	0.36149908862140073
0.00005505505505505505	0.36021136457855607	0	0.36021136457855607
0.000057557557557557555	0.358921252939721	0	0.358921252939721
0.00006006006006006006	0.3576288461604731	0	0.3576288461604731
0.00006256256256256256	0.3563342342517447	0	0.3563342342517447
0.00006506506506506506	0.3550375079386398	0	0.3550375079386398
0.00006756756756756757	0.35373875537327987	0	0.35373875537327987
0.00007007007007007007	0.3524380640724707	0	0.3524380640724707
0.00007257257257257258	0.3511355188098544	0	0.3511355188098544
0.00007507507507507507	0.3498312058742733	0	0.3498312058742733
0.00007757757757757758	0.348525207973547	0	0.348525207973547
0.00008008008008008008	0.3472176109737013	0	0.3472176109737013
0.00008258258258258259	0.34590849312740907	0	0.34590849312740907
0.00008508508508508508	0.34459793762551383	0	0.34459793762551383
0.00008758758758758758	0.3432860212082341	0	0.3432860212082341
0.00009009009009009009	0.341972825071109	0	0.341972825071109
0.00009259259259259259	0.34065842678509334	0	0.34065842678509334
0.0000950950950950951	0.3393429018239767	0	0.3393429018239767
0.0000975975975975976	0.3380263237550878	0	0.3380263237550878
0.0001001001001001001	0.3367087696019491	0	0.3367087696019491
0.0001026026026026026	0.33539031166436667	0	0.33539031166436667
0.00010510510510510511	0.3340710227889059	0	0.3340710227889059
0.00010760760760760761	0.3327509744846194	0	0.3327509744846194
0.0001101101101101101	0.33143023338924293	0	0.33143023338924293
0.00011261261261261261	0.33010887354239443	0	0.33010887354239443
0.00011511511511511511	0.3287876670275425	0	0.3287876670275425
0.00011761761761761762	0.3274645950631237	0	0.3274645950631237
0.00012012012012012012	0.3261417638930527	0	0.3261417638930527
0.00012262262262262261	0.32481859319379314	0	0.32481859319379314
0.00012512512512512512	0.3234951300929148	0	0.3234951300929148
0.00012762762762762763	0.32217144091555067	0	0.32217144091555067
0.00013013013013013012	0.32084758950172027	0	0.32084758950172027
0.00013263263263263263	0.31952363310244164	0	0.31952363310244164
0.00013513513513513514	0.31819963471301654	0	0.31819963471301654
0.00013763763763763765	0.31687565380659977	0	0.31687565380659977
0.00014014014014014013	0.31555174784902174	0	0.31555174784902174
0.00014264264264264264	0.3142279752926599	0	0.3142279752926599
0.00014514514514514515	0.3129043922209151	0	0.3129043922209151
0.00014764764764764766	0.3115810545883999	0	0.3115810545883999
0.00015015015015015014	0.31025801792234314	0	0.31025801792234314
0.00015265265265265265	0.3089353355323655	0	0.3089353355323655
0.00015515515515515516	0.30761306092462365	0	0.30761306092462365
0.00015765765765765765	0.30629124652076817	0	0.30629124652076817
0.00016016016016016016	0.30496994263951444	0	0.30496994263951444
0.00016266266266266267	0.303649201094748	0	0.303649201094748
0.00016516516516516518	0.30232907118905145	0	0.30232907118905145
0.00016766766766766766	0.3010096001160424	0	0.3010096001160424
0.00017017017017017017	0.29969083822777726	0	0.29969083822777726
0.00017267267267267268	0.29837283222385064	0	0.29837283222385064
0.00017517517517517516	0.2970556274034476	0	0.2970556274034476
0.00017767767767767767	0.29573927080376694	0	0.29573927080376694
0.00018018018018018018	0.29442380534540674	0	0.29442380534540674
0.0001826826826826827	0.29310927615058374	0	0.29310927615058374
0.00018518518518518518	0.2917957263152304	0	0.2917957263152304
0.00018768768768768769	0.2904831968635175	0	0.2904831968635175
0.0001901901901901902	0.28917173166357507	0	0.28917173166357507
0.0001926926926926927	0.28786136918917166	0	0.28786136918917166
0.0001951951951951952	0.286552152076753	0	0.286552152076753
0.0001976976976976977	0.2852441177292165	0	0.2852441177292165
0.0002002002002002002	0.2839373049749167	0	0.2839373049749167
0.0002027027027027027	0.2826317514577303	0	0.2826317514577303
0.0002052052052052052	0.28132749614249297	0	0.28132749614249297
0.0002077077077077077	0.28002457322319807	0	0.28002457322319807
0.00021021021021021022	0.27872301934083765	0	0.27872301934083765
0.0002127127127127127	0.2774228701646116	0	0.2774228701646116
0.00021521521521521522	0.27612415837798926	0	0.27612415837798926
0.00021771771771771773	0.2748269189810921	0	0.2748269189810921
0.0002202202202202202	0.2735311842560179	0	0.2735311842560179
0.00022272272272272272	0.2722370215390597	0	0.2722370215390597
0.00022522522522522523	0.2709444147343426	0	0.2709444147343426
0.00022772772772772774	0.26965330515092845	0	0.26965330515092845
0.00023023023023023022	0.26836390589150616	0	0.26836390589150616
0.00023273273273273273	0.2670761664068257	0	0.2670761664068257
0.00023523523523523524	0.26579011459606533	0	0.26579011459606533
0.00023773773773773772	0.26450578126356844	0	0.26450578126356844
0.00024024024024024023	0.26322319221158125	0	0.26322319221158125
0.00024274274274274274	0.26194237426595235	0	0.26194237426595235
0.00024524524524524523	0.26066312742661046	0	0.26066312742661046
0.00024774774774774777	0.25938614882617794	0	0.25938614882617794
0.00025025025025025025	0.25811080430768746	0	0.25811080430768746
0.00025275275275275273	0.25683733422920146	0	0.25683733422920146
0.00025525525525525527	0.25556576419896143	0	0.25556576419896143
0.00025775775775775775	0.2542961156157524	0	0.2542961156157524
0.00026026026026026023	0.25302841321525466	0	0.25302841321525466
0.00026276276276276277	0.2517626786036217	0	0.2517626786036217
0.00026526526526526525	0.25049893493651526	0	0.25049893493651526
0.0002677677677677678	0.24923720232176977	0	0.24923720232176977
0.0002702702702702703	0.24797836243650004	0	0.24797836243650004
0.00027277277277277276	0.24671987650940824	0	0.24671987650940824
0.0002752752752752753	0.2454643020918384	0	0.2454643020918384
0.0002777777777777778	0.24421082198321586	0	0.24421082198321586
0.00028028028028028026	0.24295945233749672	0	0.24295945233749672
0.0002827827827827828	0.24171021357165084	0	0.24171021357165084
0.0002852852852852853	0.24046312416941784	0	0.24046312416941784
0.00028778778778778776	0.23921819544981404	0	0.23921819544981404
0.0002902902902902903	0.23797545096771763	0	0.23797545096771763
0.0002927927927927928	0.23673490447391193	0	0.23673490447391193
0.0002952952952952953	0.23549657248036612	0	0.23549657248036612
0.0002977977977977978	0.23426047026567767	0	0.23426047026567767
0.0003003003003003003	0.23302661380398315	0	0.23302661380398315
0.0003028028028028028	0.23179501530506585	0	0.23179501530506585
0.0003053053053053053	0.23056569137952815	0	0.23056569137952815
0.0003078078078078078	0.229338655226129	0	0.229338655226129
0.00031031031031031033	0.2281139197552807	0	0.2281139197552807
0.0003128128128128128	0.22689149537732614	0	0.22689149537732614
0.0003153153153153153	0.2256714016437128	0	0.2256714016437128
0.00031781781781781783	0.22445364745478763	0	0.22445364745478763
0.0003203203203203203	0.2232382290356753	0	0.2232382290356753
0.0003228228228228228	0.22202519524071054	0	0.22202519524071054
0.00032532532532532533	0.22081452117481754	0	0.22081452117481754
0.0003278278278278278	0.21960622979929176	0	0.21960622979929176
0.00033033033033033035	0.21840033196120862	0	0.21840033196120862
0.00033283283283283284	0.21719869807348038	0	0.21719869807348038
0.0003353353353353353	0.2159957859355697	0	0.2159957859355697
0.00033783783783783786	0.2147971035264877	0	0.2147971035264877
0.00034034034034034034	0.21360087110130807	0	0.21360087110130807
0.0003428428428428428	0.212407076479013	0	0.212407076479013
0.00034534534534534536	0.21121572670288544	0	0.21121572670288544
0.00034784784784784784	0.2100268315435365	0	0.2100268315435365
0.0003503503503503503	0.20884039676143773	0	0.20884039676143773
0.00035285285285285286	0.20765642942706514	0	0.20765642942706514
0.00035535535535535535	0.206474937644395	0	0.206474937644395
0.0003578578578578579	0.20529592555224732	0	0.20529592555224732
0.00036036036036036037	0.20411940064787087	0	0.20411940064787087
0.00036286286286286285	0.20294546471555336	0	0.20294546471555336
0.0003653653653653654	0.2017720417535771	0	0.2017720417535771
0.00036786786786786787	0.2006047763130431	0	0.2006047763130431
0.00037037037037037035	0.19943825127601852	0	0.19943825127601852
0.0003728728728728729	0.19827423818706238	0	0.19827423818706238
0.00037537537537537537	0.19711274208609958	0	0.19711274208609958
0.00037787787787787786	0.19595376519544333	0	0.19595376519544333
0.0003803803803803804	0.1947972633166114	0	0.1947972633166114
0.0003828828828828829	0.1936440343710773	0	0.1936440343710773
0.0003853853853853854	0.19249200497471217	0	0.19249200497471217
0.0003878878878878879	0.1913431429245745	0	0.1913431429245745
0.0003903903903903904	0.19019681600279656	0	0.19019681600279656
0.0003928928928928929	0.1890530272914486	0	0.1890530272914486
0.0003953953953953954	0.18791177909926904	0	0.18791177909926904
0.0003978978978978979	0.18677307205376573	0	0.18677307205376573
0.0004004004004004004	0.18563690921480971	0	0.18563690921480971
0.0004029029029029029	0.1845032902275998	0	0.1845032902275998
0.0004054054054054054	0.18337221767028364	0	0.18337221767028364
0.0004079079079079079	0.1822436915572163	0	0.1822436915572163
0.0004104104104104104	0.18111771450439795	0	0.18111771450439795
0.0004129129129129129	0.17999428473962195	0	0.17999428473962195
0.0004154154154154154	0.1788735937639676	0	0.1788735937639676
0.0004179179179179179	0.17775140131385775	0	0.17775140131385775
0.00042042042042042044	0.1766391921187712	0	0.1766391921187712
0.00042292292292292293	0.1755299499711652	0	0.1755299499711652
0.0004254254254254254	0.17441515856138468	0	0.17441515856138468
0.00042792792792792795	0.1733072065166135	0	0.1733072065166135
0.00043043043043043043	0.17220160235214632	0	0.17220160235214632
0.0004329329329329329	0.17109854702972008	0	0.17109854702972008
0.00043543543543543545	0.16999797215903992	0	0.16999797215903992
0.00043793793793793793	0.16890027943347483	0	0.16890027943347483
0.0004404404404404404	0.16780461577197503	0	0.16780461577197503
0.00044294294294294295	0.1667117150624634	0	0.1667117150624634
0.00044544544544544544	0.16562135498980587	0	0.16562135498980587
0.000447947947947948	0.164533524149699	0	0.164533524149699
0.00045045045045045046	0.16344822855775237	0	0.16344822855775237
0.00045295295295295294	0.16236545564937804	0	0.16236545564937804
0.0004554554554554555	0.16128529130780017	0	0.16128529130780017
0.00045795795795795796	0.16020741116233567	0	0.16020741116233567
0.00046046046046046044	0.1591322870941981	0	0.1591322870941981
0.000462962962962963	0.15805960227572677	0	0.15805960227572677
0.00046546546546546546	0.15698942449703007	0	0.15698942449703007
0.00046796796796796795	0.1559215796500466	0	0.1559215796500466
0.0004704704704704705	0.15485658962458787	0	0.15485658962458787
0.00047297297297297297	0.15379392861921665	0	0.15379392861921665
0.00047547547547547545	0.15273307790411597	0	0.15273307790411597
0.000477977977977978	0.15167609146829772	0.0006046593472882535	0.15228075081558598
0.00048048048048048047	0.15062091700795643	0.004004518274152822	0.15462543528210926
0.000482982982982983	0.14956822409038745	0.007402022290092423	0.15697024638047988
0.0004854854854854855	0.14851801307621557	0.010797595152586223	0.15931560822880178
0.000487987987987988	0.147471016040356	0.014191645143126272	0.16166266118348227
0.0004904904904904905	0.14642502520891698	0.017584502529729824	0.1640095277386468
0.000492992992992993	0.14538226457246708	0.020976459407895023	0.1663587239803621
0.0004954954954954955	0.14434204087024777	0.024367769367651598	0.16870981023789935
0.000497997997997998	0.1433040102418614	0.027758657755545944	0.17106266799740735
0.0005005005005005005	0.1422685779831116	0.03114927786065975	0.17341785584377134
0.000503003003003003	0.14123559327321883	0.03453976808007567	0.1757753613532945
0.0005055055055055055	0.14020514966477463	0.03793022798538111	0.17813537765015575
0.000508008008008008	0.1391747560936597	0.041320725317355374	0.18049548141101507
0.0005105105105105105	0.13815482472201673	0.04471129776741841	0.18286612248943515
0.000513013013013013	0.13712802979821526	0.04810195778315545	0.18522998758137071
0.0005155155155155155	0.1361071760345443	0.05149269419849744	0.18759987023304175
0.000518018018018018	0.13508875492236921	0.05488347176108748	0.1899722266834567
0.0005205205205205205	0.13407273875951062	0.05827424039167302	0.19234697915118365
0.000523023023023023	0.13305912088552183	0.0616648926947518	0.19472401358027364
0.0005255255255255255	0.13204789968172306	0.06505545367574982	0.19710335335747287
0.0005280280280280281	0.131039068197331	0.068445711871763	0.19948478006909398
0.0005305305305305305	0.13003265250886606	0.07183559413063394	0.20186824663949998
0.000533033033033033	0.12902772082721886	0.07522497347021248	0.20425269429743134
0.0005355355355355356	0.12802682603527515	0.07861371618755916	0.20664054222283432
0.000538038038038038	0.12702748278364742	0.0820016786485734	0.20902916143222083
0.0005405405405405405	0.12603049034055608	0.08538870483221372	0.2114191951727698
0.0005430430430430431	0.12503584881177507	0.0887746362879662	0.21381048509974127
0.0005455455455455455	0.12404354958035103	0.09215929819604277	0.21620284777639381
0.000548048048048048	0.1230535851787759	0.09554252359751018	0.2185961087762861
0.0005505505505505506	0.12206594674570966	0.09892411548921934	0.220990062234929
0.000553053053053053	0.12108063565502186	0.10230387268245242	0.22338450833747428
0.0005555555555555556	0.12009763026304282	0.10568166349780724	0.22577929376085004
0.0005580580580580581	0.11911693549960994	0.10905722508912935	0.2281741605887393
0.0005605605605605605	0.11813854064384505	0.11243035754284228	0.23056889818668733
0.0005630630630630631	0.11716243983124659	0.11580086121448661	0.2329633010457332
0.0005655655655655656	0.11618862478215705	0.11916634285852762	0.23535496764068467
0.000568068068068068	0.11521708671598753	0.12253358904556708	0.23775067576155462
0.0005705705705705706	0.1142478150133491	0.12589435941169588	0.24014217442504499
0.0005730730730730731	0.11328080428624614	0.12925197041272854	0.24253277469897466
0.0005755755755755755	0.11231605570617402	0.13260619302493193	0.24492224873110596
0.0005780780780780781	0.11135353763744771	0.1359561465284343	0.247309684165882
0.0005805805805805806	0.11039359680442488	0.13930177756260376	0.24969537436702866
0.000583083083083083	0.1094349322545877	0.14263746270777067	0.25207239496235834
0.0005855855855855856	0.10847943563844466	0.14597828761093062	0.25445772324937527
0.0005880880880880881	0.10752584786209965	0.14931301111521392	0.25683885897731357
0.0005905905905905906	0.10657446244088574	0.1526372467624371	0.2592117092033228
0.0005930930930930931	0.10562527654453177	0.1559585593997243	0.26158383594425605
0.0005955955955955956	0.10467828177024423	0.15927364847726586	0.26395193024751007
0.0005980980980980981	0.10373347531761744	0.16258272237583699	0.26631619769345444
0.0006006006006006006	0.10279084109098148	0.1658855209388874	0.2686763620298689
0.0006031031031031031	0.10185021269047105	0.1691817765448503	0.27103198923532135
0.0006056056056056056	0.10091525440582157	0.1724712106543001	0.27338646506012165
0.0006081081081081081	0.09997793419523064	0.17574638725327746	0.2757243214485081
0.0006106106106106106	0.09904211223989338	0.17898069551317905	0.2780228077530724
0.0006131131131131132	0.09811003171226221	0.18229588043125725	0.28040591214351945
0.0006156156156156156	0.09718017132980918	0.1855553133842321	0.28273548471404125
0.0006181181181181181	0.09625269884626494	0.18880660150277329	0.28505930034903826
0.0006206206206206207	0.09532710704456666	0.19204939263886311	0.28737649968342976
0.0006231231231231231	0.09440374477078844	0.19528432355234537	0.2896880683231338
0.0006256256256256256	0.09348226389873958	0.19850842574144908	0.29199068964018865
0.0006281281281281282	0.0925630881218438	0.20172417677325608	0.2942872648950999
0.0006306306306306306	0.09164589300962758	0.20493030460558023	0.2965761976152078
0.0006331331331331331	0.09073079197381086	0.20812656114964737	0.29885735312345824
0.0006356356356356357	0.08981772916988667	0.21131267506684795	0.30113040423673465
0.0006381381381381381	0.08890670470467316	0.2144881296387957	0.30339483434346887
0.0006406406406406406	0.08799774139052102	0.21765143060260625	0.30564917199312724
0.0006431431431431432	0.08709078863973464	0.22080719073159802	0.3078979793713327
0.0006456456456456456	0.08618586118424772	0.22394983823777898	0.3101356994220267
0.0006481481481481481	0.08528294390493228	0.2269980465010408	0.31228099040597307
0.0006506506506506507	0.08438202852399505	0.230203030690431	0.31458505921442603
0.0006531531531531532	0.08348310178175666	0.23335254366661407	0.31683564544837073
0.0006556556556556556	0.08258615975232417	0.2364019410163777	0.3189881007687019
0.0006581581581581582	0.08169119316498352	0.23948383113940513	0.32117502430438866
0.0006606606606606607	0.08079744463418755	0.242552821741312	0.3233502663754996
0.0006631631631631631	0.07990764184597243	0.24560853116147066	0.32551617300744307
0.0006656656656656657	0.07901770904391474	0.248650711272478	0.32766842031639276
0.0006681681681681682	0.07813086503417642	0.2516775061298771	0.32980837116405354
0.0006706706706706706	0.07724561967026236	0.25469225561946623	0.3319378752897286
0.0006731731731731732	0.07636228198668495	0.2576934017015608	0.33405568368824573
0.0006756756756756757	0.07548086990773915	0.2606784822633067	0.33615935217104587
0.0006781781781781781	0.07460134803724021	0.26364882130087147	0.3382501693381117
0.0006806806806806807	0.07372368862104717	0.26660397416247855	0.3403276627835257
0.0006831831831831832	0.07284700954679525	0.26954367234327936	0.3423906818900746
0.0006856856856856856	0.07200988145931138	0.27246765521019983	0.3444775366695112
0.0006881881881881882	0.07110366654438753	0.27537566942927594	0.3464793359736635
0.0006906906906906907	0.07019560123447793	0.2782673935853343	0.34846299481981224
0.0006931931931931931	0.06936299663647771	0.281142630299117	0.3505056269355947
0.0006956956956956957	0.0684969246719504	0.2840010468232696	0.35249797149522
0.0006981981981981982	0.06763221805548723	0.2868425582059835	0.3544747762614707
0.0007007007007007007	0.06676869632823082	0.28966744146289064	0.3564361377911215
0.0007032032032032032	0.06590800428122515	0.29247336007231084	0.35838136435353596
0.0007057057057057057	0.06504884005111872	0.29526228893048284	0.36031112898160156
0.0007082082082082082	0.06419128104757407	0.29803287160989694	0.362224152657471
0.0007107107107107107	0.0633354812022576	0.30078553282605625	0.36412101402831387
0.0007132132132132132	0.06248143189034195	0.30351957965121684	0.3660010115415588
0.0007157157157157158	0.06162912323318742	0.3062227506952295	0.3678518739284169
0.0007182182182182182	0.06077854355270234	0.3089307581467025	0.36970930169940486
0.0007207207207207207	0.05992978181856147	0.31160859146900394	0.3715383732875654
0.0007232232232232233	0.059082430676636356	0.31426631363349344	0.3733487443101298
0.0007257257257257257	0.05823706302273077	0.31690438666862175	0.37514144969135255
0.0007282282282282282	0.057393286076413495	0.3195225729096948	0.3769158589861083
0.0007307307307307308	0.056551179537429906	0.3221206645509504	0.3786718440883803
0.0007332332332332332	0.05571074810218016	0.3246986328843953	0.3804093809865755
0.0007357357357357357	0.05487203864390594	0.3272556012671952	0.38212763991110116
0.0007382382382382383	0.05402279380546456	0.32979216018160107	0.3838149539870656
0.0007407407407407407	0.0532141180610182	0.332307772663285	0.3855218907243032
0.0007432432432432432	0.052365542190245355	0.33480221381652764	0.387167756006773
0.0007457457457457458	0.0515330022053482	0.33727532695258483	0.388808329157933
0.0007482482482482482	0.05070226889704936	0.3397269195537194	0.3904291884507688
0.0007507507507507507	0.049873107749355154	0.3421567906516319	0.39202989840098706
0.0007532532532532533	0.049045512846881044	0.3445647549159278	0.39361026776280883
0.0007557557557557557	0.04821946493210649	0.3469506374458848	0.3951701023779913
0.0007582582582582582	0.047394955621722475	0.349314277699617	0.39670923332133945
0.0007607607607607608	0.046571968754933156	0.351655465116133	0.3982274338710661
0.0007632632632632632	0.04575055717530249	0.35397406233133527	0.39972461950663774
0.0007657657657657658	0.0449285976014078	0.3562698888074909	0.40119848640889866
0.0007682682682682683	0.044113115010401126	0.35854279835748654	0.40265591336788764
0.0007707707707707708	0.04329465645812498	0.3607926249929603	0.40408728145108525
0.0007732732732732733	0.042478453815506544	0.3630191154725113	0.40549756928801783
0.0007757757757757758	0.04166584828270839	0.365219695085529	0.40688554336823735
0.0007782782782782783	0.04085256352159885	0.3674020841141335	0.4082546476357323
0.0007807807807807808	0.04004128997859445	0.36955808468763385	0.4095993746662283
0.0007832832832832833	0.03923140405620466	0.3716902820599452	0.4109216861161499
0.0007857857857857858	0.03842285387927382	0.37379854521508443	0.41222139909435823
0.0007882882882882883	0.03761572291399437	0.37588274384584347	0.4134984667598378
0.0007907907907907908	0.03680994868615965	0.3779427655605514	0.41475271424671106
0.0007932932932932933	0.03600613510710704	0.37998937977743646	0.4159955148845435
0.0007957957957957958	0.035201913646717965	0.3819812972270125	0.4171832108737305
0.0007982982982982983	0.03440052263711343	0.3839765251013941	0.4183770477385075
0.0008008008008008008	0.033599978243789096	0.3859386505281458	0.4195386287719349
0.0008033033033033033	0.032800705395557975	0.3878760551888075	0.4206767605843655
0.0008058058058058058	0.032002686537379	0.3897995499257963	0.4218022364631753
0.0008083083083083083	0.03120590064416144	0.3916762198230882	0.42288212046724966
0.0008108108108108108	0.03041044652113632	0.3935403597595219	0.42395080628065823
0.0008133133133133133	0.02961597664747705	0.39537639604204344	0.4249923726895205
0.0008158158158158158	0.02882279589538113	0.39718877012814974	0.42601156602353085
0.0008183183183183183	0.02803078129833702	0.3989758939619441	0.42700667526028113
0.0008208208208208208	0.027239910111255303	0.400737971131756	0.42797788124301134
0.0008233233233233233	0.02645016527370781	0.4024742232860552	0.428924388559763
0.0008258258258258258	0.025661525200020838	0.4041851647107295	0.42984668991075037
0.0008283283283283283	0.024873970310851548	0.4058704846517035	0.43074445496255503
0.0008308308308308308	0.02408747979606501	0.4075306226375001	0.43161810243356513
0.0008333333333333334	0.02330203126989455	0.4091649790925999	0.43246701036249446
0.0008358358358358358	0.022517603697684737	0.4107736213501796	0.4332912250478643
0.0008383383383383384	0.02173417320870796	0.4123568769429773	0.43409105015168525
0.0008408408408408409	0.020951717924818716	0.41391405047775776	0.43486576840257646
0.0008433433433433433	0.02017021112757294	0.41544563146909325	0.4356158425966662
0.0008458458458458459	0.01938963005729294	0.4169514239716866	0.43634105402897955
0.0008483483483483484	0.01860993947196817	0.41843142722160015	0.4370413666935683
0.0008508508508508508	0.017831140624430118	0.4198856347227415	0.4377167753471716
0.0008533533533533534	0.017053168495603312	0.4213118776242863	0.4383650461198896
0.0008558558558558559	0.01627601477963958	0.42271656448727507	0.43899257926691465
0.0008583583583583583	0.015499643623000593	0.4240932612249938	0.4395929048479944
0.0008608608608608609	0.014724024110495414	0.42544412709628693	0.4401681512067823
0.0008633633633633634	0.013949120805176208	0.4267674120422303	0.4407165328474065
0.0008658658658658658	0.013174898557557959	0.428070414677953	0.4412453132355109
0.0008683683683683684	0.012401319724550447	0.42934144836407234	0.4417427680886228
0.0008708708708708709	0.011628344215798692	0.43058516675984665	0.4422135109756453
0.0008733733733733733	0.010855929424193162	0.43181103541103816	0.4426669648352313
0.0008758758758758759	0.010084030626161393	0.43300704772323734	0.4430910783493987
0.0008783783783783784	0.009312599624197001	0.43417732481811744	0.44348992444231444
0.0008808808808808808	0.008541585554569799	0.4353218978197884	0.4438634833743582
0.0008833833833833834	0.007770934073957958	0.43644079609760034	0.4442117301715583
0.0008858858858858859	0.00700058778611287	0.43753406175229415	0.444534649538407
0.0008883883883883883	0.006230486034753489	0.43860173752128895	0.44483222355604246
0.0008908908908908909	0.005460561690080254	0.43964386562587987	0.4451044273159601
0.0008933933933933934	0.004690744573761847	0.4406604971805164	0.44535124175427826
0.000895895895895896	0.003920962147301441	0.4416516845126352	0.4455726466599366
0.0008983983983983984	0.003151134220608136	0.44261658334283366	0.4457677175634418
0.0009009009009009009	0.0023811818215078665	0.44355802682529294	0.4459392086468008
0.0009034034034034035	0.001611009680077878	0.4444731266218172	0.4460841363018951
0.0009059059059059059	0.0008405312531633645	0.4453631369279717	0.44620366818113505
0.0009084084084084084	0.00006964734013951342	0.44622801733971756	0.4462976646798571
0.000910910910910911	0	0.44706784416537637	0.44706784416537637
0.0009134134134134134	0	0.4478845398891307	0.4478845398891307
0.0009159159159159159	0	0.44867287545810597	0.44867287545810597
0.0009184184184184185	0	0.44943784234285244	0.44943784234285244
0.0009209209209209209	0	0.4501782464016009	0.4501782464016009
0.0009234234234234234	0	0.4508940109171203	0.4508940109171203
0.000925925925925926	0	0.4515852275829743	0.4515852275829743
0.0009284284284284284	0	0.45225198983619	0.45225198983619
0.0009309309309309309	0	0.4528943986396003	0.4528943986396003
0.0009334334334334335	0	0.45351255403939084	0.45351255403939084
0.0009359359359359359	0	0.4541065575289472	0.4541065575289472
0.0009384384384384384	0	0.4546765161807262	0.4546765161807262
0.000940940940940941	0	0.4552219973828454	0.4552219973828454
0.0009434434434434434	0	0.4557445992913982	0.4557445992913982
0.0009459459459459459	0	0.45624319637783367	0.45624319637783367
0.0009484484484484485	0	0.4567180952665081	0.4567180952665081
0.0009509509509509509	0	0.45716952087055696	0.45716952087055696
0.0009534534534534534	0	0.45759769807889134	0.45759769807889134
0.000955955955955956	0	0.45800243476974917	0.45800243476974917
0.0009584584584584585	0	0.4583841806185111	0.4583841806185111
0.0009609609609609609	0	0.45874295390294234	0.45874295390294234
0.0009634634634634635	0	0.45907888131766555	0.45907888131766555
0.000965965965965966	0	0.4593921020064051	0.4593921020064051
0.0009684684684684684	0	0.4596827466755403	0.4596827466755403
0.000970970970970971	0	0.4599509553611281	0.4599509553611281
0.0009734734734734735	0	0.46019686707804003	0.46019686707804003
0.000975975975975976	0	0.4604206197422461	0.4604206197422461
0.0009784784784784785	0	0.4606223586249409	0.4606223586249409
0.000980980980980981	0	0.46080222734253723	0.46080222734253723
0.0009834834834834836	0	0.4609603746795281	0.4609603746795281
0.000985985985985986	0	0.4610969409516591	0.4610969409516591
0.0009884884884884884	0	0.4612120856711283	0.4612120856711283
0.000990990990990991	0	0.46130595434491684	0.46130595434491684
0.0009934934934934935	0	0.46137870026408007	0.46137870026408007
0.000995995995995996	0	0.4614311040975513	0.4614311040975513
0.0009984984984984986	0	0.46146139848665974	0.46146139848665974
0.001001001001001001	0	0.46147172815809745	0.46147172815809745
0.0010035035035035034	0	0.4614615458639548	0.4614615458639548
0.001006006006006006	0	0.46143102747593945	0.46143102747593945
0.0010085085085085085	0	0.4613803313501817	0.4613803313501817
0.001011011011011011	0	0.4613096237429199	0.4613096237429199
0.0010135135135135136	0	0.46121906543252716	0.46121906543252716
0.001016016016016016	0	0.461108807677513	0.461108807677513
0.0010185185185185184	0	0.46097854483278544	0.46097854483278544
0.001021021021021021	0	0.46082995632435814	0.46082995632435814
0.0010235235235235235	0	0.46066164782561464	0.46066164782561464
0.001026026026026026	0	0.4604743211306105	0.4604743211306105
0.0010285285285285286	0	0.4602681443813	0.4602681443813
0.001031031031031031	0	0.4600432855087217	0.4600432855087217
0.0010335335335335334	0	0.4597999181008284	0.4597999181008284
0.001036036036036036	0	0.45953874250456755	0.45953874250456755
0.0010385385385385385	0	0.45925818477417096	0.45925818477417096
0.001041041041041041	0	0.4589605126987743	0.4589605126987743
0.0010435435435435436	0	0.458644821068807	0.458644821068807
0.001046046046046046	0	0.458311480734703	0.458311480734703
0.0010485485485485487	0	0.4579606682303454	0.4579606682303454
0.001051051051051051	0	0.4575925537864544	0.4575925537864544
0.0010535535535535535	0	0.4572073148465994	0.4572073148465994
0.0010560560560560562	0	0.456805124411965	0.456805124411965
0.0010585585585585586	0	0.4563861580893633	0.4563861580893633
0.001061061061061061	0	0.45595059162003176	0.45595059162003176
0.0010635635635635637	0	0.45549860230326905	0.45549860230326905
0.001066066066066066	0	0.4550303635725486	0.4550303635725486
0.0010685685685685685	0	0.45454605419490407	0.45454605419490407
0.0010710710710710712	0	0.4540458473650477	0.4540458473650477
0.0010735735735735736	0	0.4535299214439107	0.4535299214439107
0.001076076076076076	0	0.4529984513078905	0.4529984513078905
0.0010785785785785787	0	0.45245161306854986	0.45245161306854986
0.001081081081081081	0	0.4518895847155416	0.4518895847155416
0.0010835835835835835	0	0.45131253947406524	0.45131253947406524
0.0010860860860860862	0	0.45072065496874064	0.45072065496874064
0.0010885885885885886	0	0.45011410651206313	0.45011410651206313
0.001091091091091091	0	0.44949307114077386	0.44949307114077386
0.0010935935935935937	0	0.4488577203417434	0.4488577203417434
0.001096096096096096	0	0.4482082315571248	0.4482082315571248
0.0010985985985985985	0	0.44754477956699246	0.44754477956699246
0.0011011011011011012	0	0.4468675383106781	0.4468675383106781
0.0011036036036036036	0	0.4461766816313017	0.4461766816313017
0.001106106106106106	0	0.44547238298579916	0.44547238298579916
0.0011086086086086087	0	0.44475481793500576	0.44475481793500576
0.0011111111111111111	0	0.4440241548858743	0.4440241548858743
0.0011136136136136135	0	0.4432805695945411	0.4432805695945411
0.0011161161161161162	0	0.4425242331698173	0.4425242331698173
0.0011186186186186186	0	0.44175531567984117	0.44175531567984117
0.001121121121121121	0	0.440973987630256	0.440973987630256
0.0011236236236236237	0	0.44018042145471215	0.44018042145471215
0.0011261261261261261	0	0.43937478264060353	0.43937478264060353
0.0011286286286286285	0	0.4385572450538329	0.4385572450538329
0.0011311311311311312	0	0.43772797520579626	0.43772797520579626
0.0011336336336336336	0	0.4368871367175838	0.4368871367175838
0.001136136136136136	0	0.43603485417221244	0.43603485417221244
0.0011386386386386387	0	0.43517168405784873	0.43517168405784873
0.0011411411411411411	0	0.43429686767291326	0.43429686767291326
0.0011436436436436436	0	0.4334114304302734	0.4334114304302734
0.0011461461461461462	0	0.4325152515305268	0.4325152515305268
0.0011486486486486486	0	0.4316085003977757	0.4316085003977757
0.001151151151151151	0	0.4306913330658675	0.4306913330658675
0.0011536536536536537	0	0.4297639127888931	0.4297639127888931
0.0011561561561561561	0	0.42882640130935645	0.42882640130935645
0.0011586586586586586	0	0.4278789573165185	0.4278789573165185
0.0011611611611611612	0	0.4269217387429991	0.4269217387429991
0.0011636636636636636	0	0.4259549041254551	0.4259549041254551
0.001166166166166166	0	0.42497861188402775	0.42497861188402775
0.0011686686686686687	0	0.42399301591762795	0.42399301591762795
0.0011711711711711711	0	0.42299827000787865	0.42299827000787865
0.0011736736736736738	0	0.4219945293651261	0.4219945293651261
0.0011761761761761762	0	0.4209819492911079	0.4209819492911079
0.0011786786786786786	0	0.4199606783753001	0.4199606783753001
0.0011811811811811813	0	0.4189308693356406	0.4189308693356406
0.0011836836836836837	0	0.4178926701810764	0.4178926701810764
0.0011861861861861861	0	0.41684623219554806	0.41684623219554806
0.0011886886886886888	0	0.4157917029036091	0.4157917029036091
0.0011911911911911912	0	0.4147292284852345	0.4147292284852345
0.0011936936936936936	0	0.4136589553804711	0.4136589553804711
0.0011961961961961963	0	0.41258102451951895	0.41258102451951895
0.0011986986986986987	0	0.41149558491066146	0.41149558491066146
0.0012012012012012011	0	0.41040277648997137	0.41040277648997137
0.0012037037037037038	0	0.4093027391844391	0.4093027391844391
0.0012062062062062062	0	0.40819561598280724	0.40819561598280724
0.0012087087087087087	0	0.4070815435403242	0.4070815435403242
0.0012112112112112113	0	0.4059606629007716	0.4059606629007716
0.0012137137137137137	0	0.4048331080961442	0.4048331080961442
0.0012162162162162162	0	0.40369901593214735	0.40369901593214735
0.0012187187187187188	0	0.40255852090695937	0.40255852090695937
0.0012212212212212212	0	0.4014117564348015	0.4014117564348015
0.0012237237237237237	0	0.40025885490968593	0.40025885490968593
0.0012262262262262263	0	0.3990999471833396	0.3990999471833396
0.0012287287287287287	0	0.39793516358468267	0.39793516358468267
0.0012312312312312312	0	0.3967646326064053	0.3967646326064053
0.0012337337337337338	0	0.39558848178069456	0.39558848178069456
0.0012362362362362362	0	0.3944068378220534	0.3944068378220534
0.0012387387387387387	0	0.39321982584356746	0.39321982584356746
0.0012412412412412413	0	0.3920275697929681	0.3920275697929681
0.0012437437437437437	0	0.39083019286658643	0.39083019286658643
0.0012462462462462462	0	0.3896278165032443	0.3896278165032443
0.0012487487487487488	0	0.38842055994539026	0.38842055994539026
0.0012512512512512512	0	0.38720854530509685	0.38720854530509685
0.0012537537537537537	0	0.3859918907160265	0.3859918907160265
0.0012562562562562563	0	0.38477071037235183	0.38477071037235183
0.0012587587587587587	0	0.3835451213247522	0.3835451213247522
0.0012612612612612612	0	0.38231523840325243	0.38231523840325243
0.0012637637637637638	0	0.38108117471866654	0.38108117471866654
0.0012662662662662662	0	0.37984304258396695	0.37984304258396695
0.0012687687687687687	0	0.3786009531553737	0.3786009531553737
0.0012712712712712713	0	0.3773550160135166	0.3773550160135166
0.0012737737737737737	0	0.3761053398531177	0.3761053398531177
0.0012762762762762762	0	0.37485203239859866	0.37485203239859866
0.0012787787787787788	0	0.3735951996395666	0.3735951996395666
0.0012812812812812813	0	0.37233494688984703	0.37233494688984703
0.0012837837837837837	0	0.3710713779033356	0.3710713779033356
0.0012862862862862863	0	0.36980459559714624	0.36980459559714624
0.0012887887887887888	0	0.3685347014763244	0.3685347014763244
0.0012912912912912912	0	0.3672617957292572	0.3672617957292572
0.0012937937937937938	0	0.3659859782612235	0.3659859782612235
0.0012962962962962963	0	0.36470734567225443	0.36470734567225443
0.001298798798798799	0	0.3634259985779227	0.3634259985779227
0.0013013013013013013	0	0.3621420279259615	0.3621420279259615
0.0013038038038038038	0	0.3608555319708867	0.3608555319708867
0.0013063063063063064	0	0.35956660018417463	0.35956660018417463
0.0013088088088088088	0	0.3582753305312491	0.3582753305312491
0.0013113113113113113	0	0.3569818095736962	0.3569818095736962
0.001313813813813814	0	0.35568613075076333	0.35568613075076333
0.0013163163163163163	0	0.35438837957573593	0.35438837957573593
0.0013188188188188188	0	0.35308864569029685	0.35308864569029685
0.0013213213213213214	0	0.35178701847454674	0.35178701847454674
0.0013238238238238238	0	0.35048357735849944	0.35048357735849944
0.0013263263263263263	0	0.3491784131661102	0.3491784131661102
0.001328828828828829	0	0.34787160491963054	0.34787160491963054
0.0013313313313313313	0	0.34656323721022236	0.34656323721022236
0.0013338338338338338	0	0.34525338860237265	0.34525338860237265
0.0013363363363363364	0	0.3439421438751419	0.3439421438751419
0.0013388388388388388	0	0.3426295789801692	0.3426295789801692
0.0013413413413413413	0	0.3413157719135257	0.3413157719135257
0.001343843843843844	0	0.3400007992472135	0.3400007992472135
0.0013463463463463464	0	0.33868473963462875	0.33868473963462875
0.0013488488488488488	0	0.3373676641586382	0.3373676641586382
0.0013513513513513514	0	0.33604964996468256	0.33604964996468256
0.0013538538538538539	0	0.3347307676689798	0.3347307676689798
0.0013563563563563563	0	0.3334110885076043	0.3334110885076043
0.001358858858858859	0	0.33209068562653415	0.33209068562653415
0.0013613613613613614	0	0.33076962709225816	0.33076962709225816
0.0013638638638638638	0	0.329447959350011	0.329447959350011
0.0013663663663663664	0	0.3281257549287609	0.3281257549287609
0.0013688688688688689	0	0.3268032211285871	0.3268032211285871
0.0013713713713713713	0	0.3254802174460243	0.3254802174460243
0.001373873873873874	0	0.32415689317129853	0.32415689317129853
0.0013763763763763764	0	0.32283331036714935	0.32283331036714935
0.0013788788788788788	0	0.3215095324037231	0.3215095324037231
0.0013813813813813814	0	0.3201856203573226	0.3201856203573226
0.0013838838838838839	0	0.3188616361904088	0.3188616361904088
0.0013863863863863863	0	0.3175376391234785	0.3175376391234785
0.001388888888888889	0	0.31621368805344263	0.31621368805344263
0.0013913913913913914	0	0.3148898416107651	0.3148898416107651
0.0013938938938938938	0	0.3135661563975805	0.3135661563975805
0.0013963963963963964	0	0.3122426899917726	0.3122426899917726
0.0013988988988988989	0	0.31091949614743614	0.31091949614743614
0.0014014014014014013	0	0.3095966299704216	0.3095966299704216
0.001403903903903904	0	0.3082741444783337	0.3082741444783337
0.0014064064064064064	0	0.3069520929269688	0.3069520929269688
0.0014089089089089088	0	0.30563052721896194	0.30563052721896194
0.0014114114114114115	0	0.3043094983390193	0.3043094983390193
0.0014139139139139139	0	0.3029890558755169	0.3029890558755169
0.0014164164164164163	0	0.3016692497130243	0.3016692497130243
0.001418918918918919	0	0.30035012785796755	0.30035012785796755
0.0014214214214214214	0	0.29903173869534344	0.29903173869534344
0.001423923923923924	0	0.297714126887623	0.297714126887623
0.0014264264264264265	0	0.2963973401421873	0.2963973401421873
0.0014289289289289289	0	0.2950814229798325	0.2950814229798325
0.0014314314314314315	0	0.2937664205531242	0.2937664205531242
0.001433933933933934	0	0.29245237536356494	0.29245237536356494
0.0014364364364364364	0	0.2911393303931181	0.2911393303931181
0.001438938938938939	0	0.2898273283850144	0.2898273283850144
0.0014414414414414415	0	0.28851640967585906	0.28851640967585906
0.001443943943943944	0	0.2872066150556248	0.2872066150556248
0.0014464464464464465	0	0.28589798370778935	0.28589798370778935
0.001448948948948949	0	0.284590555551	0.284590555551
0.0014514514514514514	0	0.2832843691258226	0.2832843691258226
0.001453953953953954	0	0.281979460136314	0.281979460136314
0.0014564564564564565	0	0.28067586640797104	0.28067586640797104
0.001458958958958959	0	0.2793736229556268	0.2793736229556268
0.0014614614614614615	0	0.2780727675227925	0.2780727675227925
0.001463963963963964	0	0.27677333233290247	0.27677333233290247
0.0014664664664664664	0	0.2754753525774604	0.2754753525774604
0.001468968968968969	0	0.27417886152683846	0.27417886152683846
0.0014714714714714715	0	0.2728838915744095	0.2728838915744095
0.001473973973973974	0	0.2715890683827756	0.2715890683827756
0.0014764764764764766	0	0.2702985927630843	0.2702985927630843
0.001478978978978979	0	0.26900840089145656	0.26900840089145656
0.0014814814814814814	0	0.2677198269092819	0.2677198269092819
0.001483983983983984	0	0.26643292857553125	0.26643292857553125
0.0014864864864864865	0	0.265147731955098	0.265147731955098
0.001488988988988989	0	0.26386426621445286	0.26386426621445286
0.0014914914914914916	0	0.262582560464753	0.262582560464753
0.001493993993993994	0	0.2613026527237263	0.2613026527237263
0.0014964964964964964	0	0.2600242791644674	0.2600242791644674
0.001498998998998999	0	0.25874824363043425	0.25874824363043425
0.0015015015015015015	0	0.2574738337078156	0.2574738337078156
0.001504004004004004	0	0.256201310199183	0.256201310199183
0.0015065065065065066	0	0.25493069741251484	0.25493069741251484
0.001509009009009009	0	0.25366201933274396	0.25366201933274396
0.0015115115115115114	0	0.25239529831883534	0.25239529831883534
0.001514014014014014	0	0.25113055666080336	0.25113055666080336
0.0015165165165165165	0	0.24986781623743132	0.24986781623743132
0.001519019019019019	0	0.24860722433095062	0.24860722433095062
0.0015215215215215216	0	0.24734828080634136	0.24734828080634136
0.001524024024024024	0	0.24609182748505296	0.24609182748505296
0.0015265265265265264	0	0.24483729945533686	0.24483729945533686
0.001529029029029029	0	0.24358487253349323	0.24358487253349323
0.0015315315315315315	0	0.24233456643974335	0.24233456643974335
0.001534034034034034	0	0.2410863988246461	0.2410863988246461
0.0015365365365365366	0	0.2398403868242111	0.2398403868242111
0.001539039039039039	0	0.2385965492998405	0.2385965492998405
0.0015415415415415416	0	0.237354901890527	0.237354901890527
0.001544044044044044	0	0.23611546063810615	0.23611546063810615
0.0015465465465465465	0	0.2348782416731566	0.2348782416731566
0.0015490490490490492	0	0.23364325951368242	0.23364325951368242
0.0015515515515515516	0	0.23241053082899163	0.23241053082899163
0.001554054054054054	0	0.23118006784796813	0.23118006784796813
0.0015565565565565567	0	0.2299518863593757	0.2299518863593757
0.001559059059059059	0	0.22872599857345002	0.22872599857345002
0.0015615615615615615	0	0.22750241993506065	0.22750241993506065
0.0015640640640640642	0	0.2262811591887742	0.2262811591887742
0.0015665665665665666	0	0.22506223059672706	0.22506223059672706
0.001569069069069069	0	0.22384569430613793	0.22384569430613793
0.0015715715715715717	0	0.22263142213557238	0.22263142213557238
0.001574074074074074	0	0.22141956061742712	0.22141956061742712
0.0015765765765765765	0	0.22021007754623517	0.22021007754623517
0.0015790790790790792	0	0.21900298216327652	0.21900298216327652
0.0015815815815815816	0	0.21779844259145634	0.21779844259145634
0.001584084084084084	0	0.21659556975992103	0.21659556975992103
0.0015865865865865867	0	0.21539613193642676	0.21539613193642676
0.001589089089089089	0	0.2141986824537799	0.2141986824537799
0.0015915915915915915	0	0.21300366764077716	0.21300366764077716
0.0015940940940940942	0	0.21181109506026766	0.21181109506026766
0.0015965965965965966	0	0.21062097230374577	0.21062097230374577
0.001599099099099099	0	0.2094333061677553	0.2094333061677553
0.0016016016016016017	0	0.20824810479946848	0.20824810479946848
0.001604104104104104	0	0.20706537423113078	0.20706537423113078
0.0016066066066066065	0	0.20588512111958576	0.20588512111958576
0.0016091091091091092	0	0.20470735205761303	0.20470735205761303
0.0016116116116116116	0	0.20353207196719944	0.20353207196719944
0.001614114114114114	0	0.2023576873532665	0.2023576873532665
0.0016166166166166167	0	0.20118910594632367	0.20118910594632367
0.0016191191191191191	0	0.2000212003962742	0.2000212003962742
0.0016216216216216215	0	0.19885593072874996	0.19885593072874996
0.0016241241241241242	0	0.19769317587063565	0.19769317587063565
0.0016266266266266266	0	0.19653293836010005	0.19653293836010005
0.001629129129129129	0	0.19537522322906395	0.19537522322906395
0.0016316316316316317	0	0.19422120515177804	0.19422120515177804
0.0016341341341341341	0	0.19306739045969515	0.19306739045969515
0.0016366366366366365	0	0.19191725691736097	0.19191725691736097
0.0016391391391391392	0	0.19076966240287185	0.19076966240287185
0.0016416416416416416	0	0.18962460488637115	0.18962460488637115
0.001644144144144144	0	0.18848208548716994	0.18848208548716994
0.0016466466466466467	0	0.18734210784723587	0.18734210784723587
0.0016491491491491491	0	0.1862046722845825	0.1862046722845825
0.0016516516516516516	0	0.18506978121468548	0.18506978121468548
0.0016541541541541542	0	0.18393743616934602	0.18393743616934602
0.0016566566566566566	0	0.18280763673303238	0.18280763673303238
0.001659159159159159	0	0.1816803857993738	0.1816803857993738
0.0016616616616616617	0	0.18055568078517337	0.18055568078517337
0.0016641641641641641	0	0.1794335242548322	0.1794335242548322
0.0016666666666666668	0	0.17831054155221887	0.17831054155221887
0.0016691691691691692	0	0.17719711421690124	0.17719711421690124
0.0016716716716716716	0	0.1760820677745216	0.1760820677745216
0.0016741741741741743	0	0.1749735219259253	0.1749735219259253
0.0016766766766766767	0	0.17386095538182675	0.17386095538182675
0.0016791791791791791	0	0.17275408389741131	0.17275408389741131
0.0016816816816816818	0	0.17164975264165536	0.17164975264165536
0.0016841841841841842	0	0.17054796952250903	0.17054796952250903
0.0016866866866866866	0	0.16944773483070766	0.16944773483070766
0.0016891891891891893	0	0.168351998490559	0.168351998490559
0.0016916916916916917	0	0.16725784970576796	0.16725784970576796
0.0016941941941941941	0	0.16616622657981162	0.16616622657981162
0.0016966966966966968	0	0.16507712254399526	0.16507712254399526
0.0016991991991991992	0	0.1639905642402747	0.1639905642402747
0.0017017017017017016	0	0.16290652997799504	0.16290652997799504
0.0017042042042042043	0	0.16182501153023407	0.16182501153023407
0.0017067067067067067	0	0.16074642693800822	0.16074642693800822
0.0017092092092092091	0	0.1596695786621083	0.1596695786621083
0.0017117117117117118	0	0.1585956279735525	0.1585956279735525
0.0017142142142142142	0	0.15752419290208114	0.15752419290208114
0.0017167167167167166	0	0.15645527008396787	0.15645527008396787
0.0017192192192192193	0	0.1553888748433949	0.1553888748433949
0.0017217217217217217	0	0.1543249503495287	0.1543249503495287
0.0017242242242242242	0	0.15326345326962068	0.15326345326962068
0.0017267267267267268	0	0.15220477694202253	0.15220477694202253
0.0017292292292292292	0.0023049112525446846	0.1511481949424183	0.15345310619496297
0.0017317317317317317	0.005703533032716915	0.15009426182265545	0.15579779485537237
0.0017342342342342343	0.009100027106006742	0.14904280573708004	0.15814283284308678
0.0017367367367367367	0.01249478587534048	0.14799387568603067	0.16048866156137115
0.0017392392392392392	0.015888200892847537	0.14694722465579457	0.1628354255486421
0.0017417417417417418	0.01928057523545077	0.14590330490642706	0.16518388014187782
0.0017442442442442442	0.022672183918669847	0.1448648354284818	0.16753701934715165
0.0017467467467467467	0.02606325320105963	0.14382267598212542	0.16988592918318504
0.0017492492492492493	0.02945399053352912	0.14278598357059705	0.17223997410412617
0.0017517517517517517	0.03284453133137038	0.1417517820604141	0.1745963133917845
0.0017542542542542542	0.03623499711045008	0.14072001861724673	0.1769550157276968
0.0017567567567567568	0.03962546896944805	0.13968859856737628	0.17931406753682433
0.0017592592592592592	0.04301600004549149	0.13866542661931394	0.18168142666480544
0.0017617617617617617	0.04640661596037992	0.13763863140916677	0.1840452473695467
0.0017642642642642643	0.04979731761835903	0.1366172936622122	0.18641461128057124
0.0017667667667667667	0.05318807951297748	0.13559766162738188	0.18878574114035934
0.0017692692692692692	0.05657886193975833	0.13458044415243456	0.1911593060921929
0.0017717717717717718	0.05996960226817426	0.13356562967470087	0.19353523194287514
0.0017742742742742742	0.06336016706542413	0.1325532150038871	0.19591338206931122
0.0017767767767767767	0.06675062193597778	0.13154318526485764	0.19829380720083542
0.0017792792792792793	0.07014070515213587	0.13053554079119056	0.20067624594332645
0.0017817817817817817	0.07353035314483046	0.12952886175192194	0.20305921489675238
0.0017842842842842842	0.07691943245728304	0.12852745941989557	0.20544689187717863
0.0017867867867867868	0.0803078034627594	0.1275268579244891	0.2078346613872485
0.0017892892892892893	0.08369531861590879	0.1265286899220954	0.2102240085380042
0.001791791791791792	0.08708181835232981	0.12553287185554451	0.21261469020787432
0.0017942942942942943	0.09046713876439992	0.12453940322408749	0.2150065419884874
0.0017967967967967968	0.09385110282224103	0.12354827495054764	0.21739937777278867
0.0017992992992992994	0.09723353391786352	0.12255947296706755	0.21979300688493109
0.0018018018018018018	0.100614250433331	0.12157299788454368	0.22218724831787467
0.0018043043043043043	0.10399333130710843	0.12058884059437135	0.22458217190147978
0.001806806806806807	0.10736973496260752	0.11960699529451617	0.22697673025712367
0.0018093093093093093	0.11074410546148737	0.11862745405512617	0.22937155951661353
0.0018118118118118118	0.11411594979494992	0.11765020395438684	0.23176615374933676
0.0018143143143143144	0.11748515968792891	0.11667524345485461	0.23416040314278352
0.0018168168168168168	0.1208602338644855	0.11570256470834288	0.23656279857282836
0.0018193193193193193	0.12421412861480859	0.11473216153682018	0.23894629015162877
0.001821821821821822	0.12757361294238434	0.11376402563583596	0.2413376385782203
0.0018243243243243243	0.1309295757765208	0.11279814728648144	0.24372772306300225
0.0018268268268268268	0.1342816531966173	0.11183452217752327	0.24611617537414057
0.0018293293293293294	0.13762953770301092	0.11087329146883744	0.24850282917184835
0.0018318318318318318	0.1409725265700103	0.1099137911196511	0.2508863176896614
0.0018343343343343343	0.14431235201029116	0.10895714020666389	0.25326949221695505
0.001836836836836837	0.147652745853462	0.10800236866265712	0.2556551145161191
0.0018393393393393393	0.15096897401766163	0.10704987733291074	0.25801885135057234
0.0018418418418418418	0.15429893982641155	0.10609959569127239	0.26039853551768394
0.0018443443443443444	0.15761683675093136	0.10515150574655048	0.2627683424974818
0.0018468468468468468	0.16092895428753837	0.10420560477611973	0.2651345590636581
0.0018493493493493493	0.16423492783485216	0.10326188325536059	0.2674968110902127
0.001851851851851852	0.16753448021326103	0.10232033794397666	0.26985481815723766
0.0018543543543543544	0.17082735663439022	0.10138540735226517	0.2722127639866554
0.0018568568568568568	0.17411401145451003	0.1004336304043159	0.2745476418588259
0.0018593593593593594	0.17743658047114622	0.09950854969558526	0.2769451301667315
0.0018618618618618619	0.18065872750505493	0.09857567318715398	0.2792344006922089
0.0018643643643643643	0.18392658520035393	0.0976448920474351	0.281571477247789
0.001866866866866867	0.18718201133873366	0.09671588770342418	0.28389789904215784
0.0018693693693693694	0.19042907211653606	0.09578960477435015	0.2862186768908862
0.0018718718718718718	0.1936675242042337	0.09486512368001879	0.2885326478842525
0.0018743743743743744	0.1968977996414334	0.09394309532406216	0.29084089496549553
0.0018768768768768769	0.20011750658819855	0.09302246083846316	0.2931399674266617
0.0018793793793793793	0.20332846157762294	0.09210423701561822	0.29543269859324117
0.001881881881881882	0.2065296825488888	0.09118808388702414	0.2977177664359129
0.0018843843843843844	0.20972089729463855	0.09027400036205058	0.29999489765668913
0.0018868868868868868	0.2129014660760105	0.08936196478188188	0.30226343085789237
0.0018893893893893894	0.21607198069251893	0.08845195124513879	0.3045239319376577
0.0018918918918918919	0.21923152082214667	0.08754400982084229	0.30677553064298896
0.0018943943943943943	0.22237993991252275	0.08663807324802068	0.30901801316054345
0.001896896896896897	0.22552330060056425	0.08573414937359432	0.31125744997415855
0.0018993993993993994	0.2286119751494484	0.08483223486360068	0.31344421001304906
0.0019019019019019018	0.2317954862349157	0.08393231483735512	0.31572780107227083
0.0019044044044044044	0.23485350500724544	0.08303438630536528	0.31788789131261075
0.0019069069069069069	0.237944531953808	0.08213843293114151	0.3200829648849495
0.0019094094094094093	0.24101997163556796	0.08124450291482843	0.3222644745503964
0.001911911911911912	0.24408229861414235	0.08035040402560834	0.32443270263975066
0.0019144144144144144	0.24713132737183602	0.07946464775253384	0.3265959751243699
0.001916916916916917	0.25016672668771417	0.07857423213718735	0.3287409588249015
0.0019194194194194195	0.2531936703793651	0.07768800441692203	0.3308816747962871
0.0019219219219219219	0.25619099178104	0.076803718610761	0.332994710391801
0.0019244244244244245	0.2591877047581329	0.07592134443060333	0.33510904918873624
0.001926926926926927	0.26216554074701853	0.07504087484953045	0.33720641559654896
0.0019294294294294294	0.26512831668661835	0.07416227722504098	0.33929059391165933
0.001931931931931932	0.2680757793966069	0.073285573649534	0.3413613530461409
0.0019344344344344345	0.271007654538433	0.07242042443409853	0.3434280789725315
0.0019369369369369369	0.27392367009899193	0.07153038475887759	0.3454540548578695
0.0019394394394394395	0.27682349250148364	0.07065714706895383	0.34748063957043746
0.001941941941941942	0.27970709971746854	0.06980537407866329	0.3495124737961318
0.0019444444444444444	0.28257400364452395	0.06892996367389286	0.3515039673184168
0.001946946946946947	0.2854239709192715	0.06806434188058554	0.35348831279985704
0.0019494494494494495	0.2882567970314994	0.06720038631449406	0.35545718334599347
0.001951951951951952	0.291072527989467	0.0663384837796479	0.3574110117691149
0.0019544544544544545	0.2938700425937149	0.06547817538802579	0.3593482179817407
0.001956956956956957	0.2966491515822138	0.06461984190562697	0.36126899348784075
0.0019594594594594594	0.299411681136326	0.06376316334320715	0.36317484447953313
0.001961961961961962	0.3021557183258853	0.06290823806562593	0.36506395639151124
0.0019644644644644643	0.3048675401594393	0.062055061167023036	0.3669226013264623
0.001966966966966967	0.3076023100245937	0.06120361555346467	0.36880592557805836
0.0019694694694694695	0.31027243247421565	0.06035388686396901	0.3706263193381847
0.001971971971971972	0.31293990484163864	0.05950643282066596	0.3724463376623046
0.0019744744744744744	0.3155878236665212	0.058659585913371046	0.3742474095798923
0.001976976976976977	0.31821598146817814	0.057814963686261794	0.3760309451544399
0.0019794794794794797	0.3208241361219103	0.05697202483097152	0.3777961609528818
0.001981981981981982	0.3234120817376464	0.05613075613833836	0.37954283787598475
0.0019844844844844845	0.3259788683027632	0.05529114272510143	0.3812700110278646
0.001986986986986987	0.32852719874755787	0.05445198559802422	0.3829791843455821
0.0019894894894894894	0.33105261997096164	0.053618430406446316	0.38467105037740795
0.001991991991991992	0.3335576460558533	0.05277873651144485	0.3863363825672982
0.0019944944944944947	0.33604145308078426	0.05194896194275734	0.3879904150235416
0.001996996996996997	0.3385038141389185	0.05111743637911183	0.3896212505180303
0.0019994994994994996	0.3409445649272013	0.0502874918082796	0.3912320567354809
0.002002002002002002	0.3433635087651433	0.04945911664278681	0.3928226254079301
0.0020045045045045044	0.34576045964699603	0.048632295284792494	0.39439275493178855
0.002007007007007007	0.34813524363137177	0.047807019612881224	0.39594226324425297
0.0020095095095095097	0.3504876770457404	0.04698327248618886	0.3974709495319293
0.002012012012012012	0.352817608268622	0.04616106405822464	0.39897867232684664
0.0020145145145145146	0.3551248396093606	0.04533987571947984	0.4004647153288404
0.002017017017017017	0.3574092233616923	0.04452137788544291	0.4019306012471352
0.0020195195195195194	0.35967060266829937	0.04370456916795393	0.40337517183625327
0.002022022022022022	0.36190882916133466	0.042887102975044195	0.4047959321363789
0.0020245245245245247	0.3641222128821009	0.042069679147862415	0.4061918920299633
0.002027027027027027	0.3663153387275886	0.04125870456406994	0.4075740432916585
0.0020295295295295296	0.3684830537976588	0.04044674858632588	0.4089298023839847
0.002032032032032032	0.37062717379196114	0.039636165157981955	0.4102633389499431
0.0020345345345345344	0.3727474210612532	0.03882694577064612	0.4115743668318993
0.002037037037037037	0.3748436646645	0.03801906602951856	0.4128627306940185
0.0020395395395395397	0.37691577448834046	0.03721266513338662	0.4141284396217271
0.002042042042042042	0.37896123466690324	0.036407457916949805	0.41536869258385306
0.0020445445445445446	0.38098971911614465	0.03560657608130027	0.4165962951974449
0.002047047047047047	0.38298648768293725	0.0348012951282061	0.41778778281114337
0.0020495495495495494	0.38496067116635924	0.03400009074929975	0.418960761915659
0.002052052052052052	0.3869104375772677	0.03320018428334321	0.4201106218606109
0.0020545545545545547	0.38883417099201734	0.03240154011944338	0.42123571111146074
0.002057057057057057	0.39073668758550256	0.03160414108545258	0.4223408286709551
0.0020595595595595596	0.39261067813178	0.03080799659033168	0.4234186747221117
0.002062062062062062	0.3944613134305703	0.030012993367131684	0.424474306797702
0.0020645645645645644	0.39628572369742227	0.029219239740534468	0.42550496343795674
0.002067067067067067	0.3980855057401947	0.028426644269738933	0.42651215000993364
0.0020695695695695697	0.39985996970508325	0.027635203671920724	0.427495173377004
0.002072072072072072	0.40160795283212586	0.026844897243943743	0.4284528500760696
0.0020745745745745746	0.40333285329640794	0.026055708132018806	0.42938856142842674
0.002077077077077077	0.40503091611401193	0.025267613270123692	0.4302985293841356
0.0020795795795795794	0.40670386854179164	0.02448059337270172	0.43118446191449333
0.002082082082082082	0.4083510235377893	0.023694626721860377	0.4320456502596497
0.0020845845845845847	0.4099725604278205	0.022909691564393046	0.43288225199221353
0.002087087087087087	0.41156932186827927	0.02212576556777716	0.43369508743605645
0.0020895895895895896	0.4131385940541694	0.021342825480498397	0.4344814195346678
0.002092092092092092	0.41468306107972125	0.020560846923090466	0.4352439080028117
0.0020945945945945945	0.41620173960963924	0.01977980696205772	0.43598154657169697
0.0020970970970970973	0.41769466204038164	0.01899967842400877	0.43669434046439043
0.0020995995995995997	0.4191617630825977	0.01822040616610471	0.43738216924870243
0.002102102102102102	0.4206031195630243	0.01744204885175772	0.438045168414782
0.0021046046046046046	0.4220179949238474	0.016664491551954916	0.4386824864758023
0.002107107107107107	0.4234081497647805	0.015887733191529238	0.4392958829563097
0.0021096096096096095	0.42477191979439516	0.015111742199688744	0.4398836619940839
0.0021121121121121123	0.42610985821204317	0.014336484688066324	0.4404463429001095
0.0021146146146146147	0.42744015660745216	0.013561926645336463	0.4410020832527886
0.002117117117117117	0.42870800189223235	0.012788031307425844	0.4414960331996582
0.0021196196196196196	0.4299565746475972	0.012014759254848191	0.44197133390244536
0.002122122122122122	0.43120336781635143	0.011242069486747285	0.4424454373030987
0.0021246246246246245	0.43241225980040854	0.010469918543445825	0.44288217834385435
0.0021271271271271273	0.43359540249013845	0.00969825945749798	0.4432936619476364
0.0021296296296296298	0.4347528233027308	0.008927043958322107	0.4436798672610529
0.002132132132132132	0.435884552857825	0.008156218337278507	0.44404077119510355
0.0021346346346346346	0.4369906310554535	0.0073857244932037215	0.44437635554865723
0.002137137137137137	0.4380710964287889	0.0066155110526433065	0.4446866074814322
0.0021396396396396395	0.4391259914453006	0.005845505450420715	0.44497149689572135
0.0021421421421421423	0.4401553658334589	0.005075644849479796	0.4452310106829387
0.0021446446446446448	0.44115926859652776	0.004305854155595481	0.44546512275212324
0.002147147147147147	0.4421377550983627	0.0035360576514662507	0.4456738127498289
0.0021496496496496496	0.4430955785398043	0.0027661806003788855	0.44586175914018317
0.002152152152152152	0.4440186770222435	0.001996128548533407	0.44601480557077694
0.0021546546546546545	0.4449212756045464	0.001225815144773611	0.44614709074932
0.0021571571571571573	0.44579871312191494	0.00045514466836514176	0.4462538577902801
0.0021596596596596598	0.4466510573452897	0	0.4466510573452897
0.002162162162162162	0.44747834837727074	0	0.44747834837727074
0.0021646646646646646	0.44827422233666164	0	0.44827422233666164
0.002167167167167167	0.44905837103172136	0	0.44905837103172136
0.0021696696696696695	0.44981113021987856	0	0.44981113021987856
0.0021721721721721723	0.4505392037784196	0	0.4505392037784196
0.0021746746746746748	0.4512426807889376	0	0.4512426807889376
0.002177177177177177	0.45192166010130513	0	0.45192166010130513
0.0021796796796796796	0.45257623371035255	0	0.45257623371035255
0.002182182182182182	0.45320650116178723	0	0.45320650116178723
0.0021846846846846845	0.4538125659226663	0	0.4538125659226663
0.0021871871871871874	0.45439453430127436	0	0.45439453430127436
0.0021896896896896898	0.454952556632701	0	0.454952556632701
0.002192192192192192	0.45548909474402793	0	0.45548909474402793
0.0021946946946946946	0.455996908058348	0	0.455996908058348
0.002197197197197197	0.4564835885867997	0	0.4564835885867997
0.0021996996996996995	0.45694673547917053	0	0.45694673547917053
0.0022022022022022024	0.4573864568675527	0	0.4573864568675527
0.002204704704704705	0.457802917373466	0	0.457802917373466
0.002207207207207207	0.4581961863324442	0	0.4581961863324442
0.0022097097097097096	0.4585664259297394	0	0.4585664259297394
0.002212212212212212	0.4589137620772638	0	0.4589137620772638
0.0022147147147147145	0.4592383208550513	0	0.4592383208550513
0.0022172172172172174	0.4595402374660168	0	0.4595402374660168
0.00221971971971972	0.45981965000022823	0	0.45981965000022823
0.0022222222222222222	0.46007669014549185	0	0.46007669014549185
0.0022247247247247246	0.46031150397894466	0	0.46031150397894466
0.002227227227227227	0.4605242335492982	0	0.4605242335492982
0.00222972972972973	0.46071501798240005	0	0.46071501798240005
0.0022322322322322324	0.4608840055320387	0	0.4608840055320387
0.002234734734734735	0.4610313453952154	0	0.4610313453952154
0.0022372372372372372	0.461157181659408	0	0.461157181659408
0.0022397397397397397	0.46126166948896186	0	0.46126166948896186
0.002242242242242242	0.46134495757326793	0	0.46134495757326793
0.002244744744744745	0.46140721850270544	0	0.46140721850270544
0.0022472472472472474	0.46144902178520686	0	0.46144902178520686
0.00224974974974975	0.4614691436163734	0	0.4614691436163734
0.0022522522522522522	0.4614691892245785	0	0.4614691892245785
0.0022547547547547547	0.4614488180296098	0	0.4614488180296098
0.002257257257257257	0.46140819109329656	0	0.46140819109329656
0.00225975975975976	0.4613474701814892	0	0.4613474701814892
0.0022622622622622624	0.46126681434724265	0	0.46126681434724265
0.002264764764764765	0.46116639176665664	0	0.46116639176665664
0.0022672672672672672	0.4610463795964217	0	0.4610463795964217
0.0022697697697697697	0.4609069500549201	0	0.4609069500549201
0.002272272272272272	0.4607481911622337	0	0.4607481911622337
0.002274774774774775	0.4605703514104153	0	0.4605703514104153
0.0022772772772772774	0.4603735769187903	0	0.4603735769187903
0.00227977977977978	0.4601580388301543	0	0.4601580388301543
0.0022822822822822822	0.4599239045054578	0	0.4599239045054578
0.0022847847847847847	0.4596713457600177	0	0.4596713457600177
0.002287287287287287	0.4593971356754783	0	0.4593971356754783
0.00228978978978979	0.4591116860679603	0	0.4591116860679603
0.0022922922922922924	0.4588048842870252	0	0.4588048842870252
0.002294794794794795	0.45848034730985326	0	0.45848034730985326
0.0022972972972972973	0.45813824908334777	0	0.45813824908334777
0.0022997997997997997	0.4577787613681484	0	0.4577787613681484
0.002302302302302302	0.4574020632734852	0	0.4574020632734852
0.002304804804804805	0.45700832641696326	0	0.45700832641696326
0.0023073073073073074	0.4565977243643216	0	0.4565977243643216
0.00230980980980981	0.4561704387029507	0	0.4561704387029507
0.0023123123123123123	0.45572663877830943	0	0.45572663877830943
0.0023148148148148147	0.45526650277506675	0	0.45526650277506675
0.002317317317317317	0.4547902071301773	0	0.4547902071301773
0.00231981981981982	0.4542979268054881	0	0.4542979268054881
0.0023223223223223224	0.4537898377813762	0	0.4537898377813762
0.002324824824824825	0.4532661185083673	0	0.4532661185083673
0.0023273273273273273	0.4527269428590553	0	0.4527269428590553
0.0023298298298298297	0.4521724878006074	0	0.4521724878006074
0.002332332332332332	0.45160292832512533	0	0.45160292832512533
0.002334834834834835	0.4510184425058004	0	0.4510184425058004
0.0023373373373373374	0.4504192040948545	0	0.4504192040948545
0.00233983983983984	0.44980538822549865	0	0.44980538822549865
0.0023423423423423423	0.4491771729022972	0	0.4491771729022972
0.0023448448448448447	0.448534731950126	0	0.448534731950126
0.0023473473473473476	0.4478782396815901	0	0.4478782396815901
0.00234984984984985	0.44720787323649197	0	0.44720787323649197
0.0023523523523523524	0.4465238003678624	0	0.4465238003678624
0.002354854854854855	0.4458262027398489	0	0.4458262027398489
0.0023573573573573573	0.44511524769514876	0	0.44511524769514876
0.0023598598598598597	0.44439111215500454	0	0.44439111215500454
0.0023623623623623626	0.44365396716033156	0	0.44365396716033156
0.002364864864864865	0.4429039839819358	0	0.4429039839819358
0.0023673673673673674	0.4421413347677932	0	0.4421413347677932
0.00236986986986987	0.44136619142301337	0	0.44136619142301337
0.0023723723723723723	0.4405787229982913	0	0.4405787229982913
0.0023748748748748747	0.4397791000796229	0	0.4397791000796229
0.0023773773773773776	0.4389674918048341	0	0.4389674918048341
0.00237987987987988	0.4381440653749427	0	0.4381440653749427
0.0023823823823823824	0.4373089892804942	0	0.4373089892804942
0.002384884884884885	0.4364624332011523	0	0.4364624332011523
0.0023873873873873873	0.43560558355051343	0	0.43560558355051343
0.0023898898898898897	0.4347355081899279	0	0.4347355081899279
0.0023923923923923926	0.43385550108964555	0	0.43385550108964555
0.002394894894894895	0.43296467410202666	0	0.43296467410202666
0.0023973973973973974	0.43206318716830916	0	0.43206318716830916
0.0023998998998999	0.4311512068374832	0	0.4311512068374832
0.0024024024024024023	0.43022889361572897	0	0.43022889361572897
0.0024049049049049047	0.4292964081782561	0	0.4292964081782561
0.0024074074074074076	0.4283539119053836	0	0.4283539119053836
0.00240990990990991	0.427401560608505	0	0.427401560608505
0.0024124124124124124	0.42643951541117614	0	0.42643951541117614
0.002414914914914915	0.42546793251491166	0	0.42546793251491166
0.0024174174174174173	0.4244869665761746	0	0.4244869665761746
0.0024199199199199197	0.4234967765688978	0	0.4234967765688978
0.0024224224224224226	0.42249751516852846	0	0.42249751516852846
0.002424924924924925	0.42148933587886706	0	0.42148933587886706
0.0024274274274274274	0.4204723895688301	0	0.4204723895688301
0.00242992992992993	0.419446832686754	0	0.419446832686754
0.0024324324324324323	0.41841280823580335	0	0.41841280823580335
0.0024349349349349347	0.41737047298650354	0	0.41737047298650354
0.0024374374374374376	0.41631997114548436	0	0.41631997114548436
0.00243993993993994	0.4152614495218396	0	0.4152614495218396
0.0024424424424424425	0.4141950574893297	0	0.4141950574893297
0.002444944944944945	0.4131209374479064	0	0.4131209374479064
0.0024474474474474473	0.41203923431577893	0	0.41203923431577893
0.0024499499499499497	0.4109500922546595	0	0.4109500922546595
0.0024524524524524526	0.40985365276157315	0	0.40985365276157315
0.002454954954954955	0.40875005526900254	0	0.40875005526900254
0.0024574574574574575	0.40763944035364874	0	0.40763944035364874
0.00245995995995996	0.40652194671327596	0	0.40652194671327596
0.0024624624624624623	0.40539771108800793	0	0.40539771108800793
0.0024649649649649647	0.404266870737655	0	0.404266870737655
0.0024674674674674676	0.40312956027736335	0	0.40312956027736335
0.00246996996996997	0.4019859141278392	0	0.4019859141278392
0.0024724724724724725	0.4008360645280255	0	0.4008360645280255
0.002474974974974975	0.3996801436862075	0	0.3996801436862075
0.0024774774774774773	0.39851828177853205	0	0.39851828177853205
0.00247997997997998	0.3973506082969337	0	0.3973506082969337
0.0024824824824824826	0.3961772516070964	0	0.3961772516070964
0.002484984984984985	0.3949983385153487	0	0.3949983385153487
0.0024874874874874875	0.39381399492185226	0	0.39381399492185226
0.00248998998998999	0.39262434560549564	0	0.39262434560549564
0.0024924924924924923	0.39142951389217506	0	0.39142951389217506
0.002494994994994995	0.39022962199439926	0	0.39022962199439926
0.0024974974974974976	0.3890247917154586	0	0.3890247917154586
0.0025	0.38781515000250777	0	0.38781515000250777