0.	0.39955682118976915	0	0.39955682118976915
2.5025025025025024e-6	0.3989535804642167	0	0.3989535804642167
5.005005005005005e-6	0.3983466103869155	0	0.3983466103869155
7.507507507507507e-6	0.3977359553400638	0	0.3977359553400638
0.00001001001001001001	0.39712165955432127	0	0.39712165955432127
0.000012512512512512513	0.3965037664543639	0	0.3965037664543639
0.000015015015015015015	0.3958823207011566	0	0.3958823207011566
0.000017517517517517516	0.39525736571860365	0	0.39525736571860365
0.00002002002002002002	0.39462894527273923	0	0.39462894527273923
0.000022522522522522523	0.3939971030295834	0	0.3939971030295834
0.000025025025025025026	0.39336188223672053	0	0.39336188223672053
0.000027527527527527526	0.3927233261823089	0	0.3927233261823089
0.00003003003003003003	0.39208147752694306	0	0.39208147752694306
0.00003253253253253253	0.391436380107204	0	0.391436380107204
0.00003503503503503503	0.3907880761142085	0	0.3907880761142085
0.000037537537537537536	0.39013660858459165	0	0.39013660858459165
0.00004004004004004004	0.3894820198198445	0	0.3894820198198445
0.00004254254254254254	0.3888243521348341	0	0.3888243521348341
0.000045045045045045046	0.3881636480710781	0	0.3881636480710781
0.00004754754754754755	0.38749994920583725	0	0.38749994920583725
0.00005005005005005005	0.38683329802374755	0	0.38683329802374755
0.000052552552552552556	0.3861637357895952	0	0.3861637357895952
0.00005505505505505505	0.385491304200725	0	0.385491304200725
0.000057557557557557555	0.3848160454612841	0	0.3848160454612841
0.00006006006006006006	0.38413799814530447	0	0.38413799814530447
0.00006256256256256256	0.38345720651744597	0	0.38345720651744597
0.00006506506506506506	0.3827737099010062	0	0.3827737099010062
0.00006756756756756757	0.3820875492343487	0	0.3820875492343487
0.00007007007007007007	0.3813987649996098	0	0.3813987649996098
0.00007257257257257258	0.3807073951974471	0	0.3807073951974471
0.00007507507507507507	0.3800134865715585	0	0.3800134865715585
0.00007757757757757758	0.3793170728768947	0	0.3793170728768947
0.00008008008008008008	0.3786181958093763	0	0.3786181958093763
0.00008258258258258259	0.37791689520175575	0	0.37791689520175575
0.00008508508508508508	0.3772132100337975	0	0.3772132100337975
0.00008758758758758758	0.3765071781740075	0	0.3765071781740075
0.00009009009009009009	0.3757988421508212	0	0.3757988421508212
0.00009259259259259259	0.3750882381288064	0	0.3750882381288064
0.0000950950950950951	0.3743754026405465	0	0.3743754026405465
0.0000975975975975976	0.3736603823587693	0	0.3736603823587693
0.0001001001001001001	0.3729432071686202	0	0.3729432071686202
0.0001026026026026026	0.3722239154659167	0	0.3722239154659167
0.00010510510510510511	0.3715025525745111	0	0.3715025525745111
0.00010760760760760761	0.3707791466649138	0	0.3707791466649138
0.0001101101101101101	0.3700537401149381	0	0.3700537401149381
0.00011261261261261261	0.3693263720087728	0	0.3693263720087728
0.00011511511511511511	0.3685970761664239	0	0.3685970761664239
0.00011761761761761762	0.3678658859720912	0	0.3678658859720912
0.00012012012012012012	0.3671328481940868	0	0.3671328481940868
0.00012262262262262261	0.3663979900205475	0	0.3663979900205475
0.00012512512512512512	0.36566134930650157	0	0.36566134930650157
0.00012762762762762763	0.36492296637756444	0	0.36492296637756444
0.00013013013013013012	0.3641828729412059	0	0.3641828729412059
0.00013263263263263263	0.3634411032964409	0	0.3634411032964409
0.00013513513513513514	0.3626976998407209	0	0.3626976998407209
0.00013763763763763765	0.3619526887231144	0	0.3619526887231144
0.00014014014014014013	0.36120610993493035	0	0.36120610993493035
0.00014264264264264264	0.36045799745367063	0	0.36045799745367063
0.00014514514514514515	0.3597083850017691	0	0.3597083850017691
0.00014764764764764766	0.3589573060544727	0	0.3589573060544727
0.00015015015015015014	0.35820479888920276	0	0.35820479888920276
0.00015265265265265265	0.35745089104223887	0	0.35745089104223887
0.00015515515515515516	0.35669562070786287	0	0.35669562070786287
0.00015765765765765765	0.3559390214497835	0	0.3559390214497835
0.00016016016016016016	0.35518112154885595	0	0.35518112154885595
0.00016266266266266267	0.35442195710125646	0	0.35442195710125646
0.00016516516516516518	0.3536615643100425	0	0.3536615643100425
0.00016766766766766766	0.3528999685294723	0	0.3528999685294723
0.00017017017017017017	0.3521372072370189	0	0.3521372072370189
0.00017267267267267268	0.3513733105824135	0	0.3513733105824135
0.00017517517517517516	0.3506083106552695	0	0.3506083106552695
0.00017767767767767767	0.34984223874275144	0	0.34984223874275144
0.00018018018018018018	0.34907512769800125	0	0.34907512769800125
0.0001826826826826827	0.34830700663600694	0	0.34830700663600694
0.00018518518518518518	0.3475379070758048	0	0.3475379070758048
0.00018768768768768769	0.34676786087438116	0	0.34676786087438116
0.0001901901901901902	0.34599689799956845	0	0.34599689799956845
0.0001926926926926927	0.34522504859109016	0	0.34522504859109016
0.0001951951951951952	0.3444523389094597	0	0.3444523389094597
0.0001976976976976977	0.3436788083761893	0	0.3436788083761893
0.0002002002002002002	0.3429044778252967	0	0.3429044778252967
0.0002027027027027027	0.34212937718878245	0	0.34212937718878245
0.0002052052052052052	0.34135354256317113	0	0.34135354256317113
0.0002077077077077077	0.34057699626349186	0	0.34057699626349186
0.00021021021021021022	0.33979976769781045	0	0.33979976769781045
0.0002127127127127127	0.33902188987983745	0	0.33902188987983745
0.00021521521521521522	0.3382433864619531	0	0.3382433864619531
0.00021771771771771773	0.33746428708550985	0	0.33746428708550985
0.0002202202202202202	0.3366846213617855	0	0.3366846213617855
0.00022272272272272272	0.33590441521012354	0	0.33590441521012354
0.00022522522522522523	0.33512369408086073	0	0.33512369408086073
0.00022772772772772774	0.3343424897202035	0	0.3343424897202035
0.00023023023023023022	0.3335608265606713	0	0.3335608265606713
0.00023273273273273273	0.33277873067350455	0	0.33277873067350455
0.00023523523523523524	0.33199622914415733	0	0.33199622914415733
0.00023773773773773772	0.3312133506099622	0	0.3312133506099622
0.00024024024024024023	0.33043011860308935	0	0.33043011860308935
0.00024274274274274274	0.32964656267289894	0	0.32964656267289894
0.00024524524524524523	0.32886270236473936	0	0.32886270236473936
0.00024774774774774777	0.3280785689459199	0	0.3280785689459199
0.00025025025025025025	0.32729418471621907	0	0.32729418471621907
0.00025275275275275273	0.32650957677573755	0	0.32650957677573755
0.00025525525525525527	0.3257247695595277	0	0.3257247695595277
0.00025775775775775775	0.32493978373541177	0	0.32493978373541177
0.00026026026026026023	0.3241546521025831	0	0.3241546521025831
0.00026276276276276277	0.3233693924902635	0	0.3233693924902635
0.00026526526526526525	0.32258402917027285	0	0.32258402917027285
0.0002677677677677678	0.32179859106780834	0	0.32179859106780834
0.0002702702702702703	0.32101309586972815	0	0.32101309586972815
0.00027277277277277276	0.32022757109750166	0	0.32022757109750166
0.0002752752752752753	0.31944203805110677	0	0.31944203805110677
0.0002777777777777778	0.3186565215114786	0	0.3186565215114786
0.00028028028028028026	0.3178710417610236	0	0.3178710417610236
0.0002827827827827828	0.3170856238303057	0	0.3170856238303057
0.0002852852852852853	0.3163002909165553	0	0.3163002909165553
0.00028778778778778776	0.3155150621143814	0	0.3155150621143814
0.0002902902902902903	0.31472996053241487	0	0.31472996053241487
0.0002927927927927928	0.3139450128775792	0	0.3139450128775792
0.0002952952952952953	0.31316023338957233	0	0.31316023338957233
0.0002977977977977978	0.3123756490901208	0	0.3123756490901208
0.0003003003003003003	0.31159127897222477	0	0.31159127897222477
0.0003028028028028028	0.31080714555882705	0	0.31080714555882705
0.0003053053053053053	0.3100232675407237	0	0.3100232675407237
0.0003078078078078078	0.3092396685411474	0	0.3092396685411474
0.00031031031031031033	0.30845636728260606	0	0.30845636728260606
0.0003128128128128128	0.3076733845754591	0	0.3076733845754591
0.0003153153153153153	0.3068907420173877	0	0.3068907420173877
0.00031781781781781783	0.30610845775242307	0	0.30610845775242307
0.0003203203203203203	0.30532655141426696	0	0.30532655141426696
0.0003228228228228228	0.30454504468657706	0	0.30454504468657706
0.00032532532532532533	0.30376395649498655	0	0.30376395649498655
0.0003278278278278278	0.30298330611717794	0	0.30298330611717794
0.00033033033033033035	0.3022031107135821	0	0.3022031107135821
0.00033283283283283284	0.30142339303048277	0	0.30142339303048277
0.0003353353353353353	0.3006441698832757	0	0.3006441698832757
0.00033783783783783786	0.29986545805104176	0	0.29986545805104176
0.00034034034034034034	0.2990872789769472	0	0.2990872789769472
0.0003428428428428428	0.298309650935795	0	0.298309650935795
0.00034534534534534536	0.2975325900803938	0	0.2975325900803938
0.00034784784784784784	0.296756114559974	0	0.296756114559974
0.0003503503503503503	0.2959802444570923	0	0.2959802444570923
0.00035285285285285286	0.2952049956416381	0	0.2952049956416381
0.00035535535535535535	0.2944303839990427	0	0.2944303839990427
0.0003578578578578579	0.29365643160428206	0	0.29365643160428206
0.00036036036036036037	0.29288315214174526	0	0.29288315214174526
0.00036286286286286285	0.29211056086388576	0	0.29211056086388576
0.0003653653653653654	0.29133867939447444	0	0.29133867939447444
0.00036786786786786787	0.2905675212368165	0	0.2905675212368165
0.00037037037037037035	0.2897971033142824	0	0.2897971033142824
0.0003728728728728729	0.28902744129611196	0	0.28902744129611196
0.00037537537537537537	0.2882585545623014	0	0.2882585545623014
0.00037787787787787786	0.2874904578189923	0	0.2874904578189923
0.0003803803803803804	0.286723162423121	0	0.286723162423121
0.0003828828828828829	0.28595669058050655	0	0.28595669058050655
0.0003853853853853854	0.28519105600867867	0	0.28519105600867867
0.0003878878878878879	0.28442627146291843	0	0.28442627146291843
0.0003903903903903904	0.28366235462033174	0	0.28366235462033174
0.0003928928928928929	0.28289932109281307	0	0.28289932109281307
0.0003953953953953954	0.28213718485987693	0	0.28213718485987693
0.0003978978978978979	0.2813759590557292	0	0.2813759590557292
0.0004004004004004004	0.28061566342438343	0	0.28061566342438343
0.0004029029029029029	0.27985630868178596	0	0.27985630868178596
0.0004054054054054054	0.27909790906747245	0	0.27909790906747245
0.0004079079079079079	0.27834048089406893	0	0.27834048089406893
0.0004104104104104104	0.277584036932267	0	0.277584036932267
0.0004129129129129129	0.2768285925203199	0	0.2768285925203199
0.0004154154154154154	0.2760741601804569	0	0.2760741601804569
0.0004179179179179179	0.2753207553360955	0	0.2753207553360955
0.00042042042042042044	0.27456839041668085	0	0.27456839041668085
0.00042292292292292293	0.2738170776118557	0	0.2738170776118557
0.0004254254254254254	0.27306683532527576	0	0.27306683532527576
0.00042792792792792795	0.2723176712432671	0	0.2723176712432671
0.00043043043043043043	0.2715696012245781	0	0.2715696012245781
0.0004329329329329329	0.27082263710890336	0	0.27082263710890336
0.00043543543543543545	0.2700767958548531	0	0.2700767958548531
0.00043793793793793793	0.2693320836973889	0	0.2693320836973889
0.0004404404404404404	0.2685885177479056	0	0.2685885177479056
0.00044294294294294295	0.2678461106302318	0	0.2678461106302318
0.00044544544544544544	0.26710487369205455	0	0.26710487369205455
0.000447947947947948	0.26636481635952897	0	0.26636481635952897
0.00045045045045045046	0.2656259578297016	0	0.2656259578297016
0.00045295295295295294	0.26488830402613334	0	0.26488830402613334
0.0004554554554554555	0.2641518687531826	0	0.2641518687531826
0.00045795795795795796	0.26341666444157164	0	0.26341666444157164
0.00046046046046046044	0.26268270407329036	0	0.26268270407329036
0.000462962962962963	0.26194999731910806	0	0.26194999731910806
0.00046546546546546546	0.2612185554426607	0	0.2612185554426607
0.00046796796796796795	0.26048839061431134	0	0.26048839061431134
0.0004704704704704705	0.25975951646547424	0	0.25975951646547424
0.00047297297297297297	0.25903194080746217	0	0.25903194080746217
0.00047547547547547545	0.25830567540296745	0	0.25830567540296745
0.000477977977977978	0.25758073459270714	0	0.25758073459270714
0.00048048048048048047	0.2568571257512103	0	0.2568571257512103
0.000482982982982983	0.2561348596256486	0	0.2561348596256486
0.0004854854854854855	0.25541394883698254	0	0.25541394883698254
0.000487987987987988	0.2546944046156669	0	0.2546944046156669
0.0004904904904904905	0.2539762352159796	0	0.2539762352159796
0.000492992992992993	0.253259452081236	0	0.253259452081236
0.0004954954954954955	0.2525440686245602	0	0.2525440686245602
0.000497997997997998	0.2518300886389149	0	0.2518300886389149
0.0005005005005005005	0.2511175284598195	0	0.2511175284598195
0.000503003003003003	0.2504063941853219	0	0.2504063941853219
0.0005055055055055055	0.2496966997897326	0	0.2496966997897326
0.000508008008008008	0.24898845171091746	0	0.24898845171091746
0.0005105105105105105	0.24828166163668622	0	0.24828166163668622
0.000513013013013013	0.2475763377890547	0	0.2475763377890547
0.0005155155155155155	0.24687249262233993	0	0.24687249262233993
0.000518018018018018	0.24617013430749532	0	0.24617013430749532
0.0005205205205205205	0.24546927157137982	0	0.24546927157137982
0.000523023023023023	0.24476991437403994	0	0.24476991437403994
0.0005255255255255255	0.244072073783214	0	0.244072073783214
0.0005280280280280281	0.24337575756867158	0	0.24337575756867158
0.0005305305305305305	0.24268097264900884	0	0.24268097264900884
0.000533033033033033	0.2419877358150465	0	0.2419877358150465
0.0005355355355355356	0.24129604880936867	0	0.24129604880936867
0.000538038038038038	0.24060592237202447	0	0.24060592237202447
0.0005405405405405405	0.23991736640255312	0	0.23991736640255312
0.0005430430430430431	0.23923039201170018	0	0.23923039201170018
0.0005455455455455455	0.23854500442928028	0	0.23854500442928028
0.000548048048048048	0.2378612138242777	0	0.2378612138242777
0.0005505505505505506	0.23717902914879083	0	0.23717902914879083
0.000553053053053053	0.23649846053622128	0	0.23649846053622128
0.0005555555555555556	0.23581951431957915	0	0.23581951431957915
0.0005580580580580581	0.23514219827655541	0	0.23514219827655541
0.0005605605605605605	0.23446652414108982	0	0.23446652414108982
0.0005630630630630631	0.23379250005361615	0	0.23379250005361615
0.0005655655655655656	0.2331201309757677	0	0.2331201309757677
0.000568068068068068	0.2324494275731699	0	0.2324494275731699
0.0005705705705705706	0.23178040002976286	0	0.23178040002976286
0.0005730730730730731	0.231113054010727	0	0.231113054010727
0.0005755755755755755	0.23044739817904764	0	0.23044739817904764
0.0005780780780780781	0.22978343957829708	0	0.22978343957829708
0.0005805805805805806	0.22912119109701895	0	0.22912119109701895
0.000583083083083083	0.22846065420056763	0	0.22846065420056763
0.0005855855855855856	0.22780184263899142	0	0.22780184263899142
0.0005880880880880881	0.22714475873715254	0	0.22714475873715254
0.0005905905905905906	0.22648941743916526	0	0.22648941743916526
0.0005930930930930931	0.22583582097072968	0	0.22583582097072968
0.0005955955955955956	0.2251839788829632	0	0.2251839788829632
0.0005980980980980981	0.22453389826068335	0	0.22453389826068335
0.0006006006006006006	0.22388559090360127	0	0.22388559090360127
0.0006031031031031031	0.22323905969061195	0	0.22323905969061195
0.0006056056056056056	0.22259431323783888	0	0.22259431323783888
0.0006081081081081081	0.2219513626958718	0	0.2219513626958718
0.0006106106106106106	0.22131020947727903	0	0.22131020947727903
0.0006131131131131132	0.22067087114562953	0	0.22067087114562953
0.0006156156156156156	0.22003333869725705	0	0.22003333869725705
0.0006181181181181181	0.21939764430958253	0	0.21939764430958253
0.0006206206206206207	0.21876377020596904	0	0.21876377020596904
0.0006231231231231231	0.21813173970674762	0	0.21813173970674762
0.0006256256256256256	0.21750154821811835	0	0.21750154821811835
0.0006281281281281282	0.2168732184625684	0	0.2168732184625684
0.0006306306306306306	0.2162467551785129	0	0.2162467551785129
0.0006331331331331331	0.21562215486560066	0	0.21562215486560066
0.0006356356356356357	0.21499941904113112	0	0.21499941904113112
0.0006381381381381381	0.2143785828210146	0	0.2143785828210146
0.0006406406406406406	0.21375963596727246	0	0.21375963596727246
0.0006431431431431432	0.2131425774736965	0	0.2131425774736965
0.0006456456456456456	0.21252743063333293	0	0.21252743063333293
0.0006481481481481481	0.2119142017880489	0	0.2119142017880489
0.0006506506506506507	0.21130287778636658	0	0.21130287778636658
0.0006531531531531532	0.21069349790082703	0	0.21069349790082703
0.0006556556556556556	0.2100860493558412	0.0006192993154447985	0.21070534867128599
0.0006581581581581582	0.20948053147647339	0.0020613757136656195	0.21154190719013902
0.0006606606606606607	0.2088769713386306	0.0034795491814305635	0.21235652052006115
0.0006631631631631631	0.20827537405674723	0.004892712289382581	0.21316808634612983
0.0006656656656656657	0.2076757290038087	0.006300625213187617	0.21397635421699632
0.0006681681681681682	0.20707805663879672	0.007703272067603455	0.21478132870640018
0.0006706706706706706	0.20648237330271985	0.009100633997014863	0.2155830072997347
0.0006731731731731732	0.20588865663471945	0.010492692850895274	0.21638134948561472
0.0006756756756756757	0.20529695523565109	0.011879430113874719	0.2171763853495258
0.0006781781781781781	0.2047072315233777	0.01326082321574615	0.21796805473912384
0.0006806806806806807	0.20411953172130007	0.014636853548952803	0.21875638527025287
0.0006831831831831832	0.20353383552770674	0.016007497132381216	0.21954133266008796
0.0006856856856856856	0.20295016809684324	0.017372731752849153	0.2203228998496924
0.0006881881881881882	0.20236852298937563	0.01873253631759924	0.22110105930697488
0.0006906906906906907	0.20178892023920902	0.020086883417206814	0.22187580365641585
0.0006931931931931931	0.20121135374005747	0.021435750724734307	0.22264710446479177
0.0006956956956956957	0.20063584202790344	0.022779112875281747	0.2234149549031852
0.0006981981981981982	0.2000623877291731	0.02411694314057032	0.2241793308697434
0.0007007007007007007	0.19949099969822942	0.025449215022066332	0.22494021472029574
0.0007032032032032032	0.19892168507677352	0.026775902015253265	0.22569758709202678
0.0007057057057057057	0.1983544420410885	0.028096979251155126	0.22645142129224363
0.0007082082082082082	0.19778928961193692	0.029412413021579823	0.22720170263351674
0.0007107107107107107	0.1972262367964004	0.030722180712929814	0.2279484175093302
0.0007132132132132132	0.1966652778193107	0.032026250764830344	0.22869152858414105
0.0007157157157157158	0.19610643111263848	0.03332459455708883	0.2294310256697273
0.0007182182182182182	0.19554970362607613	0.0346171844536936	0.23016688807976973
0.0007207207207207207	0.19499508979469285	0.03590398546939917	0.23089907526409204
0.0007232232232232233	0.19444261599024093	0.03718497222369841	0.23162758821393933
0.0007257257257257257	0.19389227699841413	0.038460114494027725	0.23235239149244186
0.0007282282282282282	0.19334407802514342	0.03972937730805965	0.23307345533320306
0.0007307307307307308	0.19279804344460874	0.04099273519944973	0.23379077864405848
0.0007332332332332332	0.1922541659492885	0.042250150756991886	0.2345043167062804
0.0007357357357357357	0.19171245156928926	0.04350159675061283	0.23521404831990209
0.0007382382382382383	0.1911729145044711	0.04474704288108909	0.2359199573855602
0.0007407407407407407	0.19063555993289993	0.045986451599848197	0.23662201153274814
0.0007432432432432432	0.19010039326326056	0.04721979863914521	0.23732019190240577
0.0007457457457457458	0.18956743458746242	0.04844704366321194	0.23801447825067434
0.0007482482482482482	0.18903667088862294	0.049668164155986766	0.2387048350446097
0.0007507507507507507	0.1885081238260824	0.050883114562786366	0.23939123838886878
0.0007532532532532533	0.18798180081036614	0.05209187477562168	0.24007367558598783
0.0007557557557557557	0.18745770609148055	0.053294411145898245	0.2407521172373788
0.0007582582582582582	0.18693584437239114	0.0544906821773149	0.24142652654970603
0.0007607607607607608	0.18641622507303335	0.05568066778363145	0.2420968928566648
0.0007632632632632632	0.18589886172285994	0.05686432482267147	0.24276318654553142
0.0007657657657657658	0.1853837593749587	0.05804162663843047	0.24342538601338917
0.0007682682682682683	0.184870922596722	0.059212541227193195	0.2440834638239152
0.0007707707707707708	0.1843603614248087	0.06037703332825848	0.24473739475306716
0.0007732732732732733	0.18385208618711354	0.06153507500782674	0.24538716119494028
0.0007757757757757758	0.18334609317633568	0.06268662785793039	0.24603272103426607
0.0007782782782782783	0.18284241510518548	0.063831670271404	0.24667408537658947
0.0007807807807807808	0.18234102953478995	0.06497015426488303	0.24731118379967298
0.0007832832832832833	0.18184197336540098	0.0661020654723562	0.24794403883775717
0.0007857857857857858	0.18134522637510703	0.06722736373474421	0.24857259010985122
0.0007882882882882883	0.18085082543837389	0.06834601560635553	0.24919684104472942
0.0007907907907907908	0.18035875327966341	0.06945799966298175	0.24981675294264516
0.0007932932932932933	0.1798690398867406	0.07056326975714346	0.2504323096438841
0.0007957957957957958	0.179381673465145	0.07166180822913401	0.25104348169427904
0.0007982982982982983	0.17889667947955648	0.07275357934873088	0.25165025882828734
0.0008008008008008008	0.1784140570340185	0.0738385578949751	0.2522526149289936
0.0008033033033033033	0.1779338182699587	0.07491670170123013	0.2528505199711888
0.0008058058058058058	0.1774559679974193	0.07598799236707576	0.25344396036449507
0.0008083083083083083	0.17698051691508201	0.0770523987452668	0.2540329156603488
0.0008108108108108108	0.17650747705164035	0.07810988841332653	0.2546173654649669
0.0008133133133133133	0.17603684761791671	0.07916043746927433	0.25519728508719103
0.0008158158158158158	0.17556865203964406	0.08020400532467718	0.25577265736432125
0.0008183183183183183	0.17510289010586627	0.08124057801106037	0.25634346811692665
0.0008208208208208208	0.17463956274368192	0.08227012039555252	0.25690968313923446
0.0008233233233233233	0.17417869294625543	0.08329261029642097	0.2574713032426764
0.0008258258258258258	0.1737202826758309	0.08430800890699656	0.2580282915828275
0.0008283283283283283	0.17326434662110765	0.08531630205369586	0.2585806486748035
0.0008308308308308308	0.1728108846764313	0.08631745941199974	0.25912834408843105
0.0008333333333333334	0.17235991524503766	0.08731144829855536	0.259671363543593
0.0008358358358358358	0.17191144519953236	0.08829825633221504	0.2602097015317474
0.0008383383383383384	0.17146547148152924	0.08927783997374612	0.26074331145527535
0.0008408408408408409	0.17102202801792368	0.0902501940362149	0.2612722220541386
0.0008433433433433433	0.17058109884996905	0.09121528077525538	0.26179637962522445
0.0008458458458458459	0.17014271205758844	0.09217308416860327	0.2623157962261917
0.0008483483483483484	0.1697068644836861	0.09312356877438	0.2628304332580661
0.0008508508508508508	0.16927357728440798	0.0940667244276409	0.26334030171204886
0.0008533533533533534	0.16884285502175372	0.09500252128561613	0.26384537630736987
0.0008558558558558559	0.1684147042083373	0.09593094638712986	0.26434565059546716
0.0008583583583583583	0.16798912663428828	0.09685195886955991	0.2648410855038482
0.0008608608608608609	0.16756615894044594	0.09776555608183886	0.2653317150222848
0.0008633633633633634	0.1671457916006401	0.09867171066565845	0.2658175022662986
0.0008658658658658658	0.16672803389702032	0.0995703997281718	0.2662984336251921
0.0008683683683683684	0.1663128979088655	0.10046161225839219	0.2667745101672577
0.0008708708708708709	0.16590040343500517	0.1013453157749377	0.2672457192099429
0.0008733733733733733	0.1654905476471103	0.10222149815320035	0.26771204580031066
0.0008758758758758759	0.1650833479227131	0.10309014129633949	0.2681734892190526
0.0008783783783783784	0.16467882253026983	0.10395123315686933	0.26863005568713916
0.0008808808808808808	0.16427696355788923	0.10480474434699409	0.26908170790488334
0.0008833833833833834	0.16387779125938723	0.10565066509294094	0.26952845635232814
0.0008858858858858859	0.163481313430157	0.1064889783013607	0.2699702917315177
0.0008883883883883883	0.16308755808719505	0.10731967023315807	0.27040722832035313
0.0008908908908908909	0.16269650996374502	0.10814272028235468	0.2708392302460997
0.0008933933933933934	0.16230819217028009	0.10895812592882427	0.27126631809910434
0.000895895895895896	0.1619226154283295	0.10976584737569478	0.27168846280402426
0.0008983983983983984	0.16153979752874675	0.11056590562519772	0.27210570315394444
0.0009009009009009009	0.16115973871851716	0.11135825846717401	0.27251799718569114
0.0009034034034034035	0.16078245046176964	0.11214291519811652	0.2729253656598862
0.0009059059059059059	0.1604079601757971	0.11291984273508143	0.27332780291087855
0.0009084084084084084	0.1600362467394679	0.11368905017703514	0.27372529691650305
0.000910910910910911	0.15966736884923832	0.1144505044033797	0.27411787325261805
0.0009134134134134134	0.1593012910440374	0.11520422100904945	0.2745055120530868
0.0009159159159159159	0.15893806454307002	0.11595017237539386	0.27488823691846387
0.0009184184184184185	0.15857766457432274	0.1166883574483837	0.27526602202270645
0.0009209209209209209	0.15822013101972052	0.11741875901137323	0.27563889003109376
0.0009234234234234234	0.15786546025682738	0.11814137830256524	0.2760068385593926
0.000925925925925926	0.15751368172929195	0.11885620065628982	0.2763698823855818
0.0009284284284284284	0.15716478295090183	0.11956322684142774	0.2767280097923296
0.0009309309309309309	0.1568187955948239	0.12026244996563958	0.2770812455604635
0.0009334334334334335	0.15647572697619333	0.1209538473625562	0.27742957433874954
0.0009359359359359359	0.15613558795125454	0.12163743887389561	0.27777302682515015
0.0009384384384384384	0.15579839612890053	0.12231320570780142	0.27811160183670197
0.000940940940940941	0.15546415191751045	0.12298114413275951	0.27844529605026996
0.0009434434434434434	0.1551328889365189	0.12364125297687899	0.2787741419133979
0.0009459459459459459	0.15480459059753	0.12429353945569262	0.2790981300532226
0.0009484484484484485	0.15447929662998788	0.12493797464045311	0.279417271270441
0.0009509509509509509	0.1541570144541924	0.12557458797878038	0.2797316024329728
0.0009534534534534534	0.15383775281141326	0.12620335049565914	0.28004110330707244
0.000955955955955956	0.15352152030095687	0.1268242846454271	0.28034580494638395
0.0009584584584584585	0.1532083372494677	0.1274373796357202	0.2806457168851879
0.0009609609609609609	0.15289821977650092	0.12804263297878865	0.28094085275528957
0.0009634634634634635	0.15259117120456234	0.12864005191335548	0.2812312231179178
0.000965965965965966	0.15228721829711095	0.12922962926608078	0.28151684756319173
0.0009684684684684684	0.15198636541709615	0.12981138479943816	0.2817977502165343
0.000970970970970971	0.15168863663512983	0.1303853039362852	0.282073940571415
0.0009734734734734735	0.15139403860283354	0.13095139779604734	0.2823454363988809
0.000975975975975976	0.15110257338803262	0.13150966654541743	0.2826122399334501
0.0009784784784784785	0.15081427915484075	0.13206011442910118	0.28287439358394195
0.000980980980980981	0.1505291577712363	0.13260275270651978	0.2831319104777561
0.0009834834834834836	0.15024722197854332	0.13313758364325054	0.28338480562179386
0.000985985985985986	0.14996849947547203	0.13366461635947333	0.2836331158349453
0.0009884884884884884	0.1496929858617626	0.1341838434745181	0.28387682933628067
0.000990990990990991	0.14942070754186623	0.13469528441145556	0.2841159919533218
0.0009934934934934935	0.14915168488898867	0.13519894698806328	0.28435063187705195
0.000995995995995996	0.14888591606612112	0.13569483454337664	0.2845807506094977
0.0009984984984984986	0.14862343871555322	0.13618296438559002	0.28480640310114325
0.001001001001001001	0.14836423960495557	0.1366633338418952	0.28502757344685076
0.0010035035035035034	0.14810836987453718	0.1371359525792465	0.28524432245378367
0.001006006006006006	0.14785581855946242	0.13760084806087866	0.2854566666203411
0.0010085085085085085	0.14760660343207416	0.13805800721784778	0.28566461064992194
0.001011011011011011	0.14736074783692812	0.13850746782580456	0.2858682156627327
0.0010135135135135136	0.1471182640181949	0.13894921542998961	0.2860674794481845
0.001016016016016016	0.14687917185312513	0.1393832805029934	0.2862624523561185
0.0010185185185185184	0.14664349670807206	0.13980967241144104	0.28645316911951313
0.001021021021021021	0.1464112290720234	0.14022839393963132	0.2866396230116547
0.0010235235235235235	0.14618239755313017	0.14063947042583147	0.28682186797896164
0.001026026026026026	0.14595703230811105	0.141042910687327	0.2869999429954381
0.0010285285285285286	0.14573513175670882	0.14143872814467887	0.28717385990138766
0.001031031031031031	0.1455167198899188	0.14182694810020752	0.28734366799012634
0.0010335335335335334	0.14530182671854594	0.1422075802383953	0.28750940695694127
0.001036036036036036	0.14509044057731807	0.14258062420700016	0.28767106478431825
0.0010385385385385385	0.1448825922113907	0.14294612976528492	0.28782872197667564
0.001041041041041041	0.14467831324663566	0.14330408609120227	0.2879823993378379
0.0010435435435435436	0.14447760596041012	0.14365452188266659	0.28813212784307674
0.001046046046046046	0.14428047964178764	0.14399745752655485	0.2882779371683425
0.0010485485485485487	0.14408697609250745	0.1443329008726336	0.28841987696514104
0.001051051051051051	0.1438970927336547	0.14466088259811097	0.28855797533176564
0.0010535535535535535	0.14371085875133738	0.14498142123239188	0.28869227998372926
0.0010560560560560562	0.14352829081672136	0.14529452690627506	0.28882281772299645
0.0010585585585585586	0.14334939488189616	0.14560022367177955	0.28894961855367574
0.001061061061061061	0.14317419842758167	0.14589853676492348	0.28907273519250515
0.0010635635635635637	0.14300272632130706	0.14618947763755508	0.28919220395886214
0.001066066066066066	0.14283499349990464	0.1464730836350914	0.28930807713499607
0.0010685685685685685	0.1426710079646982	0.14674936866996938	0.2894203766346676
0.0010710710710710712	0.14251080292335683	0.14701834674055844	0.2895291496639153
0.0010735735735735736	0.14235438949929932	0.14728003921278432	0.28963442871208367
0.001076076076076076	0.14220178056097832	0.14753448404647904	0.2897362646074574
0.0010785785785785787	0.14205300392505257	0.14778169585359613	0.28983469977864873
0.001081081081081081	0.1419080797584387	0.1480216969281736	0.2899297766866123
0.0010835835835835835	0.14176702562344012	0.14825452750598392	0.290021553129424
0.0010860860860860862	0.14162985361117858	0.148480194610668	0.2901100482218466
0.0010885885885885886	0.1414965931357675	0.1486987183664587	0.2901953115022262
0.001091091091091091	0.14136726337277006	0.14891012607095694	0.290277389443727
0.0010935935935935937	0.1412418697562631	0.1491144643681873	0.2903563341244504
0.001096096096096096	0.14112044965837722	0.1493117450844572	0.29043219474283444
0.0010985985985985985	0.14100302678564008	0.14950198050950533	0.2905050072951454
0.0011011011011011012	0.14088960211108642	0.1496852192543068	0.29057482136539325
0.0011036036036036036	0.14078019857018945	0.1498614809654515	0.2906416795356409
0.001106106106106106	0.14067484030540026	0.15003078362959865	0.2907056239349989
0.0011086086086086087	0.14057355317460357	0.15019316534666458	0.2907667185212681
0.0011111111111111111	0.1404763572285402	0.15034865472211048	0.2908250119506507
0.0011136136136136135	0.140383266647274	0.15049727828711157	0.29088054493438553
0.0011161161161161162	0.14029430598970694	0.15063905823743023	0.29093336422713717
0.0011186186186186186	0.14020949949759268	0.1507740219212595	0.2909835214188522
0.001121121121121121	0.14012885917020002	0.15090220435685922	0.2910310635270592
0.0011236236236236237	0.1400524039315005	0.15102363514802342	0.29107603907952395
0.0011261261261261261	0.13998016253189002	0.15113834311175983	0.2911185056436498
0.0011286286286286285	0.13991215757884742	0.151246359536043	0.29115851711489044
0.0011311311311311312	0.13984841104989412	0.1513477145660708	0.2911961256159649
0.0011336336336336336	0.13978894077831192	0.15144243429287765	0.29123137507118957
0.001136136136136136	0.1397337606978508	0.15153054804824856	0.2912643087460993
0.0011386386386386387	0.13968289730277347	0.151612086042809	0.29129498334558246
0.0011411411411411411	0.13963637946479718	0.1516870827704664	0.2913234622352636
0.0011436436436436436	0.1395942244454301	0.15175557873317985	0.2913498031786099
0.0011461461461461462	0.139556448252211	0.15181759935172753	0.29137404760393854
0.0011486486486486486	0.13952307630996338	0.15187316237782028	0.29139623868778364
0.001151151151151151	0.13949413524177456	0.15192230711808283	0.2914164423598574
0.0011536536536536537	0.13946964436882542	0.15196507906204904	0.29143472343087445
0.0011561561561561561	0.1394496216929202	0.15200150514930813	0.2914511268422283
0.0011586586586586586	0.13943408909744165	0.1520316062126478	0.2914656953100895
0.0011611611611611612	0.13942306919746267	0.15205541746417994	0.2914784866616426
0.0011636636636636636	0.13941658474251514	0.15207298081275686	0.291489565555272
0.001166166166166166	0.13941466087251655	0.1520843311026647	0.29149899197518125
0.0011686686686686687	0.13941732474249718	0.1520894962071126	0.2915068209496098
0.0011711711711711711	0.1394245929777786	0.15208850594887255	0.2915130989266511
0.0011736736736736738	0.13943648295357244	0.15208139609193477	0.2915178790455072
0.0011761761761761762	0.13945301753158132	0.15206819947548658	0.2915212170070679
0.0011786786786786786	0.1394742224770956	0.15204895165358975	0.29152317413068535
0.0011811811811811813	0.13950012430605274	0.15202368879493244	0.2915238131009852
0.0011836836836836837	0.13953074209523933	0.15199244684437635	0.2915231889396157
0.0011861861861861861	0.13956609675189247	0.15195525731840578	0.2915213540702982
0.0011886886886886888	0.13960620929282844	0.15191215143476977	0.2915183607275982
0.0011911911911911912	0.13965110434023625	0.15186316413776763	0.2915142684780039
0.0011936936936936936	0.13970080524667838	0.15180833289290752	0.2915091381395859
0.0011961961961961963	0.13975533520622793	0.1517476946359897	0.29150302984221765
0.0011986986986986987	0.1398147167287387	0.1516812841444572	0.29149600087319594
0.0012012012012012011	0.13987897295445903	0.1516091358992415	0.2914881088537005
0.0012037037037037038	0.13994812734414286	0.15153128487963907	0.29147941222378193
0.0012062062062062062	0.14002220086171602	0.1514477659795182	0.2914699668412342
0.0012087087087087087	0.14010121552193083	0.1513586140536329	0.2914598295755637
0.0012112112112112113	0.14018519131062684	0.15126386337096667	0.29144905468159354
0.0012137137137137137	0.14027415247941974	0.1511635472997324	0.2914376997791521
0.0012162162162162162	0.14036812283103534	0.15105770436644433	0.29142582719747967
0.0012187187187187188	0.14046712559115446	0.15094637086616364	0.29141349645731807
0.0012212212212212212	0.14057118701920515	0.15082958350356124	0.29140077052276636
0.0012237237237237237	0.14068032660943963	0.15070737866385303	0.29138770527329266
0.0012262262262262263	0.1407945662552502	0.15057979170680996	0.2913743579620601
0.0012287287287287287	0.14091392802375197	0.15044685856594575	0.2913607865896977
0.0012312312312312312	0.14103843337060323	0.15030861516763913	0.29134704853824234
0.0012337337337337338	0.14116810450817074	0.1501650961887774	0.2913332006969481
0.0012362362362362362	0.14130296431476091	0.15001633903766354	0.29131930335242445
0.0012387387387387387	0.14144303514503967	0.1498623799666503	0.29130541511168995
0.0012412412412412413	0.14158833935367304	0.14970325522809055	0.29129159458176357
0.0012437437437437437	0.14173889929532693	0.14953900107433712	0.29127790036966406
0.0012462462462462462	0.14189473732466737	0.14936965375774283	0.2912643910824102
0.0012487487487487488	0.1420558757963603	0.14919524953066043	0.29125112532702074
0.0012512512512512512	0.1422223370650717	0.14901582464544286	0.29123816171051453
0.0012537537537537537	0.14239414348546756	0.14883141535444283	0.2912255588399104
0.0012562562562562563	0.14257131741221385	0.14864205791001323	0.2912133753222271
0.0012587587587587587	0.1427538811999765	0.14844778856450688	0.29120166976448336
0.0012612612612612612	0.1429418572034215	0.1482486435702766	0.2911905007736981
0.0012637637637637638	0.14313527837467438	0.14804465917967513	0.2911799375543495
0.0012662662662662662	0.14333417266196125	0.14783587717203642	0.29117004983399764
0.0012687687687687687	0.1435385424855058	0.1476223330102604	0.2911608754957662
0.0012712712712712713	0.14374840743517853	0.14740405903385703	0.2911524664690356
0.0012737737737737737	0.14396378710084987	0.1471810911591013	0.29114487825995117
0.0012762762762762762	0.1441847010723903	0.14695346530226816	0.29113816637465845
0.0012787787787787788	0.1444111689396703	0.1467212173796325	0.2911323863193028
0.0012812812812812813	0.14464321029256028	0.14648438330746938	0.29112759360002965
0.0012837837837837837	0.14488084472093077	0.14624299900205368	0.29112384372298444
0.0012862862862862863	0.14512409181465222	0.14599710037966038	0.2911211921943126
0.0012887887887887888	0.14537297116359507	0.14574672335656447	0.2911196945201595
0.0012912912912912912	0.14562750235762983	0.14549190384904087	0.2911194062066707
0.0012937937937937938	0.14588770498662695	0.14523267777336454	0.2911203827599915
0.0012962962962962963	0.14615359864045685	0.1449690810458105	0.29112267968626737
0.001298798798798799	0.14642520290899008	0.1447011495826536	0.29112635249164365
0.0013013013013013013	0.14670253738209704	0.1444289193001689	0.2911314566822659
0.0013038038038038038	0.14698562164964823	0.1441524261146313	0.29113804776427954
0.0013063063063063064	0.1472744753015141	0.14387170594231577	0.29114618124382985
0.0013088088088088088	0.14756911792756514	0.1435867946994973	0.2911559126270624
0.0013113113113113113	0.14786956911767177	0.14329772830245083	0.2911672974201226
0.001313813813813814	0.14817584846170453	0.14300454266745127	0.29118039112915584
0.0013163163163163163	0.1484879755495338	0.14270727371077366	0.2911952492603075
0.0013188188188188188	0.1488059732752825	0.14240596040238565	0.2912119336776682
0.0013213213213213214	0.1491298759086499	0.14210063813525492	0.2912305140439048
0.0013238238238238238	0.14945968786273878	0.14179134107255661	0.2912510289352954
0.0013263263263263263	0.14979542350655672	0.14147810354710408	0.29127352705366083
0.001328828828828829	0.1501370972091113	0.14116095989171057	0.2912980571008219
0.0013313313313313313	0.15048472333940996	0.14083994443918957	0.29132466777859956
0.0013338338338338338	0.1508383162664603	0.14051509152235434	0.29135340778881463
0.0013363363363363364	0.15119789035926987	0.14018643547401824	0.2913843258332881
0.0013388388388388388	0.15156345998684612	0.13985401062699465	0.29141747061384077
0.0013413413413413413	0.15193503951819662	0.1395178513140969	0.29145289083229353
0.001343843843843844	0.15231264332232897	0.13917799186813837	0.29149063519046736
0.0013463463463463464	0.15269628576825062	0.13883446662193238	0.291530752390183
0.0013488488488488488	0.15308598122496914	0.1384873099082923	0.29157329113326147
0.0013513513513513514	0.15348174494026065	0.13813655673942032	0.29161830167968095
0.0013538538538538539	0.15388359330096016	0.13778224188920163	0.29166583519016176
0.0013563563563563563	0.15429153604119908	0.13742439770156278	0.29171593374276183
0.001358858858858859	0.15470558639574375	0.13706305798809335	0.2917686443838371
0.0013613613613613614	0.15512575759936045	0.13669825656038298	0.29182401415974346
0.0013638638638638638	0.15555206893453413	0.13633002962196952	0.29188209855650366
0.0013663663663663664	0.15598452564709114	0.13595840797817837	0.2919429336252695
0.0013688688688688689	0.15642313716661682	0.13558342390196787	0.2920065610685847
0.0013713713713713713	0.15686791393219618	0.1352051101507202	0.29207302408291635
0.001373873873873874	0.15731886634999975	0.1348234986230085	0.2921423649730083
0.0013763763763763764	0.15777600495135083	0.13443862338087	0.29221462833222084
0.0013788788788788788	0.1582393402128922	0.1340505176592685	0.2922898578721607
0.0013813813813813814	0.1587088854522053	0.13365921533571423	0.2923681007879195
0.0013838838838838839	0.15918464726813156	0.1332647491986709	0.29244939646680246
0.0013863863863863863	0.1596666327702967	0.13286715092995016	0.29253378370024685
0.001388888888888889	0.16015485177985253	0.13246645366336762	0.2926213054432202
0.0013913913913913914	0.1606493100749522	0.13206269007426527	0.2927120001492175
0.0013938938938938938	0.16115001308959287	0.13165588949564866	0.29280590258524153
0.0013963963963963964	0.1616569664167982	0.13124608210477468	0.2929030485215729
0.0013988988988988989	0.1621701774837631	0.13083329891868253	0.2930034764024456
0.0014014014014014013	0.16268965439277405	0.13041757359250442	0.29310722798527844
0.001403903903903904	0.16321540560864756	0.1299989401301347	0.29321434573878224
0.0014064064064064064	0.16374742977303364	0.12957742890827625	0.29332485868130986
0.0014089089089089088	0.16428572672612313	0.12915306886251873	0.29343879558864183
0.0014114114114114115	0.16483030318816935	0.12872588966229478	0.29355619285046414
0.0014139139139139139	0.16538116871449896	0.12829592216893568	0.29367709088343463
0.0014164164164164163	0.16593832897090874	0.12786319614479272	0.29380152511570146
0.001418918918918919	0.16650177943806355	0.12742774290354184	0.2939295223416054
0.0014214214214214214	0.16707151912679125	0.12698959578092997	0.29406111490772124
0.001423923923923924	0.16764754878264138	0.12654878873785455	0.2941963375204959
0.0014264264264264265	0.16822986747209343	0.12610534491890218	0.2943352123909956
0.0014289289289289289	0.16881847839917552	0.1256592870774848	0.2944777654766603
0.0014314314314314315	0.1694133873667973	0.12521065105912532	0.29462403842592266
0.001433933933933934	0.17001458832741265	0.12475947498580811	0.29477406331322076
0.0014364364364364364	0.1706220733609017	0.12430578402897974	0.2949278573898815
0.001438938938938939	0.17123584418604648	0.12384959722633265	0.29508544141237913
0.0014414414414414415	0.17185590643729864	0.12339094488485898	0.2952468513221576
0.001443943943943944	0.17248224862433456	0.12292986566821718	0.29541211429255176
0.0014464464464464465	0.17311485733557916	0.1224663885327778	0.295581245868357
0.001448948948948949	0.1737537370438368	0.1220005354881576	0.2957542725319944
0.0014514514514514514	0.17439888820688018	0.1215323333656496	0.29593122157252977
0.001453953953953954	0.17505030346048758	0.12106181035273737	0.29611211381322494
0.0014564564564564565	0.17570797401649377	0.12058899550166127	0.29629696951815504
0.001458958958958959	0.1763718817334056	0.12011391958479566	0.29648580131820124
0.0014614614614614615	0.1770420232004464	0.11963660974560805	0.29667863294605445
0.001463963963963964	0.17771840183229398	0.11915709247335061	0.2968754943056446
0.0014664664664664664	0.1784009999335243	0.11867539497924197	0.2970763949127663
0.001468968968968969	0.1790898065948815	0.11819154485625617	0.29728135145113765
0.0014714714714714715	0.17978482058637277	0.11770556487166264	0.2974903854580354
0.001473973973973974	0.18048602583289075	0.11721748060111263	0.2977035064340034
0.0014764764764764766	0.18119340432386294	0.11672732327721624	0.2979207276010792
0.001478978978978979	0.18190693513662098	0.11623512042783703	0.298142055564458
0.0014814814814814814	0.18262661824055235	0.1157408999056573	0.29836751814620965
0.001483983983983984	0.18335245858724705	0.11524468156876916	0.29859714015601624
0.0014864864864864865	0.18408441259812797	0.11474648893515577	0.29883090153328373
0.001488988988988989	0.18482247170010216	0.1142463585685412	0.2990688302686434
0.0014914914914914916	0.18556663195167186	0.11374431021158384	0.2993109421632557
0.001493993993993994	0.1863168611908907	0.11324035743924062	0.2995572186301313
0.0014964964964964964	0.18707314863367128	0.11273454321032207	0.29980769184399336
0.001498998998998999	0.18783548110862136	0.11222689248817518	0.30006237359679655
0.0015015015015015015	0.18860383868024952	0.11171741669396774	0.3003212553742173
0.001504004004004004	0.18937818877769447	0.11120614100425211	0.3005843297819466
0.0015065065065065066	0.19015852202239644	0.11069309330335722	0.30085161532575366
0.001509009009009009	0.19094482456914988	0.11017830933061507	0.30112313389976497
0.0015115115115115114	0.19173705549175116	0.10966180182662957	0.30139885731838073
0.001514014014014014	0.19253521366969406	0.10914359404089906	0.30167880771059313
0.0015165165165165165	0.19333927311440507	0.10862371792083163	0.3019629910352367
0.001519019019019019	0.19414919838259775	0.10810218716269214	0.3022513855452899
0.0015215215215215216	0.19496495865182384	0.10757902382534967	0.3025439824771735
0.001524024024024024	0.19578655458288685	0.10705425399187896	0.3028408085747658
0.0015265265265265264	0.19661393667695293	0.1065279093953795	0.3031418460723324
0.001529029029029029	0.197447097384603	0.10600000572300264	0.30344710310760564
0.0015315315315315315	0.19828599849995077	0.10547056297246003	0.3037565614724108
0.001534034034034034	0.19913059688830523	0.10493960984719665	0.3040702067355019
0.0015365365365365366	0.1999809007768183	0.10440716054648436	0.30438806132330265
0.001539039039039039	0.20083685823253616	0.10387324037254979	0.30471009860508597
0.0015415415415415416	0.20169841707623026	0.10333787517653611	0.3050362922527664
0.001544044044044044	0.2025655891010391	0.10280108651277796	0.3053666756138171
0.0015465465465465465	0.20343831791998207	0.10226288769457172	0.3057012056145538
0.0015490490490490492	0.20431657168043746	0.10172330846523417	0.30603988014567163
0.0015515515515515516	0.20520033393130896	0.10118236840168418	0.30638270233299314
0.001554054054054054	0.20608954616630304	0.10064007833043205	0.3067296244967351
0.0015565565565565567	0.2069841715265179	0.10009647983764113	0.307080651364159
0.001559059059059059	0.20788420907196775	0.09955157495628142	0.30743578402824917
0.0015615615615615615	0.2087895926648101	0.09900538702446388	0.30779497968927394
0.0015640640640640642	0.2097002974667152	0.09845794390861468	0.3081582413753299
0.0015665665665665666	0.21061627880018435	0.09790926443963163	0.30852554323981596
0.001569069069069069	0.21153748081660267	0.09735935974690228	0.30889684056350497
0.0015715715715715717	0.21246391214752533	0.09680825977806157	0.30927217192558687
0.001574074074074074	0.21339548425618457	0.09625597757690052	0.3096514618330851
0.0015765765765765765	0.2143321906865585	0.0957025316672225	0.31003472235378104
0.0015790790790790792	0.21527395937416824	0.09514794675005583	0.31042190612422405
0.0015815815815815816	0.21622077649896995	0.09459224196469279	0.3108130184636627
0.001584084084084084	0.21717258333902226	0.0940354257829544	0.31120800912197666
0.0015865865865865867	0.21812932210224473	0.09347753366401615	0.3116068557662609
0.001589089089089089	0.21909099011726663	0.09291856832664859	0.3120095584439152
0.0015915915915915915	0.22005748717670015	0.09235855848312999	0.31241604565983017
0.0015940940940940942	0.22102882219900577	0.0917975202399078	0.31282634243891355
0.0015965965965965966	0.222004913397645	0.09123546286250558	0.31324037626015055
0.001599099099099099	0.22298570008899454	0.09067241343977686	0.3136581135287714
0.0016016016016016017	0.22397117779542428	0.09010839027151665	0.31407956806694093
0.001604104104104104	0.22496126219727636	0.08954340342010848	0.3145046656173848
0.0016066066066066065	0.22595592876790863	0.08897748006377934	0.31493340883168797
0.0016091091091091092	0.22695510243377887	0.08841062949919368	0.31536573193297257
0.0016116116116116116	0.22795875019153383	0.08784286490224077	0.3158016150937746
0.001614114114114114	0.22896681007115172	0.08727421366983615	0.31624102374098784
0.0016166166166166167	0.22997922685362826	0.08670468682083093	0.3166839136744592
0.0016191191191191191	0.23099594789505792	0.08613430382646142	0.3171302517215193
0.0016216216216216215	0.23201693785996302	0.08556307957218681	0.3175800174321498
0.0016241241241241242	0.23304212794475862	0.08499102468364858	0.3180331526284072
0.0016266266266266266	0.23407144100298033	0.08441816388118195	0.3184896048841623
0.001629129129129129	0.23510485911410273	0.08384450420915111	0.31894936332325385
0.0016316316316316317	0.23614229552841878	0.08327006701198746	0.3194123625404062
0.0016341341341341341	0.23718370921330523	0.08269487249189299	0.31987858170519823
0.0016366366366366365	0.23822903551356547	0.08211892231975058	0.32034795783331604
0.0016391391391391392	0.2392782255385881	0.0815422436722549	0.320820469210843
0.0016416416416416416	0.24033119306504333	0.08096484257664201	0.32129603564168535
0.001644144144144144	0.2413879038221691	0.08038673880490918	0.3217746426270783
0.0016466466466466467	0.24244829117342576	0.07980795182584757	0.32225624299927336
0.0016491491491491491	0.24351229184827491	0.07922848158270021	0.3227407734309751
0.0016516516516516516	0.24457981935018255	0.0786483615412075	0.32322818089139005
0.0016541541541541542	0.24565085035043877	0.07806758460215592	0.32371843495259467
0.0016566566566566566	0.2467253057451831	0.07748617849703954	0.3242114842422226
0.001659159159159159	0.24780310624147467	0.0769041594925168	0.32470726573399145
0.0016616616616616617	0.248884210194487	0.07632152800634986	0.32520573820083687
0.0016641641641641641	0.249968538370331	0.07573831068307288	0.32570684905340386
0.0016666666666666668	0.25105601734176275	0.07515450891329498	0.32621052625505775
0.0016691691691691692	0.25214660115557214	0.07457015243859841	0.3267167535941705
0.0016716716716716716	0.2532402135599803	0.07398523221983679	0.32722544577981705
0.0016741741741741743	0.25433676956270246	0.07339977645367822	0.3277365460163807
0.0016766766766766767	0.25543622008980404	0.07281379602105703	0.3282500161108611
0.0016791791791791791	0.25653849960283975	0.07222729800411	0.32876579760694974
0.0016816816816816818	0.25764352760424875	0.07164030144532404	0.32928382904957276
0.0016841841841841842	0.2587512203130755	0.07105281122154551	0.329804031534621
0.0016866866866866866	0.25986153392761796	0.07046484312361342	0.33032637705123136
0.0016891891891891893	0.260974387039501	0.06987640875804478	0.3308507957975458
0.0016916916916916917	0.26208969806221133	0.0692875210971403	0.33137721915935164
0.0016941941941941941	0.2632074140170746	0.0686981910456592	0.3319056050627338
0.0016966966966966968	0.2643274381429158	0.0681084268765398	0.3324358650194556
0.0016991991991991992	0.26544971820412816	0.06751824481310426	0.3329679630172324
0.0017017017017017016	0.2665741546620759	0.06692764730496058	0.3335018019670365
0.0017042042042042043	0.2677007162492175	0.06633665612554963	0.3340373723747671
0.0017067067067067067	0.2688292719937799	0.06574527099539504	0.3345745429891749
0.0017092092092092091	0.26995978715211555	0.06515351764793421	0.33511330480004975
0.0017117117117117118	0.27109217743248515	0.06456138886730238	0.33565356629978754
0.0017142142142142142	0.27222635439274767	0.06396890317319458	0.33619525756594226
0.0017167167167167166	0.2733622613340272	0.06337607462722167	0.33673833596124886
0.0017192192192192193	0.2744997917201339	0.06278290527043599	0.3372826969905699
0.0017217217217217217	0.2756389049545464	0.06218940952515141	0.3378283144796978
0.0017242242242242242	0.27677948769975874	0.061595597280237765	0.3383750849799965
0.0017267267267267268	0.27792148074170886	0.06100147576043855	0.33892295650214743
0.0017292292292292292	0.27906480725980504	0.06040705170964198	0.33947185896944704
0.0017317317317317317	0.2802093699181538	0.059812340828889074	0.3400217107470429
0.0017342342342342343	0.2813551128523984	0.0592173474401952	0.3405724602925936
0.0017367367367367367	0.28250194095214204	0.058622086759432604	0.34112402771157463
0.0017392392392392392	0.283649777984112	0.05802655350089039	0.3416763314850024
0.0017417417417417418	0.2847985303949148	0.05743076877400999	0.3422292991689248
0.0017442442442442442	0.2859481459561578	0.05683473715080273	0.34278288310696053
0.0017467467467467467	0.2870985149187409	0.0562384677410613	0.34333698265980217
0.0017492492492492493	0.2882495757803417	0.05564196521017867	0.3438915409905204
0.0017517517517517517	0.2894012311048411	0.05504524439932874	0.34444647550416985
0.0017542542542542542	0.2905534063578149	0.054448302411101226	0.3450017087689161
0.0017567567567567568	0.2917060173440166	0.0538511542586677	0.3455571716026843
0.0017592592592592592	0.29285898929245047	0.053253808699998906	0.3461127979924494
0.0017617617617617617	0.29401222051000714	0.05265626693836098	0.3466684874483681
0.0017642642642642643	0.2951656513723334	0.05205854208611917	0.34722419345845257
0.0017667667667667667	0.2963191686501755	0.05146063215585682	0.3477798008060323
0.0017692692692692692	0.2974727290495956	0.050862556680938815	0.3483352857305344
0.0017717717717717718	0.29862620282559693	0.050264308811810265	0.3488905116374072
0.0017742742742742742	0.2997795478541805	0.049665908388447075	0.3494454562426276
0.0017767767767767767	0.3009326409387546	0.04906734959059282	0.34999999052934744
0.0017792792792792793	0.30208544144425514	0.04846864508353159	0.35055408652778675
0.0017817817817817817	0.30323781393412047	0.047869800933015606	0.3511076148671361
0.0017842842842842842	0.30438972780469314	0.0472708200683627	0.35166054787305584
0.0017867867867867868	0.3055410483360747	0.046671708823507435	0.3522127571595821
0.0017892892892892893	0.3066917245818406	0.04607247764834861	0.35276420223018917
0.001791791791791792	0.3078416633802092	0.04547312196271813	0.3533147853429273
0.0017942942942942943	0.30899077519996443	0.04487365633500835	0.35386443153497277
0.0017967967967967968	0.3101389643869693	0.044274080247597034	0.35441304463456635
0.0017992992992992994	0.31128617008434784	0.043674403731417656	0.3549605738157655
0.0018018018018018018	0.31243228691717534	0.043074624136408196	0.35550691105358356
0.0018043043043043043	0.3135772463222826	0.04247475053647063	0.3560519968587533
0.001806806806806807	0.3147209392579598	0.04187478718974345	0.35659572644770327
0.0018093093093093093	0.3158633118394271	0.041274739552212614	0.35713805139163973
0.0018118118118118118	0.3170042489974993	0.040674605869044464	0.35767885486654377
0.0018143143143143144	0.3181436887768296	0.040074400575496806	0.3582180893523264
0.0018168168168168168	0.3192815236990152	0.03947411409892457	0.35875563779793973
0.0018193193193193193	0.32041767450224773	0.03887375988767407	0.3592914343899218
0.001821821821821822	0.32155208172391064	0.038273337991783216	0.3598254197156939
0.0018243243243243243	0.3226846275023656	0.03767285391566548	0.3603574814180311
0.0018268268268268268	0.3238152374360183	0.03707230408690218	0.36088754152292046
0.0018293293293293294	0.32494384100990664	0.03647169789255565	0.3614155389024623
0.0018318318318318318	0.32607031521138335	0.03587103567288711	0.3619413508842705
0.0018343343343343343	0.32719463195606224	0.03527032245422197	0.3624649544102842
0.001836836836836837	0.32831664990134946	0.03466955402013346	0.3629862039214829
0.0018393393393393393	0.32943632104763604	0.034068743046473955	0.36350506409411
0.0018418418418418418	0.3305535592151256	0.03346788012670456	0.3640214393418301
0.0018443443443443444	0.33166824778975396	0.03286697482579125	0.3645352226155452
0.0018468468468468468	0.33278034573013104	0.03226602479252017	0.3650463705226512
0.0018493493493493493	0.3338897416566967	0.03166503718338306	0.36555477884007975
0.001851851851851852	0.3349963667863074	0.0310640043240054	0.3660603711103128
0.0018543543543543544	0.3361001149943575	0.030462935780358823	0.3665630507747163
0.0018568568568568568	0.3372009338515756	0.029861826739100213	0.36706276059067583
0.0018593593593593594	0.33829872153232865	0.02926068281774908	0.3675594043500777
0.0018618618618618619	0.33939340457218264	0.028659499062353537	0.3680529036345362
0.0018643643643643643	0.3404848792852308	0.028058281726934798	0.3685431610121656
0.001866866866866867	0.3415731088416056	0.0274570263233236	0.36903013516492916
0.0018693693693693694	0.34265794837274216	0.026855735852099796	0.36951368422484193
0.0018718718718718718	0.34373937538635274	0.026254408425371696	0.36999378381172443
0.0018743743743743744	0.34481727433272996	0.025653046378164353	0.3704703207108943
0.0018768768768768769	0.34589159135378383	0.025051644124599814	0.37094323547838365
0.0018793793793793793	0.34696220837134867	0.02445020702284551	0.3714124153941942
0.001881881881881882	0.3480290691360048	0.023848728507001194	0.371877797643006
0.0018843843843843844	0.3490921068400793	0.023247212699908492	0.3723393195399878
0.0018868868868868868	0.3501512096886699	0.022645653677371713	0.3727968633660416
0.0018893893893893894	0.35120631159990845	0.022044053714637118	0.3732503653145456
0.0018918918918918919	0.3522573595294662	0.021442408202305634	0.3736997677317718
0.0018943943943943943	0.35330423231295527	0.02084071723606398	0.3741449495490192
0.001896896896896897	0.35434688593803504	0.02023897854970985	0.3745858644877449
0.0018993993993993994	0.35538522707367	0.01963718801953627	0.3750224150932063
0.0019019019019019018	0.3564191782673461	0.019035344413149167	0.3754545226804953
0.0019044044044044044	0.35744868023133114	0.018433445686054643	0.3758821259173858
0.0019069069069069069	0.3584736371142977	0.017831488447971285	0.37630512556226897
0.0019094094094094093	0.3594939736617706	0.01722946798371184	0.37672344164548244
0.001911911911911912	0.3605096263817525	0.016627383109837645	0.3771370094915901
0.0019144144144144144	0.36152053365133663	0.016025228828921635	0.3775457624802583
0.001916916916916917	0.36252658673240973	0.015423002503535935	0.3779495892359457
0.0019194194194194195	0.36352773792257154	0.01482069840771209	0.37834843633028364
0.0019219219219219219	0.36452390862637124	0.014218314744405419	0.3787422233707767
0.0019244244244244245	0.3655150132049694	0.0136158437727361	0.3791308569777055
0.001926926926926927	0.3665010055456064	0.013013283519618014	0.3795142890652244
0.0019294294294294294	0.36748179288718463	0.012410627690347543	0.3798924205775322
0.001931931931931932	0.36845731840487794	0.011807872119863207	0.38026519052474117
0.0019344344344344345	0.36942750440482464	0.011205009681063428	0.38063251408588805
0.0019369369369369369	0.37039228096110793	0.010602035846311721	0.38099431680741963
0.0019394394394394395	0.37135158648268923	0.009998944641153508	0.38135053112384276
0.001941941941941942	0.3723053474904804	0.009395729919687667	0.38170107741016807
0.0019444444444444444	0.37325349852078304	0.00879238423686918	0.3820458827576522
0.001946946946946947	0.37419596918482906	0.00818890247432213	0.3823848716591512
0.0019494494494494495	0.3751326967506351	0.007585276220995566	0.3827179729716307
0.001951951951951952	0.3760636171241733	0.006981499203466701	0.38304511632764
0.0019544544544544545	0.3769886589199889	0.006377563566862263	0.38336622248685115
0.001956956956956957	0.3779077668193615	0.005773461363142762	0.3836812281825043
0.0019594594594594594	0.3788208712879975	0.005169184501972221	0.38399005578996975
0.001961961961961962	0.37972791003133327	0.004564725238814843	0.3842926352701481
0.0019644644644644643	0.38062881989436304	0.003960074461865307	0.38458889435622834
0.001966966966966967	0.3815235460946109	0.003355223191358383	0.3848787692859693
0.0019694694694694695	0.38241202059091545	0.002750162558884737	0.38516218314980016
0.001971971971971972	0.3832941843741012	0.0021448828647259565	0.38543906723882715
0.0019744744744744744	0.38416998271595093	0.0015393743514010264	0.38570935706735193
0.001976976976976977	0.38503935262482963	0.0009303854530283804	0.385969738077858
0.0019794794794794797	0.38590223677347196	0.00031753327268507856	0.38621977004615704
0.001981981981981982	0.3867585805971707	0	0.3867585805971707
0.0019844844844844845	0.387608326130454	0	0.387608326130454
0.001986986986986987	0.38845141747727757	0	0.38845141747727757
0.0019894894894894894	0.38928779814709125	0	0.38928779814709125
0.001991991991991992	0.39011742070622313	0	0.39011742070622313
0.0019944944944944947	0.3909402246811098	0	0.3909402246811098
0.001996996996996997	0.39175616014229003	0	0.39175616014229003
0.0019994994994994996	0.39256517688900916	0	0.39256517688900916
0.002002002002002002	0.39336722140555097	0	0.39336722140555097
0.0020045045045045044	0.3941622454000558	0	0.3941622454000558
0.002007007007007007	0.39495020010538495	0	0.39495020010538495
0.0020095095095095097	0.39573103632915707	0	0.39573103632915707
0.002012012012012012	0.3965047046228582	0	0.3965047046228582
0.0020145145145145146	0.3972711589965646	0	0.3972711589965646
0.002017017017017017	0.3980303573587137	0	0.3980303573587137
0.0020195195195195194	0.3987822489776815	0	0.3987822489776815
0.002022022022022022	0.39952679242029165	0	0.39952679242029165
0.0020245245245245247	0.40026394412124766	0	0.40026394412124766
0.002027027027027027	0.40099365955081673	0	0.40099365955081673
0.0020295295295295296	0.4017159018334265	0	0.4017159018334265
0.002032032032032032	0.4024306204612986	0	0.4024306204612986
0.0020345345345345344	0.40313778503907727	0	0.40313778503907727
0.002037037037037037	0.40383735144471516	0	0.40383735144471516
0.0020395395395395397	0.4045292806294529	0	0.4045292806294529
0.002042042042042042	0.4052135392066952	0	0.4052135392066952
0.0020445445445445446	0.4058900877521034	0	0.4058900877521034
0.002047047047047047	0.40655888620201575	0	0.40655888620201575
0.0020495495495495494	0.40721990957624554	0	0.40721990957624554
0.002052052052052052	0.407873114993746	0	0.407873114993746
0.0020545545545545547	0.40851847078168746	0	0.40851847078168746
0.002057057057057057	0.40915594763216284	0	0.40915594763216284
0.0020595595595595596	0.4097855125459031	0	0.4097855125459031
0.002062062062062062	0.41040713301076076	0	0.41040713301076076
0.0020645645645645644	0.41102077968638845	0	0.41102077968638845
0.002067067067067067	0.41162642790632836	0	0.41162642790632836
0.0020695695695695697	0.41222404314491945	0	0.41222404314491945
0.002072072072072072	0.41281360031784764	0	0.41281360031784764
0.0020745745745745746	0.4133950785533584	0	0.4133950785533584
0.002077077077077077	0.4139684451511056	0	0.4139684451511056
0.0020795795795795794	0.4145336767681525	0	0.4145336767681525
0.002082082082082082	0.41509075410404717	0	0.41509075410404717
0.0020845845845845847	0.41563965192324054	0	0.41563965192324054
0.002087087087087087	0.41618034258104875	0	0.41618034258104875
0.0020895895895895896	0.4167128156499608	0	0.4167128156499608
0.002092092092092092	0.4172370430510859	0	0.4172370430510859
0.0020945945945945945	0.4177530084327236	0	0.4177530084327236
0.0020970970970970973	0.41826069154773166	0	0.41826069154773166
0.0020995995995995997	0.41876007679581756	0	0.41876007679581756
0.002102102102102102	0.4192511468129093	0	0.4192511468129093
0.0021046046046046046	0.4197338824075575	0	0.4197338824075575
0.002107107107107107	0.4202082733180885	0	0.4202082733180885
0.0021096096096096095	0.42067430449718024	0	0.42067430449718024
0.0021121121121121123	0.42113195839273976	0	0.42113195839273976
0.0021146146146146147	0.42158122777555107	0	0.42158122777555107
0.002117117117117117	0.42202209815708575	0	0.42202209815708575
0.0021196196196196196	0.42245455708221763	0	0.42245455708221763
0.002122122122122122	0.42287859948804246	0	0.42287859948804246
0.0021246246246246245	0.4232942124357406	0	0.4232942124357406
0.0021271271271271273	0.4237013875562045	0	0.4237013875562045
0.0021296296296296298	0.4241001199377381	0	0.4241001199377381
0.002132132132132132	0.4244904015203565	0	0.4244904015203565
0.0021346346346346346	0.4248722253056213	0	0.4248722253056213
0.002137137137137137	0.4252455900736502	0	0.4252455900736502
0.0021396396396396395	0.42561048471563584	0	0.42561048471563584
0.0021421421421421423	0.42596691141815707	0	0.42596691141815707
0.0021446446446446448	0.4263148695346244	0	0.4263148695346244
0.002147147147147147	0.42665435209000674	0	0.42665435209000674
0.0021496496496496496	0.4269853583088613	0	0.4269853583088613
0.002152152152152152	0.4273078922354946	0	0.4273078922354946
0.0021546546546546545	0.4276219521000888	0	0.4276219521000888
0.0021571571571571573	0.4279275393676191	0	0.4279275393676191
0.0021596596596596598	0.42822465424564704	0	0.42822465424564704
0.002162162162162162	0.4285133049909743	0	0.4285133049909743
0.0021646646646646646	0.4287934903741202	0	0.4287934903741202
0.002167167167167167	0.42906521547884474	0	0.42906521547884474
0.0021696696696696695	0.4293284876400598	0	0.4293284876400598
0.0021721721721721723	0.42958331179490933	0	0.42958331179490933
0.0021746746746746748	0.42982969453686926	0	0.42982969453686926
0.002177177177177177	0.4300676459688987	0	0.4300676459688987
0.0021796796796796796	0.43029716925360767	0	0.43029716925360767
0.002182182182182182	0.43051827785508207	0	0.43051827785508207
0.0021846846846846845	0.43073098009719485	0	0.43073098009719485
0.0021871871871871874	0.430935286604228	0	0.430935286604228
0.0021896896896896898	0.4311312063476937	0	0.4311312063476937
0.002192192192192192	0.4313187543466136	0	0.4313187543466136
0.0021946946946946946	0.43149794115248646	0	0.43149794115248646
0.002197197197197197	0.43166878061505537	0	0.43166878061505537
0.0021996996996996995	0.43183128810230076	0	0.43183128810230076
0.0022022022022022024	0.4319854777761772	0	0.4319854777761772
0.002204704704704705	0.4321313604796646	0	0.4321313604796646
0.002207207207207207	0.43226895886679056	0	0.43226895886679056
0.0022097097097097096	0.4323982847309392	0	0.4323982847309392
0.002212212212212212	0.43251935823656473	0	0.43251935823656473
0.0022147147147147145	0.4326321950161798	0	0.4326321950161798
0.0022172172172172174	0.43273681782714263	0	0.43273681782714263
0.00221971971971972	0.4328332376052805	0	0.4328332376052805
0.0022222222222222222	0.4329214849344306	0	0.4329214849344306
0.0022247247247247246	0.433001573451247	0	0.433001573451247
0.002227227227227227	0.4330735220406397	0	0.4330735220406397
0.00222972972972973	0.4331373613618173	0	0.4331373613618173
0.0022322322322322324	0.43319310729300115	0	0.43319310729300115
0.002234734734734735	0.4332407784776891	0	0.4332407784776891
0.0022372372372372372	0.43328040976963145	0	0.43328040976963145
0.0022397397397397397	0.4333120188144249	0	0.4333120188144249
0.002242242242242242	0.4333356257853568	0	0.4333356257853568
0.002244744744744745	0.4333512654312618	0	0.4333512654312618
0.0022472472472472474	0.43335895634102634	0	0.43335895634102634
0.00224974974974975	0.4333587247606596	0	0.4333587247606596
0.0022522522522522522	0.4333506057771916	0	0.4333506057771916
0.0022547547547547547	0.4333346162824438	0	0.4333346162824438
0.002257257257257257	0.4333107885454765	0	0.4333107885454765
0.00225975975975976	0.43327915273684564	0	0.43327915273684564
0.0022622622622622624	0.4332397340878031	0	0.4332397340878031
0.002264764764764765	0.43319256424452124	0	0.43319256424452124
0.0022672672672672672	0.4331376755832221	0	0.4331376755832221
0.0022697697697697697	0.43307509160434376	0	0.43307509160434376
0.002272272272272272	0.4330048470679084	0	0.4330048470679084
0.002274774774774775	0.4329269760923209	0	0.4329269760923209
0.0022772772772772774	0.4328415057063876	0	0.4328415057063876
0.00227977977977978	0.4327484685016233	0	0.4327484685016233
0.0022822822822822822	0.43264790291640415	0	0.43264790291640415
0.0022847847847847847	0.43253983345997227	0	0.43253983345997227
0.002287287287287287	0.4324242988978274	0	0.4324242988978274
0.00228978978978979	0.4323013351455592	0	0.4323013351455592
0.0022922922922922924	0.43217097154988193	0	0.43217097154988193
0.002294794794794795	0.4320332433040154	0	0.4320332433040154
0.0022972972972972973	0.43188819091420977	0	0.43188819091420977
0.0022997997997997997	0.43173584446308194	0	0.43173584446308194
0.002302302302302302	0.4315762388858552	0	0.4315762388858552
0.002304804804804805	0.4314094185545296	0	0.4314094185545296
0.0023073073073073074	0.43123541288415634	0	0.43123541288415634
0.00230980980980981	0.4310542563852071	0	0.4310542563852071
0.0023123123123123123	0.4308659965346128	0	0.4308659965346128
0.0023148148148148147	0.4306706647604453	0	0.4306706647604453
0.002317317317317317	0.43046829602605335	0	0.43046829602605335
0.00231981981981982	0.43025893684349714	0	0.43025893684349714
0.0023223223223223224	0.43004262041924324	0	0.43004262041924324
0.002324824824824825	0.4298193849374109	0	0.4298193849374109
0.0023273273273273273	0.4295892756562829	0	0.4295892756562829
0.0023298298298298297	0.4293523257508319	0	0.4293523257508319
0.002332332332332332	0.42910857457978013	0	0.42910857457978013
0.002334834834834835	0.4288580722092779	0	0.4288580722092779
0.0023373373373373374	0.4286008484575444	0	0.4286008484575444
0.00233983983983984	0.4283369464589333	0	0.4283369464589333
0.0023423423423423423	0.4280664132392741	0	0.4280664132392741
0.0023448448448448447	0.42778928363416185	0	0.42778928363416185
0.0023473473473473476	0.4275055978585477	0	0.4275055978585477
0.00234984984984985	0.42721540451947876	0	0.42721540451947876
0.0023523523523523524	0.42691874275227565	0	0.42691874275227565
0.002354854854854855	0.42661564992228695	0	0.42661564992228695
0.0023573573573573573	0.4263061764597536	0	0.4263061764597536
0.0023598598598598597	0.4259903595072218	0	0.4259903595072218
0.0023623623623623626	0.42566824309758755	0	0.42566824309758755
0.002364864864864865	0.4253398703549678	0	0.4253398703549678
0.0023673673673673674	0.4250052865557225	0	0.4250052865557225
0.00236986986986987	0.42466452946001954	0	0.42466452946001954
0.0023723723723723723	0.4243176495768876	0	0.4243176495768876
0.0023748748748748747	0.4239646862042053	0	0.4239646862042053
0.0023773773773773776	0.4236056849253604	0	0.4236056849253604
0.00237987987987988	0.423240689412573	0	0.423240689412573
0.0023823823823823824	0.4228697438354231	0	0.4228697438354231
0.002384884884884885	0.4224928895060556	0	0.4224928895060556
0.0023873873873873873	0.42211017744651946	0	0.42211017744651946
0.0023898898898898897	0.42172164861636696	0	0.42172164861636696
0.0023923923923923926	0.4213273458172889	0	0.4213273458172889
0.002394894894894895	0.42092731653380616	0	0.42092731653380616
0.0023973973973973974	0.4205216039889224	0	0.4205216039889224
0.0023998998998999	0.4201102556949106	0	0.4201102556949106
0.0024024024024024023	0.4196933150702909	0	0.4196933150702909
0.0024049049049049047	0.4192708273869986	0	0.4192708273869986
0.0024074074074074076	0.41884283819127366	0	0.41884283819127366
0.00240990990990991	0.4184093925237562	0	0.4184093925237562
0.0024124124124124124	0.41797053600985246	0	0.41797053600985246
0.002414914914914915	0.4175263121648307	0	0.4175263121648307
0.0024174174174174173	0.4170767718776891	0	0.4170767718776891
0.0024199199199199197	0.4166219576705645	0	0.4166219576705645
0.0024224224224224226	0.41616191038996236	0	0.41616191038996236
0.002424924924924925	0.41569668684366207	0	0.41569668684366207
0.0024274274274274274	0.4152263214283318	0	0.4152263214283318
0.00242992992992993	0.41475086767955077	0	0.41475086767955077
0.0024324324324324323	0.41427036624714486	0	0.41427036624714486
0.0024349349349349347	0.4137848662113741	0	0.4137848662113741
0.0024374374374374376	0.4132944132885956	0	0.4132944132885956
0.00243993993993994	0.4127990514140452	0	0.4127990514140452
0.0024424424424424425	0.41229882845781546	0	0.41229882845781546
0.002444944944944945	0.411793787707804	0	0.411793787707804
0.0024474474474474473	0.41128397756744495	0	0.41128397756744495
0.0024499499499499497	0.4107694426948241	0	0.4107694426948241
0.0024524524524524526	0.41025022872407857	0	0.41025022872407857
0.002454954954954955	0.40972638225366276	0	0.40972638225366276
0.0024574574574574575	0.409197948194137	0	0.409197948194137
0.00245995995995996	0.40866497280472847	0	0.40866497280472847
0.0024624624624624623	0.40812750139419646	0	0.40812750139419646
0.0024649649649649647	0.40758557967559134	0	0.40758557967559134
0.0024674674674674676	0.40703925349120035	0	0.40703925349120035
0.00246996996996997	0.4064885679524664	0	0.4064885679524664
0.0024724724724724725	0.40593356930240493	0	0.40593356930240493
0.002474974974974975	0.4053743019666101	0	0.4053743019666101
0.0024774774774774773	0.404810811842714	0	0.404810811842714
0.00247997997997998	0.4042431441899622	0	0.4042431441899622
0.0024824824824824826	0.40367134436175245	0	0.40367134436175245
0.002484984984984985	0.4030954573642026	0	0.4030954573642026
0.0024874874874874875	0.40251552815992053	0	0.40251552815992053
0.00248998998998999	0.4019316020836347	0	0.4019316020836347
0.0024924924924924923	0.40134372326066364	0	0.40134372326066364
0.002494994994994995	0.4007519371171277	0	0.4007519371171277
0.0024974974974974976	0.40015628826564437	0	0.40015628826564437
0.0025	0.39955682118976915	0	0.39955682118976915