0.	0.23113913417919388	0	0.23113913417919388
2.5025025025025024e-6	0.23040604725410543	0	0.23040604725410543
5.005005005005005e-6	0.22967161749283674	0	0.22967161749283674
7.507507507507507e-6	0.22893588274718904	0	0.22893588274718904
0.00001001001001001001	0.22819889489978293	0	0.22819889489978293
0.000012512512512512513	0.2274607047498286	0	0.2274607047498286
0.000015015015015015015	0.22672136291856737	0	0.22672136291856737
0.000017517517517517516	0.2259809190046398	0	0.2259809190046398
0.00002002002002002002	0.2252394223457205	0	0.2252394223457205
0.000022522522522522523	0.2244969217836059	0	0.2244969217836059
0.000025025025025025026	0.2237534651977015	0	0.2237534651977015
0.000027527527527527526	0.22300910036747376	0	0.22300910036747376
0.00003003003003003003	0.22226387421061033	0	0.22226387421061033
0.00003253253253253253	0.2215178332043637	0	0.2215178332043637
0.00003503503503503503	0.22077102340842766	0	0.22077102340842766
0.000037537537537537536	0.22002349015574246	0	0.22002349015574246
0.00004004004004004004	0.21927527818208237	0	0.21927527818208237
0.00004254254254254254	0.2185264315460887	0	0.2185264315460887
0.000045045045045045046	0.21777699556526653	0	0.21777699556526653
0.00004754754754754755	0.2170270104984873	0	0.2170270104984873
0.00005005005005005005	0.21627652202007724	0	0.21627652202007724
0.000052552552552552556	0.2155255707509113	0	0.2155255707509113
0.00005505505505505505	0.21477419786375562	0	0.21477419786375562
0.000057557557557557555	0.21402244500856535	0	0.21402244500856535
0.00006006006006006006	0.21327035316759274	0	0.21327035316759274
0.00006256256256256256	0.2125179627314489	0	0.2125179627314489
0.00006506506506506506	0.21176531126273118	0	0.21176531126273118
0.00006756756756756757	0.2110124396941189	0	0.2110124396941189
0.00007007007007007007	0.21025938538686922	0	0.21025938538686922
0.00007257257257257258	0.2095061861090897	0	0.2095061861090897
0.00007507507507507507	0.20875288032894335	0	0.20875288032894335
0.00007757757757757758	0.20799950484173882	0	0.20799950484173882
0.00008008008008008008	0.20724609516865233	0	0.20724609516865233
0.00008258258258258259	0.20649268792662864	0	0.20649268792662864
0.00008508508508508508	0.2057393179158189	0	0.2057393179158189
0.00008758758758758758	0.20498602088048085	0	0.20498602088048085
0.00009009009009009009	0.20423283077913004	0	0.20423283077913004
0.00009259259259259259	0.20347978163656258	0	0.20347978163656258
0.0000950950950950951	0.20272690678686742	0	0.20272690678686742
0.0000975975975975976	0.20197423917453206	0	0.20197423917453206
0.0001001001001001001	0.2012218115519134	0	0.2012218115519134
0.0001026026026026026	0.2004696561899704	0	0.2004696561899704
0.00010510510510510511	0.1997178039207713	0	0.1997178039207713
0.00010760760760760761	0.19896628610930023	0	0.19896628610930023
0.0001101101101101101	0.19821513406551808	0	0.19821513406551808
0.00011261261261261261	0.19746437644665152	0	0.19746437644665152
0.00011511511511511511	0.19671404422356228	0	0.19671404422356228
0.00011761761761761762	0.19596416610801154	0	0.19596416610801154
0.00012012012012012012	0.19521477105147517	0	0.19521477105147517
0.00012262262262262261	0.19446588697987477	0	0.19446588697987477
0.00012512512512512512	0.1937175417650353	0	0.1937175417650353
0.00012762762762762763	0.1929697633504455	0	0.1929697633504455
0.00013013013013013012	0.19222257908775608	0	0.19222257908775608
0.00013263263263263263	0.1914760149307688	0	0.1914760149307688
0.00013513513513513514	0.19073009659295534	0	0.19073009659295534
0.00013763763763763765	0.18998485070866644	0	0.18998485070866644
0.00014014014014014013	0.18924030204177453	0	0.18924030204177453
0.00014264264264264264	0.18849647642625614	0	0.18849647642625614
0.00014514514514514515	0.1877533966924816	0	0.1877533966924816
0.00014764764764764766	0.18701108809242697	0	0.18701108809242697
0.00015015015015015014	0.1862695737418961	0	0.1862695737418961
0.00015265265265265265	0.18552887705398857	0	0.18552887705398857
0.00015515515515515516	0.18478902110588916	0	0.18478902110588916
0.00015765765765765765	0.18405002796931794	0	0.18405002796931794
0.00016016016016016016	0.1833119198592884	0	0.1833119198592884
0.00016266266266266267	0.18257471860352933	0	0.18257471860352933
0.00016516516516516518	0.18183844563839732	0	0.18183844563839732
0.00016766766766766766	0.1811031211076872	0	0.1811031211076872
0.00017017017017017017	0.18036876563528653	0	0.18036876563528653
0.00017267267267267268	0.17963539974202303	0	0.17963539974202303
0.00017517517517517516	0.1789030437165625	0	0.1789030437165625
0.00017767767767767767	0.17817171586011155	0	0.17817171586011155
0.00018018018018018018	0.17744143128704273	0	0.17744143128704273
0.0001826826826826827	0.1767124597815685	0	0.1767124597815685
0.00018518518518518518	0.17598410308183376	0	0.17598410308183376
0.00018768768768768769	0.17525707493486883	0	0.17525707493486883
0.0001901901901901902	0.17453116992974005	0	0.17453116992974005
0.0001926926926926927	0.1738064022469915	0	0.1738064022469915
0.0001951951951951952	0.1730827900418781	0	0.1730827900418781
0.0001976976976976977	0.17236034845456066	0	0.17236034845456066
0.0002002002002002002	0.17163909454115348	0	0.17163909454115348
0.0002027027027027027	0.1709190445860258	0	0.1709190445860258
0.0002052052052052052	0.17020021279339193	0	0.17020021279339193
0.0002077077077077077	0.16948261685067492	0	0.16948261685067492
0.00021021021021021022	0.16876626933843827	0	0.16876626933843827
0.0002127127127127127	0.16805118665292118	0	0.16805118665292118
0.00021521521521521522	0.16733738149872365	0	0.16733738149872365
0.00021771771771771773	0.16662486994018313	0	0.16662486994018313
0.0002202202202202202	0.16591366411882724	0	0.16591366411882724
0.00022272272272272272	0.1652037782555408	0	0.1652037782555408
0.00022522522522522523	0.16449522562548144	0	0.16449522562548144
0.00022772772772772774	0.16378801847959626	0	0.16378801847959626
0.00023023023023023022	0.1630821699286905	0	0.1630821699286905
0.00023273273273273273	0.1623776917033692	0	0.1623776917033692
0.00023523523523523524	0.16167459608480345	0	0.16167459608480345
0.00023773773773773772	0.16097289505830004	0	0.16097289505830004
0.00024024024024024023	0.16027260013378894	0	0.16027260013378894
0.00024274274274274274	0.15957372188877034	0	0.15957372188877034
0.00024524524524524523	0.15887627167333168	0	0.15887627167333168
0.00024774774774774777	0.1581802598141054	0	0.1581802598141054
0.00025025025025025025	0.15748569717420552	0	0.15748569717420552
0.00025275275275275273	0.1567925935662439	0	0.1567925935662439
0.00025525525525525527	0.15610095909393687	0	0.15610095909393687
0.00025775775775775775	0.15541080248945371	0	0.15541080248945371
0.00026026026026026023	0.15472213462128995	0	0.15472213462128995
0.00026276276276276277	0.15403496324704452	0	0.15403496324704452
0.00026526526526526525	0.15334929833654706	0	0.15334929833654706
0.0002677677677677678	0.15266514760123565	0	0.15266514760123565
0.0002702702702702703	0.1519825198984854	0	0.1519825198984854
0.00027277277277277276	0.1513014229104876	0	0.1513014229104876
0.0002752752752752753	0.15062186519579918	0	0.15062186519579918
0.0002777777777777778	0.1499438545864088	0	0.1499438545864088
0.00028028028028028026	0.14926739823248697	0	0.14926739823248697
0.0002827827827827828	0.1485925034463818	0	0.1485925034463818
0.0002852852852852853	0.14791917661046902	0	0.14791917661046902
0.00028778778778778776	0.14724742604894203	0	0.14724742604894203
0.0002902902902902903	0.14657725680554543	0	0.14657725680554543
0.0002927927927927928	0.14590867656131654	0	0.14590867656131654
0.0002952952952952953	0.14524169064177198	0	0.14524169064177198
0.0002977977977977978	0.14457630528493937	0	0.14457630528493937
0.0003003003003003003	0.143912410242382	0	0.143912410242382
0.0003028028028028028	0.14325026203454838	0	0.14325026203454838
0.0003053053053053053	0.14258978777354334	0	0.14258978777354334
0.0003078078078078078	0.14193086146952547	0	0.14193086146952547
0.00031031031031031033	0.1412735624503542	0	0.1412735624503542
0.0003128128128128128	0.14061789638977676	0.0013888654246654551	0.14200676181444222
0.0003153153153153153	0.13996386768215696	0.0033308944563337196	0.14329476213849068
0.00031781781781781783	0.13931148030415108	0.005250360711389394	0.14456184101554048
0.0003203203203203203	0.13866073959272265	0.00714862642384274	0.14580936601656538
0.0003228228228228228	0.13801164855069742	0.009026980048963735	0.14703862859966116
0.00032532532532532533	0.1373642116362591	0.010886635070296777	0.14825084670655586
0.0003278278278278278	0.1367184333167883	0.0127287271334148	0.1494471604502031
0.00033033033033033035	0.13607431603661613	0.014554337091197264	0.1506286531278134
0.00033283283283283284	0.13543187449497415	0.01636453039098702	0.15179640488596116
0.0003353353353353353	0.13479069043544845	0.018160150030283206	0.15295084046573165
0.00033783783783783786	0.1341519550608107	0.01994197774659184	0.15409393280740255
0.00034034034034034034	0.1335145216707271	0.021710771335907448	0.15522529300663457
0.0003428428428428428	0.132878760812258	0.02346806060671032	0.15634682141896833
0.00034534534534534536	0.13224468571628262	0.0252138257934925	0.1574585115097751
0.00034784784784784784	0.13161193525831993	0.026948916529003473	0.1585608517873234
0.0003503503503503503	0.13098156064403454	0.028674014044045775	0.1596555746880803
0.00035285285285285286	0.1303525387064435	0.03038971967588329	0.1607422583823268
0.00035535535535535535	0.1297252017311816	0.032096598020415874	0.16182179975159747
0.0003578578578578579	0.1290995562114815	0.033795179860375314	0.1628947360718568
0.00036036036036036037	0.12847560335155836	0.035485961266493726	0.16396156461805209
0.00036286286286286285	0.12785334507004145	0.0371694126102435	0.16502275768028496
0.0003653653653653654	0.1272327910250394	0.03884597050166028	0.16607876152669968
0.00036786786786786787	0.12661391321992943	0.04051605071839003	0.16712996393831947
0.00037037037037037035	0.12599675536183255	0.04218003880886986	0.16817679417070241
0.0003728728728728729	0.1253812525413693	0.0438383021424798	0.1692195546838491
0.00037537537537537537	0.12476752411516924	0.04549118496189037	0.17025870907705962
0.00037787787787787786	0.12415546221067413	0.04713900997573243	0.17129447218640656
0.0003803803803803804	0.12354510328608478	0.0487820822405693	0.17232718552665408
0.0003828828828828829	0.12293644848959201	0.050420688754330804	0.17335713724392282
0.0003853853853853854	0.1223294949244527	0.05205510005671517	0.17438459498116787
0.0003878878878878879	0.12172424826502622	0.0536855702186142	0.1754098184836404
0.0003903903903903904	0.12112070615673241	0.05531233792536566	0.1764330440820981
0.0003928928928928929	0.12051886874321231	0.05693562677205992	0.17745449551527223
0.0003953953953953954	0.11991873658983586	0.05855574779693633	0.1784744843867722
0.0003978978978978979	0.1193203155358865	0.060172615791446754	0.17949293132733324
0.0004004004004004004	0.11872358811971516	0.06178669806399035	0.18051028618370552
0.0004029029029029029	0.11812857104065783	0.06339806167789835	0.18152663271855618
0.0004054054054054054	0.1175352594741576	0.0650069120187934	0.182542171492951
0.0004079079079079079	0.11694365030613348	0.06661336444381348	0.18355701474994696
0.0004104104104104104	0.11635374633019481	0.068217575452361	0.1845713217825558
0.0004129129129129129	0.11576554558758141	0.0698196767686512	0.1855852223562326
0.0004154154154154154	0.11517904559579896	0.07141979459271375	0.1865988401885127
0.0004179179179179179	0.11459424914877095	0.07301804749713393	0.1876122966459049
0.00042042042042042044	0.11401115250490258	0.07461453790511426	0.18862569041001684
0.00042292292292292293	0.11342975427843535	0.07620936936460783	0.1896391236430432
0.0004254254254254254	0.11285005858367177	0.07780262919998651	0.1906526877836583
0.00042792792792792795	0.11227205873157255	0.07939465650023071	0.19166671523180326
0.00043043043043043043	0.11169576351887237	0.08098438081158149	0.19268014433045386
0.0004329329329329329	0.1111211486222585	0.08260564768736088	0.19372679630961936
0.00043543543543543545	0.11054823367862845	0.08416249314355326	0.1947107268221817
0.00043793793793793793	0.1099770128954465	0.08571910654831921	0.1956961194437657
0.0004404404404404404	0.1094074785684094	0.08733420036285598	0.19674167893126537
0.00044294294294294295	0.10883963883734618	0.08891763728028883	0.197757276117635
0.00044544544544544544	0.10827348505923659	0.09050076293206416	0.19877424799130075
0.000447947947947948	0.10770901865013642	0.09208282825357213	0.19979184690370855
0.00045045045045045046	0.10714662630352403	0.09366385657601811	0.20081048287954215
0.00045295295295295294	0.10658498458402141	0.09524382245500593	0.20182880703902734
0.0004554554554554555	0.10602572075711168	0.0968228922829343	0.20284861304004598
0.00045795795795795796	0.10546797761240308	0.09840090323116565	0.20386888084356874
0.00046046046046046044	0.10491191078092121	0.0999779346696536	0.20488984545057481
0.000462962962962963	0.10435752066891199	0.10155398296665999	0.20591150363557198
0.00046546546546546546	0.10380479702603233	0.10312904185779238	0.20693383888382472
0.00046796796796796795	0.10325374537480549	0.10470309706802272	0.2079568424428282
0.0004704704704704705	0.10270436095532165	0.10627613939508895	0.2089805003504106
0.00047297297297297297	0.10215664415400856	0.1078481520526824	0.21000479620669096
0.00047547547547547545	0.10161058890677517	0.10941914250942772	0.2110297314162029
0.000477977977977978	0.10106619154171614	0.11098464566895883	0.21205083721067497
0.00048048048048048047	0.10052345275127225	0.11257554952903687	0.21309900228030912
0.000482982982982983	0.09998236921663096	0.11412520993426377	0.21410757915089473
0.0004854854854854855	0.09944293715267877	0.11569130748071338	0.21513424463339215
0.000487987987987988	0.09890515632640853	0.11724391692465368	0.2161490732510622
0.0004904904904904905	0.09836901843779788	0.1188197960114524	0.21718881444925028
0.000492992992992993	0.09783452849448374	0.1203836163352246	0.21821814482970833
0.0004954954954954955	0.09730167587447099	0.12194489315787624	0.21924656903234724
0.000497997997997998	0.0967704624436044	0.1235047407977275	0.2202752032413319
0.0005005005005005005	0.09624088674898644	0.1250503623053076	0.22129124905429404
0.000503003003003003	0.09571293982950423	0.12661562491083436	0.22232856474033857
0.0005055055055055055	0.09518662745282025	0.1281613953429888	0.22334802279580904
0.000508008008008008	0.09466193737436905	0.12974140935893724	0.2244033467333063
0.0005105105105105105	0.0941388700284172	0.1312751740756867	0.2254140441041039
0.000513013013013013	0.09361742425235256	0.1328308003287216	0.22644822458107416
0.0005155155155155155	0.0930975930488581	0.1344033436657956	0.2275009367146537
0.000518018018018018	0.09257937962492908	0.13592394615919368	0.22850332578412275
0.0005205205205205205	0.09206277141077761	0.13746869737981157	0.22953146879058917
0.000523023023023023	0.09154777217508954	0.13901068526080615	0.2305584574358957
0.0005255255255255255	0.09103437658150997	0.14055046477022395	0.2315848413517339
0.0005280280280280281	0.09052258027740762	0.1420879515415777	0.2326105318189853
0.0005305305305305305	0.0900123819668646	0.14362306084223328	0.23363544280909787
0.000533033033033033	0.08950377530472602	0.14515569446871704	0.23465946977344304
0.0005355355355355356	0.08899675928492982	0.14668576819099013	0.23568252747591995
0.000538038038038038	0.08849133231961212	0.14821318482995122	0.23670451714956334
0.0005405405405405405	0.08798748372151342	0.14973784475502538	0.23772532847653882
0.0005430430430430431	0.08748516324150406	0.15125965398786545	0.23874481722936952
0.0005455455455455455	0.08698454830763341	0.15277851265434667	0.23976306096198008
0.000548048048048048	0.08648540668970509	0.15429431730183837	0.24077972399154346
0.0005505505505505506	0.08598785663561578	0.1558069648794667	0.24179482151508247
0.000553053053053053	0.08549186776866646	0.15731637146383312	0.24280823923249958
0.0005555555555555556	0.08499744330647475	0.15882342144653644	0.24382086475301118
0.0005580580580580581	0.08450457636519136	0.1603249879774657	0.24482956434265707
0.0005605605605605605	0.08401325987632857	0.16182399065486716	0.24583725053119573
0.0005630630630630631	0.08352349616816557	0.16331973541970551	0.24684323158787108
0.0005655655655655656	0.08303527683924047	0.16480714760966417	0.24784242444890464
0.000568068068068068	0.08254860003745082	0.16629835711423274	0.24884695715168356
0.0005705705705705706	0.08206345957979454	0.16777883199268226	0.24984229157247678
0.0005730730730730731	0.08157985729716541	0.16926184164013558	0.250841698937301
0.0005755755755755755	0.08109778197938047	0.17073637318792956	0.25183415516731
0.0005780780780780781	0.08061723411136022	0.1722071577208421	0.25282439183220234
0.0005805805805805806	0.08013810094261506	0.17367346468779893	0.25381156563041396
0.000583083083083083	0.07966074693239168	0.17513424485755616	0.25479499178994786
0.0005855855855855856	0.0791847076652559	0.17653889925938962	0.2557236069246455
0.0005880880880880881	0.0787103320536124	0.17804668425876802	0.2567570163123804
0.0005905905905905906	0.07823718748372648	0.17949225584307155	0.25772944332679804
0.0005930930930930931	0.07776578405302204	0.18095204027939524	0.2587178243324173
0.0005955955955955956	0.0772958131028146	0.18237046750278468	0.25966628060559926
0.0005980980980980981	0.07682733325368057	0.18380229401371168	0.26062962726739225
0.0006006006006006006	0.07636034623408867	0.1852279086882979	0.2615882549223866
0.0006031031031031031	0.07589485226906015	0.18665330193742152	0.2625481542064817
0.0006056056056056056	0.07543081737343427	0.18806369297102404	0.2634945103444583
0.0006081081081081081	0.0749682802460776	0.18947277732022366	0.26444105756630126
0.0006106106106106106	0.07450694037119034	0.1908760039687793	0.2653829443399696
0.0006131131131131132	0.07404774549463325	0.1922732079077609	0.26632095340239414
0.0006156156156156156	0.07358947255499473	0.1936644036366525	0.2672538761916472
0.0006181181181181181	0.07313280137165261	0.1950491834917085	0.2681819848633611
0.0006206206206206207	0.0726775833302325	0.1964275331154497	0.2691051164456822
0.0006231231231231231	0.07222382221412231	0.19779937021789865	0.27002319243202094
0.0006256256256256256	0.07177150723428705	0.1991645442777033	0.27093605151199035
0.0006281281281281282	0.0713206371185937	0.20052297489807472	0.2718436120166684
0.0006306306306306306	0.07087120634942033	0.20187450836413587	0.2727457147135562
0.0006331331331331331	0.07042321240734939	0.20321905329287163	0.273642265700221
0.0006356356356356357	0.06997649353867362	0.20455647596796153	0.27453296950663514
0.0006381381381381381	0.06953716279280803	0.2058866579255961	0.2754238207184041
0.0006406406406406406	0.0690874286764085	0.20720948120734362	0.2762969098837521
0.0006431431431431432	0.0686453042751981	0.20852483348441722	0.2771701377596153
0.0006456456456456456	0.0682003449533187	0.2098325868477517	0.27803293180107036
0.0006481481481481481	0.06776508725043753	0.21113263760195328	0.27889772485239084
0.0006506506506506507	0.0673270880840153	0.21242486100372104	0.2797519490877364
0.0006531531531531532	0.06689042313163922	0.21370914989550568	0.2805995730271449
0.0006556556556556556	0.06645515407090745	0.21498538741868814	0.2814405414895956
0.0006581581581581582	0.06602127670141704	0.21625135195137843	0.28227262865279545
0.0006606606606606607	0.06558878836630115	0.21751501380945182	0.283103802175753
0.0006631631631631631	0.06515768105483774	0.21876489934360993	0.28392258039844764
0.0006656656656656657	0.0647279526915985	0.22000784166227733	0.28473579435387586
0.0006681681681681682	0.0642995990249943	0.22124210094256366	0.28554169996755796
0.0006706706706706706	0.06387261524521105	0.22246767575376317	0.28634029099897423
0.0006731731731731732	0.06344699259450333	0.22368442789385456	0.2871314204883579
0.0006756756756756757	0.0630227320107573	0.22489225409765223	0.28791498610840954
0.0006781781781781781	0.06259978797219061	0.22609102683067842	0.288690814802869
0.0006806806806806807	0.06218092054627004	0.22728066872270408	0.28946158926897414
0.0006831831831831832	0.06175800850673829	0.22846106575825545	0.2902190742649937
0.0006856856856856856	0.061339138913500645	0.2296359976750605	0.2909751365885611
0.0006881881881881882	0.06092161251077984	0.2307898880178	0.29171150052857986
0.0006906906906906907	0.06050542116872602	0.23194388449736636	0.2924493056660924
0.0006931931931931931	0.0600905576546877	0.2330974252178067	0.29318798287249437
0.0006956956956956957	0.059677017146319504	0.2342208524075856	0.2938978695539051
0.0006981981981981982	0.05926479524716025	0.23534368438762374	0.294608479634784
0.0007007007007007007	0.05885388844636838	0.23645659398978927	0.29531048243615765
0.0007032032032032032	0.05844428908352697	0.2375594982717382	0.29600378735526517
0.0007057057057057057	0.058035995333144616	0.2386522512258615	0.2966882465590061
0.0007082082082082082	0.057629003025340485	0.23973483260960565	0.2973638356349461
0.0007107107107107107	0.05722330459579076	0.24080708960424937	0.2980303942000401
0.0007132132132132132	0.05681889599254423	0.2418658775578085	0.2986847735503527
0.0007157157157157158	0.056415774110955184	0.24292054025212861	0.2993363143630838
0.0007182182182182182	0.05601392926405423	0.24396141038205169	0.2999753396461059
0.0007207207207207207	0.05561336550533466	0.24499172951902323	0.3006050950243579
0.0007232232232232233	0.0552140682359057	0.24601130473402916	0.30122537296993485
0.0007257257257257257	0.054816040514435685	0.24702012561643724	0.30183616613087294
0.0007282282282282282	0.054419273207891784	0.24801807375933263	0.3024373469672244
0.0007307307307307308	0.05402375924114628	0.24900580709018147	0.30302956633132777
0.0007332332332332332	0.05362949755074332	0.249981091121278	0.30361058867202134
0.0007357357357357357	0.05323649834056879	0.2509461464894469	0.30418264483001567
0.0007382382382382383	0.05284458959564855	0.25189964349600624	0.30474423309165477
0.0007407407407407407	0.05245413748033669	0.25284249129648334	0.30529662877682
0.0007432432432432432	0.05206480630089704	0.2537738164255468	0.30583862272644385
0.0007457457457457458	0.05167672730352363	0.25469379802964687	0.3063705253331705
0.0007482482482482482	0.051289865178885924	0.255602389187226	0.3068922543661119
0.0007507507507507507	0.05090423407037997	0.25649951178655933	0.3074037458569393
0.0007532532532532533	0.050521005992645064	0.2573851206226082	0.3079061266152533
0.0007557557557557557	0.05013621610614597	0.2582591562554746	0.30839537236162057
0.0007582582582582582	0.049754629055149865	0.25912155955492827	0.30887618861007815
0.0007607607607607608	0.04937378801609118	0.25997227777292375	0.3093460657890149
0.0007632632632632632	0.04899454333310257	0.2608112711596738	0.30980581449277633
0.0007657657657657658	0.048626213757491245	0.2616385129756988	0.31026472673319005
0.0007682682682682683	0.048238618311793505	0.26245375090461864	0.31069236921641213
0.0007707707707707708	0.04786245572972024	0.26325736958988294	0.3111198253196032
0.0007732732732732733	0.047487557183437466	0.2640489678257725	0.3115365250092099
0.0007757757757757758	0.047096824625006334	0.26482860177247697	0.31192542639748333
0.0007782782782782783	0.046741631319890696	0.2655962481537531	0.3123378794736438
0.0007807807807807808	0.046369444269404	0.26635185685462076	0.31272130112402474
0.0007832832832832833	0.0459991146401207	0.267095393339734	0.31309450797985466
0.0007857857857857858	0.04562992641433588	0.2678268419091705	0.3134567683235064
0.0007882882882882883	0.0452618746211246	0.26854616006268134	0.3138080346838059
0.0007907907907907908	0.0448949377631602	0.2692533059984745	0.31414824376163475
0.0007932932932932933	0.044529373297226074	0.2699482602586025	0.3144776335558286
0.0007957957957957958	0.044163871930507706	0.2706310115530463	0.314794883483554
0.0007982982982982983	0.043801582513054355	0.27130152573984123	0.31510310825289556
0.0008008008008008008	0.043438317507567714	0.271959774573592	0.3153980920811597
0.0008033033033033033	0.04307581750346041	0.2726057453179729	0.3156815628214333
0.0008058058058058058	0.04271677958813126	0.27323942683802943	0.3159562064261607
0.0008083083083083083	0.042357590151501534	0.27386079063631874	0.3162183807878203
0.0008108108108108108	0.041999478723755604	0.27446982325582464	0.31646930197958023
0.0008133133133133133	0.041642530818034915	0.27506652795244435	0.3167090587704793
0.0008158158158158158	0.04128654043520949	0.2756508760381987	0.31693741647340823
0.0008183183183183183	0.04093154850726709	0.27622287116641564	0.31715441967368274
0.0008208208208208208	0.04057769089084158	0.2767825100202332	0.31736020091107475
0.0008233233233233233	0.040224887771315734	0.2773297816197091	0.31755466939102484
0.0008258258258258258	0.03987312706493598	0.27786467489932404	0.31773780196426005
0.0008283283283283283	0.039522401258045785	0.2783872087905618	0.31790961004860757
0.0008308308308308308	0.03917270426253954	0.278897361906983	0.31807006616952255
0.0008333333333333334	0.03882403025301532	0.2793951611235182	0.31821919137653354
0.0008358358358358358	0.03847637033343787	0.27988059582294306	0.3183569661563809
0.0008383383383383384	0.038129720181152585	0.2803536740588811	0.3184833942400337
0.0008408408408408409	0.03778407071855289	0.28081440106476113	0.318598471783314
0.0008433433433433433	0.03743941658098826	0.2812638272018886	0.31870324378287684
0.0008458458458458459	0.03709574761198394	0.2816988567918904	0.3187946044038743
0.0008483483483483484	0.036753060421790856	0.28212261668037214	0.318875677102163
0.0008508508508508508	0.036411345319696135	0.2825340920678715	0.31894543738756764
0.0008533533533533534	0.03607059612061261	0.28293329087397306	0.31900388699458565
0.0008558558558558559	0.03573080377584225	0.28332022174861193	0.3190510255244542
0.0008583583583583583	0.035391962417129955	0.2836949203267829	0.31908688274391284
0.0008608608608608609	0.035054062411569546	0.2840574758572081	0.31911153826877764
0.0008633633633633634	0.034717096811107344	0.284407708674926	0.31912480548603334
0.0008658658658658658	0.034382056219371744	0.2847458098561295	0.31912786607550125
0.0008683683683683684	0.034050553675680786	0.2850718132700555	0.31912236694573626
0.0008708708708708709	0.03371180444435544	0.28538569299594846	0.3190974974403039
0.0008733733733733733	0.033378571370103846	0.2856874992858527	0.31906607065595655
0.0008758758758758759	0.03303995957783999	0.2859772446007968	0.3190172041786368
0.0008783783783783784	0.032720578868638855	0.2862549838319452	0.318975562700584
0.0008808808808808808	0.03238102282707139	0.28652074571019603	0.3189017685372674
0.0008833833833833834	0.0320287046191824	0.2867745618609478	0.3188032664801302
0.0008858858858858859	0.03175093006400285	0.2870164722090599	0.31876740227306277
0.0008883883883883883	0.031392800385018016	0.28724652497011977	0.3186393253551378
0.0008908908908908909	0.031069842466290697	0.28746474880878997	0.31853459127508066
0.0008933933933933934	0.030743437107178744	0.2876711923429788	0.3184146294501575
0.000895895895895896	0.030417853276546506	0.28786589745783	0.3182837507343765
0.0008983983983983984	0.03009307770964411	0.2880489142968654	0.3181419920065095
0.0009009009009009009	0.029768630461528833	0.28822027640395	0.3179889068654788
0.0009034034034034035	0.029439217370256534	0.2883800440161626	0.3178192613864191
0.0009059059059059059	0.02912419220042055	0.2885282616420909	0.31765245384251145
0.0009084084084084084	0.028801900533354394	0.28866490896518665	0.31746680949854106
0.000910910910910911	0.02848093922858637	0.2887902555572051	0.31727119478579147
0.0009134134134134134	0.02816334737522546	0.2889042548732301	0.3170676022484556
0.0009159159159159159	0.02784357617495235	0.2890066665800998	0.3168502427550522
0.0009184184184184185	0.02752320351763329	0.2890979173574878	0.31662112087512106
0.0009209209209209209	0.02720498239846963	0.289177940038246	0.3163829224367156
0.0009234234234234234	0.0268878242568267	0.2892467906122853	0.316134614869112
0.000925925925925926	0.0265713062099824	0.2893045299362411	0.3158758361462235
0.0009284284284284284	0.026255473972951308	0.2893513267107384	0.3156068006836897
0.0009309309309309309	0.025940313940804458	0.28938692100388314	0.3153272349446876
0.0009334334334334335	0.025625813523618597	0.2894116834994783	0.3150374970230969
0.0009359359359359359	0.02531195954597251	0.2894255806914989	0.31473754023747136
0.0009384384384384384	0.02499874149670875	0.2894286683366066	0.3144274098333153
0.000940940940940941	0.024686143768155824	0.28942058849399177	0.3141067322621476
0.0009434434434434434	0.024374155651934865	0.28940273201840755	0.3137768876703424
0.0009459459459459459	0.024062762040511283	0.28937380932803286	0.31343657136854414
0.0009484484484484485	0.023751967628863314	0.2893343485010725	0.3130863161299358
0.0009509509509509509	0.023441703409998044	0.2892844190823292	0.31272612249232723
0.0009534534534534534	0.023132013347150832	0.28922408944195477	0.3123561027891056
0.000955955955955956	0.02282286028047396	0.2891534305911076	0.3119762908715816
0.0009584584584584585	0.022514231042051174	0.2890725139046251	0.31158674494667626
0.0009609609609609609	0.02220611058834119	0.28898140989328436	0.31118752048162557
0.0009634634634634635	0.0218984837812831	0.2888801927679602	0.3107786765492433
0.000965965965965966	0.02159133322426446	0.28876893403416354	0.310360267258428
0.0009684684684684684	0.02128311730261063	0.2886460865072377	0.30992920380984834
0.000970970970970971	0.02097220614800851	0.28851675048184483	0.3094889566298533
0.0009734734734734735	0.020672933802989568	0.2883757151862408	0.30904864898923035
0.000975975975975976	0.020372926862371556	0.28822504128913556	0.30859796815150714
0.0009784784784784785	0.02006060378404716	0.2880647050494875	0.3081253088335347
0.000980980980980981	0.0197573710157851	0.2878947825090846	0.30765215352486974
0.0009834834834834836	0.019453314431797254	0.2877153501686704	0.30716866460046766
0.000985985985985986	0.01914930923366747	0.28752648972102	0.3066757989546875
0.0009884884884884884	0.018845687943225616	0.287328277469254	0.3061739654124796
0.000990990990990991	0.01854236449643422	0.28712079404378915	0.30566315854022336
0.0009934934934934935	0.018239319182785613	0.2869041190734554	0.305143438256241
0.000995995995995996	0.017936532606624617	0.28667833259850883	0.3046148652051335
0.0009984984984984986	0.01763398285316241	0.2864435165336374	0.30407749938679984
0.001001001001001001	0.017331648013098316	0.2861997510253288	0.30353139903842713
0.0010035035035035034	0.01702950695619351	0.28594711727519406	0.30297662423138755
0.001006006006006006	0.01672753606732713	0.2856856992065144	0.3024132352738415
0.0010085085085085085	0.016425711937927183	0.28541557670560247	0.30184128864352966
0.001011011011011011	0.016124010842160745	0.2851368349442798	0.3012608457864406
0.0010135135135135136	0.01582240823850905	0.2848495550546379	0.30067196329314694
0.001016016016016016	0.015520876436179108	0.2845538217659783	0.30007469820215743
0.0010185185185185184	0.015219397379382806	0.28424971803647076	0.2994691154158536
0.001021021021021021	0.01491793543460862	0.28393732661116033	0.29885526204576895
0.0010235235235235235	0.014616467859620525	0.2836167331535758	0.2982332010131963
0.001026026026026026	0.0143149837697405	0.2832880207911651	0.2976030045609056
0.0010285285285285286	0.01401339310560556	0.28295127414653354	0.2969646672521391
0.001031031031031031	0.013711738187599194	0.2826065775346858	0.296318315722285
0.0010335335335335334	0.013409954021449606	0.28225401700686165	0.29566397102831127
0.001036036036036036	0.013108014679899945	0.2818936763075787	0.2950016909874787
0.0010385385385385385	0.012805887580101755	0.2815256409994873	0.29433152857958905
0.001041041041041041	0.012503539141434093	0.281149995572419	0.2936535347138531
0.0010435435435435436	0.012200934876156378	0.2807668254944475	0.29296776037060385
0.001046046046046046	0.011898039439964765	0.28037621525508244	0.2922742546950472
0.0010485485485485487	0.011594816231535585	0.27997825170921503	0.2915730679407506
0.001051051051051051	0.011291227174967342	0.27957301858395817	0.2908642457589255
0.0010535535535535535	0.010987233239225654	0.2791606022231353	0.290147835462361
0.0010560560560560562	0.010682794027889986	0.2787410870024358	0.28942388103032574
0.0010585585585585586	0.010377867825793441	0.2783145581271183	0.2886924259529117
0.001061061061061061	0.010072411019458518	0.27788110270008576	0.28795351371954425
0.0010635635635635637	0.009766379403770923	0.27744080261147874	0.28720718201524964
0.001066066066066066	0.009459725808518966	0.2769937445507075	0.28645347035922647
0.0010685685685685685	0.009152402782883788	0.2765400146307837	0.28569241741366747
0.0010710710710710712	0.008844360115698164	0.2760796962136558	0.28492405632935397
0.0010735735735735736	0.008535545739825819	0.2756128765721719	0.2841484223119978
0.001076076076076076	0.008225906309220111	0.27513981467843385	0.28336572098765395
0.0010785785785785787	0.007915385217138247	0.2746600493401878	0.28257543455732603
0.001081081081081081	0.007603924900817518	0.27417422331309343	0.28177814821391095
0.0010835835835835835	0.0072914643017201585	0.27368223286582355	0.2809736971675437
0.0010860860860860862	0.006977940535416161	0.2731841606078499	0.28016210114326606
0.0010885885885885886	0.00666328785710828	0.2726800885333327	0.279343376390441
0.001091091091091091	0.00634743766057551	0.27217010192875846	0.27851753958933395
0.0010935935935935937	0.006030318729061233	0.271654283283127	0.27768460201218825
0.001096096096096096	0.005711852112127109	0.27113271601441996	0.27684456812654706
0.0010985985985985985	0.005391902172134554	0.2706054825926337	0.2759973847647682
0.0011011011011011012	0.005070598250938148	0.2700726660481214	0.27514326429905955
0.0011036036036036036	0.004747613464195922	0.26953434762653844	0.2742819610907344
0.001106106106106106	0.0044229839720234	0.2689906098829186	0.273413593854942
0.0011086086086086087	0.004096611219482032	0.2684415339081523	0.2725381451276343
0.0011111111111111111	0.003768246050095704	0.2678872008500723	0.27165544690016796
0.0011136136136136135	0.0034380084242145712	0.26732769246210275	0.2707657008863173
0.0011161161161161162	0.0031056833762988026	0.26676308914867813	0.26986877252497693
0.0011186186186186186	0.0027711756256100723	0.26619346979185254	0.2689646454174626
0.001121121121121121	0.002434368786236592	0.26561891640511337	0.26805328519134997
0.0011236236236236237	0.0020951408235637074	0.2650395065235179	0.2671346473470816
0.0011261261261261261	0.0017533662538776619	0.26445532048754933	0.266208686741427
0.0011286286286286285	0.0014089121533070014	0.2638664372290954	0.26527534938240244
0.0011311311311311312	0.0010616420033847348	0.26327293499778054	0.26433457700116525
0.0011336336336336336	0.0007114085619954651	0.2626748907533012	0.26338629931529667
0.001136136136136136	0.00035806604501898874	0.2620723826948203	0.2624304487398393
0.0011386386386386387	0	0.2614654885267218	0.2614654885267218
0.0011411411411411411	0	0.26085428362102553	0.26085428362102553
0.0011436436436436436	0	0.2602388456843628	0.2602388456843628
0.0011461461461461462	0	0.25961925047413303	0.25961925047413303
0.0011486486486486486	0	0.2589955725250404	0.2589955725250404
0.001151151151151151	0	0.2583678873615099	0.2583678873615099
0.0011536536536536537	0	0.2577362687880545	0.2577362687880545
0.0011561561561561561	0	0.25710079152959153	0.25710079152959153
0.0011586586586586586	0	0.25646152837092734	0.25646152837092734
0.0011611611611611612	0	0.2558185525711465	0.2558185525711465
0.0011636636636636636	0	0.2551719378452024	0.2551719378452024
0.001166166166166166	0	0.25452175477832817	0.25452175477832817
0.0011686686686686687	0	0.2538680763791283	0.2538680763791283
0.0011711711711711711	0	0.25321097195756465	0.25321097195756465
0.0011736736736736738	0	0.2525505129554697	0.2525505129554697
0.0011761761761761762	0	0.25188676943774657	0.25188676943774657
0.0011786786786786786	0	0.2512198115327747	0.2512198115327747
0.0011811811811811813	0	0.25054970818242966	0.25054970818242966
0.0011836836836836837	0	0.24987652675820374	0.24987652675820374
0.0011861861861861861	0	0.24920033574347578	0.24920033574347578
0.0011886886886886888	0	0.24852120309634404	0.24852120309634404
0.0011911911911911912	0	0.24783919469406826	0.24783919469406826
0.0011936936936936936	0	0.2471543775723417	0.2471543775723417
0.0011961961961961963	0	0.24646681787578464	0.24646681787578464
0.0011986986986986987	0	0.24577658069687844	0.24577658069687844
0.0012012012012012011	0	0.24508373076500636	0.24508373076500636
0.0012037037037037038	0	0.2443883317380126	0.2443883317380126
0.0012062062062062062	0	0.24369044726697411	0.24369044726697411
0.0012087087087087087	0	0.2429901407059783	0.2429901407059783
0.0012112112112112113	0	0.2422874745456506	0.2422874745456506
0.0012137137137137137	0	0.2415825110843708	0.2415825110843708
0.0012162162162162162	0	0.24087531129021272	0.24087531129021272
0.0012187187187187188	0	0.2401659362779224	0.2401659362779224
0.0012212212212212212	0	0.23945444598168186	0.23945444598168186
0.0012237237237237237	0	0.23874090046074564	0.23874090046074564
0.0012262262262262263	0	0.23802535869646838	0.23802535869646838
0.0012287287287287287	0	0.23730787937152417	0.23730787937152417
0.0012312312312312312	0	0.2365885203321894	0.2365885203321894
0.0012337337337337338	0	0.23586733918171432	0.23586733918171432
0.0012362362362362362	0	0.23514439269279958	0.23514439269279958
0.0012387387387387387	0	0.2344197372317441	0.2344197372317441
0.0012412412412412413	0	0.23369342865925724	0.23369342865925724
0.0012437437437437437	0	0.23296552191322387	0.23296552191322387
0.0012462462462462462	0	0.23223607186473874	0.23223607186473874
0.0012487487487487488	0	0.2315051312188616	0.2315051312188616
0.0012512512512512512	0	0.2307727559034586	0.2307727559034586
0.0012537537537537537	0	0.23003899883107556	0.23003899883107556
0.0012562562562562563	0	0.2293039099158426	0.2293039099158426
0.0012587587587587587	0	0.22856754228613102	0.22856754228613102
0.0012612612612612612	0	0.22782994691791833	0.22782994691791833
0.0012637637637637638	0	0.2270911747113753	0.2270911747113753
0.0012662662662662662	0	0.22635127565858898	0.22635127565858898
0.0012687687687687687	0	0.22561029923833373	0.22561029923833373
0.0012712712712712713	0	0.2248682945591993	0.2248682945591993
0.0012737737737737737	0	0.22412530989559146	0.22412530989559146
0.0012762762762762762	0	0.2233813932776437	0.2233813932776437
0.0012787787787787788	0	0.22263659190841995	0.22263659190841995
0.0012812812812812813	0	0.22189095267633008	0.22189095267633008
0.0012837837837837837	0	0.22114452155639608	0.22114452155639608
0.0012862862862862863	0	0.22039734444669845	0.22039734444669845
0.0012887887887887888	0	0.21964946625848455	0.21964946625848455
0.0012912912912912912	0	0.2189009320110439	0.2189009320110439
0.0012937937937937938	0	0.2181517846854528	0.2181517846854528
0.0012962962962962963	0	0.2174020687392222	0.2174020687392222
0.001298798798798799	0	0.21665182681009146	0.21665182681009146
0.0013013013013013013	0	0.21590110109926408	0.21590110109926408
0.0013038038038038038	0	0.2151499339341027	0.2151499339341027
0.0013063063063063064	0	0.21439836653243505	0.21439836653243505
0.0013088088088088088	0	0.21364643946269876	0.21364643946269876
0.0013113113113113113	0	0.2128941931757507	0.2128941931757507
0.001313813813813814	0	0.2121416665484902	0.2121416665484902
0.0013163163163163163	0	0.21138890073689376	0.21138890073689376
0.0013188188188188188	0	0.21063593248722878	0.21063593248722878
0.0013213213213213214	0	0.20988280150831123	0.20988280150831123
0.0013238238238238238	0	0.2091295450409579	0.2091295450409579
0.0013263263263263263	0	0.20837619939111904	0.20837619939111904
0.001328828828828829	0	0.2076228017130646	0.2076228017130646
0.0013313313313313313	0	0.20686938893934134	0.20686938893934134
0.0013338338338338338	0	0.2061159962720667	0.2061159962720667
0.0013363363363363364	0	0.2053626583529847	0.2053626583529847
0.0013388388388388388	0	0.2046094107626415	0.2046094107626415
0.0013413413413413413	0	0.20385628640631653	0.20385628640631653
0.001343843843843844	0	0.20310332048214116	0.20310332048214116
0.0013463463463463464	0	0.20235054557037024	0.20235054557037024
0.0013488488488488488	0	0.20159799412855536	0.20159799412855536
0.0013513513513513514	0	0.200845698667799	0.200845698667799
0.0013538538538538539	0	0.20009369055487297	0.20009369055487297
0.0013563563563563563	0	0.19934200161097443	0.19934200161097443
0.001358858858858859	0	0.19859066262282873	0.19859066262282873
0.0013613613613613614	0	0.19783970359807454	0.19783970359807454
0.0013638638638638638	0	0.19708915549845685	0.19708915549845685
0.0013663663663663664	0	0.19633904608995348	0.19633904608995348
0.0013688688688688689	0	0.1955894057926095	0.1955894057926095
0.0013713713713713713	0	0.19484026234246501	0.19484026234246501
0.001373873873873874	0	0.1940916448282469	0.1940916448282469
0.0013763763763763764	0	0.1933435800880638	0.1933435800880638
0.0013788788788788788	0	0.19259609567118643	0.19259609567118643
0.0013813813813813814	0	0.19184921777681188	0.19184921777681188
0.0013838838838838839	0	0.19110297309833255	0.19110297309833255
0.0013863863863863863	0	0.19035738849920003	0.19035738849920003
0.001388888888888889	0	0.18961248834075706	0.18961248834075706
0.0013913913913913914	0	0.18886829769149618	0.18886829769149618
0.0013938938938938938	0	0.18812484156793136	0.18812484156793136
0.0013963963963963964	0	0.18738214489156044	0.18738214489156044
0.0013988988988988989	0	0.18664023019650317	0.18664023019650317
0.0014014014014014013	0	0.1858991218135659	0.1858991218135659
0.001403903903903904	0	0.18515884297584856	0.18515884297584856
0.0014064064064064064	0	0.18441941532586045	0.18441941532586045
0.0014089089089089088	0	0.18368086227139857	0.18368086227139857
0.0014114114114114115	0	0.18294320490714286	0.18294320490714286
0.0014139139139139139	0	0.18220646444151253	0.18220646444151253
0.0014164164164164163	0	0.1814706629120598	0.1814706629120598
0.001418918918918919	0	0.18073582027218243	0.18073582027218243
0.0014214214214214214	0	0.18000195795113189	0.18000195795113189
0.001423923923923924	0	0.17926909426297297	0.17926909426297297
0.0014264264264264265	0	0.17853724971733276	0.17853724971733276
0.0014289289289289289	0	0.17780644442231752	0.17780644442231752
0.0014314314314314315	0	0.17707675224862246	0.17707675224862246
0.001433933933933934	0	0.17634798024329038	0.17634798024329038
0.0014364364364364364	0	0.1756204488252416	0.1756204488252416
0.001438938938938939	0	0.17489398150666569	0.17489398150666569
0.0014414414414414415	0	0.17416864315698594	0.17416864315698594
0.001443943943943944	0	0.17344445090786204	0.17344445090786204
0.0014464464464464465	0	0.17272142150667613	0.17272142150667613
0.001448948948948949	0	0.17199957242959119	0.17199957242959119
0.0014514514514514514	0	0.17127891778613713	0.17127891778613713
0.001453953953953954	0	0.1705594753285753	0.1705594753285753
0.0014564564564564565	0	0.16984125970643338	0.16984125970643338
0.001458958958958959	0	0.16912428589220144	0.16912428589220144
0.0014614614614614615	0	0.16840856862942782	0.16840856862942782
0.001463963963963964	0	0.16769412357711064	0.16769412357711064
0.0014664664664664664	0	0.16698096329667206	0.16698096329667206
0.001468968968968969	0	0.1662691033544022	0.1662691033544022
0.0014714714714714715	0	0.16555855547074078	0.16555855547074078
0.001473973973973974	0	0.1648493347511103	0.1648493347511103
0.0014764764764764766	0	0.16414145274035377	0.16414145274035377
0.001478978978978979	0	0.16343492331995835	0.16343492331995835
0.0014814814814814814	0	0.16272975824609792	0.16272975824609792
0.001483983983983984	0	0.1620259705134764	0.1620259705134764
0.0014864864864864865	0	0.16132357083834706	0.16132357083834706
0.001488988988988989	0	0.16062257100816268	0.16062257100816268
0.0014914914914914916	0	0.15992298306873007	0.15992298306873007
0.001493993993993994	0	0.15922481714847203	0.15922481714847203
0.0014964964964964964	0	0.15852808558332174	0.15852808558332174
0.001498998998998999	0	0.1578327966527007	0.1578327966527007
0.0015015015015015015	0	0.1571389621792329	0.1571389621792329
0.001504004004004004	0	0.15644659191723273	0.15644659191723273
0.0015065065065065066	0	0.15575569525467978	0.15575569525467978
0.001509009009009009	0	0.15506628219095286	0.15506628219095286
0.0015115115115115114	0	0.15437836112849826	0.15437836112849826
0.001514014014014014	0	0.15369194187922183	0.15369194187922183
0.0015165165165165165	0	0.15300703257469098	0.15300703257469098
0.001519019019019019	0	0.15232364246044913	0.15232364246044913
0.0015215215215215216	0	0.1516417793338801	0.1516417793338801
0.001524024024024024	0	0.15096145144955536	0.15096145144955536
0.0015265265265265264	0	0.15028266619840708	0.15028266619840708
0.001529029029029029	0	0.14960543185744454	0.14960543185744454
0.0015315315315315315	0	0.1489297549362881	0.1489297549362881
0.001534034034034034	0	0.1482556434610584	0.1482556434610584
0.0015365365365365366	0	0.14758310390956383	0.14758310390956383
0.001539039039039039	0	0.14691214318717954	0.14691214318717954
0.0015415415415415416	0	0.14624276785784385	0.14624276785784385
0.001544044044044044	0	0.14557498372664168	0.14557498372664168
0.0015465465465465465	0	0.14490879789599148	0.14490879789599148
0.0015490490490490492	0	0.14424421523885675	0.14424421523885675
0.0015515515515515516	0	0.14357964526474698	0.14357964526474698
0.001554054054054054	0	0.14291985091113538	0.14291985091113538
0.0015565565565565567	0	0.14226012156491144	0.14226012156491144
0.001559059059059059	0	0.14160200845195176	0.14160200845195176
0.0015615615615615615	0.00040889866302187383	0.14094552527625906	0.14135442393928094
0.0015640640640640642	0.0023627846209517958	0.14029067718544858	0.14265346180640037
0.0015665665665665666	0.004293363693857187	0.1396374684842284	0.14393083217808558
0.001569069069069069	0.006202060684926264	0.1389859038647892	0.14518796454971547
0.0015715715715715717	0.008090214115877887	0.1383359872916722	0.14642620140755008
0.001574074074074074	0.009959072348139092	0.13768772309306798	0.14764679544120707
0.0015765765765765765	0.01180980577715084	0.13704111511377193	0.14885092089092278
0.0015790790790790792	0.013643527728253132	0.1363961665250127	0.15003969425326585
0.0015815815815815816	0.015461223133600883	0.13575288163423507	0.15121410476783595
0.001584084084084084	0.017264279433475287	0.13511113466145258	0.15237541409492786
0.0015865865865865867	0.019052665314102376	0.1344713913714269	0.1535240566855293
0.001589089089089089	0.020828149898824023	0.13383303063945046	0.1546611805382745
0.0015915915915915915	0.022590817954293962	0.13319643096844547	0.15578724892273943
0.0015940940940940942	0.024342341701154308	0.1325615101356288	0.15690385183678313
0.0015965965965965966	0.026082659424385805	0.13192821005324634	0.15801086947763215
0.001599099099099099	0.027812676172286825	0.1312967861171118	0.15910946228939862
0.0016016016016016017	0.029533005138863543	0.13066684105818185	0.1601998461970454
0.001604104104104104	0.031244228595460683	0.13003865945733556	0.16128288805279625
0.0016066066066066065	0.032946893727529944	0.1294121676660995	0.16235906139362943
0.0016091091091091092	0.03464151616804383	0.12878736841124566	0.1634288845792895
0.0016116116116116116	0.036328575505192646	0.12816426248301807	0.1644928379882107
0.001614114114114114	0.03800852664750409	0.12754285183331968	0.16555137848082377
0.0016166166166166167	0.03968179553379072	0.12692319282463296	0.1666049883584237
0.0016191191191191191	0.04134878252333797	0.12630512493902016	0.16765390746235814
0.0016216216216216215	0.043009864467628195	0.1256888004954523	0.1686986649630805
0.0016241241241241242	0.04466539613095466	0.12507420210379833	0.169739598234753
0.0016266266266266266	0.04631571018869528	0.12446128110457196	0.17077699129326723
0.001629129129129129	0.04796112195198615	0.12385007016330347	0.1718111921152896
0.0016316316316316317	0.04960192564099377	0.12324056236556408	0.17284248800655785
0.0016341341341341341	0.051238402771457726	0.12263276145200526	0.173871164223463
0.0016366366366366365	0.052870812438263866	0.12202665917490711	0.17489747161317099
0.0016391391391391392	0.05449940099803369	0.12142226435013319	0.1759216653481669
0.0016416416416416416	0.0561244050970591	0.12081957420848825	0.17694397930554734
0.001644144144144144	0.05774602486231371	0.12021858959799901	0.17796461446031273
0.0016466466466466467	0.05936454220821754	0.11961931115698608	0.17898385336520362
0.0016491491491491491	0.060980005066806425	0.11902173435343395	0.1800017394202404
0.0016516516516516516	0.06259271401367138	0.11842586626779979	0.18101858028147116
0.0016541541541541542	0.06420279645136784	0.11783170171452616	0.182034498165894
0.0016566566566566566	0.065810426823001	0.11723924237436334	0.18304966919736435
0.001659159159159159	0.06741574133575882	0.11664848520891932	0.18406422654467813
0.0016616616616616617	0.06901888115212758	0.11605943244764653	0.1850783135997741
0.0016641641641641641	0.0706199763683582	0.1154720853455426	0.1860920617139008
0.0016666666666666668	0.07221914829638015	0.11488643490930754	0.1871055832056877
0.0016691691691691692	0.07381650584357946	0.11430248845172987	0.18811899429530932
0.0016716716716716716	0.07541215611618035	0.11372024219900259	0.18913239831518294
0.0016741741741741743	0.07700618924779777	0.11313967283211296	0.19014586207991074
0.0016766766766766767	0.07859868595694969	0.11256084730714651	0.19115953326409618
0.0016791791791791791	0.08018877807287175	0.11198372043168028	0.19217249850455204
0.0016816816816816818	0.08177289609958906	0.11140823662234833	0.19318113272193738
0.0016841841841841842	0.08337901946167889	0.11083447814370023	0.19421349760537912
0.0016866866866866866	0.08495335460551479	0.11026241004153017	0.19521576464704496
0.0016891891891891893	0.08653359985647335	0.1096920366832382	0.19622563653971153
0.0016916916916916917	0.08812566758755078	0.10912335084870585	0.19724901843625664
0.0016941941941941941	0.0897093338104192	0.10855635094586445	0.19826568475628364
0.0016966966966966968	0.09129192588667757	0.10799104194573463	0.1992829678324122
0.0016991991991991992	0.0928734696605733	0.10742740270313636	0.20030087236370966
0.0017017017017017016	0.09445399473045481	0.1068661036189769	0.2013200983494317
0.0017042042042042043	0.09603337586807041	0.10630522967696585	0.20233860554503624
0.0017067067067067067	0.09761201642538406	0.10574663983384273	0.20335865625922678
0.0017092092092092091	0.09918954269089965	0.10518973612518624	0.2043792788160859
0.0017117117117117118	0.10076608522381059	0.10463450247645506	0.20540058770026565
0.0017142142142142142	0.10234163579213114	0.10408095093330703	0.20642258672543817
0.0017167167167167166	0.10391619688066658	0.10352906425520592	0.2074452611358725
0.0017192192192192193	0.10548974580590184	0.10297885005975116	0.208468595865653
0.0017217217217217217	0.10706227736137612	0.10243029541211364	0.20949257277348976
0.0017242242242242242	0.10863373331832044	0.10188340999362094	0.21051714331194138
0.0017267267267267268	0.11020536599117396	0.10133818226608525	0.2115435482572592
0.0017292292292292292	0.1117885945132676	0.10079461603244669	0.21258321054571427
0.0017317317317317317	0.11334268101672965	0.10025270333470261	0.21359538435143227
0.0017342342342342343	0.11490858100931509	0.09971244604930961	0.21462102705862468
0.0017367367367367367	0.11647834622258056	0.0991738400773612	0.21565218629994176
0.0017392392392392392	0.11802143655856974	0.09863687986135326	0.216658316419923
0.0017417417417417418	0.11960248345337501	0.09810156770668471	0.21770405116005973
0.0017442442442442442	0.12116443257684886	0.09756789714926654	0.2187323297261154
0.0017467467467467467	0.12272499908488875	0.09703586759075372	0.21976086667564249
0.0017492492492492493	0.12428463809218476	0.09650547100664479	0.22079010909882957
0.0017517517517517517	0.12594385801875946	0.095976713051208	0.22192057106996746
0.0017542542542542542	0.12731845271464873	0.095449579710921	0.22276803242556972
0.0017567567567567568	0.12897561396727045	0.09492407969093429	0.22389969365820472
0.0017592592592592592	0.13047935188762863	0.09440019989682671	0.22487955178445534
0.0017617617617617617	0.13205637136965412	0.09387794325221756	0.2259343146218717
0.0017642642642642643	0.1335995718154416	0.09335730790295926	0.22695687971840087
0.0017667667667667667	0.13515809603655915	0.0928382844094924	0.22799638044605156
0.0017692692692692692	0.1366969006777448	0.09232087110466893	0.22901777178241373
0.0017717717717717718	0.13823995846545348	0.09180507225502313	0.2300450307204766
0.0017742742742742742	0.1397808542519936	0.09129087153377134	0.23107172578576496
0.0017767767767767767	0.14131950170440769	0.09077827896326512	0.2320977806676728
0.0017792792792792793	0.14285580824166577	0.0902672827399396	0.23312309098160539
0.0017817817817817817	0.14438969312954253	0.0897578801516483	0.23414757328119085
0.0017842842842842842	0.14592106227062177	0.08925007130779206	0.23517113357841382
0.0017867867867867868	0.1474498166119651	0.08874384933734304	0.23619366594930813
0.0017892892892892893	0.14897586362554596	0.08823921014631572	0.23721507377186168
0.001791791791791792	0.15049911393301127	0.08773615688653895	0.2382352708195502
0.0017942942942942943	0.15201945748754822	0.08723459063850539	0.2392540481260536
0.0017967967967967968	0.15353680328939562	0.08673476638471089	0.2402715696741065
0.0017992992992992994	0.15505104206656417	0.08623643536327873	0.2412874774298429
0.0018018018018018018	0.1565620745791982	0.08573966646132167	0.24230174104051988
0.0018043043043043043	0.1580695457690861	0.08524446106608465	0.24331400683517074
0.001806806806806807	0.1595746787688998	0.08475081438290243	0.24432549315180224
0.0018093093093093093	0.161074960153263	0.08425872272123483	0.24533368287449783
0.0018118118118118118	0.16257210403082278	0.08376818477662826	0.24634028880745104
0.0018143143143143144	0.16406342670108454	0.08327919253321217	0.2473426192342967
0.0018168168168168168	0.16555487187464432	0.08279174588316725	0.24834661775781158
0.0018193193193193193	0.1670444228409965	0.08230583783071117	0.24935026067170768
0.001821821821821822	0.16852212824770135	0.08182146617102384	0.2503435944187252
0.0018243243243243243	0.1699992903783144	0.0813386278203836	0.251337918198698
0.0018268268268268268	0.17147232302564772	0.08085731881092514	0.25232964183657286
0.0018293293293293294	0.17294089415256814	0.08037753168174694	0.2533184258343151
0.0018318318318318318	0.1744049007356732	0.07989908671856862	0.2543039874542418
0.0018343343343343343	0.17587814883203187	0.07942251329480358	0.25530066212683544
0.001836836836836837	0.17729738630186193	0.07894727213217405	0.256244658434036
0.0018393393393393393	0.17876924631284968	0.07847389768041832	0.257243143993268
0.0018418418418418418	0.18021052935353685	0.07800133527409076	0.2582118646276276
0.0018443443443443444	0.1816782325973071	0.07753061196806252	0.25920884456536963
0.0018468468468468468	0.18308717940732047	0.07706138568465434	0.2601485650919748
0.0018493493493493493	0.1845160502239904	0.07659365116958486	0.26110970139357526
0.001851851851851852	0.18594251070879075	0.07612740809817638	0.2620699188069671
0.0018543543543543544	0.18735709548633792	0.07566266207655328	0.2630197575628912
0.0018568568568568568	0.1887689331498222	0.07519936515051177	0.26396829830033397
0.0018593593593593594	0.19017514348943015	0.07473758714421674	0.2649127306336469
0.0018618618618618619	0.1915753608124434	0.07427626857381849	0.2658516293862619
0.0018643643643643643	0.1929691370373655	0.07381835381594379	0.26678749085330933
0.001866866866866867	0.1943576345160404	0.07336095223268861	0.267718586748729
0.0018693693693693694	0.1957391610589453	0.07290501055274987	0.2686441716116952
0.0018718718718718718	0.19711427037255855	0.0724505212856494	0.26956479165820796
0.0018743743743743744	0.1984827941748004	0.07199748776815038	0.27048028194295076
0.0018768768768768769	0.19984461120927946	0.07154589077557563	0.2713905019848551
0.0018793793793793793	0.2011996095317957	0.07109574141453309	0.2722953509463288
0.001881881881881882	0.2025476699668867	0.07064703028036742	0.2731947002472541
0.0018843843843843844	0.2038886602392634	0.07019975372243069	0.2740884139616941
0.0018868868868868868	0.20522247469436503	0.06975531377359151	0.2749777884679565
0.0018893893893893894	0.20654899193308068	0.06930938313538011	0.2758583750684608
0.0018918918918918919	0.20786809527918418	0.06886634957352578	0.2767344448527099
0.0018943943943943943	0.20917966406432378	0.06842205150498193	0.2776017155693057
0.001896896896896897	0.21048358460254077	0.0679858798912832	0.278469464493824
0.0018993993993993994	0.2117797354561375	0.06754594677072494	0.27932568222686244
0.0019019019019019018	0.2130680082308829	0.0671085812321929	0.2801765894630758
0.0019044044044044044	0.21434828417620846	0.06667261447127532	0.2810208986474838
0.0019069069069069069	0.21562056260024443	0.06623804012145648	0.28185860272170093
0.0019094094094094093	0.21689367187534067	0.06580485980393985	0.2826985316792805
0.001911911911911912	0.21814016234361988	0.06537306164097487	0.2835132239845948
0.0019144144144144144	0.2193873905215111	0.06494264449195584	0.28433003501346693
0.001916916916916917	0.2206260447164188	0.06451360379819616	0.285139648514615
0.0019194194194194195	0.22185598656258984	0.06408593517693732	0.28594192173952715
0.0019219219219219219	0.22307716116663012	0.06365964243363173	0.2867368036002619
0.0019244244244244245	0.22428946275141579	0.06323468336648143	0.28752414611789723
0.001926926926926927	0.22549277587937064	0.06281111209359368	0.2883038879729643
0.0019294294294294294	0.22668700128069813	0.062389823365167005	0.28907682464586515
0.001931931931931932	0.22787202805801268	0.06196738870347265	0.28983941676148534
0.0019344344344344345	0.22904758681604515	0.06154840165736787	0.290595988473413
0.0019369369369369369	0.23019601219596977	0.061130209576987546	0.2913262217729573
0.0019394394394394395	0.23137072677219503	0.06071335163412451	0.29208407840631956
0.001941941941941942	0.23252810788746897	0.060297823144772576	0.2928259310322415
0.0019444444444444444	0.2336552426281512	0.059883621737437914	0.2935388643655891
0.001946946946946947	0.23478349789395672	0.059470742270418764	0.2942542401643755
0.0019494494494494495	0.23590138367626848	0.059059176986479216	0.2949605606627477
0.001951951951951952	0.23700929345132019	0.05864892631139078	0.29565821976271095
0.0019544544544544545	0.2381071443455298	0.058239980092718115	0.2963471244382479
0.001956956956956957	0.23919481742686455	0.05783233691978554	0.29702715434665006
0.0019594594594594594	0.24027225717525846	0.057425990843830904	0.2976982480190894
0.001961961961961962	0.24134005308931952	0.057020937476155845	0.2983609905654754
0.0019644644644644643	0.24239554264819896	0.05661717357109769	0.29901271621929665
0.001966966966966967	0.24344228846844085	0.05621469129083736	0.2996569797592782
0.0019694694694694695	0.2444779672331484	0.05581348868026202	0.30029145591341044
0.001971971971971972	0.2455028617611565	0.0554135586372404	0.3009164203983969
0.0019744744744744744	0.24651706574386276	0.0550148959919319	0.30153196173579466
0.001976976976976977	0.2475204630657448	0.05461750089563517	0.30213796396138
0.0019794794794794797	0.24851285654056168	0.054221358379905125	0.3027342149204668
0.001981981981981982	0.24949488616455934	0.053826471283261096	0.3033213574478204
0.0019844844844844845	0.2504649827416612	0.05343283835018876	0.30389782109184993
0.001986986986986987	0.2514238884244946	0.053040438362982445	0.30446432678747704
0.0019894894894894894	0.25237260887473323	0.05264914090493292	0.3050217497796661
0.001991991991991992	0.25330956563719603	0.05225930603866699	0.305568871675863
0.0019944944944944947	0.25423523060344644	0.05187061461183666	0.3061058452152831
0.001996996996996997	0.2551495228483522	0.051483143656701154	0.30663266650505333
0.0019994994994994996	0.2560523896651802	0.05109689787463865	0.30714928753981885
0.002002002002002002	0.25694376237019767	0.05071204227261238	0.30765580464281006
0.0020045045045045044	0.25782358367421504	0.050329749987219057	0.3081533336614341
0.002007007007007007	0.2586918107016973	0.04994551524690868	0.30863732594860593
0.0020095095095095097	0.2595483778540442	0.049564056792566355	0.3091124346466106
0.002012012012012012	0.26039324802217667	0.04918372172672258	0.30957696974889926
0.0020145145145145146	0.26122634524622623	0.0488104835984544	0.31003682884468065
0.002017017017017017	0.2620474115381393	0.04842459202859276	0.3104720035667321
0.0020195195195195194	0.262857111130464	0.048050359686077515	0.3109074708165415
0.002022022022022022	0.26365466211969923	0.0476748431995685	0.31132950531926773
0.0020245245245245247	0.2644402787722869	0.047293907467590525	0.3117341862398774
0.002027027027027027	0.26521392684354783	0.04692947924456608	0.3121434060881139
0.0020295295295295296	0.2659755577517748	0.04655490920048415	0.31253046695225895
0.002032032032032032	0.2667251406594753	0.04618413411491499	0.3129092747743903
0.0020345345345345344	0.2674626420229924	0.045814382054563674	0.3132770240775561
0.002037037037037037	0.26818801119819824	0.04544575864006213	0.31363376983826036
0.0020395395395395397	0.26890124764163664	0.04507827075879606	0.3139795184004327
0.002042042042042042	0.26960231077582175	0.04471202043909403	0.3143143312149158
0.0020445445445445446	0.27029116547938775	0.04434608584960328	0.314637251328991
0.002047047047047047	0.27096780272894194	0.04398344126870896	0.3149512439976509
0.0020495495495495494	0.2716321772810465	0.04361928692488271	0.3152514642059292
0.002052052052052052	0.2722842962616558	0.043256778206629806	0.3155410744682856
0.0020545545545545547	0.27292411722789556	0.04289709868170722	0.31582121590960277
0.002057057057057057	0.27355164283038164	0.04253705201476381	0.31608869484514546
0.0020595595595595596	0.27416684706115585	0.04217840147085262	0.31634524853200846
0.002062062062062062	0.274769719190836	0.041820819436933394	0.31659053862776937
0.0020645645645645644	0.275360246290803	0.04146462040723256	0.31682486669803556
0.002067067067067067	0.27593842240770033	0.041108810773227394	0.31704723318092776
0.0020695695695695697	0.2765042432188506	0.040754485903330695	0.3172587291221813
0.002072072072072072	0.27705768755707855	0.04040115856949094	0.3174588461265695
0.0020745745745745746	0.27759877205817984	0.04004887716762482	0.3176476492258047
0.002077077077077077	0.2781274804781899	0.03969763500076402	0.3178251154789539
0.0020795795795795794	0.27864383243125185	0.03934742431272018	0.31799125674397205
0.002082082082082082	0.2791478120087314	0.03899823969742001	0.3181460517061514
0.0020845845845845847	0.2796394157345122	0.03865007387854379	0.318289489613056
0.002087087087087087	0.280118676951328	0.0383029194301408	0.31842159638146883
0.0020895895895895896	0.28058558431984143	0.03795677108647178	0.3185423554063132
0.002092092092092092	0.2810410029743623	0.03761161928651463	0.3186526222608769
0.0020945945945945945	0.281482298097657	0.03726745865189769	0.3187497567495547
0.0020970970970970973	0.2819122740198493	0.0369242831754621	0.3188365571953114
0.0020995995995995997	0.282329889413632	0.03658208158111258	0.3189119709947446
0.002102102102102102	0.28273521745518243	0.03624085057778041	0.31897606803296286
0.0021046046046046046	0.2831282810389263	0.035900580705629036	0.3190288617445553
0.002107107107107107	0.2835091006824554	0.035561264370183865	0.31907036505263925
0.0021096096096096095	0.2838776758388704	0.03522289422947198	0.3191005700683424
0.0021121121121121123	0.28423407019511543	0.034885463381600125	0.3191195335767156
0.0021146146146146147	0.2845782264652039	0.034548796687010906	0.3191270231522148
0.002117117117117117	0.2849103359024655	0.03421796008836823	0.31912829599083375
0.0021196196196196196	0.28523026555017694	0.03387737262118511	0.31910763817136206
0.002122122122122122	0.2855380993642725	0.033545019903362	0.3190831192676345
0.0021246246246246245	0.2858338741663075	0.03321030337410641	0.3190441775404139
0.0021271271271271273	0.28611761434229127	0.03287874878959024	0.3189963631318815
0.0021296296296296298	0.28638936064145215	0.032553798720836705	0.31894315936228884
0.002132132132132132	0.2866491433682537	0.032206494241844914	0.3188556376100986
0.0021346346346346346	0.2868970045011287	0.031899647526629195	0.3187966520277579
0.002137137137137137	0.2871329937771641	0.03156713333620967	0.3187001271133738
0.0021396396396396395	0.28735711195172137	0.031233668544669073	0.31859078049639045
0.0021421421421421423	0.28756944027405706	0.030906536586952967	0.31847597686101004
0.0021446446446446448	0.2877700096443335	0.03058054289358982	0.3183505525379233
0.002147147147147147	0.28795886255098907	0.03025536542249545	0.31821422797348453
0.0021496496496496496	0.28813604882695687	0.02993114201371277	0.31806719084066964
0.002152152152152152	0.2883016076076086	0.029604032119365322	0.3179056397269739
0.0021546546546546545	0.28845559439844193	0.02928482808012903	0.317740422478571
0.0021571571571571573	0.28859807473918964	0.028962540532847005	0.31756061527203666
0.0021596596596596598	0.2887290438583918	0.02864135066817325	0.31737039452656507
0.002162162162162162	0.288848584149819	0.02832092428061199	0.317169508430431
0.0021646646646646646	0.288956820463974	0.028007733428018156	0.31696455389199213
0.002167167167167167	0.2890536991909027	0.027680937322454226	0.3167346365133569
0.0021696696696696695	0.28913932947444426	0.027364113084870766	0.316503442559315
0.0021721721721721723	0.28921375861843196	0.027046328065652395	0.31626008668408434
0.0021746746746746748	0.28927704593350817	0.02672947822231806	0.31600652415582625
0.002177177177177177	0.2893292402045555	0.026413305064677026	0.31574254526923257
0.0021796796796796796	0.289369820650776	0.026097810107178578	0.3154676307579546
0.002182182182182182	0.2894006633381945	0.02578298226688615	0.3151836456050806
0.0021846846846846845	0.28941998538801794	0.02546880640974052	0.31488879179775847
0.0021871871871871874	0.28942847325181603	0.025155271726199233	0.3145837449780153
0.0021896896896896898	0.2894259450279112	0.024842365547657473	0.31426831057556864
0.002192192192192192	0.2894132426821259	0.024530074590753206	0.3139433172728791
0.0021946946946946946	0.2893895920498542	0.024218385462359597	0.3136079775122138
0.002197197197197197	0.28935539240148284	0.023907281901910264	0.3132626743033931
0.0021996996996996995	0.28931068791766845	0.02359678193056997	0.3129074698482384
0.0022022022022022024	0.2892555500275967	0.0232867910518956	0.3125423410794923
0.002204704704704705	0.2891900475632344	0.022977370209014008	0.31216741777224843
0.002207207207207207	0.2891142503005022	0.022668481282172023	0.3117827315826742
0.0022097097097097096	0.2890282305254303	0.022360108404701966	0.3113883389301323
0.002212212212212212	0.28893206075901734	0.022052236465385226	0.3109842972244026
0.0022147147147147145	0.2888258137931091	0.021744849759684447	0.31057066355279356
0.0022172172172172174	0.2887095710164446	0.021438103643812878	0.3101476746602575
0.00221971971971972	0.28858174697061767	0.02112593576371446	0.30970768273433213
0.0022222222222222222	0.2884474029570922	0.020826950002882556	0.30927435295997474
0.0022247247247247246	0.2883015907542275	0.02052132969689001	0.30882292045111753
0.002227227227227227	0.28814607595269054	0.02022079283107499	0.3083668687837655
0.00222972972972973	0.28798093603247527	0.019909172125142077	0.30789010815761736
0.0022322322322322324	0.2878062497220582	0.019605194850848707	0.3074114445729069
0.002234734734734735	0.28762209387116283	0.01930124106819889	0.30692333493936175
0.0022372372372372372	0.2874285475914184	0.018997460753921808	0.3064260083453402
0.0022397397397397397	0.28722568962900813	0.018693990156743175	0.3059196797857513
0.002242242242242242	0.2870135998844532	0.018390808370683374	0.30540440825513654
0.002244744744744745	0.2867923596049773	0.01808789476505467	0.30488025437003197
0.0022472472472472474	0.28656204810249125	0.017785229466709716	0.304347277569201
0.00224974974974975	0.2863227465790564	0.017482789827934477	0.3038055364069909
0.0022522522522522522	0.2860745371897548	0.017180554980790328	0.30325509217054514
0.0022547547547547547	0.2858175010401237	0.016878501592168686	0.3026960026322924
0.002257257257257257	0.2855517205519332	0.01657660726432069	0.30212832781625387
0.00225975975975976	0.2852772787743597	0.016274847554288575	0.3015521263286483
0.0022622622622622624	0.28499425724953176	0.015973198758703767	0.30096745600823555
0.002264764764764765	0.2847027400835902	0.015671635223486118	0.30037437530707634
0.0022672672672672672	0.2844028108432842	0.01537013129038278	0.299772942133667
0.0022697697697697697	0.28409455201584083	0.0150686655981538	0.2991632176139946
0.002272272272272272	0.2837780496787402	0.014767203521172294	0.2985452531999125
0.002274774774774775	0.28345338564996686	0.01446572924531651	0.2979191148952834
0.0022772772772772774	0.2831206459542156	0.014164205243553897	0.2972848511977695
0.00227977977977978	0.2827799145742942	0.013862580064190737	0.2966424946384849
0.0022822822822822822	0.28243127582357364	0.013560863543797829	0.29599213936737145
0.0022847847847847847	0.28207481416208	0.013259005550137773	0.2953338197122178
0.002287287287287287	0.28171061602391356	0.012956976809464529	0.29466759283337807
0.00228978978978979	0.2813387637148515	0.012654743132932746	0.29399350684778425
0.0022922922922922924	0.28095934644228016	0.012352271204252842	0.293311617646533
0.002294794794794795	0.2805724448562041	0.012049525695858399	0.29262197055206246
0.0022972972972972973	0.28017814842981353	0.011746471246590194	0.2919246196764037
0.0022997997997997997	0.2797765386260677	0.011443069836995305	0.291219608463063
0.002302302302302302	0.2793677036094519	0.011139283308009387	0.2905069869174613
0.002304804804804805	0.27895172584227995	0.010835071977697511	0.28978679781997746
0.0023073073073073074	0.2785286940631659	0.01053039429977798	0.28905908836294386
0.00230980980980981	0.2780986909496851	0.010225208448551208	0.28832389939823627
0.0023123123123123123	0.2776618018756932	0.009919470048412158	0.2875812719241054
0.0023148148148148147	0.2772181134646433	0.009613133262423326	0.2868312467270666
0.002317317317317317	0.2767677090048525	0.009306151099582756	0.28607386010443525
0.00231981981981982	0.2763106736969014	0.008998474619788466	0.28530914831668985
0.0023223223223223224	0.2758470932326074	0.008690052533760397	0.2845371457663678
0.002324824824824825	0.27537715502916976	0.008380832734302915	0.28375798776347266
0.0023273273273273273	0.2749006125293731	0.008070759477295866	0.28297137200666894
0.0023298298298298297	0.2744179118987779	0.007759776224326112	0.282177688123104
0.002332332332332332	0.2739289940525823	0.007447823501841139	0.28137681755442345
0.002334834834834835	0.2734339511951205	0.007134839442537695	0.28056879063765816
0.0023373373373373374	0.27293286800007355	0.006820759470464003	0.27975362747053756
0.00233983983983984	0.2724258293901922	0.006505516791032954	0.27893134618122517
0.0023423423423423423	0.2719129160757661	0.006189041431703993	0.27810195750747013
0.0023448448448448447	0.2713942136122692	0.005871262320304525	0.2772654759325737
0.0023473473473473476	0.2708698029219362	0.005552067303680218	0.27642187022561643
0.00234984984984985	0.2703397675276558	0.0052314096787870286	0.27557117720644286
0.0023523523523523524	0.2698041890422329	0.004909318360404725	0.2747135074026376
0.002354854854854855	0.26926315071986157	0.00458550589443791	0.27384865661429947
0.0023573573573573573	0.26871673378459804	0.00426003171111776	0.2729767654957158
0.0023598598598598597	0.2681650194139834	0.003932651344158351	0.2720976707581418
0.0023623623623623626	0.2676080889912237	0.0036033862281832146	0.2712114752194069
0.002364864864864865	0.2670460220928873	0.0032721116343454614	0.2703181337272328
0.0023673673673673674	0.26647890109205025	0.0029387092831150013	0.26941761037516526
0.00236986986986987	0.2659068044127129	0.0026030673165086398	0.2685098717292216
0.0023723723723723723	0.2653298131943755	0.002265065152561686	0.2675948783469372
0.0023748748748748747	0.26474800622459616	0.0019245799201581303	0.2666725861447543
0.0023773773773773776	0.26416146130355556	0.0015814827592664303	0.265742944062822
0.00237987987987988	0.26357025814072393	0.0012356380895560473	0.26480589623028
0.0023823823823823824	0.2629744746003674	0.0008869048235402278	0.2638613794239076
0.002384884884884885	0.2623741896308486	0.0005351352174819692	0.2629093248483306
0.0023873873873873873	0.2617694789262521	0.0001801742824886477	0.2619496532087407
0.0023898898898898897	0.2611604202979383	0	0.2611604202979383
0.0023923923923923926	0.2605470898590967	0	0.2605470898590967
0.002394894894894895	0.25992956303846537	0	0.25992956303846537
0.0023973973973973974	0.25930791670007824	0	0.25930791670007824
0.0023998998998999	0.2586822256447952	0	0.2586822256447952
0.0024024024024024023	0.2580525639848011	0	0.2580525639848011
0.0024049049049049047	0.25741900686518604	0	0.25741900686518604
0.0024074074074074076	0.2567816276790261	0	0.2567816276790261
0.00240990990990991	0.25614049947788325	0	0.25614049947788325
0.0024124124124124124	0.2554956956408421	0	0.2554956956408421
0.002414914914914915	0.2548472876071944	0	0.2548472876071944
0.0024174174174174173	0.25419534762459994	0	0.25419534762459994
0.0024199199199199197	0.25353994728022083	0	0.25353994728022083
0.0024224224224224226	0.2528811570832172	0	0.2528811570832172
0.002424924924924925	0.2522190481278491	0	0.2522190481278491
0.0024274274274274274	0.25155368904101555	0	0.25155368904101555
0.00242992992992993	0.25088514886667823	0	0.25088514886667823
0.0024324324324324323	0.250213497393484	0	0.250213497393484
0.0024349349349349347	0.24953880306351228	0	0.24953880306351228
0.0024374374374374376	0.2488611323487109	0	0.2488611323487109
0.00243993993993994	0.2481805543157433	0	0.2481805543157433
0.0024424424424424425	0.24749713300480464	0	0.24749713300480464
0.002444944944944945	0.2468109372849172	0	0.2468109372849172
0.0024474474474474473	0.24612203060142673	0	0.24612203060142673
0.0024499499499499497	0.24543047796140918	0	0.24543047796140918
0.0024524524524524526	0.24473634487386464	0	0.24473634487386464
0.002454954954954955	0.24403969554674243	0	0.24403969554674243
0.0024574574574574575	0.24334059206521735	0	0.24334059206521735
0.00245995995995996	0.2426390985750438	0	0.2426390985750438
0.0024624624624624623	0.24193527612200302	0	0.24193527612200302
0.0024649649649649647	0.24122918686170197	0	0.24122918686170197
0.0024674674674674676	0.24052089186504635	0	0.24052089186504635
0.00246996996996997	0.23981045180769056	0	0.23981045180769056
0.0024724724724724725	0.23909792653756803	0	0.23909792653756803
0.002474974974974975	0.23838337550939165	0	0.23838337550939165
0.0024774774774774773	0.23766685766712078	0	0.23766685766712078
0.00247997997997998	0.23694843112786132	0	0.23694843112786132
0.0024824824824824826	0.23622815392670002	0	0.23622815392670002
0.002484984984984985	0.2355060830609812	0	0.2355060830609812
0.0024874874874874875	0.2347822750528009	0	0.2347822750528009
0.00248998998998999	0.234056786161854	0	0.234056786161854
0.0024924924924924923	0.23332967162102314	0	0.23332967162102314
0.002494994994994995	0.23260098646745136	0	0.23260098646745136
0.0024974974974974976	0.23187078466731612	0	0.23187078466731612
0.0025	0.23113913417919388	0	0.23113913417919388