1.980519414522809e-6	0.40302988571498544
5.089651555515495e-6	0.40293269095778433
8.198933633013702e-6	0.40283453321365487
0.000011308366713163365	0.4027354111594705
0.000014417951843447424	0.40263532729316037
0.000017527690071980546	0.40253428222937326
0.000020637582446547355	0.4024322768202252
0.000023747630014206445	0.4023293121010352
0.00002685783382305552	0.40222538926807777
0.000029968194921722685	0.4021205089232536
0.000033078714356260286	0.40201467214133163
0.00003618939317236919	0.4019078796879934
0.000039300232422046744	0.4018001329392209
0.00004241123313269207	0.4016914324319109
0.000045522396399514615	0.4015817795777978
0.00004863372322219439	0.4014711748550601
0.000051745214638637864	0.4013596195628873
0.000054856871760937355	0.4012471143959362
0.000057968695570338054	0.40113366076222046
0.00006108068715443106	0.40101925931769233
0.00006419284752828633	0.4009039107488614
0.0000673051777502559	0.4007876168344135
0.00007041767886485302	0.4006703776547232
0.00007353035192076217	0.4005521949486771
0.00007664319796841944	0.4004330690119633
0.00007975621804910682	0.40031300155403493
0.00008286941320896166	0.40019199281130213
0.00008598278448692028	0.4000700443879925
0.00008909633294478475	0.399947156734528
0.00009221005965172585	0.39982333149480875
0.00009532396558762263	0.3996985690317906
0.00009843805183264275	0.39957287053149043
0.00010155231943419801	0.39944623712177474
0.00010466676943663545	0.39931866962072526
0.00010778140288758362	0.39919016915684086
0.00011089622083020664	0.3990607368677014
0.00011401122431382702	0.398930373513636
0.0001171264143804419	0.39879907998933106
0.00012024179207637556	0.39866685743150854
0.00012335735846954468	0.3985337069855477
0.00012647311457685497	0.39839962948884067
0.00012958906145214518	0.3982646260882305
0.00013270520014119265	0.3981286977347737
0.00013582153169719127	0.3979918450922873
0.00013893805716684216	0.3978540699381969
0.000142054777592646	0.39771537254079964
0.0001451716940711129	0.39757575426275416
0.00014828880755439833	0.39743521606281773
0.0001514061191432972	0.39729375889893115
0.00015452362987410334	0.3971513839738372
0.0001576413408017683	0.39700809215053323
0.0001607592529660991	0.3968638845325518
0.00016387736742378797	0.3967187621927331
0.00016699568522986698	0.3965727257335923
0.00017011420741835606	0.3964257757017549
0.00017323293505379944	0.39627791511896576
0.00017635186915953676	0.3961291447427471
0.00017947101080156578	0.3959794643202547
0.0001825903610235961	0.3958288728590413
0.00018570992087674372	0.3956773755174405
0.00018882969140846743	0.3955249713785777
0.00019194967368778849	0.39537166081393593
0.00019506986872760081	0.3952174490485782
0.0001981902776079109	0.39506232935110486
0.00020131090138046192	0.3949063095823831
0.00020443174108393525	0.39474938917989527
0.0002075527977590578	0.3945915675555765
0.00021067407248259146	0.3944328461454967
0.00021379556628902915	0.3942732260526071
0.00021691728023555507	0.394112709055306
0.0002200392153768709	0.39395129729839523
0.00022316137275809876	0.39378898920599814
0.00022628375351381826	0.39362578653811753
0.0002294063585473012	0.3934616931521824
0.00023252918899421783	0.3932967044126248
0.00023565224590764943	0.3931308271726417
0.00023877553032273247	0.3929640598770098
0.00024189904330184788	0.3927964033218472
0.0002450227859422109	0.3926278582814143
0.00024814675922721574	0.39245842826070965
0.0002512709642564271	0.3922881116974808
0.00025439540206487497	0.3921169117656636
0.00025752007373727113	0.3919448252182549
0.0002606449803279037	0.39177185821726007
0.0002637701228603717	0.3915980109345202
0.00026689550242759265	0.3914232804736035
0.0002700211200812625	0.3912476729978474
0.0002731469768928126	0.39107118868785523
0.0002762730738677953	0.3908938239966785
0.00027939941212145735	0.3907155840685692
0.00028252599268099095	0.390536471092278
0.00028565281664621003	0.3903564818698482
0.0002887798850362224	0.39017562190150856
0.0002919071989186395	0.3899938897038505
0.00029503475938468643	0.38981128473464843
0.0002981625674854874	0.3896278141970866
0.0003012906242679073	0.3894434705836461
0.00030441893081790527	0.38925826137048725
0.00030754748818678025	0.38907218776688857
0.0003106762974445628	0.38888524626695414
0.00031380535963811145	0.38869744338895834
0.0003169346758607022	0.3885087743135263
0.0003200642471592421	0.3883192452092724
0.0003231940746298929	0.38812885360412014
0.00032632415931204133	0.38793760300249974
0.00032945450229872916	0.38774549426489513
0.00033258510462741355	0.38755252792499134
0.00033571596746868047	0.3873587041723008
0.00033884709172105765	0.3871640255273148
0.00034197847856501444	0.3869684911973719
0.0003451101290516306	0.3867721040195322
0.00034824204423857365	0.38657486653605244
0.00035137422521800874	0.38637677564386635
0.0003545066730571896	0.38617783617755647
0.00035763938882791137	0.3859780476915783
0.0003607723735935353	0.38577741140561145
0.0003639056284686638	0.3855759258658764
0.00036703915451573814	0.38537359855114267
0.0003701729527790282	0.3851704254203043
0.00037330702436320554	0.3849664073455004
0.000376441370385303	0.38476154816604446
0.0003795759918563093	0.3845558484607636
0.00038271088987900623	0.38434930614804497
0.00038584606555164513	0.38414192770360467
0.0003889815199137559	0.38393371108288027
0.0003921172540818308	0.3837246561951312
0.0003952532691459768	0.38351476523982514
0.000398389566179991	0.3833040410842587
0.00040152614626020087	0.38309248333469925
0.00040466301049418016	0.3828800918996854
0.000407800159928061	0.3826668716212376
0.0004109375956879694	0.38245281915704094
0.0004140753188473594	0.38223793933648964
0.00041721333050071766	0.3820222304690091
0.00042035163173548246	0.38180569378227225
0.0004234902236352543	0.38158833345601484
0.0004266291072830995	0.3813701478124307
0.0004297682837972066	0.38115113743849316
0.000432907754311784	0.38093130617890514
0.0004360475198160312	0.3807106546502613
0.00043918758146266465	0.380489180843792
0.0004423279403184985	0.3802668899156039
0.0004454685975166352	0.38004377921873667
0.00044860955422386736	0.3798198539088053
0.0004517508113871684	0.37959511070336355
0.00045489237016122446	0.37936955506818665
0.0004580342316825339	0.37914318569194516
0.00046117639702007767	0.3789160021999922
0.0004643188672648518	0.37868801104789956
0.0004674616435795747	0.37845920541502076
0.00047060472700228114	0.3782295946405977
0.0004737481186841797	0.3779991741934627
0.00047689181971442564	0.3777679479194955
0.00048003583122907095	0.37753591677260395
0.0004831801542666743	0.37730308074780977
0.00048632479000192965	0.377069439821737
0.0004894697395211038	0.3768349988156259
0.0004926150039444488	0.37659975514839195
0.0004957605843879157	0.37636371460043627
0.0004989064819373116	0.3761268736523817
0.0005020526977335288	0.37588923325871293
0.0005051992329059445	0.37565079789884875
0.0005083460885559082	0.37541156919863633
0.0005114932657889853	0.37517154332252217
0.0005146407657174327	0.3749307263563997
0.0005177885895023647	0.3746891160793752
0.000520936738255762	0.37444671601725815
0.0005240852130977491	0.3742035265141656
0.000527234015141687	0.3739595479080086
0.000530383145455473	0.3737147827735399
0.0005335326052397127	0.37346923050244035
0.0005366823954806407	0.3732228927119109
0.0005398325175859653	0.3729757713370074
0.0005429829725115057	0.3727278680071972
0.0005461337614395939	0.37247918180280776
0.0005492848856528782	0.3722297172042101
0.0005524363457019582	0.37197947204474463
0.0005555881435306983	0.3717284466728712
0.0005587402796723717	0.3714766465164914
0.0005618927554845917	0.3712240700431224
0.0005650455720617961	0.370970719842754
0.000568198730576749	0.3707165928019312
0.0005713522321492508	0.37046169591964817
0.0005745060777801122	0.3702060257865059
0.0005776602689444959	0.3699495871880382
0.0005808148065790247	0.36969237924714526
0.0005839696920592315	0.3694344029753847
0.0005871249261696866	0.3691756593775057
0.0005902805102395436	0.3689161513576101
0.0005934364453866231	0.3686558767863995
0.0005965927327847734	0.3683948413848441
0.0005997493735685769	0.36813304241595685
0.0006029063689838613	0.36787048183561954
0.000606063720061347	0.3676071615996018
0.0006092214280174937	0.3673436756119075
0.0006123794788672957	0.3670797412388191
0.0006155379038925372	0.366812391148611
0.000618696689252814	0.3665463351266155
0.0006218558361758347	0.36627923452933225
0.0006250153457328272	0.3660113792032376
0.0006281752191586162	0.3657427717303965
0.0006313354576312456	0.3654734143900619
0.0006344960622715469	0.3652033072856073
0.0006376570342325991	0.36493245300814037
0.0006408183747497041	0.3646608504309513
0.0006439800849508416	0.36438850028062386
0.0006471421660869404	0.36411540637995754
0.0006503046192636956	0.36384157008889473
0.0006534674456783036	0.3635669899810709
0.0006566306464830787	0.3632916689562952
0.0006597942229175562	0.3630156065215862
0.0006629581761420059	0.36273880495586613
0.0006661225074130137	0.3624612665449374
0.0006692872178092069	0.3621829901924936
0.0006724523085075573	0.3619039778673073
0.0006756177808195117	0.36162423339866173
0.0006787836357775313	0.361343752319818
0.0006819498746618765	0.36106254089596945
0.0006851164986466839	0.36078059958467673
0.0006882835089555343	0.36049792546910425
0.0006914509068193839	0.3602145229711968
0.0006946186933672555	0.3599303946847918
0.000697786869817398	0.3596455398543621
0.0007009554373316483	0.35935995771029355
0.0007041243972376038	0.35907365420425275
0.0007072937507806706	0.35878662462262506
0.0007104634988711296	0.35849887459774926
0.0007136336430301856	0.3582104049021098
0.0007168041843140826	0.3579212157066176
0.0007199751241284344	0.35763130656827863
0.0007231464634095114	0.357340681296382
0.0007263182035180954	0.35704933884920187
0.0007294903456587608	0.35675728363776354
0.0007326628910734724	0.356464513729521
0.0007358358410221232	0.35617102959909563
0.000739009196609801	0.35587683716051816
0.0007421829591176701	0.3555819335925776
0.0007453571298501374	0.3552863184709382
0.0007485317099336548	0.35498999830548544
0.0007517067006522504	0.35469296938040024
0.0007548821032378459	0.3543952360895238
0.0007580579189459967	0.35409679923508613
0.0007612341489712759	0.3537976572119237
0.0007644107945740158	0.35349781501533606
0.0007675878570047123	0.353197269257581
0.0007707653374402917	0.35289602491976785
0.0007739432373780695	0.3525940843053437
0.0007771215577587159	0.3522914437478239
0.0007803002999707356	0.3519881067317061
0.000783479465266876	0.3516840758579869
0.0007866590548842479	0.35137934925640235
0.0007898390700699855	0.3510739319041711
0.0007930195121238292	0.3507678216433024
0.0007962003820504247	0.3504610228552685
0.0007993816816135739	0.3501535313191057
0.0008025634117570832	0.34984535317871
0.0008057455737976949	0.3495364895552138
0.0008089281690323572	0.3492269386141854
0.0008121111987485851	0.34891670294871563
0.0008152946640777367	0.34860578427315053
0.0008184785664811661	0.3482941819399505
0.0008216629072630673	0.3479819003108969
0.0008248476874519799	0.34766893816242567
0.0008280329085004454	0.34735529691176975
0.0008312185716624457	0.3470409788670444
0.0008344046782552539	0.34672598134239085
0.0008375912295350492	0.3464103110347357
0.0008407782268014478	0.3460939655630655
0.0008439656713572637	0.34577694869836995
0.0008471535645131257	0.345459256607166
0.0008503419075436457	0.34514108203405625
0.0008535306967060725	0.3448223327129091
0.0008567199432987557	0.3445020887240567
0.000859909643705719	0.3441818134029308
0.0008630997992085295	0.34386078183122043
0.0008662904111432744	0.34353908363438945
0.0008694814808625497	0.34321672402083014
0.0008726730095679657	0.34289369891960647
0.00087586499859098	0.3425700161336007
0.0008790574493172805	0.3422456704564853
0.0008822503630512103	0.34192066592358444
0.0008854437411125076	0.3415950036860697
0.0008886375848295582	0.3412686846104479
0.0008918318955421571	0.3409417098478591
0.0008950266745538132	0.34061326977534445
0.000898221945768686	0.3402837548347099
0.0009014176656506367	0.33995723497387603
0.0009046138578788326	0.33962724651150533
0.0009078105237685281	0.33929701240143706
0.0009110076646885309	0.3389661275607396
0.0009142052820437832	0.3386345965837692
0.0009174033770690423	0.3383024166381729
0.0009206019511286758	0.33796959487336986
0.0009238010056312369	0.3376361276228391
0.0009270005419485638	0.33730201633453377
0.0009302005616454549	0.33696726587508324
0.0009334010656238496	0.33663187173935316
0.0009366020554681475	0.3362958407689072
0.0009398035325675475	0.3359591701735667
0.0009430054982862102	0.3356218633936801
0.0009462079539864949	0.3352839187788894
0.0009494109010877368	0.3349453423015041
0.0009526143409175005	0.3346061314824406
0.0009558182749103426	0.33426628552979576
0.0009590227045078182	0.3339258104038311
0.000962227630928972	0.3335847053216965
0.0009654330556537365	0.33324297146883036
0.0009686389800765747	0.33290060891074313
0.0009718454055927346	0.3325576193939374
0.0009750523336144702	0.3322140049432246
0.0009782597654972003	0.3318697673079775
0.0009814677027068753	0.33152490489118736
0.0009846761466302302	0.33117974240902576
0.0009878850894496727	0.33083412509560867
0.0009910945509735993	0.33048644040268044
0.0009943045234660829	0.33013925621912626
0.0009975150083130014	0.32979129697857285
0.0010007260070599951	0.3294427181981534
0.0010039375208065711	0.32909352716307066
0.0010071495513411229	0.3287437209316434
0.00101036209997521	0.32839330125599164
0.0010135751681246276	0.32804227154540233
0.0010167887572148562	0.32769063052579
0.0010200028687243994	0.3273383805050034
0.001023217504092813	0.3269855210407534
0.0010264326647593661	0.3266320563583535
0.001029648352157843	0.3262779849301301
0.0010328645677750152	0.3259233074174535
0.0010360813130429044	0.3255680288586547
0.0010392985894219278	0.32521214664703807
0.0010425163984756477	0.32485566199716054
0.0010457347415034127	0.32449857803020626
0.0010489536200563728	0.32414089596196544
0.001052173035586476	0.3237826161975356
0.0010553929895930731	0.32342373805758096
0.0010586134835549156	0.32306426493029367
0.0010618345189572424	0.3227041980365618
0.001065056097266084	0.3223435383297091
0.0010682782199844803	0.321982285416211
0.0010715008886278956	0.32162044132770584
0.0010747241046199113	0.321258000052182
0.0010779478702655624	0.32089496276616597
0.0010811721855962676	0.3205313820194386
0.0010843970529335434	0.3201671804388155
0.001087622473606187	0.31980240052760767
0.001090848449219649	0.3194370344155662
0.0010940749812816328	0.3190710870804026
0.0010973020713209494	0.31870455681865584
0.0011005297208440308	0.31833744727010627
0.001103757931413939	0.3179697556751022
0.0011069867045178337	0.31760148965641505
0.0011102160417265192	0.3172326422235781
0.001113445944572705	0.31686322018506186
0.0011166764145793442	0.3164932250492747
0.0011199074533065245	0.3161226952234333
0.001123139061053669	0.31575161577065175
0.0011263712419302973	0.3153797784553141
0.0011296039961119022	0.315007513837594
0.0011328373252114607	0.3146346610386097
0.0011360712308152322	0.31426123840668196
0.0011393057145054515	0.313887248241045
0.0011425407778183757	0.31351269467670667
0.00114577642235149	0.3131376924411555
0.0011490126460956282	0.3127621868563621
0.0011522494579420878	0.3123855898072709
0.0011554868556277913	0.3120088396080403
0.0011587248408362384	0.3116314765886652
0.0011619634151670522	0.3112535514552239
0.0011652025803496613	0.3108750665074069
0.0011684423377878162	0.31049602689780015
0.0011716826892011628	0.3101164300029987
0.00117492363616032	0.3097362814833963
0.0011781651803017686	0.30935557718290446
0.0011814073232455553	0.308974320947629
0.0011846500664595514	0.3085925140444791
0.0011878934118668368	0.3082101579981116
0.0011911373609382154	0.30782725279747963
0.001194381915338699	0.30744379817449713
0.0011976270766757226	0.307059800010165
0.0012008728465992798	0.3066752549756468
0.001204119226841531	0.3062901134466574
0.0012073662205194296	0.30590440225617044
0.001210613826129762	0.30551838233669737
0.0012138620469423675	0.305131642057708
0.001217110884608131	0.30474438668429604
0.0012203603408211983	0.3043565703826365
0.001223610417915233	0.3039682072674452
0.0012268611162051387	0.3035794050259561
0.0012301124380430979	0.3031899917662905
0.0012333643851508145	0.30280005377316704
0.0012366169591677089	0.3024095855252436
0.0012398701618138329	0.30201858303226775
0.0012431239948703212	0.30162705059517314
0.0012463784598597837	0.3012349892540667
0.001249633558604582	0.3008423975480459
0.0012528892927810692	0.3004492802669718
0.0012561456641245255	0.30005563695830584
0.001259402674339827	0.29966146692350776
0.0012626603251387738	0.2992667746939262
0.0012659186182712905	0.29887155784056463
0.0012691775554791737	0.2984763683143114
0.0012724371208259536	0.29808093788472945
0.001275697351241964	0.29768252811602
0.0012789582309249948	0.2972855046136834
0.0012822197617505496	0.29688768862387616
0.0012854819452532491	0.296489360503029
0.001288744783334931	0.2960905161466002
0.0012920082777416332	0.2956911566189921
0.0012952724302621374	0.29529128420897377
0.0012985372426429901	0.2948909012030955
0.0013018027166797875	0.2944900076883779
0.00130506885413588	0.2940886044899053
0.0013083356568353729	0.29368669170280703
0.0013116031265433903	0.2932842733154603
0.0013148712650679964	0.29288134821454404
0.001318140074302649	0.2924779172309465
0.0013214095558791072	0.29207398410358004
0.0013246797117312948	0.2916695458001109
0.0013279505436368931	0.2912646067793035
0.0013312220534342704	0.29085916739547024
0.001334494242932318	0.2904532292116137
0.001337767114001027	0.29004679138792266
0.0013410406684375492	0.28963985788823066
0.0013443149081291653	0.2892324257284588
0.0013475898349128476	0.2888244998220065
0.0013508654506236353	0.28841608030198745
0.001354141757148291	0.2880071668296594
0.0013574187564135997	0.28759776263807635
0.001360696450132404	0.28718786810743896
0.0013639748402643368	0.28677748291068256
0.0013672539286799007	0.2863666098031614
0.0013705337172291107	0.28595524846595566
0.001373814207919781	0.28554340094196806
0.0013770954026326274	0.28513107021741574
0.0013803773031451079	0.28471825315894267
0.0013836599113669574	0.2843049548673528
0.0013869432293558393	0.28389117199284314
0.0013902272589754283	0.28347691102784406
0.0013935120021716662	0.2830621698069563
0.0013967974608054207	0.28264694967485837
0.0014000836367170052	0.28223125221173595
0.0014033705320308724	0.2818150766715873
0.0014066581486288615	0.28139842788461866
0.0014099464884618684	0.28098130441544966
0.0014132355534799568	0.28056370784657764
0.0014165253456622149	0.28014563860599173
0.0014198158669849004	0.2797270985078763
0.001423107119385266	0.2793080891343881
0.0014263991048568583	0.27888861115038777
0.001429691825478282	0.2784686638490832
0.001432985283092816	0.27804825064842537
0.001436279479735829	0.2776273738198941
0.001439574417449904	0.27720602969943753
0.0014428700982189804	0.27678422466432595
0.0014461665240871116	0.27636195484205733
0.0014494636970564796	0.2759392254586942
0.0014527616193207708	0.2755160356079507
0.001456060292580161	0.27509238756036936
0.0014593597190714757	0.27466828042334007
0.0014626599007855365	0.2742437166928466
0.0014659608398748833	0.27381869773737005
0.0014692625382599109	0.27339322245512915
0.0014725649980654298	0.2729672949101884
0.0014758682213627016	0.2725409146809931
0.0014791722102312343	0.272114082916775
0.0014824769667399632	0.27168680121587774
0.0014857824930037697	0.2712590685043733
0.0014890887911013953	0.27083088882876105
0.0014923958631360814	0.270402261789184
0.0014957037112145188	0.2699731885429892
0.001499012337473327	0.26954367069243534
0.0015023217440009533	0.26911370763149883
0.0015056319330053664	0.2686833049262328
0.0015089429064231185	0.2682524595600677
0.0015122546665777578	0.2678211672171278
0.0015155672155674944	0.26738944046619706
0.0015188805555240682	0.26695677770657417
0.0015221947067833425	0.2665239230336063
0.0015255096170650301	0.2660931166130742
0.0015288253429596953	0.26565790786225985
0.0015321418685243574	0.2652242443420788
0.001535459195954452	0.26478990025373855
0.0015387773274180723	0.26435512513714043
0.0015420962651603674	0.2639199184425967
0.0015454160114425706	0.26348428070576224
0.0015487365682220135	0.2630482152612087
0.0015520579379330105	0.26261172071494665
0.001555380122781792	0.2621747988976871
0.0015587031249620186	0.26173745249390823
0.0015620269467527886	0.2612996803406112
0.0015653515904254585	0.26086148512276014
0.0015686770581871837	0.2604228650544348
0.0015720033522913061	0.2599838253651517
0.0015753304749788926	0.2595443651260007
0.0015786584286245594	0.2591044840548564
0.0015819872154707734	0.258664184618866
0.0015853168379259218	0.2582234686483561
0.0015886472980514332	0.25778233545071516
0.001591978598278779	0.25734078665133525
0.0015953107409214934	0.2568988232455596
0.0015986437320206956	0.2564564476926911
0.0016019775665011464	0.2560136595291583
0.001605312250471873	0.2555704589254265
0.0016086477861180718	0.255126848964558
0.0016119841759724878	0.25468283064792147
0.001615321422244701	0.25423840373956014
0.001618659527274642	0.25379356842511264
0.0016219984935162423	0.25334100568043555
0.001625338602627972	0.2528843231875297
0.0016286793008339485	0.2524600312324689
0.0016320208674176283	0.2520099636042269
0.0016353633047992068	0.25156310819495314
0.0016387066154278716	0.2511158476507082
0.0016420508018297165	0.25066818564597715
0.001645395866127209	0.2502201441305281
0.0016487418109150153	0.24977800539959136
0.001652088390405674	0.24933867539710147
0.0016554361013573083	0.2488706698003226
0.0016587847002147926	0.24842414427450157
0.0016621341894011647	0.24797411366214794
0.0016654845713386416	0.24752369102068592
0.0016688358486124952	0.24707274406096855
0.001672188028730263	0.24662134659074675
0.001675541104114883	0.24617013054089468
0.0016788950822338362	0.24571808447984744
0.0016822499656390837	0.24526570834221376
0.001685605757020647	0.2448129460430392
0.0016889624587447085	0.24435980515499578
0.0016923200734487573	0.24390627545599539
0.0016956786036061756	0.24345236451211164
0.0016990380517033108	0.2429980720048796
0.00170239842063073	0.24254338780138776
0.0017057597125021808	0.24208834490603068
0.001709121930385486	0.2416328960599734
0.0017124850765705458	0.24117708784227176
0.0017158491538681595	0.24072088876174805
0.001719214164600548	0.240264331569438
0.0017225801116582363	0.2398073791254986
0.0017259469976440194	0.23935006406575543
0.0017293148249598218	0.2388923783629751
0.0017326835967375904	0.23843430249851982
0.0017360533151282538	0.23797588233649092
0.0017394239829351444	0.2375170772923091
0.0017427956031397802	0.23705789291213633
0.0017461681781653076	0.23659835186086176
0.001749541710665192	0.23613844433189649
0.0017529162036108382	0.23567816438096778
0.0017562916593339658	0.23521753452566466
0.0017596680807599227	0.23475652235004607
0.0017630454707413363	0.23429514656017933
0.0017664238318370593	0.23383342574463278
0.0017698031668768402	0.23337132770493355
0.001773183478784111	0.23290887102511112
0.0017765647700140764	0.23244607043942253
0.0017799470435486944	0.2319828921191227
0.0017833303021626689	0.23151936014654906
0.0017867145487882167	0.23105547429950807
0.0017900997858325274	0.23059124734481234
0.0017934860165334306	0.23012664024125312
0.001796873242203381	0.22966169532259184
0.00180026146826401	0.22919640314922501
0.0018036506965387505	0.22873074151134296
0.0018070409296195228	0.228264756082742
0.0018104321700738936	0.22779841554452834
0.0018138244216065642	0.22733168698259612
0.0018172176866616933	0.2268646431563154
0.0018206119683416458	0.2263972456636896
0.0018240072691422227	0.22592960644319485
0.0018274035883672109	0.2254616509836614
0.0018308009378981782	0.22499296489256856
0.001834199314149471	0.2245242470489487
0.0018375987218339305	0.22405511571674885
0.0018409991648600204	0.22358566593886395
0.0018444006438248916	0.22311586715592346
0.001847803161522733	0.22264574600949028
0.0018512067235722394	0.22217722375129836
0.0018546112437405262	0.22170936530030208
0.001858016900337119	0.22123240027578162
0.0018614236089460705	0.2207618999508647
0.0018648313727077962	0.2202900852729346
0.0018682401947072485	0.2198179387390741
0.0018716500780366272	0.21934546027254487
0.0018750610257579452	0.21887265503807088
0.0018784730407827575	0.21839952295606002
0.0018818861265093908	0.2179260517916341
0.0018853002857285098	0.21745074688274077
0.0018887155917575967	0.21697432804396277
0.0018921319083101064	0.21650440235555224
0.0018955493078340764	0.21602887953290897
0.0018989677937226157	0.21555377500769832
0.001902387368897455	0.21507836219082563
0.0019058080366241537	0.2146026170846521
0.0019092298002055003	0.21412654313654825
0.001912652662763053	0.21365016074803467
0.001916076627360024	0.2131734579886606
0.0019195016975510338	0.21269642472191871
0.001922927876251521	0.21221909135200087
0.0019263551668587961	0.21174142752932987
0.0019297835728032116	0.21126344675971442
0.001933213097062991	0.21078516077063503
0.0019366437430834728	0.21030655451277874
0.0019400755141019516	0.2098276380342808
0.0019435084134959096	0.20934840636979968
0.0019469424445106485	0.2088688678492479
0.0019503776105393165	0.2083890109374871
0.0019538139152010486	0.2079088439561506
0.001957251361282108	0.20742838666439364
0.001960689952552906	0.20694759970267346
0.0019641296924112245	0.20646651267124572
0.0019675705840939517	0.20598512884675862
0.0019710126309985423	0.20550343362498488
0.001974455836890463	0.20502142712031246
0.0019779002047397316	0.2045391337016128
0.00198134573831149	0.20405652272625194
0.0019847924410077503	0.20357361849460198
0.001988240316219006	0.2030904130353957
0.0019916893676642116	0.20260690165515102
0.0019951395945224082	0.2021231068195868
0.001998591008495509	0.2016390062782378
0.0020020436091535187	0.20115460020287043
0.0020054974001133432	0.20066990300085516
0.0020089523847714474	0.20018491949056705
0.0020124085666867655	0.19969963873320923
0.002015865949573824	0.19921405931605513
0.002019324536994327	0.19872819236069306
0.00202278433270412	0.1982420317408957
0.002026245340183341	0.19775557605916785
0.002029707562873072	0.1972688456637923
0.002033171004808738	0.19678180967095593
0.0020366356693902006	0.19629442833611618
0.002040101564160639	0.19580671291528265
0.002043568685516244	0.19531903348559743
0.002047037040729976	0.1948308297476353
0.002050506633418694	0.19434701686525224
0.002053977224965672	0.19386524346068273
0.002057449302599309	0.19336241164078374
0.0020609226339705165	0.19287540314971152
0.0020643972130800305	0.19238582209030677
0.002067873048694682	0.1918959588602785
0.0020713501444398503	0.19140581818129668
0.0020748285044028545	0.19091539427154783
0.0020783081321476948	0.19042470526456948
0.0020817890317180654	0.18993372900321934
0.0020852712069978946	0.18944247912634324
0.0020887546618696346	0.1889509558463912
0.0020922394002672526	0.18845916085757466
0.0020957254259580805	0.18796211141546437
0.002099213013308052	0.18746227152708314
0.0021027016285756627	0.18698442118698783
0.002106191543176482	0.18648908506230877
0.0021096827611553673	0.18599592683964405
0.0021131752865598433	0.18550250131011273
0.002116669123321314	0.18500880872987407
0.0021201642757106946	0.18451483929537324
0.0021236607474946663	0.18402061915682083
0.002127158542897471	0.18352612560333895
0.0021306576659533743	0.18303136895523492
0.002134158120875832	0.1825363423878142
0.0021376599118592206	0.18204105756419653
0.002141163042649371	0.18154552039022676
0.0021446675179796243	0.18104970294139755
0.0021481733414737	0.18055364355391806
0.002151680517706064	0.18005730882109555
0.0021551890507401942	0.17956072567153553
0.002158698945437928	0.17906388460594952
0.0021622102046865393	0.17856678594573866
0.0021657228335281893	0.17806942449802238
0.002169236836334042	0.17757180890365656
0.0021727522171179105	0.17707394634501541
0.0021762689804524643	0.17657582068021233
0.0021797871305246595	0.17607744869004913
0.0021833066724066506	0.17557882250730386
0.0021868276090941125	0.17507994520745737
0.0021903499456491084	0.17458081579205723
0.0021938736865753563	0.1740814346301189
0.002197398835551437	0.17358181283097388
0.0022009253982539848	0.17308193597867386
0.002204453379232111	0.17258181116641724
0.002207982781082289	0.17208144143013823
0.0022115136103316897	0.17158082183376347
0.002215045870489803	0.1710799686289863
0.0022185795663069606	0.1705788597405768
0.0022221147024601593	0.1700775087670959
0.0022256512831963365	0.169575923928433
0.0022291893170484326	0.169074080800747
0.0022327288014072338	0.1685720110775824
0.002236269740570163	0.16806743773085353
0.0022398122857695156	0.16756145446645765
0.002243356162841019	0.16706764258290666
0.002246901367360069	0.16656705606442485
0.0022504481914364994	0.1660569060240629
0.002253996497672079	0.16555453913456825
0.002257546290624161	0.16505080202677047
0.00226109757526226	0.16454681975444269
0.0022646503563209575	0.16404260794737158
0.0022682046386359785	0.16353816197965623
0.0022717604266656636	0.16303348604657195
0.0022753177259919374	0.1625285730930155
0.002278876540971048	0.162023434781396
0.0022824368766724413	0.1615180579052263
0.0022859987381202195	0.16101245408297316
0.0022895621298550917	0.16050663110910876
0.002293127057217257	0.160000563658746
0.0022966935250878476	0.1594942755149162
0.0023002615384854915	0.15898775857356107
0.0023038311024045403	0.15848107863471722
0.002307402217763531	0.15797420783020127
0.0023109748976843526	0.1574668339597356
0.0023145491433760714	0.15695944749287652
0.0023181249597491343	0.1564518117989691
0.002321702352252629	0.15594394189224478
0.0023252813260383844	0.15543586087433728
0.002328861885978961	0.15492755261192978
0.0023324440373187045	0.15441893545564606
0.0023360277917277507	0.15391004474358852
0.002339613141881282	0.15340135153326723
0.0023432000994671447	0.15289211642979447
0.002346788669378807	0.15238272075418394
0.002350378857284809	0.1518730940572629
0.002353970668357609	0.1513632565310703
0.0023575641081449014	0.150853199474359
0.0023611591817944565	0.15034293370593607
0.0023647558948370166	0.14983260156915407
0.002368354241960679	0.1493221330068657
0.002371954250021938	0.14881076706805896
0.0023755559138489823	0.1482997174392094
0.002379159238965737	0.14778838054228188
0.002382764230895657	0.1472768334957094
0.002386370895138482	0.1467650757145002
0.0023899792374014674	0.14625310331969538
0.002393589263333787	0.145740921307985
0.00239720097843391	0.1452285346112767
0.002400814388162881	0.14471594045293804
0.0024044294985270287	0.14420313828757553
0.00240804631600274	0.14369011784016153
0.002411664844804639	0.1431769056872666
0.0024152850913607134	0.14266348179943375
0.002418907061545017	0.14214985108577577
0.0024225307611052327	0.14163601519221988
0.00242615619592539	0.14112197787199082
0.002429783371697708	0.14060773965938092
0.002433412294571388	0.14009316112780285
0.0024370429802479435	0.139578321000922
0.0024406754150315584	0.13906385523537088
0.0024443096144529408	0.13854874906723058
0.0024479455846811334	0.1380334970314457
0.0024515833318764215	0.1375180423375272
0.0024552228620191748	0.13700239175411028
0.002458864181171182	0.13648654581559772
0.0024625072953044828	0.13597049997002122
0.0024661522109125237	0.13545424873820375
0.002469798934103279	0.13493781096106322
0.0024734474707732218	0.1344211710127419
0.002477097827185111	0.13390433655024386
0.0024807500097504902	0.1333873031591675
0.0024844040247929697	0.1328700853502901
0.002488059877661393	0.13235267863871591
0.002491717576653269	0.13183496854762725
0.0024953771317301372	0.13131707647509677
0.0024990385403187636	0.13079923375203142
0.0025027018128837325	0.13028100812590487
0.002506366956541888	0.1297626247725895
0.002510033977753567	0.12924411842524705
0.0025137028762761597	0.12872546196859283
0.002517373671097274	0.1282062849190249
0.0025210463627079772	0.12768717260336318
0.0025247209579141896	0.12716782769508914
0.0025283974632884583	0.12664829458903093
0.002532075885648186	0.12612857573705916
0.0025357562314806195	0.12560866983142913
0.0025394385077832184	0.1250885663323168
0.0025431227210996935	0.12456828533579242
0.0025468088788682297	0.12404784106538058
0.0025504969845726753	0.12352295789060617
0.0025541874216445607	0.12299993193106584
0.002557879080406659	0.12249795063055685
0.0025615730819858688	0.12196196447661621
0.0025652690620203453	0.12144266337661709
0.002568967026580919	0.12092107606039951
0.0025726669358205807	0.12039930403207859
0.002576368892941825	0.11987711647396929
0.0025800728777544183	0.11935460179040994
0.002583778857035507	0.11883343935525768
0.0025874868141409855	0.11831160701912673
0.0025911968889497806	0.11780908474924501
0.002594906965313815	0.11731878995947945
0.002598621054744306	0.1167317586183506
0.0026023371862261085	0.11621935076878302
0.0026060553747715414	0.11569590185914642
0.002609775627743241	0.11515005453934808
0.002613500050404141	0.1145929404275726
0.0026172244792352084	0.11413472604094867
0.002620950993636253	0.11359972406802578
0.0026246796042411324	0.11307535832712383
0.002628410317233907	0.11255086975830551
0.0026321431398160246	0.11202620319827729
0.002635878079912974	0.11150134779704383
0.002639615145156448	0.11097631724227708
0.0026433543432245557	0.110451109627259
0.0026470956818925562	0.10992572228798755
0.0026508391689308076	0.10940005215360987
0.002654584822705214	0.10887415307061159
0.002658332630110451	0.10834854695350557
0.0026620826093557088	0.10782240302393516
0.002665834768602142	0.10729612872103936
0.0026695891156499484	0.10676967804814623
0.002673345658734639	0.10624304922440803
0.002677104405545878	0.10571635409256135
0.002680865387611655	0.10518953404878029
0.002684628532996858	0.10466206065310753
0.002688393940605684	0.10413478760306805
0.002692161585165485	0.10360717406924495
0.002695931485551001	0.10307933460495412
0.002699703628015513	0.10255178979036512
0.0027034780320311412	0.10202370525053182
0.0027072547060310558	0.10149549549060413
0.002711033658444525	0.10096711056597553
0.0027148148977725467	0.1004385531431346
0.0027185984322665837	0.09990982222056673
0.0027223842709084554	0.09938090965818146
0.002726172421949503	0.09885182957898468
0.002729962894211339	0.09832257099618923
0.0027337556962870185	0.09779313795677363
0.0027375508370973667	0.0972635281162315
0.002741348325227249	0.09673375030344014
0.002745148169414276	0.09620379171221412
0.002748950378885745	0.09567365632650411
0.002752754962215242	0.09514335348704614
0.002756561928400033	0.09461287263059766
0.0027603712866707017	0.09408221221396444
0.002764183045960784	0.09355138278376231
0.0027679972151013624	0.09302038063671111
0.0027718138036279855	0.09248919488438773
0.0027756328205435035	0.09195784184928282
0.0027794542749013116	0.09142631261827622
0.002783278176353712	0.09089460304178727
0.002787104533950685	0.09036272324756951
0.0027909333571790617	0.08983066580389627
0.002794764655449945	0.08929843173273053
0.0027985984383271257	0.08876602138942138
0.0028024347151377944	0.08823344012953588
0.002806273495432497	0.08770067881364557
0.0028101147891788003	0.08716773844760368
0.002813958605600158	0.08663462860777553
0.002817804988044692	0.08610133538299723
0.002821653880325993	0.08556786586034901
0.0028255053238511107	0.08503422510837899
0.002829359295545427	0.08450040008953744
0.0028332158733523714	0.08396680665587988
0.0028370749781333163	0.08342313076629011
0.0028409380925374476	0.08287251099547131
0.002844802457137258	0.0823777696702247
0.0028486681038745586	0.08185260015683934
0.002852537691922792	0.0812889673236276
0.0028564099125097326	0.08075864555729749
0.0028602847761539448	0.08022338819279473
0.002864162292840182	0.07968795711081297
0.0028680424730772695	0.07915233948183871
0.0028719253275096084	0.07861654052067443
0.00287581086633147	0.07808056416524282
0.002879699100160593	0.07754440223405937
0.0028835900398649582	0.07700805541527077
0.0028874836957073014	0.07647153078026704
0.002891380078778092	0.07593481654124519
0.002895279199734978	0.07539792077466154
0.002899181069439181	0.07486083766446448
0.0029030856985575617	0.07432357401411438
0.0029069930981915834	0.07378612195016264
0.0029109032791987243	0.07324848302017033
0.002914816253014362	0.07271065362190487
0.00291873203034181	0.07217264180431894
0.002922650622594434	0.07163443785691545
0.0029265720408519274	0.07109604719634495
0.0029304962965509876	0.0705574642273923
0.0029344234124621146	0.0700186903169973
0.0029383533772032173	0.06947725994572862
0.0029422866200200367	0.06893437617330118
0.002946222353769344	0.06840218290470797
0.0029501609745224457	0.06786158397900934
0.0029541024894554854	0.06732182469650834
0.002958046934856173	0.06678448800801771
0.00296199386240504	0.06624824054103406
0.0029659441723375764	0.0657002907908768
0.002969897435695991	0.06516102538358991
0.0029738536645597777	0.06462030137458674
0.0029778128709189344	0.06407937734602588
0.0029817750668593105	0.06353825331746463
0.002985740264396269	0.06299692751526542
0.0029897084759050495	0.06245539645652514
0.0029936797136339826	0.061913663113626054
0.0029976539897328077	0.061371725225344585
0.003001631316768056	0.06082957930173921
0.0030056117071350797	0.06028722812394138
0.003009595173151862	0.05974466856420546
0.0030135817277273354	0.05920189673983951
0.003017571383196726	0.05865891647425005
0.003021564152591818	0.05811572143562367
0.0030255600483197853	0.057572317660439236
0.00302955908334862	0.057028696070474255
0.003033561270573344	0.056484859051864025
0.003037566623031344	0.05594080461803438
0.003041575153545123	0.05539653228767491
0.0030455868754808105	0.05485203778292185
0.0030496018017270544	0.05430732577861036
0.003053619945428913	0.05376238933188856
0.0030576413201957547	0.05321722568122809
0.0030616659392342584	0.05267183745011922
0.003065693815780842	0.05212622386433046
0.003069724963363182	0.05158038023696076
0.003073759395525616	0.05103430578400185
0.0030777971263043886	0.050487997941929395
0.003081838168575703	0.04994145685266888
0.0030858825362609066	0.0493946171531358
0.0030899302586739168	0.048847505957682814
0.0030939813193511245	0.04830043840098675
0.003098035746968137	0.047752914332469476
0.0031020935558121053	0.04720518249995699
0.003106154757873201	0.046657210582421324
0.0031102193706283414	0.04610896184724752
0.003114287406805503	0.045560485352650656
0.0031183588804511216	0.045011756286848746
0.003122433805980775	0.044462772996128434
0.0031265121974397383	0.0439135369887816
0.0031305940694865966	0.04336404286391203
0.0031346794359473486	0.04281429220105107
0.00313876831212174	0.04226427250112401
0.0031428607123456195	0.04171399264429141
0.003146956651127954	0.041163447119266124
0.003151056143079266	0.04061263242459841
0.0031551592030388638	0.04006154613056563
0.003159265845658189	0.03951018784794957
0.003163376085619017	0.03895855311815389
0.0031674899381617396	0.03840663677054555
0.003171607417976922	0.037854442258529804
0.0031757285398831777	0.037301963451731646
0.0031798533191701103	0.036749195577661244
0.003183981770849269	0.03619613942623458
0.003188113909852226	0.03564279101048317
0.0031922497514881814	0.03508914587605727
0.0031963893109204482	0.03453520255228734
0.0032005326034540153	0.03398095737438387
0.0032046796441990953	0.033426408395940466
0.003208830448467594	0.032871550910188556
0.003212985031729764	0.032316381079301196
0.0032171434094583388	0.03176089689782573
0.0032213055967765486	0.031205095558326318
0.003225471609504664	0.030648970099923647
0.0032296414630532677	0.030092520426882104
0.003233815173248032	0.029535700271927114
0.0032379927722667352	0.02897854560586371
0.0032421742332455683	0.02842124866435444
0.003246359605035763	0.027863383965047235
0.003250548896642832	0.027305250784897924
0.0032547421231013626	0.026746773517087853
0.0032589392967723443	0.02618794515769832
0.003263140439952207	0.025628737889894546
0.0032673455602698497	0.025069195664135756
0.0032715546841741933	0.024509235444017338
0.0032757678223914962	0.023948939183838645
0.003279984991244124	0.02338825932052077
0.003284206206998271	0.02282719636954851
0.00328843148608481	0.02226574490757107
0.0032926608449551534	0.021703899735219825
0.0032968943003619036	0.021141654066346674
0.003301131869498411	0.020579001988168245
0.003305373569290047	0.020015938344186468
0.0033096194172101225	0.019452456368992087
0.0033138694310197022	0.018888549125134622
0.003318123629118416	0.018324209540055755
0.0033223820299258812	0.017759431804023625
0.003326644652801145	0.017194197743274076
0.003330911524426268	0.016627597625927526
0.0033351833293681927	0.016061089328833114
0.003339458057092149	0.015498332734436687
0.003343737776093343	0.014928277077021752
0.003348021826677274	0.014361109629035805
0.0033523102348162193	0.013793035181978481
0.0033566030282572968	0.013224454415418025
0.0033609002378472887	0.012655356346603617
0.0033652018967619403	0.012085724800194165
0.0033695080501696248	0.011515555679046758
0.003373818720538704	0.010944846907113396
0.0033781339977150163	0.010373542686178419
0.003382453863387361	0.009801795136435823
0.00338677841944175	0.009229369527279317
0.0033911077164060464	0.008656259963887728
0.003395442059197635	0.008082437215014737
0.0033997811834794935	0.007508489825490017
0.0034041254402565964	0.006933498653846432
0.00340847494061018	0.006358002122806151
0.0034128298738223127	0.005781917638250787
0.003417190351709889	0.005205236360525798
0.0034215568769345142	0.004627699876384641
0.0034259298819462563	0.004049723766551994
0.0034303094735326596	0.003471473804186511
0.003434696311259944	0.0028927011606054574
0.0034390909871410548	0.002313735174655867
0.0034434942027507047	0.0017347781180725643
0.0034479065144956767	0.0011561020891102643
0.0034523285548434487	0.0005778901183727352
0.006683082098155296	0.0007830621494841523
0.0066872434320490795	0.0015665586594575704
0.006691395612034558	0.0023506804610787715
0.006695539234001496	0.0031351777767799393
0.006699674822204334	0.003919680140728878
0.00670380303743359	0.004703911707750649
0.0067079244374103	0.005487424460557589
0.006712039643445664	0.006270553812714748
0.006716148756606685	0.007053073388726582
0.006720252184461037	0.007834418335478226
0.006724350400601253	0.008614937065689146
0.006728443510931864	0.009394639822170685
0.006732531694134269	0.010173636784765716
0.006736615055256628	0.010951196693574727
0.006740693925428808	0.011728563210474063
0.0067447680565054175	0.012504937171361936
0.006748837737531589	0.013280356471297662
0.006752903010921975	0.014054827389945167
0.006756963979777916	0.01482866624993077
0.0067610206238906635	0.015601665241093554
0.006765073030071669	0.01637389825947498
0.006769121219137776	0.01714536641781985
0.006773165234405588	0.01791607357036982
0.00677720510762916	0.018686039937420934
0.006781240868434928	0.019455278706715574
0.006785272543500867	0.02022324539191492
0.0067893001577781446	0.02099507958420723
0.006793323047740683	0.02175697924199131
0.0067973432905546124	0.022523912747058557
0.006801358865034827	0.023290920449806077
0.006805370458841204	0.024056025856303006
0.006809378097805466	0.024820459625888622
0.006813381800758174	0.025584244705124614
0.0068173815855592165	0.02634738729484062
0.006821377470088224	0.027109895308553365
0.006825369471589917	0.027871776478859807
0.006829357606959909	0.0286330383073831
0.006833341893004891	0.02939368611878808
0.006837322346263337	0.03015372626414348
0.006841298983077606	0.03091316627928274
0.00684527181945439	0.03167201155308904
0.0068492408714206756	0.03243026777980163
0.006853206154849585	0.03318793261386206
0.00685716768555782	0.03394506881370866
0.006861125474135421	0.03470156376429526
0.006865079546325582	0.03545752825975211
0.006869029909449021	0.036212901152068835
0.006872976585443192	0.036967718467821244
0.006876919586445542	0.03772198805411354
0.006880858926694326	0.038475810631905846
0.006884794615634097	0.03922877942250246
0.00688872670053106	0.039981468793880925
0.006892655153805645	0.04073361687669612
0.006896580009157595	0.04148517335844868
0.0069005012809878075	0.04223619924682226
0.006904418984430343	0.042986693051324194
0.0069083331348459495	0.043736662575348154
0.00691224374701894	0.04448611000238443
0.006916150836020503	0.045235036432630535
0.006920054416924067	0.04598344544806149
0.006923954504642861	0.046731341808190704
0.006927851113973253	0.047478726539003126
0.006931744259834909	0.048225602993649544
0.006935633956970619	0.04897197155842175
0.0069395202202953525	0.04971783665846878
0.006943403064464857	0.050463202088107284
0.006947282504054657	0.05120806518121193
0.006951158553998602	0.05195243079871542
0.006955031228746367	0.05269630563956207
0.00695890054255712	0.05343968344099601
0.00696276651041321	0.054182569607696886
0.00696662914658212	0.05492496858249903
0.006970488465361422	0.05566687930635343
0.0069743444811789	0.05640830348197657
0.006978197208372572	0.05714924426312147
0.006982046661063462	0.05788970752258555
0.006985892853227161	0.058629679676308714
0.0069897357997849895	0.05936917604935893
0.006993575514266983	0.06010819293292067
0.006997412010961899	0.06084673605736365
0.007001245303498328	0.0615848018146272
0.007005075406089252	0.06232239087357794
0.007008902332361622	0.06305953520439142
0.007012726094714132	0.06379616693872
0.007016546710027284	0.06453233416341381
0.00702036419048217	0.06526807899404458
0.007024178549782381	0.06600306375539995
0.007027989816209018	0.06673796271269007
0.0070317979731004555	0.06747234848246017
0.007035603049372245	0.06820618289370539
0.0070394050578195845	0.06893955271099139
0.007043204012600898	0.06967245619648822
0.00704699992671432	0.07040489526913675
0.007050792813331351	0.07113686944613826
0.007054582685639909	0.07186838351772208
0.007058369556482316	0.07259943699132401
0.007062153439048702	0.07333002478877682
0.007065934346444579	0.07406014910626638
0.007069712291602922	0.0747898177866118
0.0070734872870762385	0.07551902298878961
0.007077259345894268	0.0762477689613037
0.00708102848067519	0.07697605482901285
0.0070847947041403885	0.07770388175078537
0.007088558028835052	0.07843124498598388
0.0070923184675494785	0.07915815526832419
0.007096076032361304	0.07988460293513643
0.007099830735996558	0.08061059501685927
0.007103582590604349	0.08133612484297234
0.0071073316087147745	0.08206119614301917
0.007111077802493711	0.08278581162910383
0.007114821184029428	0.08350996604459325
0.007118561765557096	0.0842336625945214
0.007122299559091811	0.08495690282795341
0.007126034576549845	0.08567968123817601
0.007129766830038638	0.08640200102651746
0.007133496331388641	0.08712386309084455
0.007137223092359588	0.08784526591339252
0.007140947124806825	0.08856451142671956
0.00714466844049597	0.08929527015670548
0.007148386610192989	0.09001006096435318
0.007152102533994499	0.09072612496583782
0.007155815787385424	0.09144525697726812
0.007159526358240517	0.092165321690961
0.007163234277233205	0.0928738612456869
0.00716693994053593	0.09359660272092322
0.007170642560901437	0.09431718237123332
0.0071743425446174095	0.09503397879466471
0.007178039925635684	0.09575031196154696
0.007181734703755264	0.09646617856856855
0.0071854268901087185	0.09718158469050234
0.007189116495548775	0.09789652157573019
0.00719280353123086	0.09861100084317898
0.0071964880077469845	0.0993250102030269
0.0072001699362300945	0.10003855305481368
0.007203849327435875	0.10075162586805286
0.0072075261921941	0.10146423779387048
0.007211200540813978	0.102176378232918
0.007214872384365051	0.10288805357116582
0.007218541733165275	0.1035992515045117
0.0072222085980544705	0.10430998645683141
0.0072258729891084145	0.10502024748213894
0.007229534917070638	0.10573003222593394
0.007233194392298067	0.10643935026428339
0.007236851424934232	0.107148194875681
0.007240506025308923	0.107856557626989
0.0072441582038872705	0.10856445434804238
0.007247807970385003	0.1092654828834308
0.007251455335257044	0.11001104797577205
0.007255098989459913	0.11070467818843767
0.007258741592106309	0.1113571860981538
0.0072623831748807365	0.11208454266752088
0.007266020978317989	0.1128023247076436
0.007269656484789331	0.1135063179229233
0.007273289682997017	0.11421037833241565
0.007276920515014534	0.11491394588192684
0.007280549023933181	0.11561703668923003
0.007284175187089125	0.11631964255684762
0.007287799080366677	0.11702175258351555
0.0072914206801153935	0.11772338406197799
0.00729503999553602	0.11842452275480574
0.007298657036358193	0.11912516593533641
0.007302271812091728	0.11982532449400118
0.00730588433183293	0.1205249898705106
0.007309494605077899	0.12122416021893936
0.007313102641156875	0.12192283280240927
0.007316708449324142	0.12262101622580675
0.007320312038633976	0.1233186955442359
0.007323913418493033	0.12401587496655246
0.007327512597951715	0.12471256508836841
0.00733110958579242	0.12540874267315466
0.007334704391537862	0.12610442097095295
0.007338297023823433	0.12679960359800338
0.007341887491500158	0.12749427507586653
0.007345475803758392	0.1281884361349319
0.007349061969384961	0.12888209959157948
0.007352645996953519	0.12957525159648003
0.007356227895338709	0.13026788548438348
0.0073598076735863155	0.13096001708051916
0.007363385339939706	0.13165163323535908
0.0073669609032609926	0.13234273576764266
0.0073705343721032004	0.13303331794179798
0.007374105755108879	0.13372339315009785
0.007377675060535684	0.1344129411766043
0.00738124229718381	0.13510197160852036
0.007384807473310329	0.13579048447963205
0.007388370597240862	0.1364784749194158
0.007391931677372525	0.1371660084313502
0.007395490722098308	0.13785252935601747
0.007399047750735396	0.13853915229535196
0.00740260274897451	0.13922517969680648
0.007406155736729761	0.13991045716956563
0.007409706756099026	0.14059570639353372
0.007413255701766494	0.1412797849904165
0.007416802706418816	0.14196339806517555
0.007420347732434237	0.1426466226122105
0.007423890787992478	0.14332930789624382
0.007427431881045495	0.14401145503095056
0.0074309710196620166	0.14469312417954525
0.007434508211867895	0.1453737700242616
0.0074380434756942445	0.14605450065210177
0.007441576798097718	0.1467346178546477
0.007445108197270568	0.14741404854683363
0.007448637680991912	0.1480929290892418
0.007452165257035726	0.1487712617955518
0.0074556909329546095	0.1494490479703969
0.007459214716347345	0.15012626811959923
0.007462736615155311	0.15080293548807933
0.007466256636452149	0.15147912240474537
0.007469774786418799	0.15216917203771355
0.0074732910756988595	0.15275653738508113
0.0074768075835616385	0.15347542591792743
0.007480320146489782	0.15417896460508088
0.007483830869773536	0.15485232714266783
0.007487339760642293	0.15551065652259205
0.00749084683395442	0.15626806315480543
0.007494350119043059	0.1568962839271565
0.007497853531217186	0.15754047233060636
0.007501355141491714	0.1582100488114978
0.007504855004423697	0.15887840348910162
0.0075083530974535415	0.15954822683679726
0.007511849386588901	0.16021728191509615
0.007515343949263753	0.16088545001747634
0.007518836695910662	0.16155303717396566
0.007522327680648092	0.1622172470801273
0.007525816911358127	0.16290330880369683
0.007529304023738346	0.16354381147733052
0.007532790138783515	0.16421195937305533
0.00753627414686094	0.16488223364769813
0.007539756430339058	0.16554626448936408
0.0075432369949111604	0.16620973477794349
0.007546715846772318	0.1668726244588428
0.00755019299237523	0.1675349056933244
0.007553668438991855	0.16819659135069953
0.007557142193130911	0.1688576820356996
0.007560614261289036	0.16951817336418723
0.007564084650207504	0.17017800528378232
0.007567553366712299	0.17083757130089153
0.007571020411211638	0.17149609344459943
0.007574485802222612	0.1721540623472658
0.007577949540568356	0.17281151284060625
0.007581411633101235	0.17346839770991257
0.007584872085061942	0.17412441725223207
0.007588330907892519	0.1747801435652156
0.007591788099016247	0.17543526875442192
0.007595243668467901	0.1760896308384045
0.0075986976244446485	0.17674338049822869
0.007602149972362526	0.1773965225926622
0.00760560071857244	0.1780490368189495
0.007609049869337134	0.1787009279549724
0.007612497430749609	0.17935218479461754
0.007615943409587241	0.18000282696565548
0.007619387811460748	0.18065282846443312
0.0076228306428683945	0.18130219549340143
0.0076262719098746995	0.1819509330266747
0.007629711618454215	0.18259903930913488
0.0076331497746626835	0.18324650434448855
0.007636586384694028	0.18389340219539121
0.007640021454733183	0.1845390779544112
0.007643455000065177	0.1851848723063275
0.0076468870075872535	0.18582994330314095
0.007650317492731498	0.18647418594583381
0.007653746461701805	0.1871177835208352
0.007657173920203906	0.1877607343089423
0.007660599874069807	0.18840303234438774
0.00766402432926764	0.18904467445146447
0.007667447291638949	0.18968565315229066
0.007670868766471121	0.19032599389298732
0.007674288760309756	0.1909656606022026
0.0076777072790300245	0.19160466585929317
0.007681124327703693	0.1922430094028608
0.007684539912265905	0.19288069391745533
0.007687954038295849	0.19351771192453368
0.007691366711540094	0.19415405586921594
0.0076947779376869176	0.19478972990418475
0.007698187722313578	0.19542473384133563
0.007701596070973403	0.1960589651212396
0.00770500298921903	0.19669321791119176
0.007708408471971851	0.19732589244940274
0.007711812546105022	0.19795799029117303
0.007715215206361281	0.19858960266468526
0.007718616458285575	0.19922054117047172
0.0077220163071689855	0.19985079063923641
0.007725414758539073	0.2004803615986299
0.007728811817661795	0.20110922656566596
0.007732207490261741	0.2017374772851305
0.007735601781246807	0.2023646114310413
0.007738994702417614	0.2029916003356037
0.00774238624639005	0.20361782365708325
0.007745776424982013	0.20424323410945666
0.007749165243067965	0.20486793813967194
0.007752552706530553	0.20549195605683318
0.007755938820018011	0.20611525663392322
0.007759323589154338	0.20673781929154778
0.00776270701882872	0.2073599537850599
0.007766089110310376	0.20798101540716682
0.0077694698768287305	0.20860141315389324
0.007772849319306487	0.20922118269512166
0.007776227442866369	0.20984023682769998
0.007779604252606615	0.21045858533077708
0.007782979753444432	0.21107619617668924
0.007786353950792676	0.21169310173204892
0.007789726849271925	0.2123092909404851
0.007793098453974086	0.21292474774892478
0.007796468769945505	0.2135394886372188
0.007799837802308891	0.21415349750838067
0.007803205555597681	0.2147667827882365
0.007806572034832066	0.21537933817276647
0.007809937244972954	0.2159911689106866
0.007813301190763856	0.2166022537481292
0.007816663877349776	0.21721112026901557
0.007820025309332727	0.21782973908759362
0.007823385349337676	0.21843542216798517
0.007826744289599695	0.21903182249283926
0.007830102126195077	0.21964370520918078
0.0078334585914522	0.22025331347376917
0.007836813822454842	0.22085921885879756
0.007840167824063674	0.22146439638944587
0.007843520607727484	0.2220688039142444
0.007846872175025934	0.22267247257902
0.00785022253023292	0.2232753909015614
0.007853571678147011	0.22387754039569963
0.007856919623493218	0.22447894913209965
0.007860266371282261	0.22507959517349505
0.007863611924461892	0.22567948423299974
0.007866956289273733	0.2262786116298611
0.007870299470324872	0.2268769674035558
0.007873641471094657	0.22747456963241397
0.007876982296423668	0.22807140313046131
0.007880321950963744	0.22866746671741503
0.007883660438489877	0.229262760998294
0.007886997764843227	0.229857281277984
0.007890333933788263	0.23045103711076334
0.007893668949656145	0.23104400597523275
0.007897002817028721	0.23163620820161282
0.007900335540091561	0.23222763377102443
0.007903667123309293	0.23281827078155243
0.007906997570475343	0.2334081253286899
0.007910326887219505	0.2339971963396131
0.007913655077196798	0.2345854955058663
0.007916982144542093	0.2351729871936914
0.007920308093833983	0.2357597141606437
0.007923632929010061	0.2363456259819585
0.007926956654807945	0.2369307582917107
0.007930279275042695	0.23751510279215748
0.007933600794035557	0.23809864372820377
0.007936921216088483	0.23868138934339975
0.007940240545364104	0.23926332564478883
0.007943558786153175	0.23984448147852772
0.007946875942248879	0.24042482233844767
0.007950192018213197	0.24100436034357617
0.00795350701799249	0.24158309457310095
0.007956820945735096	0.24216419124146457
0.007960133805591822	0.24272218726105485
0.007963445869103162	0.24330819784164145
0.007966756602636769	0.24389013219956332
0.007970066280511945	0.24446480429319423
0.007973374906837888	0.24503866349528888
0.007976682485556962	0.2456117070616222
0.007979989020662841	0.24618393417028753
0.007983294516147517	0.24675532665069103
0.007986598976161328	0.24732591260868064
0.007989902404379164	0.24789566807681135
0.007993204804907332	0.24846460000260498
0.00799650618167725	0.24903270176872044
0.007999806533796998	0.2495970163610317
0.00800310587482223	0.25018128530238093
0.00800640396273706	0.250737908718455
0.008009701284894515	0.2512966991287501
0.008012997602681152	0.2518606857744702
0.0080162929200357	0.2524235270840418
0.0080195872442434	0.25298594493672616
0.00802288057182099	0.2535474616961977
0.008026172910419715	0.2541080624400237
0.008029464263557873	0.2546677979438266
0.008032754635391243	0.2552267075260692
0.008036044029078192	0.25578476452634946
0.008039332449011076	0.2563419702982996
0.00804261989866972	0.2568983322813235
0.008045906381727894	0.2574538357288643
0.008049191902024652	0.25800848202999704
0.008052476463236133	0.25856228482112065
0.008055760068882438	0.2591152374793692
0.008059042722581334	0.2596673210740757
0.008062324432315603	0.2602185349826078
0.008065605193617613	0.2607689073773793
0.008068885013905779	0.2613184090041824
0.00807216389701334	0.26186704549823603
0.008075441846465178	0.2624148266980154
0.00807871886577446	0.2629617210435655
0.008081994958727634	0.26350776746451726
0.008085270128632855	0.26405293433256827
0.008088544379275855	0.2645972211416094
0.008091817714173569	0.26514064624772005
0.00809509013668499	0.26568320508828475
0.008098361650326336	0.26622485940278107
0.008101632258877615	0.2667656592550033
0.008104901965511233	0.2673055789985922
0.008108170773839775	0.26784460765326207
0.008111438687383309	0.26838275965324815
0.008114705709491236	0.26892002401932047
0.0081179718436989	0.26945640678468585
0.008121237093363326	0.2699918947929635
0.008124501461951605	0.27052650697196945
0.008127764952761136	0.27106022803131047
0.008131027569273608	0.2715930404313189
0.008134289315003566	0.2721249826397266
0.008137550192992298	0.27265601555212293
0.00814081020691496	0.27318615183528205
0.008144069359982986	0.27371540643392595
0.00814732765534928	0.2742437530538512
0.008150585096621938	0.27477118704703
0.008153841687127784	0.2752977387498042
0.008157097429900659	0.2758243335620613
0.008160352328457762	0.2763433090336249
0.008163606455407665	0.27687006474898035
0.008166859674470756	0.2773949099994198
0.00817011205929564	0.27791692944849705
0.008173363612727951	0.278438025970729
0.00817661433827872	0.2789582149206217
0.00817986423899062	0.27947749618484574
0.00818311331807399	0.2799958629888234
0.00818636157870879	0.28051331523035367
0.008189609024082044	0.28102860466111323
0.008192855657643423	0.2815516109124959
0.00819610139501003	0.2820625578335266
0.00819934641460293	0.28257385531587187
0.00820259063258254	0.2830866884854015
0.008205834050237809	0.2835986180559011
0.008209076670090461	0.2841096100664619
0.008212318498132299	0.28461970311208706
0.008215559535770389	0.28512877657309227
0.008218799785517096	0.28563731400945946
0.008222039248633786	0.28614442978563887
0.008225277934787662	0.286650648889935
0.008228515843305218	0.2871560654775566
0.008231752977005239	0.2876605376652256
0.0082349893390547	0.28816411392499597
0.008238224932005354	0.2886667020985842
0.008241459759694697	0.289168343739303
0.00824469382486902	0.28966907833854794
0.008247927130250056	0.29016884806680143
0.008251159680601097	0.29066768091158984
0.0082543914758138	0.291165588705984
0.008257622520207123	0.2916625179192346
0.008260852817129405	0.29215851777917573
0.008264082369167883	0.2926535721003764
0.008267311179339513	0.293147681102728
0.008270539250500268	0.2936408143682921
0.008273766585935307	0.29413301451027063
0.008276993188183122	0.29462426290557225
0.008280219060268714	0.2951145361095094
0.008283444205310596	0.2956038746560084
0.008286668625743052	0.2960922551023476
0.00828989232466135	0.29657965389160124
0.00829311530508785	0.29706611181313036
0.008296337569683426	0.29755160052421087
0.008299559121424022	0.2980361275051866
0.008302779962966716	0.2985197050858811
0.008306000097198717	0.29900230478670764
0.008309219527085314	0.2994839196703328
0.008312438255451483	0.29996460073673575
0.008315656284819494	0.30044429041130016
0.00831887361832197	0.30092301324250065
0.008322090258548137	0.301400779336879
0.008325306208204477	0.301877547798933
0.008328521470346184	0.30235336526452544
0.008331736047323342	0.30282819072346584
0.008334949942270511	0.3033020637087775
0.008338163157569736	0.3037749259280131
0.008341375696416504	0.3042468366581401
0.008344587561050346	0.30471775464305767
0.008347798754525343	0.30518769265980483
0.00835100927934469	0.30565665119725705
0.008354219138342672	0.30612462088911085
0.0083574283341893	0.3065916146216863
0.008360636869507401	0.3070576230323305
0.008363844746914092	0.3075227162980601
0.008367051969164378	0.30798627013960694
0.008370258543965175	0.30844954790851653
0.008373464463828327	0.3089117603845353
0.008376669736420338	0.30937281569544367
0.008379874364462197	0.3098328791368295
0.008383078350519466	0.3102880695454392
0.00838628169715671	0.3107695317756149
0.008389484160809396	0.31121474687866324
0.008392686238695473	0.31166296525932563
0.008395887685026056	0.3121180356997808
0.008399088502511693	0.312572130832776
0.008402288693380031	0.313025223505251
0.008405488260409844	0.3134773093375276
0.008408687206138327	0.3139328866926292
0.008411885533131496	0.31435591696429427
0.008415083528940718	0.3148187131484436
0.008418280623600885	0.31527587968248966
0.00842147710712631	0.31572294123571426
0.008424672981953095	0.3161689931501632
0.008427868250662999	0.31661403542621874
0.008431062915904295	0.3170580685920208
0.008434256979970097	0.317501091645236
0.00843745044550089	0.3179431010088206
0.008440643311244994	0.3183840967249812
0.00844383558707116	0.3188240796261328
0.008447027271699777	0.3192630469283347
0.008450218367610488	0.31970099766866106
0.008453408877132989	0.32013793011046304
0.008456598802966859	0.32057384539213
0.008459788147400884	0.3210087415348534
0.00846297691292143	0.3214426157799206
0.008466165101882545	0.3218754687751787
0.008469352716708005	0.3223073019714976
0.0084725397597773	0.322738109216098
0.008475726233611444	0.3231678930313881
0.008478912140539746	0.3235966504227838
0.00848209748294728	0.32402438315242515
0.00848528226320889	0.3244510882392263
0.008488466483750352	0.32487676376369795
0.008491650146737357	0.3253014117884875
0.00849483325474875	0.32572502855189334
0.008498015810122972	0.32614761374971074
0.008501197815150723	0.3265691684193399
0.008504379272167762	0.3269893857746798
0.00850756018351417	0.327411005211872
0.008510740533380953	0.32782670900885214
0.008513920378511055	0.3282444341593409
0.008517099666762316	0.32866142435166096
0.008520278418621062	0.32907676537860814
0.008523456636362923	0.32949107439206304
0.00852663432223324	0.3299043363578414
0.008529811478538332	0.3303165569923498
0.00853298810768487	0.3307277404145613
0.008536164211807943	0.3311378802153841
0.0085393397932575	0.3315469775673417
0.00854251485423966	0.33195503093947065
0.008545689397022134	0.3323620393529458
0.008548863423844102	0.33276800374247256
0.008552036936937246	0.33317291960221346
0.008555209938560602	0.3335767887047391
0.008558382430923515	0.3339796095553876
0.008561554416256415	0.3343813812157779
0.008564725896765997	0.33478210467423447
0.008567896874573403	0.335181775440183
0.008571067352067713	0.3355803953457928
0.008574237331310191	0.3359779632084726
0.008577406814555504	0.33637447647563523
0.008580575803812154	0.33676993673884026
0.008583744301561471	0.33716434173314824
0.008586912309822945	0.33755769307611716
0.00859007983074376	0.3379499849117162
0.008593246866524558	0.33834122248556736
0.008596413419266778	0.3387313985538261
0.008599579491172227	0.33912051811639565
0.008602745084258774	0.3395085789451126
0.008605910200831714	0.3398955774247638
0.00860907484296087	0.3402815149679346
0.0086122390127373	0.3406663913220667
0.008615402712308193	0.34105020512480055
0.008618565943781591	0.34143295473870633
0.008621728709262548	0.3418146402174512
0.00862489101085315	0.34219526021765134
0.008628052850654502	0.3425748170659123
0.008631214230772954	0.34295330548788583
0.008634375153167574	0.3433307269853464
0.008637535619985925	0.34370708024232827
0.008640695633386701	0.34408236423514343
0.008643855195411531	0.34445658219923747
0.008647014308120498	0.3448297268844475
0.00865017297350687	0.3452018029720132
0.008653331193552537	0.3455728049139765
0.00865648897049884	0.3459427371370328
0.008659646306324544	0.34631159666562866
0.00866280320297668	0.346679381673891
0.008665959662528078	0.3470460931976703
0.00866911568699911	0.3474117285625272
0.008672271278352689	0.3477762888250287
0.008675426438734715	0.3481397741913524
0.008678581170076997	0.3485021814299594
0.008681735474383038	0.3488635116272589
0.008684889353644266	0.34922376530402033
0.00868804280985002	0.34958293722363526
0.008691195845002848	0.3499410316772505
0.008694348461067956	0.35029804458670827
0.008697500660033046	0.3506539776680292
0.008700652443851296	0.3510088297479032
0.00870380381447808	0.35136260111375234
0.008706954773897482	0.35171528712172767
0.008710105324000865	0.35206689214483605
0.008713255466854277	0.35241741241787977
0.008716405204357429	0.35276684767932026
0.008719554538431602	0.3531152000073695
0.008722703471009053	0.35346246535866593
0.008725852004026572	0.35380864437202736
0.008729000139417895	0.3541537368147581
0.008732147879084362	0.3544977433442879
0.008735295224944407	0.3548406619859983
0.008738442178905896	0.35518249077055336
0.00874158874291931	0.355523229202741
0.008744734918747343	0.35586288298046903
0.00874788070842428	0.35620111741734645
0.008751026113834368	0.35654053973796773
0.00875417111930251	0.35687592833215553
0.008757315761877	0.3572105603783744
0.008760460025793908	0.3575447567637487
0.008763603912911463	0.3578778583616457
0.008766747425111455	0.35820986889385675
0.008769890564218162	0.3585407837752074
0.00877303333215815	0.3588706046712104
0.008776175730731932	0.35919933295637696
0.008779317761798822	0.3595269637592718
0.008782459427135642	0.3598534996687065
0.008785600728723336	0.36017894029560166
0.008788741668316011	0.3605032813741713
0.008791882247760558	0.3608265285175472
0.008795022468857026	0.3611486891564463
0.008798162333450377	0.36146966154189913
0.00880130184402819	0.3617896509846791
0.008804441001040827	0.36210853027236833
0.008807579806962272	0.3624262835395608
0.008810718263600845	0.3627429661278466
0.008813856372776135	0.3630583352834711
0.008816994137871754	0.3633728805054914
0.008820131557367609	0.3636862929335581
0.008823268634831748	0.3639985417081977
0.008826405371970129	0.36430968662280433
0.008829541770570735	0.36461973254454083
0.008832677832368479	0.3649286734330854
0.008835813559167887	0.36523651054037454
0.008838948952872072	0.365543244817166
0.008842084014931733	0.365848875401459
0.008845218747252642	0.3661534017422153
0.008848353151588273	0.3664568202463958
0.00885148722970735	0.3667591367838096
0.008854620983317017	0.3670603456291595
0.00885775441410257	0.36736045084822133
0.008860887523937756	0.3676594473311367
0.008864020314497833	0.36795733334557623
0.00886715278752407	0.36825405010327755
0.00887028494451457	0.3685501403279606
0.008873416783974736	0.36884449919315965
0.00887654831461406	0.3691378209080857
0.008879679534556439	0.369430170742305
0.008882810445512803	0.36972141456304575
0.008885941049159686	0.3700115485153707
0.008889071347223007	0.37030057091343577
0.008892201341392706	0.3705884612204429
0.008895331033268205	0.37087540945429526
0.008898460423467137	0.37116102832956704
0.008901589516089596	0.37144556353883024
0.008904718311533536	0.37172903361284076
0.00890784681151443	0.3720113945016497
0.008910975017657433	0.3722926454843911
0.00891410293164147	0.372572779636016
0.00891723055517093	0.3728518062095618
0.008920357889842714	0.37312971733912054
0.008923484937368695	0.37340651732692237
0.008926611699358088	0.3736822029868824
0.008929738177493101	0.3739567773910122
0.008932864373381434	0.3742302358018024
0.008935990288628405	0.3745025885056389
0.008939115924988536	0.3747737869455312
0.008942241283891969	0.37504392259550196
0.008945366367276273	0.37531293517157915
0.00894849117658782	0.3755808244185819
0.008951615713454032	0.3758475984683324
0.008954739979505811	0.376113256069207
0.008957863976354546	0.37637779880184213
0.008960987705616664	0.3766412266806287
0.00896411116888928	0.3769035394132878
0.008967234367775868	0.3771647341909966
0.008970357303891011	0.377424812945338
0.008973479978832917	0.37768377634872546
0.008976602394100476	0.37794162413512805
0.00897972455144425	0.37819835383034023
0.008982846452382311	0.3784539651829871
0.008985968098503916	0.37870846238221145
0.00898908949136294	0.37896184074515105
0.008992210632553892	0.379214100677597
0.008995331523660477	0.3794652451270947
0.008998452166228972	0.37971527037472125
0.00900157256186891	0.3799641781189139
0.009004692712087104	0.3802119668759602
0.009007812618475096	0.38045863931480883
0.009010932282570345	0.38070419268686667
0.00901405170607808	0.3809486261691535
0.009017170890194761	0.38119194437020204
0.009020289836741953	0.3814341400797066
0.009023408547222294	0.3816750349128384
0.009026527023138919	0.3819161028371531
0.009029645256877501	0.38215438031370025
0.009032763268378706	0.3823917306448962
0.009035881049918659	0.3826283332588674
0.009038998603062842	0.38286381470086517
0.009042115929297417	0.38309817805445157
0.009045233030155298	0.38333142254939434
0.009048349907144277	0.38356354710445095
0.009051466561789052	0.38379455096512366
0.00905458299561499	0.38402443531609953
0.00905769921003004	0.3842532000573676
0.009060815206702941	0.3844808473554659
0.009063930987047969	0.38470737163303864
0.009067046552581785	0.38493277507891793
0.009070161904832444	0.3851570618191151
0.00907327704520428	0.3853802262826871
0.009076391975254004	0.3856022716531228
0.009079506696440904	0.38582319527857595
0.009082621210262798	0.3860430016543324
0.00908573551792669	0.38626168424288787
0.009088849621449275	0.3864792495106939
0.009091963522025119	0.38669569319490654
0.009095077221168958	0.3869110149545073
0.009098190720295066	0.38712522030055696
0.009101304020798106	0.38733830237990324
0.009104417124329594	0.38755026575710616
0.009107530032243415	0.38776110651428225
0.009110642746024989	0.3879712882831945
0.009113755267085846	0.38817713523741265
0.009116867619291548	0.38838602310868925
0.009119979759109591	0.38859330909467205
0.009123091710594132	0.38879855034483
0.009126203475168045	0.38900267139145134
0.009129315054281458	0.3892056722820413
0.009132426449363995	0.38940755339248107
0.00913553766185382	0.38960831477884333
0.009138648693204375	0.38980795322293565
0.009141759544819507	0.39000647601825367
0.009144870218029856	0.3902038756739357
0.009147980714454967	0.39040015819752005
0.00915109103540414	0.3905953190600486
0.00915420118233041	0.3907892579856556
0.00915731115664574	0.39098279846171385
0.009160420954760098	0.3911742824379627
0.009163530588121986	0.3913647546965704
0.009166640053108797	0.391554320983245
0.009169749351075384	0.391742764261013
0.009172858483499642	0.39193009028412057
0.009175967451708041	0.3921162962013346
0.009179076257125624	0.3923013861252443
0.009182184901125297	0.3924853539083853
0.009185293385146086	0.3926682040157423
0.009188401710562896	0.3928499352711197
0.009191509878615636	0.3930305475101813
0.00919461789093629	0.393210043552057
0.009197725748849264	0.3933884199181902
0.009200833453585364	0.39356567878590726
0.009203941006641634	0.39374181967260286
0.00920704840939071	0.393916841111537
0.00921015566319569	0.3940907466260932
0.00921326276933612	0.3942635364129522
0.00921636972949623	0.3944352050248411
0.009219476544603812	0.3946057586785672
0.009222583216218409	0.39477519391958954
0.009225689745699856	0.39494351464773414
0.009228796134365023	0.3951107167510217
0.009231902383636194	0.3952768038121229
0.009235008494824434	0.39544177439718475
0.00923811446916863	0.39560562608885746
0.0092412203083554	0.39576836449135344
0.009244326013419145	0.3959299885168372
0.009247431585778216	0.3960904940860242
0.009250537026809143	0.39624988649633835
0.00925364233778304	0.39640816166335696
0.009256747520132174	0.39656532289391944
0.00925985257513226	0.39672137080296055
0.009262957504114377	0.396876301996624
0.009266062308389252	0.39703012214637584
0.0092691669893296	0.3971828255053609
0.009272271548257419	0.3973344140768852
0.009275375986422373	0.3974848925377163
0.009278480305218283	0.3976342558244922
0.009281584505979571	0.39778250494712103
0.009284688589994842	0.3979296435986051
0.00928779255855817	0.3980756684086916
0.009290896412871003	0.39822058208411354
0.00929400015449555	0.39836438193625767
0.009297103784588256	0.3985070700124196
0.009300207304591192	0.3986486476783901
0.009303310715481383	0.3987891156336628
0.00930641401884669	0.398928469185761
0.009309517216003437	0.3990667151348374
0.00931262030805834	0.3992038484440879
0.009315723296411123	0.39933987154128403
0.009318826182309522	0.39947478683845655
0.009321928967090418	0.3996085930376894
0.00932503165202051	0.3997412868236531
0.009328134238405617	0.39987287301246743
0.00933123672750543	0.40000335268327036
0.009334339120505276	0.4001327204963288
0.00933744141890185	0.4002609829859227
0.009340543623785467	0.40038813751464397
0.009343645736476329	0.40051418350825274
0.00934674775836107	0.40063912378044386
0.00934984969061646	0.4007629574130302
0.009352951534547335	0.4008856835011995
0.009356053291379193	0.4010073042009496
0.009359154962392832	0.4011278179308356
0.009362256548855934	0.40124722788015743
0.009365358052063942	0.4013655341697909
0.00936845947319882	0.40148273421495684
0.009371560813597232	0.40159882884441894
0.009374662074456613	0.40171382092658947
0.009377763257024723	0.40182770924412814
0.009380864362613319	0.40194049531790177
0.009383965392445041	0.4020521782816838
0.009387066347717498	0.4021627569426289
0.009390167229791841	0.40227191508001264
0.009393268039808987	0.4023822183266544
0.009396368764120436	0.4024885048831259
0.009399469434005282	0.402594030121514
0.009402570035609346	0.40269910462547964
0.009405670570084504	0.40280307932797577
0.00940877103880014	0.40290595374845284
0.009411871442910455	0.40300772741109303
0.009414971783680826	0.40310840497273354
0.009418072062273637	0.4032079818480297
0.009421172280002709	0.40330646203398307
0.009424272437874978	0.4034038440318577
0.009427372537505559	0.4035001284211914
0.009430472579886691	0.40359531577696833
0.009433572566449467	0.4036894087350947
0.009436672498054533	0.4037824037628544
0.009439772376100492	0.40387430625968196
0.009442872201771374	0.4039651102926319
0.009445971976325528	0.40405482094280387
0.009449071700972225	0.40414343708507694
0.009452171376721158	0.40423096208015197
0.009455271005342629	0.40431739172602543
0.009458370587291782	0.40440272734702015
0.009461470124353295	0.4044869729982965
0.0094645696175479	0.40457012552130006
0.009467669068060246	0.40465218762187805
0.009470768477237768	0.40473315924218056
0.009473867846007775	0.4048130399972426
0.009476967175718989	0.40489182985074257
0.009480066467505701	0.40496953117870227
0.00948316572260301	0.40504614291335367
0.009486264942232321	0.4051216664111732
0.009489364127576387	0.40519610302318415
0.00949246327982604	0.40526945066471826
0.009495562400154749	0.40534171346355
0.009498661489721113	0.4054128865786445
0.00950176054978586	0.405482975884176
0.009504859581486549	0.405551981358524
0.00950795858599631	0.4056198999084078
0.009511057564508534	0.40568673224712926
0.0095141565182398	0.4057524839075286
0.009517255448312828	0.405817150407087
0.009520354355941478	0.40588073627003135
0.009523453242278023	0.4059432380565551
0.00952655210848177	0.40600465754358767
0.009529650955784421	0.4060649964886323
0.009532749785320135	0.40612425561994653
0.00953584859826992	0.4061824325642256
0.009538947395784488	0.4062395339426827
0.009542046179032192	0.40629555149518376
0.009545144949215788	0.40635049430001535
0.009548243707418726	0.4064043571998704
0.00955134245490556	0.40645714236412706
0.009554441192777782	0.4065088529641845
0.009557539922118649	0.40655948491913796
0.00956063864428273	0.4066090435134272
0.009563737360309231	0.4066575250067886
0.00956683607136649	0.4067049340047415
0.009569934778593588	0.4067512667757619
0.009573033483139145	0.4067965272457129
0.009576132186219749	0.4068407165359191
0.009579230888938759	0.40688383232697595
0.009582329592447338	0.4069258757793198
0.00958542829789989	0.40696685046732783
0.009588527006418397	0.40700675372503675
0.009591625719184616	0.40704558603676355
0.009594724437341386	0.4070833509937837
0.009597823162020683	0.4071200452513249
0.009600921894365433	0.4071556741592478
0.009604020635503011	0.4071902343664446
0.0096071193865948	0.4072237277699069
0.009610218148769714	0.40725615658724534
0.009613316923159152	0.4072875195758824
0.009616415710909987	0.4073178162070176
0.009619514513142658	0.4073470483834101
0.009622613331022694	0.4073752200773377
0.00962571216562502	0.40740232623529976
0.009628811018115484	0.40742837087317973
0.009631909889656181	0.4074533551882713
0.009635008781334959	0.4074772769313989
0.009638107694283799	0.4075001369967501
0.009641206629663217	0.407521941470272
0.009644305588551859	0.4075426842662443
0.00964740457210348	0.40756236874077095
0.00965050358142754	0.4075809954267016
0.009653602617656859	0.40759856661487626
0.009656701681896918	0.40761507903035743
0.00965980077529192	0.40763053776901564
0.009662899898925019	0.40764494197636125
0.009665999053949577	0.4076582904924171
0.009669098241389536	0.40767058598067485
0.009672197462518899	0.407681827619257
0.009675296718371402	0.40769201704063335
0.00967839601008205	0.40770115551579134
0.009681495338730205	0.40770924397331176
0.009684594705448865	0.40771628056845965
0.009687694111346032	0.4077222697320789
0.009690793557515268	0.407727206830399
0.00969389304509922	0.40773109875637653
0.009696992575159593	0.4077339405172583
0.009700092148862204	0.40773573762773657
0.009703191767264243	0.4077364906608154
0.009706291431451863	0.4077361936363721
0.009709391142613936	0.40773485625385136
0.009712490901775894	0.40773247282475233
0.009715590710082177	0.4077290457643916
0.009718690568605316	0.40772457846910265
0.009721790478466311	0.40771906704420563
0.009724890440769077	0.4077125166777471
0.009727990456594638	0.4077049269350861
0.009731090526999577	0.40769629430556337
0.00973419065318198	0.4076866243403698
0.009737290836178523	0.4076759187025136
0.009740391077077422	0.40766417282931416
0.009743491376989292	0.4076513915924082
0.00974659173699855	0.4076375766673655
0.009749692158190722	0.4076227235051102
0.00975279264168454	0.4076068373401893
0.009755893188552897	0.40758991673444905
0.009758993799867784	0.4075719651696116
0.009762094476753663	0.40755298086823794
0.009765195220284816	0.4075329648898129
0.0097682960315385	0.40751191827194594
0.009771396911619178	0.4074898444882178
0.009774497861581523	0.4074667383042986
0.009777598882493074	0.4074426063856167
0.009780699975526419	0.4074174466043974
0.00978380114171831	0.40739125900770023
0.009786902382163096	0.40736404709183915
0.009790003697913678	0.40733581050679857
0.0097931050900523	0.4073065492841122
0.009796206559683857	0.4072762641548007
0.009799308107870953	0.4072449555076233
0.009802409735712203	0.4072126258196339
0.009805511444276417	0.4071792775394941
0.00980861323461931	0.4071449044396197
0.009811715107863815	0.4071095153265067
0.009814817065040785	0.40707310669171737
0.009817919107252257	0.40703568002704266
0.009821021235558147	0.40699723814821503
0.009824123451014678	0.40695777762689206
0.009827225754749135	0.4069173013597004
0.009830328147802833	0.40687581148119695
0.00983343063125971	0.4068333090878931
0.009836533206162484	0.4067897929550171
0.009839635873616215	0.406745264399359
0.009842738634682643	0.40669972468043303
0.009845841490421827	0.40665317457624683
0.009848944441910699	0.4066056148343714
0.009852047490211024	0.40655704644945223
0.009855150636400023	0.406507470069293
0.009858253881493577	0.4064568865930631
0.009861357226653012	0.4064052969197902
0.009864460672895283	0.4063527015367941
0.009867564221294511	0.4062991020496652
0.009870667872907881	0.4062444985239367
0.009873771628801981	0.4061888921627487
0.009876875490038056	0.4061322838765746
0.009879979457672465	0.4060746743770562
0.009883083532798497	0.4060160646918437
0.00988618771645521	0.40595645553551846
0.009889292009706445	0.4058958476323961
0.009892396413620335	0.40583424195374873
0.009895500929254512	0.4057716396077902
0.009898605557669554	0.4057080413197065
0.009901710299924755	0.4056434478247568
0.009904815157082674	0.4055778601740053
0.00990792013019961	0.40551127910452944
0.009911025220302277	0.40544370529525275
0.009914130428517673	0.4053751402599588
0.009917235755873931	0.40530558421440943
0.00992034120341929	0.40523503858426185
0.0099234467722121	0.40516350362716547
0.00992655246331624	0.40509098098572544
0.009929658277784524	0.4050174708125096
0.009932764216676496	0.4049429746903224
0.00993587028103756	0.40486749274357453
0.009938976471933168	0.4047910267726298
0.009942082790395861	0.4047135768630172
0.009945189237520503	0.40463514420355134
0.009948295814316756	0.40455573001361966
0.009951402521900578	0.4044753347546216
0.009954509361263459	0.4043939596074413
0.009957616333464682	0.4043116051442327
0.009960723439608165	0.4042282727640158
0.009963830680692688	0.40414396292636734
0.009966938057794422	0.4040586769712296
0.009970045571955351	0.40397241539498774
0.009973153224233354	0.4038851793078283
0.009976261015679526	0.40379696950952554
0.0099793689473456	0.4037077872746017
0.009982477020277504	0.40361763328106337
0.009985585235528166	0.4035265083688176
0.009988693594148905	0.403434413561553
0.009991802097189398	0.40334135012062367
0.009994910745700036	0.40324731742206316
0.009998019540741027	0.40315231866713996