0.	0.38706709823857366	0	0.38706709823857366
2.5025025025025024e-6	0.38590736214985466	0	0.38590736214985466
5.005005005005005e-6	0.38474309804728757	0	0.38474309804728757
7.507507507507507e-6	0.38357441254912417	0	0.38357441254912417
0.00001001001001001001	0.3824014118239534	0	0.3824014118239534
0.000012512512512512513	0.38122420081901304	0	0.38122420081901304
0.000015015015015015015	0.3800428834213726	0	0.3800428834213726
0.000017517517517517516	0.3788575627992111	0	0.3788575627992111
0.00002002002002002002	0.3776683406798377	0	0.3776683406798377
0.000022522522522522523	0.37647531775440185	0	0.37647531775440185
0.000025025025025025026	0.3752785942751914	0	0.3752785942751914
0.000027527527527527526	0.37407826855391735	0	0.37407826855391735
0.00003003003003003003	0.37287443842568574	0	0.37287443842568574
0.00003253253253253253	0.37166720065698877	0	0.37166720065698877
0.00003503503503503503	0.37045665074804424	0	0.37045665074804424
0.000037537537537537536	0.36924288341212735	0	0.36924288341212735
0.00004004004004004004	0.3680259920591121	0	0.3680259920591121
0.00004254254254254254	0.3668060691725198	0	0.3668060691725198
0.000045045045045045046	0.3655832058900943	0	0.3655832058900943
0.00004754754754754755	0.36435749515782256	0	0.36435749515782256
0.00005005005005005005	0.3631290220621298	0	0.3631290220621298
0.000052552552552552556	0.3618978785885065	0	0.3618978785885065
0.00005505505505505505	0.3606641500111941	0	0.3606641500111941
0.000057557557557557555	0.35942792434261533	0	0.35942792434261533
0.00006006006006006006	0.35818928559336677	0	0.35818928559336677
0.00006256256256256256	0.35694831790835696	0	0.35694831790835696
0.00006506506506506506	0.35570510627291047	0	0.35570510627291047
0.00006756756756756757	0.35445973281145954	0	0.35445973281145954
0.00007007007007007007	0.3532122780268943	0	0.3532122780268943
0.00007257257257257258	0.3519628219090876	0	0.3519628219090876
0.00007507507507507507	0.35071144333743387	0	0.35071144333743387
0.00007757757757757758	0.3494582234680379	0	0.3494582234680379
0.00008008008008008008	0.34820323772314904	0	0.34820323772314904
0.00008258258258258259	0.3469465627282671	0	0.3469465627282671
0.00008508508508508508	0.3456882734421334	0	0.3456882734421334
0.00008758758758758758	0.3444284461385781	0	0.3444284461385781
0.00009009009009009009	0.3431671535406618	0	0.3431671535406618
0.00009259259259259259	0.3419044662120784	0	0.3419044662120784
0.0000950950950950951	0.3406404595423757	0	0.3406404595423757
0.0000975975975975976	0.3393752005589543	0	0.3393752005589543
0.0001001001001001001	0.33810876134878876	0	0.33810876134878876
0.0001026026026026026	0.33684121111800597	0	0.33684121111800597
0.00010510510510510511	0.3355726158822017	0	0.3355726158822017
0.00010760760760760761	0.33430304264120303	0	0.33430304264120303
0.0001101101101101101	0.33303255991053216	0	0.33303255991053216
0.00011261261261261261	0.331761230799385	0	0.331761230799385
0.00011511511511511511	0.33048912138938735	0	0.33048912138938735
0.00011761761761761762	0.3292162929892226	0	0.3292162929892226
0.00012012012012012012	0.3279428074842167	0	0.3279428074842167
0.00012262262262262261	0.3266687296459103	0	0.3266687296459103
0.00012512512512512512	0.32539411979206895	0	0.32539411979206895
0.00012762762762762763	0.3241190343513901	0	0.3241190343513901
0.00013013013013013012	0.32284353526598436	0	0.32284353526598436
0.00013263263263263263	0.32156768042967016	0	0.32156768042967016
0.00013513513513513514	0.32029152655387816	0	0.32029152655387816
0.00013763763763763765	0.31901512867673054	0	0.31901512867673054
0.00014014014014014013	0.31773854565251913	0	0.31773854565251913
0.00014264264264264264	0.31646182919178734	0	0.31646182919178734
0.00014514514514514515	0.3151850355406672	0	0.3151850355406672
0.00014764764764764766	0.31390821646250744	0	0.31390821646250744
0.00015015015015015014	0.3126314238167849	0	0.3126314238167849
0.00015265265265265265	0.3113547112437386	0	0.3113547112437386
0.00015515515515515516	0.3100781277910602	0	0.3100781277910602
0.00015765765765765765	0.30880172444594073	0	0.30880172444594073
0.00016016016016016016	0.3075255482923976	0	0.3075255482923976
0.00016266266266266267	0.3062496503520028	0	0.3062496503520028
0.00016516516516516518	0.30497407604592885	0	0.30497407604592885
0.00016766766766766766	0.30369887399441375	0	0.30369887399441375
0.00017017017017017017	0.30242408717777564	0	0.30242408717777564
0.00017267267267267268	0.3011497659711824	0	0.3011497659711824
0.00017517517517517516	0.29987594986702076	0	0.29987594986702076
0.00017767767767767767	0.2986026857718359	0	0.2986026857718359
0.00018018018018018018	0.2973300160405448	0	0.2973300160405448
0.0001826826826826827	0.29605798350108053	0	0.29605798350108053
0.00018518518518518518	0.2947866278944791	0	0.2947866278944791
0.00018768768768768769	0.29351599302352793	0	0.29351599302352793
0.0001901901901901902	0.29224611717624577	0	0.29224611717624577
0.0001926926926926927	0.290977039799084	0	0.290977039799084
0.0001951951951951952	0.2897087999889012	0	0.2897087999889012
0.0001976976976976977	0.28844143771801173	0	0.28844143771801173
0.0002002002002002002	0.2871749878823731	0	0.2871749878823731
0.0002027027027027027	0.285909488209866	0	0.285909488209866
0.0002052052052052052	0.28464497692322105	0	0.28464497692322105
0.0002077077077077077	0.28338148662095075	0	0.28338148662095075
0.00021021021021021022	0.2821190534254827	0	0.2821190534254827
0.0002127127127127127	0.28085771143359434	0	0.28085771143359434
0.00021521521521521522	0.27959749409763623	0	0.27959749409763623
0.00021771771771771773	0.27833843466074176	0	0.27833843466074176
0.0002202202202202202	0.27708056597914704	0	0.27708056597914704
0.00022272272272272272	0.27582391840933984	0	0.27582391840933984
0.00022522522522522523	0.27456852384527314	0	0.27456852384527314
0.00022772772772772774	0.2733144136731538	0	0.2733144136731538
0.00023023023023023022	0.2720616163142782	0	0.2720616163142782
0.00023273273273273273	0.2708101616819536	0	0.2708101616819536
0.00023523523523523524	0.26956007917848	0	0.26956007917848
0.00023773773773773772	0.2683113958966031	0	0.2683113958966031
0.00024024024024024023	0.2670641411382192	0	0.2670641411382192
0.00024274274274274274	0.2658183388231817	0	0.2658183388231817
0.00024524524524524523	0.2645740192926199	0	0.2645740192926199
0.00024774774774774777	0.2633312047588973	0	0.2633312047588973
0.00025025025025025025	0.26208992391665625	0	0.26208992391665625
0.00025275275275275273	0.2608501985167253	0	0.2608501985167253
0.00025525525525525527	0.25961205715839036	0	0.25961205715839036
0.00025775775775775775	0.2583755192137182	0	0.2583755192137182
0.00026026026026026023	0.2571406101097781	0	0.2571406101097781
0.00026276276276276277	0.25590735192593606	0	0.25590735192593606
0.00026526526526526525	0.25467576845361656	0	0.25467576845361656
0.0002677677677677678	0.25344587981459316	0	0.25344587981459316
0.0002702702702702703	0.2522177070726266	0	0.2522177070726266
0.00027277277277277276	0.2509912723732352	0	0.2509912723732352
0.0002752752752752753	0.24976659554283717	0	0.24976659554283717
0.0002777777777777778	0.2485436965666362	0	0.2485436965666362
0.00028028028028028026	0.24732259374688495	0	0.24732259374688495
0.0002827827827827828	0.24610330751364423	0	0.24610330751364423
0.0002852852852852853	0.2448858551655047	0	0.2448858551655047
0.00028778778778778776	0.2436702558545432	0	0.2436702558545432
0.0002902902902902903	0.24245652576082313	0	0.24245652576082313
0.0002927927927927928	0.2412446829485859	0	0.2412446829485859
0.0002952952952952953	0.24003474294983465	0	0.24003474294983465
0.0002977977977977978	0.23882673091254303	0	0.23882673091254303
0.0003003003003003003	0.23762064053549803	0	0.23762064053549803
0.0003028028028028028	0.23641650877022938	0	0.23641650877022938
0.0003053053053053053	0.23521434265796953	0	0.23521434265796953
0.0003078078078078078	0.2340141578753168	0	0.2340141578753168
0.00031031031031031033	0.23281596830819118	0	0.23281596830819118
0.0003128128128128128	0.23161978653462778	0	0.23161978653462778
0.0003153153153153153	0.23042562789781015	0	0.23042562789781015
0.00031781781781781783	0.2292335046992981	0	0.2292335046992981
0.0003203203203203203	0.2280434291867052	0	0.2280434291867052
0.0003228228228228228	0.22685541367235096	0	0.22685541367235096
0.00032532532532532533	0.22566947084843156	0	0.22566947084843156
0.0003278278278278278	0.2244856107147451	0	0.2244856107147451
0.00033033033033033035	0.2233038465421413	0	0.2233038465421413
0.00033283283283283284	0.22212418718300944	0	0.22212418718300944
0.0003353353353353353	0.22094664482765877	0	0.22094664482765877
0.00033783783783783786	0.21977122766955556	0	0.21977122766955556
0.00034034034034034034	0.21859794775993932	0	0.21859794775993932
0.0003428428428428428	0.21742681384120155	0	0.21742681384120155
0.00034534534534534536	0.21625783356103545	0	0.21625783356103545
0.00034784784784784784	0.2150910178151541	0	0.2150910178151541
0.0003503503503503503	0.21392637390857458	0	0.21392637390857458
0.00035285285285285286	0.21276391053489754	0	0.21276391053489754
0.00035535535535535535	0.21160363478541425	0	0.21160363478541425
0.0003578578578578579	0.2104455552511593	0	0.2104455552511593
0.00036036036036036037	0.20928967886033364	0	0.20928967886033364
0.00036286286286286285	0.20813601246854818	0	0.20813601246854818
0.0003653653653653654	0.2069845629137755	0	0.2069845629137755
0.00036786786786786787	0.20583533691271572	0	0.20583533691271572
0.00037037037037037035	0.20468833984710366	0	0.20468833984710366
0.0003728728728728729	0.20354357792186	0	0.20354357792186
0.00037537537537537537	0.20240105682423465	0	0.20240105682423465
0.00037787787787787786	0.20126078228042496	0	0.20126078228042496
0.0003803803803803804	0.20012275828298992	0	0.20012275828298992
0.0003828828828828829	0.198986990211254	0	0.198986990211254
0.0003853853853853854	0.19785348277498846	0	0.19785348277498846
0.0003878878878878879	0.19672223990792959	0	0.19672223990792959
0.0003903903903903904	0.1955932661564502	0	0.1955932661564502
0.0003928928928928929	0.1944665654489278	0	0.1944665654489278
0.0003953953953953954	0.19334213981518797	0	0.19334213981518797
0.0003978978978978979	0.19221999425144914	0	0.19221999425144914
0.0004004004004004004	0.191100130853606	0	0.191100130853606
0.0004029029029029029	0.18998255330016103	0	0.18998255330016103
0.0004054054054054054	0.18886726341564136	0	0.18886726341564136
0.0004079079079079079	0.1877542644256669	0	0.1877542644256669
0.0004104104104104104	0.18664355729200294	0	0.18664355729200294
0.0004129129129129129	0.18553514553603967	0	0.18553514553603967
0.0004154154154154154	0.1844290294880498	0	0.1844290294880498
0.0004179179179179179	0.18332521158674467	0	0.18332521158674467
0.00042042042042042044	0.18222369295649102	0	0.18222369295649102
0.00042292292292292293	0.1811244746332448	0	0.1811244746332448
0.0004254254254254254	0.18002755842125148	0	0.18002755842125148
0.00042792792792792795	0.17893294439212776	0	0.17893294439212776
0.00043043043043043043	0.17784063229667071	0	0.17784063229667071
0.0004329329329329329	0.1767506242771801	0	0.1767506242771801
0.00043543543543543545	0.1756629197167333	0	0.1756629197167333
0.00043793793793793793	0.17457751824382747	0	0.17457751824382747
0.0004404404404404404	0.17349441978789726	0	0.17349441978789726
0.00044294294294294295	0.1724136251966512	0	0.1724136251966512
0.00044544544544544544	0.1713351303000605	0	0.1713351303000605
0.000447947947947948	0.17025894023430532	0	0.17025894023430532
0.00045045045045045046	0.16918505020752075	0	0.16918505020752075
0.00045295295295295294	0.1681134650703979	0	0.1681134650703979
0.0004554554554554555	0.16704417374650468	0	0.16704417374650468
0.00045795795795795796	0.16597717745509957	0	0.16597717745509957
0.00046046046046046044	0.16491248139507392	0.002016739555566302	0.16692922095064022
0.000462962962962963	0.1638500831021466	0.005318893048397638	0.16916897615054424
0.00046546546546546546	0.16278997471483794	0.008588478296631528	0.17137845301146948
0.00046796796796796795	0.16173215850851505	0.011857102050787882	0.17358926055930293
0.0004704704704704705	0.16067662778262526	0.015125018866754153	0.17580164664937942
0.00047297297297297297	0.159623388926454	0.018392412760904593	0.1780158016873586
0.00047547547547547545	0.1585724353298164	0.021659421072997693	0.1802318564028141
0.000477977977977978	0.1575235609657235	0.02492612291259954	0.18244968387832305
0.00048048048048048047	0.15647735909167967	0.028192575437162793	0.18466993452884248
0.000482982982982983	0.15543324411687715	0.03145880914658325	0.1868920532634604
0.0004854854854854855	0.15439140032485504	0.034724838320413724	0.18911623864526877
0.000487987987987988	0.15335183214704756	0.0379906441102184	0.19134247625726597
0.0004904904904904905	0.15231453082906052	0.041256247538549916	0.19357077836761044
0.000492992992992993	0.1512794962217317	0.04452158868275284	0.19580108490448456
0.0004954954954954955	0.15024671819445581	0.04778664460817264	0.19803336280262845
0.000497997997997998	0.14921619902310143	0.05105125055903172	0.20026744958213316
0.0005005005005005005	0.14818793822134568	0.05431569811097935	0.20250363633232504
0.000503003003003003	0.14716192629403846	0.057578395751039436	0.2047403220450779
0.0005055055055055055	0.14613816716525566	0.06084298350617622	0.20698115067143188
0.000508008008008008	0.14511664798832924	0.06410569751477836	0.2092223455031076
0.0005105105105105105	0.14409736989582647	0.06736777579114399	0.21146514568697045
0.000513013013013013	0.14308032505284993	0.07062917718662119	0.2137095022394711
0.0005155155155155155	0.14206551835036801	0.07388946194527164	0.21595498029563964
0.000518018018018018	0.14105293203839478	0.07714893988905235	0.2182018719274471
0.0005205205205205205	0.14004257711159923	0.08040727362691136	0.2204498507385106
0.000523023023023023	0.13903443391242035	0.08366458271577651	0.22269901662819686
0.0005255255255255255	0.13802850691911767	0.08692013661602103	0.22494864353513871
0.0005280280280280281	0.13702479479977164	0.0901744822164418	0.22719927701621345
0.0005305305305305305	0.1360232785519444	0.09342714532073493	0.22945042387267933
0.000533033033033033	0.1350239716175961	0.0966780486258394	0.2317020202434355
0.0005355355355355356	0.13402685833678457	0.09992697016580263	0.2339538285025872
0.000538038038038038	0.13303193436821423	0.10317291311495638	0.2362048474831706
0.0005405405405405405	0.1320391938779062	0.10641868295664873	0.23845787683455494
0.0005430430430430431	0.13104864039368908	0.10966116371588054	0.2407098041095696
0.0005455455455455455	0.13006025506951943	0.11290062755580231	0.24296088262532173
0.000548048048048048	0.12907404108716602	0.11613762869091475	0.2452116697780808
0.0005505505505505506	0.12808999740519914	0.119371701107767	0.24746169851296612
0.000553053053053053	0.12710810502654862	0.1226026883708548	0.24971079339740343
0.0005555555555555556	0.12612837311092326	0.1258304235152517	0.25195879662617493
0.0005580580580580581	0.12515079073540264	0.12905442712285	0.2542052178582527
0.0005605605605605605	0.12417534957198718	0.13227506584032528	0.25645041541231245
0.0005630630630630631	0.12320204410592789	0.13549162978083046	0.25869367388675835
0.0005655655655655656	0.12223086771943849	0.13870426282159715	0.2609351305410356
0.000568068068068068	0.12126181820907762	0.14191235307832678	0.2631741712874044
0.0005705705705705706	0.12029488834416832	0.1451160876947979	0.26541097603896624
0.0005730730730730731	0.11933007696296327	0.14831504194819736	0.2676451189111606
0.0005755755755755755	0.11836736824526822	0.15150922689659344	0.2698765951418617
0.0005780780780780781	0.11740676220302361	0.15469798901508433	0.27210475121810795
0.0005805805805805806	0.11644825325848308	0.15788148740841915	0.27432974066690224
0.000583083083083083	0.1154918307470834	0.16105920565804366	0.27655103640512707
0.0005855855855855856	0.11453749383173054	0.16423131110383665	0.2787688049355672
0.0005880880880880881	0.11358522925299386	0.1673973062466628	0.2809825354996567
0.0005905905905905906	0.11263504086791629	0.1705570098642005	0.2831920507321168
0.0005930930930930931	0.11168691361077297	0.1737100719471683	0.2853969855579413
0.0005955955955955956	0.11074084328385495	0.1768563878645493	0.28759723114840424
0.0005980980980980981	0.10979682143107189	0.179995672748125	0.2897924941791969
0.0006006006006006006	0.10885484569592503	0.1831276983070329	0.2919825440029579
0.0006031031031031031	0.10791490897373193	0.18625221525045874	0.29416712422419067
0.0006056056056056056	0.10697700061521943	0.18936897298020708	0.2963459735954265
0.0006081081081081081	0.1060411156496026	0.19247772899262852	0.2985188446422311
0.0006106106106106106	0.10510724807118584	0.1955782420474354	0.3006854901186212
0.0006131131131131132	0.1041754582369235	0.1986702400545986	0.3028456982915221
0.0006156156156156156	0.10324546523553914	0.20175351924992713	0.30499898448546625
0.0006181181181181181	0.10231768619850765	0.2048277868858391	0.30714547308434675
0.0006206206206206207	0.10139182086410214	0.20789280247333325	0.3092846233374354
0.0006231231231231231	0.10046793205308288	0.21094825447125598	0.3114161865243389
0.0006256256256256256	0.09954602346723677	0.21399408673094286	0.3135401101981796
0.0006281281281281282	0.09862607736623243	0.21702984772089137	0.3156559250871238
0.0006306306306306306	0.09770809002409803	0.22005534120412737	0.31776343122822537
0.0006331331331331331	0.09679206150401179	0.22307032830319673	0.3198623898072085
0.0006356356356356357	0.09587797362259336	0.22607419772038656	0.32195217134297993
0.0006381381381381381	0.09496582472642498	0.22906774188326529	0.3240335666096903
0.0006406406406406406	0.09405560853114714	0.23204966252529516	0.32610527105644227
0.0006431431431431432	0.09314731016915696	0.23502005433309803	0.328167364502255
0.0006456456456456456	0.09224093175254093	0.23797866470583745	0.3302195964583784
0.0006481481481481481	0.09133645528557943	0.24092524910950816	0.3322617043950876
0.0006506506506506507	0.09043388352355083	0.24385954888525982	0.33429343240881065
0.0006531531531531532	0.0895332029375271	0.24678130314776667	0.3363145060852938
0.0006556556556556556	0.08863440457295131	0.24969027772072366	0.33832468229367496
0.0006581581581581582	0.08773748235204282	0.2525862181997679	0.3403237005518107
0.0006606606606606607	0.08684242864682426	0.25546887056923023	0.3423112992160545
0.0006631631631631631	0.08594923517057446	0.2583380032193837	0.3442872383899582
0.0006656656656656657	0.08505789316108664	0.26119335213131567	0.3462512452924023
0.0006681681681681682	0.08416839397059928	0.2640346748916581	0.3482030688622574
0.0006706706706706706	0.0832807288071802	0.26686174124750905	0.35014247005468924
0.0006731731731731732	0.0823948937112631	0.26967429424814454	0.35206918795940767
0.0006756756756756757	0.08151087687890626	0.27247210424814206	0.3539829811270483
0.0006781781781781781	0.08062866613710873	0.27525492893818515	0.3558835950752939
0.0006806806806806807	0.07974825978747685	0.2780225256103392	0.35777078539781604
0.0006831831831831832	0.0788696467628633	0.28077465622663506	0.35964430298949834
0.0006856856856856856	0.07799281636822672	0.2835111130029753	0.361503929371202
0.0006881881881881882	0.07711776397935655	0.28623163937198987	0.3633494033513464
0.0006906906906906907	0.07624447402585648	0.2889360066282847	0.3651804806541412
0.0006931931931931931	0.07537294600530607	0.2916239921600952	0.3669969381654013
0.0006956956956956957	0.07450316506031014	0.29429538753833134	0.36879855259864147
0.0006981981981981982	0.07363512367149365	0.29694994852292794	0.3705850721944216
0.0007007007007007007	0.07276881146974154	0.29958746979782086	0.3723562812675624
0.0007032032032032032	0.07190403217443789	0.3022077114536269	0.37411174362806476
0.0007057057057057057	0.07104137732029972	0.3048108771498153	0.37585225447011505
0.0007082082082082082	0.07018016580999326	0.3073955115358417	0.37757567734583497
0.0007107107107107107	0.06932068167131941	0.3099627236325971	0.37928340530391647
0.0007132132132132132	0.06846288218102078	0.31251179390203204	0.3809746760830528
0.0007157157157157158	0.0676067593265036	0.3150425413861561	0.38264930071265973
0.0007182182182182182	0.06675227330569372	0.3175547745286173	0.384307047834311
0.0007207207207207207	0.06589948873372245	0.32004830375741977	0.3859477924911422
0.0007232232232232233	0.06504832243755704	0.3225229145069939	0.3875712369445509
0.0007257257257257257	0.0641987915300047	0.324978430452591	0.3891772219825957
0.0007282282282282282	0.06335088651618617	0.327414641151632	0.39076552766781814
0.0007307307307307308	0.06250458652491865	0.32983137614870967	0.3923359626736283
0.0007332332332332332	0.06165989910092707	0.33222846255046445	0.3938883616513915
0.0007357357357357357	0.06081680032874744	0.33460570059481154	0.39542250092355896
0.0007382382382382383	0.059975281879793375	0.3369629147372499	0.39693819661704327
0.0007407407407407407	0.0591353359449313	0.3392999495086471	0.3984352854535784
0.0007432432432432432	0.05829694782420208	0.3416166206287395	0.39991356845294157
0.0007457457457457458	0.05746010643533494	0.34391275354989287	0.4013728599852278
0.0007482482482482482	0.05662480570536417	0.34618820806395395	0.4028130137693181
0.0007507507507507507	0.05579102795544088	0.34844280374786957	0.40423383170331045
0.0007532532532532533	0.05495876620133423	0.35067639945905016	0.4056351656603844
0.0007557557557557557	0.05412800584518742	0.3528888288243197	0.4070168346695071
0.0007582582582582582	0.05329874040599897	0.3550799626815696	0.4083787030875686
0.0007607607607607608	0.052470960093852714	0.35724964009558424	0.40972060018943696
0.0007632632632632632	0.051644616610492515	0.3593977088429828	0.4110423254534753
0.0007657657657657658	0.050819730615501095	0.36152406501949885	0.41234379563499995
0.0007682682682682683	0.04999632077078029	0.36362855333267985	0.41362487410346016
0.0007707707707707708	0.049174283750774525	0.3657110317603366	0.41488531551111113
0.0007732732732732733	0.048353745088228824	0.367771403955195	0.4161251490434238
0.0007757757757757758	0.04753456521990574	0.36980953026518265	0.4173440954850884
0.0007782782782782783	0.046716793709893636	0.3718252725291673	0.41854206623906093
0.0007807807807807808	0.04590036780826232	0.3738185552758483	0.41971892308411063
0.0007832832832832833	0.0450853139790145	0.3757892514271219	0.4208745654061364
0.0007857857857857858	0.04427161355856883	0.3777372383426042	0.42200885190117304
0.0007882882882882883	0.04345923875029717	0.37966242137962725	0.4231216601299244
0.0007907907907907908	0.04264822620599131	0.381564712682648	0.4242129388886393
0.0007932932932932933	0.041838457924090834	0.3834440085372841	0.42528246646137496
0.0007957957957957958	0.041030004552083534	0.38530020644252855	0.4263302109946121
0.0007982982982982983	0.040222858830496186	0.38713324299150015	0.42735610182199635
0.0008008008008008008	0.03941690790650909	0.3889430147206035	0.4283599226271126
0.0008033033033033033	0.03861229017706758	0.3907294435178768	0.4293417336949444
0.0008058058058058058	0.037808791098577064	0.39249245205772565	0.4303012431563027
0.0008083083083083083	0.03700661732736807	0.3942319822181324	0.4312385995455005
0.0008108108108108108	0.03620559393190053	0.3959479475594257	0.43215354149132623
0.0008133133133133133	0.035405751470486614	0.39764029460562783	0.43304604607611447
0.0008158158158158158	0.03460707424284236	0.3993089630489023	0.43391603729174466
0.0008183183183183183	0.03380959310620518	0.4009536486717899	0.4347632417779951
0.0008208208208208208	0.03301312261462518	0.40257505485320016	0.43558817746782535
0.0008233233233233233	0.032217902714446724	0.40417235984839084	0.4363902625628376
0.0008258258258258258	0.03142356444247498	0.40574577718708466	0.4371693416295596
0.0008283283283283283	0.030631191092485775	0.40729527323057835	0.43792646432306415
0.0008308308308308308	0.029838492339766154	0.40882081451078633	0.4386593068505525
0.0008333333333333334	0.029047460341568618	0.41032235291344804	0.4393698132550167
0.0008358358358358358	0.028257450170374513	0.4117998571099041	0.4400573072802786
0.0008383383383383384	0.027468437924965776	0.41325332774550394	0.4407217656704697
0.0008408408408408409	0.02668040278459955	0.4146827151447404	0.44136311792933997
0.0008433433433433433	0.025893055264909898	0.4160880093414273	0.44198106460633724
0.0008458458458458459	0.025107250785950306	0.4174692191363954	0.4425764699223457
0.0008483483483483484	0.024321932810443533	0.41882630181398556	0.4431482346244291
0.0008508508508508508	0.023537592790553164	0.42015926388495145	0.4436968566755046
0.0008533533533533534	0.022754122550567836	0.42146809897482695	0.4442222215253948
0.0008558558558558559	0.021971415476407002	0.4227528077465492	0.44472422322295624
0.0008583583583583583	0.021189722495988834	0.42401339575239594	0.44520311824838477
0.0008608608608608609	0.020408687508000782	0.4252498696649918	0.4456585571729926
0.0008633633633633634	0.019628462254570322	0.4264622421315187	0.446090704386089
0.0008658658658658658	0.0188489842485192	0.4276505245807742	0.4464995088292934
0.0008683683683683684	0.018070228916821782	0.4288147381972567	0.4468849671140785
0.0008708708708708709	0.017291952290735497	0.4299549032234572	0.4472468555141927
0.0008733733733733733	0.016514646482566654	0.43107104366260196	0.44758569014516864
0.0008758758758758759	0.01573815367187062	0.4321631915209314	0.447901345192802
0.0008783783783783784	0.014961930814580112	0.43323137219440666	0.4481933030089868
0.0008808808808808808	0.014186393381199536	0.43427562798902	0.4484620213702195
0.0008833833833833834	0.01341141691754173	0.43529599221575066	0.4487074091332924
0.0008858858858858859	0.012636970669800731	0.43629250974666894	0.4489294804164697
0.0008883883883883883	0.011863020486281869	0.43726522218347363	0.4491282426697555
0.0008908908908908909	0.01108954197148328	0.43821417887788955	0.4493037208493728
0.0008933933933933934	0.010316497921519681	0.43913943280996737	0.44945593073148704
0.000895895895895896	0.009543854346057628	0.44004103679000284	0.4495848911360605
0.0008983983983983984	0.008771578794021666	0.4409190487565382	0.4496906275505599
0.0009009009009009009	0.007999635256132336	0.4417735271154575	0.4497731623715898
0.0009034034034034035	0.0072279860287323226	0.4426045364818361	0.44983252251056843
0.0009059059059059059	0.006456591808501217	0.4434121454461106	0.4498687372546118
0.0009084084084084084	0.005685409982078718	0.44419642017089567	0.4498818301529744
0.000910910910910911	0.004914396463139835	0.444957434224003	0.44987183068714287
0.0009134134134134134	0.004143499710820167	0.445695260177859	0.44983875988867916
0.0009159159159159159	0.0033726652256192424	0.44640997794512816	0.4497826431707474
0.0009184184184184185	0.002601830489876525	0.4471016670134016	0.4497034975032781
0.0009209209209209209	0.0018309263631182868	0.44777041137952495	0.4496013377426432
0.0009234234234234234	0.0010603406073207732	0.44841629489348617	0.44947663550080696
0.000925925925925926	0.00028129483669333004	0.44903940700973605	0.44932070184642936
0.0009284284284284284	0	0.44963983842583327	0.44963983842583327
0.0009309309309309309	0	0.4502176801330073	0.4502176801330073
0.0009334334334334335	0	0.4507730303814036	0.4507730303814036
0.0009359359359359359	0	0.4513059887179356	0.4513059887179356
0.0009384384384384384	0	0.4518166515334797	0.4518166515334797
0.000940940940940941	0	0.4523051228500822	0.4523051228500822
0.0009434434434434434	0	0.4527715091503297	0.4527715091503297
0.0009459459459459459	0	0.4532159155571497	0.4532159155571497
0.0009484484484484485	0	0.4536384547594252	0.4536384547594252
0.0009509509509509509	0	0.45403923480070596	0.45403923480070596
0.0009534534534534534	0	0.4544183697418037	0.4544183697418037
0.000955955955955956	0	0.4547759755598995	0.4547759755598995
0.0009584584584584585	0	0.45511217025807	0.45511217025807
0.0009609609609609609	0	0.4554270743175379	0.4554270743175379
0.0009634634634634635	0	0.45572080730739833	0.45572080730739833
0.000965965965965966	0	0.4559934917664771	0.4559934917664771
0.0009684684684684684	0	0.4562452533062893	0.4562452533062893
0.000970970970970971	0	0.456476201385142	0.456476201385142
0.0009734734734734735	0	0.45668651780314035	0.45668651780314035
0.000975975975975976	0	0.4568762783688337	0.4568762783688337
0.0009784784784784785	0	0.45704563362617695	0.45704563362617695
0.000980980980980981	0	0.4571947140449165	0.4571947140449165
0.0009834834834834836	0	0.4573236567588103	0.4573236567588103
0.000985985985985986	0	0.4574325966713564	0.4574325966713564
0.0009884884884884884	0	0.4575216721524615	0.4575216721524615
0.000990990990990991	0	0.4575910197044697	0.4575910197044697
0.0009934934934934935	0	0.4576407829277356	0.4576407829277356
0.000995995995995996	0	0.4576711003138864	0.4576711003138864
0.0009984984984984986	0	0.45768211651628943	0.45768211651628943
0.001001001001001001	0	0.45767397319412134	0.45767397319412134
0.0010035035035035034	0	0.4576468174914006	0.4576468174914006
0.001006006006006006	0	0.4576007936358196	0.4576007936358196
0.0010085085085085085	0	0.4575360500556662	0.4575360500556662
0.001011011011011011	0	0.4574527318367938	0.4574527318367938
0.0010135135135135136	0	0.4573509930258258	0.4573509930258258
0.001016016016016016	0	0.45723097810303304	0.45723097810303304
0.0010185185185185184	0	0.45709284314645804	0.45709284314645804
0.001021021021021021	0	0.45693673324336725	0.45693673324336725
0.0010235235235235235	0	0.4567628057580349	0.4567628057580349
0.001026026026026026	0	0.4565712138472772	0.4565712138472772
0.0010285285285285286	0	0.45636210794772175	0.45636210794772175
0.001031031031031031	0	0.45613564600479634	0.45613564600479634
0.0010335335335335334	0	0.45589197880013105	0.45589197880013105
0.001036036036036036	0	0.45563126517079683	0.45563126517079683
0.0010385385385385385	0	0.4553536620843445	0.4553536620843445
0.001041041041041041	0	0.4550593246876335	0.4550593246876335
0.0010435435435435436	0	0.4547484091674827	0.4547484091674827
0.001046046046046046	0	0.45442107345927224	0.45442107345927224
0.0010485485485485487	0	0.45407747842630725	0.45407747842630725
0.001051051051051051	0	0.4537177776130247	0.4537177776130247
0.0010535535535535535	0	0.4533421327621636	0.4533421327621636
0.0010560560560560562	0	0.4529507022841348	0.4529507022841348
0.0010585585585585586	0	0.4525436453419798	0.4525436453419798
0.001061061061061061	0	0.4521211203080977	0.4521211203080977
0.0010635635635635637	0	0.4516832854574655	0.4516832854574655
0.001066066066066066	0	0.4512303041465446	0.4512303041465446
0.0010685685685685685	0	0.45076233267141924	0.45076233267141924
0.0010710710710710712	0	0.45027953179270314	0.45027953179270314
0.0010735735735735736	0	0.4497820625900562	0.4497820625900562
0.001076076076076076	0	0.44927008161686927	0.44927008161686927
0.0010785785785785787	0	0.44874375422757756	0.44874375422757756
0.001081081081081081	0	0.4482032334062684	0.4482032334062684
0.0010835835835835835	0	0.44764868235628535	0.44764868235628535
0.0010860860860860862	0	0.44708025869352425	0.44708025869352425
0.0010885885885885886	0	0.4464981270611302	0.4464981270611302
0.001091091091091091	0	0.44590243954203634	0.44590243954203634
0.0010935935935935937	0	0.44529335834602823	0.44529335834602823
0.001096096096096096	0	0.44467104225169907	0.44467104225169907
0.0010985985985985985	0	0.44403564936492707	0.44403564936492707
0.0011011011011011012	0	0.4433873365101897	0.4433873365101897
0.0011036036036036036	0	0.4427262637518752	0.4427262637518752
0.001106106106106106	0	0.44205258690247873	0.44205258690247873
0.0011086086086086087	0	0.44136646164107085	0.44136646164107085
0.0011111111111111111	0	0.44066804876378174	0.44066804876378174
0.0011136136136136135	0	0.4399575016649322	0.4399575016649322
0.0011161161161161162	0	0.43923497571594694	0.43923497571594694
0.0011186186186186186	0	0.4385006290165824	0.4385006290165824
0.001121121121121121	0	0.43775461309829916	0.43775461309829916
0.0011236236236236237	0	0.436997084048455	0.436997084048455
0.0011261261261261261	0	0.43622819550484393	0.43622819550484393
0.0011286286286286285	0	0.43544810149466734	0.43544810149466734
0.0011311311311311312	0	0.43465695073504423	0.43465695073504423
0.0011336336336336336	0	0.4338549009732611	0.4338549009732611
0.001136136136136136	0	0.4330421005506188	0.4330421005506188
0.0011386386386386387	0	0.4322186987417862	0.4322186987417862
0.0011411411411411411	0	0.43138485027322626	0.43138485027322626
0.0011436436436436436	0	0.43054070026728436	0.43054070026728436
0.0011461461461461462	0	0.4296863992560516	0.4296863992560516
0.0011486486486486486	0	0.4288220938766975	0.4288220938766975
0.001151151151151151	0	0.42794793484552773	0.42794793484552773
0.0011536536536536537	0	0.42706406640979816	0.42706406640979816
0.0011561561561561561	0	0.42617063354927126	0.42617063354927126
0.0011586586586586586	0	0.4252677848734726	0.4252677848734726
0.0011611611611611612	0	0.42435566051474716	0.42435566051474716
0.0011636636636636636	0	0.42343440550733447	0.42343440550733447
0.001166166166166166	0	0.4225041635086458	0.4225041635086458
0.0011686686686686687	0	0.4215650761625931	0.4215650761625931
0.0011711711711711711	0	0.42061728435945533	0.42061728435945533
0.0011736736736736738	0	0.41966092703877983	0.41966092703877983
0.0011761761761761762	0	0.41869614377220815	0.41869614377220815
0.0011786786786786786	0	0.41772307573897316	0.41772307573897316
0.0011811811811811813	0	0.41674185724099616	0.41674185724099616
0.0011836836836836837	0	0.4157526253209664	0.4157526253209664
0.0011861861861861861	0	0.4147555164747678	0.4147555164747678
0.0011886886886886888	0	0.4137506656323871	0.4137506656323871
0.0011911911911911912	0	0.4127382074414428	0.4127382074414428
0.0011936936936936936	0	0.41171827360526897	0.41171827360526897
0.0011961961961961963	0	0.41069099570054907	0.41069099570054907
0.0011986986986986987	0	0.4096565065666073	0.4096565065666073
0.0012012012012012011	0	0.4086149351206611	0.4086149351206611
0.0012037037037037038	0	0.4075664087672003	0.4075664087672003
0.0012062062062062062	0	0.406511060706306	0.406511060706306
0.0012087087087087087	0	0.40544901290767466	0.40544901290767466
0.0012112112112112113	0	0.40438039393617387	0.40438039393617387
0.0012137137137137137	0	0.40330532862576685	0.40330532862576685
0.0012162162162162162	0	0.4022239411093561	0.4022239411093561
0.0012187187187187188	0	0.4011363544633283	0.4011363544633283
0.0012212212212212212	0	0.4000426910223081	0.4000426910223081
0.0012237237237237237	0	0.3989430717983262	0.3989430717983262
0.0012262262262262263	0	0.397837617188846	0.397837617188846
0.0012287287287287287	0	0.3967264458986506	0.3967264458986506
0.0012312312312312312	0	0.39560967616649606	0.39560967616649606
0.0012337337337337338	0	0.3944874251071731	0.3944874251071731
0.0012362362362362362	0	0.39335980881647	0.39335980881647
0.0012387387387387387	0	0.39222694195749397	0.39222694195749397
0.0012412412412412413	0	0.3910889386738405	0.3910889386738405
0.0012437437437437437	0	0.38994591180400456	0.38994591180400456
0.0012462462462462462	0	0.38879797308379066	0.38879797308379066
0.0012487487487487488	0	0.38764523347555746	0.38764523347555746
0.0012512512512512512	0	0.3864878026979758	0.3864878026979758
0.0012537537537537537	0	0.3853257894568833	0.3853257894568833
0.0012562562562562563	0	0.3841593014415377	0.3841593014415377
0.0012587587587587587	0	0.38298844510279484	0.38298844510279484
0.0012612612612612612	0	0.3818133261011055	0.3818133261011055
0.0012637637637637638	0	0.38063404900057846	0.38063404900057846
0.0012662662662662662	0	0.37945071706736455	0.37945071706736455
0.0012687687687687687	0	0.3782634329848998	0.3782634329848998
0.0012712712712712713	0	0.3770722980103044	0.3770722980103044
0.0012737737737737737	0	0.37587741244793627	0.37587741244793627
0.0012762762762762762	0	0.37467887534811384	0.37467887534811384
0.0012787787787787788	0	0.37347678540707013	0.37347678540707013
0.0012812812812812813	0	0.3722712394761073	0.3722712394761073
0.0012837837837837837	0	0.3710623338178788	0.3710623338178788
0.0012862862862862863	0	0.3698501633954077	0.3698501633954077
0.0012887887887887888	0	0.3686348224252454	0.3686348224252454
0.0012912912912912912	0	0.3674164037827081	0.3674164037827081
0.0012937937937937938	0	0.3661949997977609	0.3661949997977609
0.0012962962962962963	0	0.36497070134921733	0.36497070134921733
0.001298798798798799	0	0.363743597496143	0.363743597496143
0.0013013013013013013	0	0.36251377786793226	0.36251377786793226
0.0013038038038038038	0	0.3612813314751469	0.3612813314751469
0.0013063063063063064	0	0.3600463430551664	0.3600463430551664
0.0013088088088088088	0	0.3588088995245978	0.3588088995245978
0.0013113113113113113	0	0.3575690876863387	0.3575690876863387
0.001313813813813814	0	0.3563269883566487	0.3563269883566487
0.0013163163163163163	0	0.35508268466368953	0.35508268466368953
0.0013188188188188188	0	0.3538362592352982	0.3538362592352982
0.0013213213213213214	0	0.35258779383388145	0.35258779383388145
0.0013238238238238238	0	0.3513373675857177	0.3513373675857177
0.0013263263263263263	0	0.3500850599167475	0.3500850599167475
0.001328828828828829	0	0.34883094582498775	0.34883094582498775
0.0013313313313313313	0	0.3475751063491684	0.3475751063491684
0.0013338338338338338	0	0.34631761595399313	0.34631761595399313
0.0013363363363363364	0	0.34505854813966963	0.34505854813966963
0.0013388388388388388	0	0.34379797784703964	0.34379797784703964
0.0013413413413413413	0	0.34253597888892773	0.34253597888892773
0.001343843843843844	0	0.3412726233310426	0.3412726233310426
0.0013463463463463464	0	0.3400079819205895	0.3400079819205895
0.0013488488488488488	0	0.3387421250737001	0.3387421250737001
0.0013513513513513514	0	0.33747512073622365	0.33747512073622365
0.0013538538538538539	0	0.33620703861791784	0.33620703861791784
0.0013563563563563563	0	0.334937947980465	0.334937947980465
0.001358858858858859	0	0.33366791219211955	0.33366791219211955
0.0013613613613613614	0	0.3323969984595901	0.3323969984595901
0.0013638638638638638	0	0.3311252704756052	0.3311252704756052
0.0013663663663663664	0	0.3298527926670648	0.3298527926670648
0.0013688688688688689	0	0.32857962926007306	0.32857962926007306
0.0013713713713713713	0	0.32730584093610965	0.32730584093610965
0.001373873873873874	0	0.3260314882609075	0.3260314882609075
0.0013763763763763764	0	0.32475663186125087	0.32475663186125087
0.0013788788788788788	0	0.32348133421921144	0.32348133421921144
0.0013813813813813814	0	0.3222056483825136	0.3222056483825136
0.0013838838838838839	0	0.32092963636910393	0.32092963636910393
0.0013863863863863863	0	0.31965335384234755	0.31965335384234755
0.001388888888888889	0	0.3183768574590878	0.3183768574590878
0.0013913913913913914	0	0.31710020012489853	0.31710020012489853
0.0013938938938938938	0	0.31582343869849955	0.31582343869849955
0.0013963963963963964	0	0.31454662503029773	0.31454662503029773
0.0013988988988988989	0	0.31326981426803424	0.31326981426803424
0.0014014014014014013	0	0.3119930549464962	0.3119930549464962
0.001403903903903904	0	0.31071640018851104	0.31071640018851104
0.0014064064064064064	0	0.30943990031905344	0.30943990031905344
0.0014089089089089088	0	0.30816360462648823	0.30816360462648823
0.0014114114114114115	0	0.3068875607373421	0.3068875607373421
0.0014139139139139139	0	0.30561181921695746	0.30561181921695746
0.0014164164164164163	0	0.3043364248056486	0.3043364248056486
0.001418918918918919	0	0.3030614254162668	0.3030614254162668
0.0014214214214214214	0	0.301786865813198	0.301786865813198
0.001423923923923924	0	0.300512791713438	0.300512791713438
0.0014264264264264265	0	0.2992392463511177	0.2992392463511177
0.0014289289289289289	0	0.2979662745803166	0.2979662745803166
0.0014314314314314315	0	0.2966939168582592	0.2966939168582592
0.001433933933933934	0	0.2954222185246366	0.2954222185246366
0.0014364364364364364	0	0.2941512175527432	0.2941512175527432
0.001438938938938939	0	0.2928809567903927	0.2928809567903927
0.0014414414414414415	0	0.2916114753707425	0.2916114753707425
0.001443943943943944	0	0.29034281249290034	0.29034281249290034
0.0014464464464464465	0	0.2890750069263657	0.2890750069263657
0.001448948948948949	0	0.28780809544417374	0.28780809544417374
0.0014514514514514514	0	0.286542118122143	0.286542118122143
0.001453953953953954	0	0.28527710742132156	0.28527710742132156
0.0014564564564564565	0	0.28401310124145357	0.28401310124145357
0.001458958958958959	0	0.2827501351715569	0.2827501351715569
0.0014614614614614615	0	0.28148824390561883	0.28148824390561883
0.001463963963963964	0	0.28022745969341717	0.28022745969341717
0.0014664664664664664	0	0.2789678182362087	0.2789678182362087
0.001468968968968969	0	0.27770935037852446	0.27770935037852446
0.0014714714714714715	0	0.27645208765396245	0.27645208765396245
0.001473973973973974	0	0.27519606363452814	0.27519606363452814
0.0014764764764764766	0	0.27394130762888164	0.27394130762888164
0.001478978978978979	0	0.27268784926841033	0.27268784926841033
0.0014814814814814814	0	0.27143572042437847	0.27143572042437847
0.001483983983983984	0	0.27018494814986427	0.27018494814986427
0.0014864864864864865	0	0.2689355614163669	0.2689355614163669
0.001488988988988989	0	0.2676875882396089	0.2676875882396089
0.0014914914914914916	0	0.2664410566247225	0.2664410566247225
0.001493993993993994	0	0.2651959926489852	0.2651959926489852
0.0014964964964964964	0	0.2639524217325828	0.2639524217325828
0.001498998998998999	0	0.26271037151915716	0.26271037151915716
0.0015015015015015015	0	0.26146986583426524	0.26146986583426524
0.001504004004004004	0	0.26023092916115004	0.26023092916115004
0.0015065065065065066	0	0.25899358563754105	0.25899358563754105
0.001509009009009009	0	0.25775785922290806	0.25775785922290806
0.0015115115115115114	0	0.2565237731680601	0.2565237731680601
0.001514014014014014	0	0.2552913493208473	0.2552913493208473
0.0015165165165165165	0	0.2540606096165527	0.2540606096165527
0.001519019019019019	0	0.25283157652480537	0.25283157652480537
0.0015215215215215216	0	0.25160427175712363	0.25160427175712363
0.001524024024024024	0	0.25037871229667097	0.25037871229667097
0.0015265265265265264	0	0.2491549223450561	0.2491549223450561
0.001529029029029029	0	0.24793291917217664	0.24793291917217664
0.0015315315315315315	0	0.24671272235898384	0.24671272235898384
0.001534034034034034	0	0.24549435119954396	0.24549435119954396
0.0015365365365365366	0	0.24427782310457619	0.24427782310457619
0.001539039039039039	0	0.24306315622759364	0.24306315622759364
0.0015415415415415416	0	0.24185036769922283	0.24185036769922283
0.001544044044044044	0	0.24063947494662485	0.24063947494662485
0.0015465465465465465	0	0.2394305194866651	0.2394305194866651
0.0015490490490490492	0	0.23822344023312256	0.23822344023312256
0.0015515515515515516	0	0.237018330577042	0.237018330577042
0.001554054054054054	0	0.23581517972949684	0.23581517972949684
0.0015565565565565567	0	0.2346140028602033	0.2346140028602033
0.001559059059059059	0	0.23341481283057994	0.23341481283057994
0.0015615615615615615	0	0.23221762590985062	0.23221762590985062
0.0015640640640640642	0	0.2310224544733874	0.2310224544733874
0.0015665665665665666	0	0.22982931138869822	0.22982931138869822
0.001569069069069069	0	0.2286382099603677	0.2286382099603677
0.0015715715715715717	0	0.22744916345055607	0.22744916345055607
0.001574074074074074	0	0.22626218241233848	0.22626218241233848
0.0015765765765765765	0	0.22507727915233117	0.22507727915233117
0.0015790790790790792	0	0.223894466202639	0.223894466202639
0.0015815815815815816	0	0.22271375276222105	0.22271375276222105
0.001584084084084084	0	0.22153515046920547	0.22153515046920547
0.0015865865865865867	0	0.22035867040029655	0.22035867040029655
0.001589089089089089	0	0.2191843209460201	0.2191843209460201
0.0015915915915915915	0	0.21801211175299956	0.21801211175299956
0.0015940940940940942	0	0.21684205398011125	0.21684205398011125
0.0015965965965965966	0	0.21567415474937543	0.21567415474937543
0.001599099099099099	0	0.21450842348437618	0.21450842348437618
0.0016016016016016017	0	0.21334486908023814	0.21334486908023814
0.001604104104104104	0	0.21218349834763142	0.21218349834763142
0.0016066066066066065	0	0.21102432030457607	0.21102432030457607
0.0016091091091091092	0	0.20986734119638725	0.20986734119638725
0.0016116116116116116	0	0.2087125690297236	0.2087125690297236
0.001614114114114114	0	0.20756001065964566	0.20756001065964566
0.0016166166166166167	0	0.20640967144100164	0.20640967144100164
0.0016191191191191191	0	0.205261558939898	0.205261558939898
0.0016216216216216215	0	0.20411567895971106	0.20411567895971106
0.0016241241241241242	0	0.2029720369800853	0.2029720369800853
0.0016266266266266266	0	0.2018306378390517	0.2018306378390517
0.001629129129129129	0	0.2006914880607869	0.2006914880607869
0.0016316316316316317	0	0.19955459215974297	0.19955459215974297
0.0016341341341341341	0	0.19841995391728853	0.19841995391728853
0.0016366366366366365	0	0.19728757822705498	0.19728757822705498
0.0016391391391391392	0	0.19615747004872044	0.19615747004872044
0.0016416416416416416	0	0.19502963128625841	0.19502963128625841
0.001644144144144144	0	0.19390406782043168	0.19390406782043168
0.0016466466466466467	0	0.1927807822999456	0.1927807822999456
0.0016491491491491491	0	0.1916597773439609	0.1916597773439609
0.0016516516516516516	0	0.19054105650643066	0.19054105650643066
0.0016541541541541542	0	0.18942462218188544	0.18942462218188544
0.0016566566566566566	0	0.1883104774668286	0.1883104774668286
0.001659159159159159	0	0.18719862427882783	0.18719862427882783
0.0016616616616616617	0	0.18608906409812312	0.18608906409812312
0.0016641641641641641	0	0.18498180013576931	0.18498180013576931
0.0016666666666666668	0	0.18387683356890236	0.18387683356890236
0.0016691691691691692	0	0.18277416532762172	0.18277416532762172
0.0016716716716716716	0	0.18167379695006097	0.18167379695006097
0.0016741741741741743	0	0.18057572947656225	0.18057572947656225
0.0016766766766766767	0	0.17947996339536224	0.17947996339536224
0.0016791791791791791	0	0.17838650054941346	0.17838650054941346
0.0016816816816816818	0	0.1772953404899153	0.1772953404899153
0.0016841841841841842	0	0.1762064838218832	0.1762064838218832
0.0016866866866866866	0	0.17511993033259418	0.17511993033259418
0.0016891891891891893	0	0.17403568077446044	0.17403568077446044
0.0016916916916916917	0	0.172953733989616	0.172953733989616
0.0016941941941941941	0	0.17187409063404255	0.17187409063404255
0.0016966966966966968	0	0.17079675037143108	0.17079675037143108
0.0016991991991991992	0	0.16972171114877285	0.16972171114877285
0.0017017017017017016	0	0.16864897110765018	0.16864897110765018
0.0017042042042042043	0	0.16757853081470003	0.16757853081470003
0.0017067067067067067	0	0.1665103873394345	0.1665103873394345
0.0017092092092092091	0.00042910671728834835	0.1654445487118437	0.16587365542913204
0.0017117117117117118	0.003685016260489477	0.1643810012377697	0.16806601749825917
0.0017142142142142142	0.006953826818917079	0.16331973952257745	0.17027356634149451
0.0017167167167167166	0.010222893076983245	0.16226077990150362	0.17248367297848685
0.0017192192192192193	0.013491135684235676	0.16120410573534527	0.17469524141958095
0.0017217217217217217	0.01675877215277863	0.16014972463363497	0.1769084967864136
0.0017242242242242242	0.02002596094751725	0.1590976247828648	0.17912358573038203
0.0017267267267267268	0.02329280569449279	0.15804778934734487	0.18134059504183767
0.0017292292292292292	0.026559377900510907	0.15700031712460633	0.18355969502511724
0.0017317317317317317	0.029825717929503576	0.15595502172707618	0.18578073965657976
0.0017342342342342343	0.03309184835703472	0.15491204157723631	0.18800388993427103
0.0017367367367367367	0.03635776613544208	0.15387133266575503	0.19022909880119712
0.0017392392392392392	0.039623474071445446	0.15283289821197318	0.19245637228341864
0.0017417417417417418	0.0428889527994367	0.1517967244856537	0.1946856772850904
0.0017442442442442442	0.04615415554262306	0.15076281939336308	0.19691697493598614
0.0017467467467467467	0.049419052635561914	0.1497311759077398	0.19915022854330172
0.0017492492492492493	0.05268417052077437	0.1487017892751864	0.20138595979596077
0.0017517517517517517	0.055949418745547555	0.14767465330467885	0.20362407205022642
0.0017542542542542542	0.059210641736603106	0.14664976309180666	0.20586040482840978
0.0017567567567567568	0.062474398092581616	0.1456271262455921	0.20810152433817372
0.0017592592592592592	0.0657368280957705	0.14460672908714026	0.21034355718291076
0.0017617617617617617	0.06899850425884911	0.14358856804609746	0.21258707230494656
0.0017642642642642643	0.07225895868631073	0.14257264235306746	0.2148316010393782
0.0017667667667667667	0.0755193532799174	0.14155894821042286	0.21707830149034027
0.0017692692692692692	0.07877825171355267	0.14054747578631033	0.219325727499863
0.0017717717717717718	0.0820359704130367	0.1395382255430686	0.2215741959561053
0.0017742742742742742	0.08529122591336959	0.13853119612977552	0.22382242204314512
0.0017767767767767767	0.08854753436454954	0.13752637220247443	0.22607390656702397
0.0017792792792792793	0.09180102357017528	0.13652376394871601	0.2283247875188913
0.0017817817817817817	0.09505282573680217	0.1355233532684258	0.23057617900522798
0.0017842842842842842	0.09830281182206116	0.13452514195162785	0.232827953773689
0.0017867867867867868	0.10155140092251373	0.1335291199031079	0.23508052082562164
0.0017892892892892893	0.10479748342646128	0.13253529080191526	0.23733277422837654
0.001791791791791792	0.10804005328077251	0.13154364436174096	0.23958369764251347
0.0017942942942942943	0.11128125977615175	0.13055417245766932	0.24183543223382106
0.0017967967967967968	0.11451948477102104	0.12956688047605974	0.24408636524708077
0.0017992992992992994	0.11775504376793239	0.12858175127063046	0.24633679503856284
0.0018018018018018018	0.1209875804937224	0.12759878489018245	0.24858636538390483
0.0018043043043043043	0.12421684832370575	0.12661797527768198	0.25083482360138776
0.001806806806806807	0.12744282424141173	0.12563931563004668	0.25308213987145844
0.0018093093093093093	0.13066525487709327	0.12466279962278366	0.25532805449987694
0.0018118118118118118	0.13388378394772188	0.12368842519243778	0.25757220914015966
0.0018143143143143144	0.13709840456452074	0.12271618806931071	0.25981459263383144
0.0018168168168168168	0.14030871295801692	0.12174607871826719	0.2620547916762841
0.0018193193193193193	0.14351481173131284	0.12077809247485384	0.2642929042061667
0.001821821821821822	0.14671618365469694	0.11981221880648346	0.26652840246118037
0.0018243243243243243	0.14991297237885587	0.11884845938225003	0.2687614317611059
0.0018268268268268268	0.15310420637038602	0.11788680367333097	0.270991010043717
0.0018293293293293294	0.15629042546524377	0.11692724449795361	0.2732176699631974
0.0018318318318318318	0.15947097465695576	0.11596977903774114	0.2754407536946969
0.0018343343343343343	0.16264613650655632	0.11501439882242656	0.2776605353289829
0.001836836836836837	0.16581511371516428	0.11406110427244309	0.27987621798760737
0.0018393393393393393	0.16897803612495216	0.11310987598909578	0.28208791211404793
0.0018418418418418418	0.17213436767920454	0.1121607160244233	0.2842950837036278
0.0018443443443443444	0.17528409393071415	0.11121361825578548	0.2864977121864996
0.0018468468468468468	0.17842692703784663	0.11026857677341459	0.2886955038112612
0.0018493493493493493	0.18156261304885132	0.10932557781501269	0.290888190863864
0.001851851851851852	0.18469090545025016	0.10838462109493555	0.2930755265451857
0.0018543543543543544	0.18781157238831378	0.10744570035309448	0.2952572727414082
0.0018568568568568568	0.19092436220682857	0.1065088086642494	0.29743317087107796
0.0018593593593593594	0.19402902867927208	0.10557393157573249	0.29960296025500455
0.0018618618618618619	0.1971253199660819	0.10464106712532172	0.30176638709140363
0.0018643643643643643	0.20021298288463713	0.10371069367460897	0.3039236765592461
0.001866866866866867	0.2032917905023497	0.10278137341365562	0.3060731639160053
0.0018693693693693694	0.20636146095850053	0.10185450505013077	0.3082159660086313
0.0018718718718718718	0.2094217760141065	0.1009296292686165	0.310351405282723
0.0018743743743743744	0.2124724246961288	0.10000672946272024	0.312479154158849
0.0018768768768768769	0.21551322465530798	0.09908580151070903	0.314599026166017
0.0018793793793793793	0.2185438833620703	0.09816683893771731	0.31671072229978764
0.001881881881881882	0.22156415967570056	0.09724983130097319	0.31881399097667373
0.0018843843843843844	0.22457332754290416	0.0963347737421781	0.32090810128508224
0.0018868868868868868	0.22757255654159603	0.09542165906630214	0.32299421560789815
0.0018893893893893894	0.23056012884029897	0.09451047239378554	0.3250706012340845
0.0018918918918918919	0.23353631801352923	0.09360122070391325	0.32713753871744244
0.0018943943943943943	0.23650085175301422	0.09269388016944563	0.32919473192245985
0.001896896896896897	0.23945347948097917	0.09178845782487245	0.3312419373058516
0.0018993993993993994	0.24239394616594576	0.09088493616801836	0.33327888233396413
0.0019019019019019018	0.24532200362634646	0.08998330779928909	0.3353053114256356
0.0019044044044044044	0.248237407745575	0.08908356837356046	0.3373209761191355
0.0019069069069069069	0.2511398960398054	0.08818570877665893	0.33932560481646434
0.0019094094094094093	0.25402922548628126	0.08728972413805991	0.3413189496243412
0.001911911911911912	0.2569051455366907	0.08639559833309333	0.34330074386978404
0.0019144144144144144	0.25976741402108694	0.08550333298883657	0.3452707470099235
0.001916916916916917	0.2626157829342168	0.0846129130947829	0.3472286960289997
0.0019194194194194195	0.26545000898402504	0.08372433326837225	0.3491743422523973
0.0019219219219219219	0.26826984162683815	0.08283758334846673	0.3511074249753049
0.0019244244244244245	0.27107505608334886	0.08195265639306258	0.35302771247641146
0.001926926926926927	0.27386539943930915	0.08106954486049711	0.35493494429980627
0.0019294294294294294	0.27664063416698254	0.08018823965310971	0.35682887382009226
0.001931931931931932	0.27940053643509	0.07930872892574699	0.35870926536083697
0.0019344344344344345	0.28214486522196847	0.07843101094085399	0.36057587616282244
0.0019369369369369369	0.28487336998907004	0.07755506819100454	0.3624284381800746
0.0019394394394394395	0.28758585328747743	0.07668089906178135	0.36426675234925876
0.001941941941941942	0.29028206908489257	0.07580849212944282	0.36609056121433536
0.0019444444444444444	0.29296178232015757	0.07493783733069341	0.367899619650851
0.001946946946946947	0.2956247866687663	0.07406892698962098	0.36969371365838727
0.0019494494494494495	0.29827084934673687	0.07320175245853569	0.37147260180527253
0.001951951951951952	0.30089976272987246	0.07233629935801912	0.37323606208789156
0.0019544544544544545	0.3035113152863656	0.07147242727642139	0.374983742562787
0.001956956956956957	0.3061059034557348	0.07061054066143525	0.37671644411717004
0.0019594594594594594	0.30868137990842714	0.06975021394518585	0.378431593853613
0.001961961961961962	0.31123953040305247	0.0688915753039606	0.3801311057070131
0.0019644644644644643	0.31377946338446616	0.06803461172781726	0.38181407511228344
0.001966966966966967	0.31630098283037217	0.06717931630527761	0.3834802991356498
0.0019694694694694695	0.31880388882192473	0.06632568921457428	0.385129578036499
0.001971971971971972	0.32128798638690353	0.06547370094094579	0.3867616873278493
0.0019744744744744744	0.32375306604042936	0.06462335546062417	0.38837642150105356
0.001976976976976977	0.32619895309690145	0.06377463797926153	0.389973591076163
0.0019794794794794797	0.3286254663578816	0.06292753525774886	0.39155300161563045
0.001981981981981982	0.33103239308200333	0.06208204786597456	0.3931144409479779
0.0019844844844844845	0.3334195727417189	0.06123815319814308	0.394657725939862
0.001986986986986987	0.33578682775731744	0.060395845184444436	0.3961826729417619
0.0019894894894894894	0.3381339769040128	0.05955511279326476	0.39768908969727756
0.001991991991991992	0.34046083288092255	0.05871594625903176	0.3991767791399543
0.0019944944944944947	0.3427672724975726	0.0578783340098861	0.40064560650745873
0.001996996996996997	0.34505307694789067	0.057042264733974654	0.40209534168186534
0.0019994994994994996	0.347318120160073	0.05620772624833473	0.4035258464084077
0.002002002002002002	0.34956223983911744	0.05537470948379854	0.40493694932291596
0.0020045045045045044	0.3517852750536067	0.05454319852740744	0.4063284735810141
0.002007007007007007	0.35398707387918554	0.05371318557251313	0.4077002594516987
0.0020095095095095097	0.3561674885076104	0.05288466802904963	0.40905215653666
0.002012012012012012	0.3583263836019812	0.0520576188422716	0.4103840024442528
0.0020145145145145146	0.3604636199498249	0.05123200018096373	0.41169562013078864
0.002017017017017017	0.36257903967693655	0.050407865308135964	0.4129869049850725
0.0020195195195195194	0.36467254789419795	0.049585072302518254	0.4142576201967162
0.002022022022022022	0.366743997537801	0.04876387295703305	0.41550787049483406
0.0020245245245245247	0.368793241776364	0.04794398122017577	0.4167372229965398
0.002027027027027027	0.37082020529626664	0.04712549660312219	0.41794570189938884
0.0020295295295295296	0.3728247380989116	0.046308495981604456	0.41913323408051606
0.002032032032032032	0.3748067301800605	0.04549266858841345	0.42029939876847394
0.0020345345345345344	0.3767660766463338	0.044678296881131264	0.4214443735274651
0.002037037037037037	0.37870269174238286	0.043865266403549596	0.42256795814593245
0.0020395395395395397	0.38061643188658867	0.043053527985587155	0.4236699598721758
0.002042042042042042	0.382507239562141	0.042243197685814325	0.4247504372479553
0.0020445445445445446	0.38437500207931397	0.04143407828898825	0.42580908036830223
0.002047047047047047	0.38621962107582086	0.040626276908378604	0.4268458979841995
0.0020495495495495494	0.38804103689782826	0.03981973182322351	0.4278607687210518
0.002052052052052052	0.38983914202982056	0.039014408286305396	0.42885355031612593
0.0020545545545545547	0.39161387233077877	0.038210438850414134	0.4298243111811929
0.002057057057057057	0.3933651611310569	0.037407570872278306	0.4307727320033352
0.0020595595595595596	0.39509291439030503	0.036605955848639585	0.4316988702389446
0.002062062062062062	0.3967970886688367	0.03580552662362946	0.43260261529246613
0.0020645645645645644	0.3984776074107559	0.035006267997877746	0.43348387540863365
0.002067067067067067	0.40013434247882035	0.03420816523970475	0.4343425077185251
0.0020695695695695697	0.4017674775031641	0.03341132312593075	0.43517880062909486
0.002072072072072072	0.40337668926298914	0.03261536227978411	0.43599205154277326
0.0020745745745745746	0.4049620447944718	0.0318208936838066	0.43678293847827837
0.002077077077077077	0.4065235203038635	0.03102657874058198	0.4375500990444455
0.0020795795795795794	0.40806103165364166	0.030234269718842202	0.43829530137248385
0.002082082082082082	0.40957457218194343	0.029442845897338137	0.4390174180792816
0.0020845845845845847	0.41106410149722145	0.028652329054610577	0.439716430551832
0.002087087087087087	0.4125296041859395	0.02786282032794493	0.4403924245138844
0.0020895895895895896	0.41397103691529963	0.027074299249647236	0.44104533616494684
0.002092092092092092	0.41538838654947274	0.02628673196224209	0.4416751185117148
0.0020945945945945945	0.41678164172705023	0.025499821005015293	0.44228146273206553
0.0020970970970970973	0.41815077730508643	0.02471442959186367	0.4428652068969501
0.0020995995995995997	0.41949579851328833	0.023929653191091513	0.44342545170437986
0.002102102102102102	0.42081669559483736	0.023145751029899055	0.44396244662473644
0.0021046046046046046	0.42211346827953977	0.0223627027738783	0.4444761710534181
0.002107107107107107	0.4233861156041054	0.021580382696121073	0.44496649830022644
0.0021096096096096095	0.4246346471383674	0.020799085746981284	0.4454337328853487
0.0021121121121121123	0.4258590680043234	0.020018482399903514	0.4458775504042269
0.0021146146146146147	0.42705939408109833	0.019238630834756038	0.44629802491585435
0.002117117117117117	0.42823564000860487	0.01845951803956503	0.4466951580481699
0.0021196196196196196	0.4293878257346536	0.017680779600381797	0.4470686053350354
0.002122122122122122	0.4305159754530352	0.01690411229647455	0.44742008774950975
0.0021246246246246245	0.4316201145883775	0.016126499527910978	0.44774661411628847
0.0021271271271271273	0.43270027543249273	0.015349880639798886	0.4480501560722916
0.0021296296296296298	0.4337564893812772	0.014574089155537364	0.4483305785368146
0.002132132132132132	0.434788793769724	0.013798837126196587	0.4485876308959206
0.0021346346346346346	0.4357972294034481	0.013024129783918847	0.448821359187367
0.002137137137137137	0.4367818375317427	0.01224993599689042	0.4490317735286331
0.0021396396396396395	0.4377426673638526	0.011476222256732735	0.4492188896205853
0.0021421421421421423	0.4386797669409011	0.010702965594358559	0.4493827325352597
0.0021446446446446448	0.4395931879533479	0.009930127673816914	0.4495233156271648
0.002147147147147147	0.44048298814573916	0.009157672723294579	0.44964066086903376
0.0021496496496496496	0.44134922470104954	0.008385567894272484	0.449734792595322
0.002152152152152152	0.442191962900276	0.00761377627498016	0.4498057391752562
0.0021546546546546545	0.4430112630403258	0.006842259526375043	0.4498535225667008
0.0021571571571571573	0.4438071957977163	0.006070977327480726	0.44987817312519707
0.0021596596596596598	0.44457982911339206	0.005299884338081063	0.4498797134514731
0.002162162162162162	0.4453292400770329	0.0045289366190268306	0.4498581766960597
0.0021646646646646646	0.4460555016693501	0.003758078402023276	0.4498135800713734
0.002167167167167167	0.44675869572320365	0.0029872521472907995	0.44974594787049443
0.0021696696696696695	0.44743890125284747	0.0022163918771690946	0.44965529313001656
0.0021721721721721723	0.44809620425478175	0.001445422201391335	0.44954162645617307
0.0021746746746746748	0.44873069136130994	0.0006694684589069141	0.44940015982021686
0.002177177177177177	0.449342449750695	0	0.449342449750695
0.0021796796796796796	0.4499315765629771	0	0.4499315765629771
0.002182182182182182	0.45049816179977514	0	0.45049816179977514
0.0021846846846846845	0.45104230208866397	0	0.45104230208866397
0.0021871871871871874	0.4515641006828422	0	0.4515641006828422
0.0021896896896896898	0.45206365371974294	0	0.45206365371974294
0.002192192192192192	0.4525410711491207	0	0.4525410711491207
0.0021946946946946946	0.4529964542203858	0	0.4529964542203858
0.002197197197197197	0.45342991386519277	0	0.45342991386519277
0.0021996996996996995	0.45384155767182394	0	0.45384155767182394
0.0022022022022022024	0.45423150024854203	0	0.45423150024854203
0.002204704704704705	0.45459985754779886	0	0.45459985754779886
0.002207207207207207	0.45494674355940545	0	0.45494674355940545
0.0022097097097097096	0.455272276616948	0	0.455272276616948
0.002212212212212212	0.455576578917903	0	0.455576578917903
0.0022147147147147145	0.45585977131927014	0	0.45585977131927014
0.0022172172172172174	0.4561219786032746	0	0.4561219786032746
0.00221971971971972	0.45636332718804723	0	0.45636332718804723
0.0022222222222222222	0.456584017934956	0	0.456584017934956
0.0022247247247247246	0.4567839580312885	0	0.4567839580312885
0.002227227227227227	0.4569634981059011	0	0.4569634981059011
0.00222972972972973	0.4571226985980067	0	0.4571226985980067
0.0022322322322322324	0.4572616937624755	0	0.4572616937624755
0.002234734734734735	0.45738061821739395	0	0.45738061821739395
0.0022372372372372372	0.45747960763776474	0	0.45747960763776474
0.0022397397397397397	0.45755880312460656	0	0.45755880312460656
0.002242242242242242	0.4576183398098713	0	0.4576183398098713
0.002244744744744745	0.4576583644378527	0	0.4576583644378527
0.0022472472472472474	0.4576790122626988	0	0.4576790122626988
0.00224974974974975	0.45768043169922146	0	0.45768043169922146
0.0022522522522522522	0.457662762758335	0	0.457662762758335
0.0022547547547547547	0.45762615519758143	0	0.45762615519758143
0.002257257257257257	0.4575707527738858	0	0.4575707527738858
0.00225975975975976	0.4574967036984048	0	0.4574967036984048
0.0022622622622622624	0.4574041569006369	0	0.4574041569006369
0.002264764764764765	0.45729326088336236	0	0.45729326088336236
0.0022672672672672672	0.45716416563712825	0	0.45716416563712825
0.0022697697697697697	0.45701702439464786	0	0.45701702439464786
0.002272272272272272	0.456851989048741	0	0.456851989048741
0.002274774774774775	0.45666920784941334	0	0.45666920784941334
0.0022772772772772774	0.4564688395355917	0	0.4564688395355917
0.00227977977977978	0.45625103603901185	0	0.45625103603901185
0.0022822822822822822	0.45601595226319036	0	0.45601595226319036
0.0022847847847847847	0.45576374529258473	0	0.45576374529258473
0.002287287287287287	0.45549456675916633	0	0.45549456675916633
0.00228978978978979	0.4552085759206691	0	0.4552085759206691
0.0022922922922922924	0.45490593022707965	0	0.45490593022707965
0.002294794794794795	0.4545867847069207	0	0.4545867847069207
0.0022972972972972973	0.45425129970136907	0	0.45425129970136907
0.0022997997997997997	0.4538996317397012	0	0.4538996317397012
0.002302302302302302	0.4535319397674846	0	0.4535319397674846
0.002304804804804805	0.4531483825682551	0	0.4531483825682551
0.0023073073073073074	0.4527491180094387	0	0.4527491180094387
0.00230980980980981	0.45233430505591393	0	0.45233430505591393
0.0023123123123123123	0.4519041065331508	0	0.4519041065331508
0.0023148148148148147	0.4514586785622178	0	0.4514586785622178
0.002317317317317317	0.4509981827777962	0	0.4509981827777962
0.00231981981981982	0.45052277665522555	0	0.45052277665522555
0.0023223223223223224	0.4500326204610029	0	0.4500326204610029
0.002324824824824825	0.4495278767465917	0	0.4495278767465917
0.0023273273273273273	0.44900870129312725	0	0.44900870129312725
0.0023298298298298297	0.4484752556388029	0	0.4484752556388029
0.002332332332332332	0.44792770137015164	0	0.44792770137015164
0.002334834834834835	0.447366196039424	0	0.447366196039424
0.0023373373373373374	0.4467908974048332	0	0.4467908974048332
0.00233983983983984	0.44620196649929333	0	0.44620196649929333
0.0023423423423423423	0.44559956310899035	0	0.44559956310899035
0.0023448448448448447	0.4449838438172128	0	0.4449838438172128
0.0023473473473473476	0.4443549699144167	0	0.4443549699144167
0.00234984984984985	0.44371309693482464	0	0.44371309693482464
0.0023523523523523524	0.44305838436470496	0	0.44305838436470496
0.002354854854854855	0.44239098934968285	0	0.44239098934968285
0.0023573573573573573	0.4417110707746902	0	0.4417110707746902
0.0023598598598598597	0.44101878314637133	0	0.44101878314637133
0.0023623623623623626	0.4403142822416645	0	0.4403142822416645
0.002364864864864865	0.4395977280617063	0	0.4395977280617063
0.0023673673673673674	0.43886927145720994	0	0.43886927145720994
0.00236986986986987	0.43812907049148314	0	0.43812907049148314
0.0023723723723723723	0.43737727842190793	0	0.43737727842190793
0.0023748748748748747	0.4366140519307044	0	0.4366140519307044
0.0023773773773773776	0.4358395387444871	0	0.4358395387444871
0.00237987987987988	0.43505389950250517	0	0.43505389950250517
0.0023823823823823824	0.43425728051160184	0	0.43425728051160184
0.002384884884884885	0.433449834674241	0	0.433449834674241
0.0023873873873873873	0.432631715202887	0	0.432631715202887
0.0023898898898898897	0.43180307092758996	0	0.43180307092758996
0.0023923923923923926	0.4309640523251068	0	0.4309640523251068
0.002394894894894895	0.43011480795593715	0	0.43011480795593715
0.0023973973973973974	0.4292554884692713	0	0.4292554884692713
0.0023998998998999	0.4283862385373016	0	0.4283862385373016
0.0024024024024024023	0.4275072052214276	0	0.4275072052214276
0.0024049049049049047	0.42661853724734206	0	0.42661853724734206
0.0024074074074074076	0.42572037819021624	0	0.42572037819021624
0.00240990990990991	0.4248128718573687	0	0.4248128718573687
0.0024124124124124124	0.4238961655216657	0	0.4238961655216657
0.002414914914914915	0.42297040121452734	0	0.42297040121452734
0.0024174174174174173	0.42203571711734056	0	0.42203571711734056
0.0024199199199199197	0.42109225961046237	0	0.42109225961046237
0.0024224224224224226	0.42014016613993876	0	0.42014016613993876
0.002424924924924925	0.4191795807416908	0	0.4191795807416908
0.0024274274274274274	0.41821063653756846	0	0.41821063653756846
0.00242992992992993	0.417233475159016	0	0.417233475159016
0.0024324324324324323	0.41624823274343603	0	0.41624823274343603
0.0024349349349349347	0.41525504690133963	0	0.41525504690133963
0.0024374374374374376	0.41425405136067955	0	0.41425405136067955
0.00243993993993994	0.413245380233204	0	0.413245380233204
0.0024424424424424425	0.41222916631892265	0	0.41222916631892265
0.002444944944944945	0.4112055449324717	0	0.4112055449324717
0.0024474474474474473	0.4101746454359714	0	0.4101746454359714
0.0024499499499499497	0.40913659680881237	0	0.40913659680881237
0.0024524524524524526	0.4080915337391106	0	0.4080915337391106
0.002454954954954955	0.4070395800803072	0	0.4070395800803072
0.0024574574574574575	0.4059808656110403	0	0.4059808656110403
0.00245995995995996	0.40491551694375677	0	0.40491551694375677
0.0024624624624624623	0.40384365918394716	0	0.40384365918394716
0.0024649649649649647	0.40276541724645454	0	0.40276541724645454
0.0024674674674674676	0.40168091494499747	0	0.40168091494499747
0.00246996996996997	0.4005902747347143	0	0.4005902747347143
0.0024724724724724725	0.39949361842026576	0	0.39949361842026576
0.002474974974974975	0.39839106657214873	0	0.39839106657214873
0.0024774774774774773	0.3972827386037291	0	0.3972827386037291
0.00247997997997998	0.3961687535961767	0	0.3961687535961767
0.0024824824824824826	0.3950492286648258	0	0.3950492286648258
0.002484984984984985	0.3939242804061129	0	0.3939242804061129
0.0024874874874874875	0.3927940245329829	0	0.3927940245329829
0.00248998998998999	0.3916585752430407	0	0.3916585752430407
0.0024924924924924923	0.3905180460435176	0	0.3905180460435176
0.002494994994994995	0.38937254939379096	0	0.38937254939379096
0.0024974974974974976	0.3882221965285255	0	0.3882221965285255
0.0025	0.38706709823857366	0	0.38706709823857366