0.	0.21574393046853754	0	0.21574393046853754
2.5025025025025024e-6	0.21509731453894032	0	0.21509731453894032
5.005005005005005e-6	0.21444935513889588	0	0.21444935513889588
7.507507507507507e-6	0.21380009674095182	0	0.21380009674095182
0.00001001001001001001	0.2131495834515006	0	0.2131495834515006
0.000012512512512512513	0.21249785875471444	0	0.21249785875471444
0.000015015015015015015	0.21184496597094107	0	0.21184496597094107
0.000017517517517517516	0.2111909478624895	0	0.2111909478624895
0.00002002002002002002	0.2105358466331837	0	0.2105358466331837
0.000022522522522522523	0.20987970413809964	0	0.20987970413809964
0.000025025025025025026	0.20922256192295427	0	0.20922256192295427
0.000027527527527527526	0.20856446101829992	0	0.20856446101829992
0.00003003003003003003	0.20790544189896734	0	0.20790544189896734
0.00003253253253253253	0.20724554470746298	0	0.20724554470746298
0.00003503503503503503	0.20658480931560508	0	0.20658480931560508
0.000037537537537537536	0.2059232748770105	0	0.2059232748770105
0.00004004004004004004	0.2052609803248629	0	0.2052609803248629
0.00004254254254254254	0.2045979639529168	0	0.2045979639529168
0.000045045045045045046	0.20393426387353794	0	0.20393426387353794
0.00004754754754754755	0.20326991768566696	0	0.20326991768566696
0.00005005005005005005	0.20260496314418358	0	0.20260496314418358
0.000052552552552552556	0.20193943480895046	0	0.20193943480895046
0.00005505505505505505	0.2012733720714773	0	0.2012733720714773
0.000057557557557557555	0.20060680859760768	0	0.20060680859760768
0.00006006006006006006	0.1999397805568956	0	0.1999397805568956
0.00006256256256256256	0.19927232316955032	0	0.19927232316955032
0.00006506506506506506	0.1986044706048844	0	0.1986044706048844
0.00006756756756756757	0.1979362579963343	0	0.1979362579963343
0.00007007007007007007	0.19726771752325797	0	0.19726771752325797
0.00007257257257257258	0.19659888460838185	0	0.19659888460838185
0.00007507507507507507	0.1959297906174979	0	0.1959297906174979
0.00007757757757757758	0.19526046888796691	0	0.19526046888796691
0.00008008008008008008	0.19459095133703422	0	0.19459095133703422
0.00008258258258258259	0.19392127056346337	0	0.19392127056346337
0.00008508508508508508	0.19325145702002217	0	0.19325145702002217
0.00008758758758758758	0.1925815412691491	0	0.1925815412691491
0.00009009009009009009	0.19191155502154092	0	0.19191155502154092
0.00009259259259259259	0.19124152824232646	0	0.19124152824232646
0.0000950950950950951	0.19057149003864132	0	0.19057149003864132
0.0000975975975975976	0.18990147017158862	0	0.18990147017158862
0.0001001001001001001	0.18923149847036097	0	0.18923149847036097
0.0001026026026026026	0.18856160254575302	0	0.18856160254575302
0.00010510510510510511	0.18789181086764117	0	0.18789181086764117
0.00010760760760760761	0.18722215142506876	0	0.18722215142506876
0.0001101101101101101	0.18655265126981646	0	0.18655265126981646
0.00011261261261261261	0.18588333869489443	0	0.18588333869489443
0.00011511511511511511	0.18521423941601742	0	0.18521423941601742
0.00011761761761761762	0.18454537964187667	0	0.18454537964187667
0.00012012012012012012	0.1838767860740903	0	0.1838767860740903
0.00012262262262262261	0.1832084844824334	0	0.1832084844824334
0.00012512512512512512	0.18254049889435375	0	0.18254049889435375
0.00012762762762762763	0.18187285594380237	0	0.18187285594380237
0.00013013013013013012	0.18120557869893378	0	0.18120557869893378
0.00013263263263263263	0.1805386921754679	0	0.1805386921754679
0.00013513513513513514	0.1798722204204682	0	0.1798722204204682
0.00013763763763763765	0.1792061855855336	0	0.1792061855855336
0.00014014014014014013	0.17854061226758267	0	0.17854061226758267
0.00014264264264264264	0.17787552290962474	0	0.17787552290962474
0.00014514514514514515	0.177210939006487	0	0.177210939006487
0.00014764764764764766	0.17654688437748994	0	0.17654688437748994
0.00015015015015015014	0.1758833790441796	0	0.1758833790441796
0.00015265265265265265	0.17522044642958498	0	0.17522044642958498
0.00015515515515515516	0.1745581054567848	0	0.1745581054567848
0.00015765765765765765	0.17389637805365893	0	0.17389637805365893
0.00016016016016016016	0.1732352852818295	0	0.1732352852818295
0.00016266266266266267	0.1725748462113811	0	0.1725748462113811
0.00016516516516516518	0.17191508100945205	0	0.17191508100945205
0.00016766766766766766	0.171256008922957	0	0.171256008922957
0.00017017017017017017	0.1705976492834832	0	0.1705976492834832
0.00017267267267267268	0.1699400217367271	0	0.1699400217367271
0.00017517517517517516	0.169283144221124	0	0.169283144221124
0.00017767767767767767	0.16862703456318387	0	0.16862703456318387
0.00018018018018018018	0.1679717115451642	0	0.1679717115451642
0.0001826826826826827	0.16731719162311776	0	0.16731719162311776
0.00018518518518518518	0.16666349346161727	0	0.16666349346161727
0.00018768768768768769	0.16601063369895233	0	0.16601063369895233
0.0001901901901901902	0.16535862852362646	0	0.16535862852362646
0.0001926926926926927	0.16470749533518464	0	0.16470749533518464
0.0001951951951951952	0.16405724959814383	0	0.16405724959814383
0.0001976976976976977	0.16340790684224646	0	0.16340790684224646
0.0002002002002002002	0.16275948403185597	0	0.16275948403185597
0.0002027027027027027	0.16211199547043725	0	0.16211199547043725
0.0002052052052052052	0.1614654567835328	0	0.1614654567835328
0.0002077077077077077	0.16081988255934723	0	0.16081988255934723
0.00021021021021021022	0.16017528638780384	0	0.16017528638780384
0.0002127127127127127	0.15953168416885843	0	0.15953168416885843
0.00021521521521521522	0.15888908874320126	0	0.15888908874320126
0.00021771771771771773	0.15824751475747142	0	0.15824751475747142
0.0002202202202202202	0.15760697445611302	0	0.15760697445611302
0.00022272272272272272	0.1569674819432758	0	0.1569674819432758
0.00022522522522522523	0.1563290496995988	0	0.1563290496995988
0.00022772772772772774	0.15569169113624026	0	0.15569169113624026
0.00023023023023023022	0.15505541811804313	0	0.15505541811804313
0.00023273273273273273	0.15442024285848582	0	0.15442024285848582
0.00023523523523523524	0.15378617746569373	0	0.15378617746569373
0.00023773773773773772	0.15315323372415166	0	0.15315323372415166
0.00024024024024024023	0.1525214229018183	0	0.1525214229018183
0.00024274274274274274	0.15189075671557511	0	0.15189075671557511
0.00024524524524524523	0.15126124549050182	0	0.15126124549050182
0.00024774774774774777	0.15063290025282072	0	0.15063290025282072
0.00025025025025025025	0.15000573231415257	0.0004875518751936344	0.1504932841893462
0.00025275275275275273	0.149379751333362	0.0024029379603299	0.1517826892936919
0.00025525525525525527	0.148754967580076	0.004276006086458177	0.15303097366653418
0.00025775775775775775	0.14813139063243913	0.006109725789371421	0.15424111642181054
0.00026026026026026023	0.1475090302111863	0.007906805249889754	0.15541583546107607
0.00026276276276276277	0.14688789663255483	0.009669708366583051	0.15655760499913787
0.00026526526526526525	0.14626799834491255	0.011400659960753033	0.1576686583056656
0.0002677677677677678	0.14564934468834276	0.013101867664895404	0.15875121235323816
0.0002702702702702703	0.1450319425703103	0.014774772837617692	0.15980671540792799
0.00027277277277277276	0.14441580597259174	0.01642215113935214	0.16083795711194387
0.0002752752752752753	0.1438009382413847	0.01804437387765381	0.16184531211903852
0.0002777777777777778	0.14318734910709713	0.019643812311957873	0.16283116141905501
0.00028028028028028026	0.14257504644331584	0.021221469563464917	0.16379651600678075
0.0002827827827827828	0.14196403894857632	0.022778771107285743	0.16474281005586205
0.0002852852852852853	0.14135433321721308	0.0243169494904727	0.16567128270768577
0.00028778778778778776	0.14074593752651968	0.02583712226864732	0.166583059795167
0.0002902902902902903	0.1401388588604512	0.02734035668737251	0.1674792155478237
0.0002927927927927928	0.13953310444231148	0.028827647798054825	0.1683607522403663
0.0002952952952952953	0.13892868097293734	0.03029998112796712	0.16922866210090445
0.0002977977977977978	0.1383255948443445	0.03175812692169926	0.17008372176604378
0.0003003003003003003	0.13772385370491108	0.0332030551972689	0.17092690890217999
0.0003028028028028028	0.1371234631072747	0.034635429632599884	0.17175889273987457
0.0003053053053053053	0.13652442960715253	0.0360561273670428	0.17258055697419533
0.0003078078078078078	0.1359267589806139	0.03746566479961708	0.17339242378023098
0.00031031031031031033	0.13533045740786345	0.03886489442844766	0.17419535183631113
0.0003128128128128128	0.13473553019109147	0.040254264113909165	0.17498979430500064
0.0003153153153153153	0.13414198326536214	0.04163445540305996	0.1757764386684221
0.00031781781781781783	0.13354982176108207	0.04300600175138568	0.17655582351246774
0.0003203203203203203	0.13295905136399658	0.044369393480048716	0.1773284448440453
0.0003228228228228228	0.13236967672809444	0.04572518634689998	0.17809486307499442
0.00032532532532532533	0.13178170298460037	0.047073810363755623	0.178855513348356
0.0003278278278278278	0.1311951344245952	0.04841570792791865	0.17961084235251384
0.00033033033033033035	0.13060997638704902	0.04975130521658937	0.1803612816036384
0.00033283283283283284	0.13002623222227971	0.05108099581336993	0.18110722803564966
0.0003353353353353353	0.12944390781587398	0.05240511227900359	0.18184902009487758
0.00033783783783783786	0.12886300639121984	0.05371885368429023	0.18258186007551008
0.00034034034034034034	0.12828353192172365	0.055043010993851255	0.1833265429155749
0.0003428428428428428	0.12770548883448232	0.056347661772560786	0.1840531506070431
0.00034534534534534536	0.1271288801448331	0.05765332264509204	0.18478220278992513
0.00034784784784784784	0.12655371043284935	0.058954791378992295	0.18550850181184164
0.0003503503503503503	0.1259799820165987	0.06025259582754834	0.18623257784414704
0.00035285285285285286	0.1254076994629168	0.06154701478398779	0.18695471424690457
0.00035535535535535535	0.12483686519359218	0.06283821898425097	0.18767508417784315
0.0003578578578578579	0.12426748271166249	0.06412654299549812	0.18839402570716063
0.00036036036036036037	0.12369955476297984	0.06541209917193884	0.1891116539349187
0.00036286286286286285	0.12313308465359889	0.06669519684717116	0.18982828150077005
0.0003653653653653654	0.12256807402024851	0.06797606830898202	0.19054414232923053
0.00036786786786786787	0.12200452679518925	0.06925463056192778	0.19125915735711702
0.00037037037037037035	0.12144244466307023	0.07053126630653773	0.19197371096960797
0.0003728728728728729	0.12088183026625215	0.07180611654605558	0.19268794681230772
0.00037537537537537537	0.12032268572553907	0.07307931558130142	0.1934020013068405
0.00037787787787787786	0.11976501361709348	0.07435101651416524	0.19411603013125872
0.0003803803803803804	0.11920881549909927	0.07562145679213474	0.194830272291234
0.0003828828828828829	0.1186540933047102	0.07689037456205047	0.19554446786676066
0.0003853853853853854	0.11810084924068866	0.07816053731504914	0.1962613865557378
0.0003878878878878879	0.11754908473498962	0.07942533811338469	0.1969744228483743
0.0003903903903903904	0.1169988012304306	0.08069131964170563	0.19769012087213622
0.0003928928928928929	0.11645000061305574	0.08195652771204258	0.1984065283250983
0.0003953953953953954	0.1159026840711891	0.08322100774681737	0.1991236918180065
0.0003978978978978979	0.11535685352593401	0.08448485924108877	0.19984171276702278
0.0004004004004004004	0.11481250939014412	0.08574812164201566	0.20056063103215976
0.0004029029029029029	0.11426965272639891	0.0870108931492491	0.20128054587564803
0.0004054054054054054	0.11372828486418361	0.0882732401735935	0.20200152503777713
0.0004079079079079079	0.11318840696915389	0.08953521056466637	0.20272361753382026
0.0004104104104104104	0.11265001973381009	0.09079686710201142	0.20344688683582152
0.0004129129129129129	0.11211312369740364	0.0920582618313315	0.20417138552873515
0.0004154154154154154	0.11157771978123539	0.09331942382361638	0.20489714360485178
0.0004179179179179179	0.11104380832480568	0.09458039939302045	0.20562420771782614
0.00042042042042042044	0.11051138997745955	0.0958412187750014	0.20635260875246095
0.00042292292292292293	0.10998046522920694	0.09710215147271595	0.2070826167019229
0.0004254254254254254	0.10945103401233942	0.09836000936943122	0.20781104338177064
0.00042792792792792795	0.10892309706049286	0.09962322098489208	0.20854631804538493
0.00043043043043043043	0.10839665432093754	0.10088367364744406	0.20928032796838159
0.0004329329329329329	0.10787170595497499	0.1021435643628996	0.2100152703178746
0.00043543543543543545	0.10734825189760003	0.10340419908928893	0.21075245098688894
0.00043793793793793793	0.1068262915931753	0.10466472625696359	0.2114910178501389
0.0004404404404404404	0.10630582613287295	0.10592478257290487	0.2122306087057778
0.00044294294294294295	0.10578685420359014	0.10718500092431257	0.21297185512790273
0.00044544544544544544	0.10526937607213749	0.10844516195583899	0.21371453802797646
0.000447947947947948	0.10475339086597413	0.10970525914640152	0.21445865001237563
0.00045045045045045046	0.1042388991438366	0.11096527687017699	0.2152041760140136
0.00045295295295295294	0.10372590028755928	0.11222520287469598	0.21595110316225524
0.0004554554554554555	0.1032143934759202	0.1134850126845757	0.21669940616049588
0.00045795795795795796	0.10270437578066516	0.1147446838980966	0.21744905967876177
0.00046046046046046044	0.10219585140426907	0.11600419255634556	0.21820004396061463
0.000462962962962963	0.10168881066366292	0.11726351044851394	0.21895232111217686
0.00046546546546546546	0.10118326488071006	0.11852259975821293	0.219705864638923
0.00046796796796796795	0.10067920758662441	0.11978142973687583	0.22046063732350024
0.0004704704704704705	0.10017663512472409	0.12103996696804727	0.22121660209277136
0.00047297297297297297	0.09967554911637101	0.12229816218206663	0.22197371129843763
0.00047547547547547545	0.09917594919109522	0.12355598296271673	0.22273193215381196
0.000477977977977978	0.09867783501103265	0.12481337472700674	0.22349120973803938
0.00048048048048048047	0.09818119958858054	0.12607030101116487	0.2242515005997454
0.000482982982982983	0.0976860491689692	0.1273267042682829	0.2250127534372521
0.0004854854854854855	0.09719237862927965	0.12858253800188407	0.22577491663116372
0.000487987987987988	0.09670018515606559	0.12983774232143663	0.22653792747750223
0.0004904904904904905	0.09620947339623927	0.13109226860907702	0.22730174200531628
0.000492992992992993	0.09572023478576838	0.13234605131178098	0.22806628609754936
0.0004954954954954955	0.0952324726816866	0.13359903669110038	0.22883150937278696
0.000497997997997998	0.0947461850105286	0.13485116041064812	0.2295973454211767
0.0005005005005005005	0.09426136890068265	0.13610240315341263	0.23036377205409528
0.000503003003003003	0.09377802155560393	0.13735589544921767	0.2311339170048216
0.0005055055055055055	0.09329614368802785	0.1386016160428855	0.23189775973091337
0.000508008008008008	0.09281573306838366	0.13984969131374317	0.23266542438212684
0.0005105105105105105	0.09233678942445102	0.1410965148375952	0.23343330426204623
0.000513013013013013	0.09185930715468785	0.14234206512186953	0.23420137227655738
0.0005155155155155155	0.09138328984348429	0.14358627765702295	0.23496956750050724
0.000518018018018018	0.09090872956675893	0.14482903259661747	0.23573776216337639
0.0005205205205205205	0.09043562939638146	0.14606842888931024	0.2365040582856917
0.000523023023023023	0.08996398445327654	0.14731005628929036	0.23727404074256692
0.0005255255255255255	0.08949379438329207	0.14854816900392967	0.23804196338722172
0.0005280280280280281	0.08902505601012643	0.14978448755989773	0.23880954357002415
0.0005305305305305305	0.0885577701304931	0.1510189949225665	0.2395767650530596
0.000533033033033033	0.0880919298968562	0.1522516004981295	0.24034353039498568
0.0005355355355355356	0.08762753634960627	0.15348221693183495	0.2411097532814412
0.000538038038038038	0.08716458668837414	0.15471076257208388	0.241875349260458
0.0005405405405405405	0.0867030795154061	0.15593714730191252	0.24264022681731862
0.0005430430430430431	0.08624301266121058	0.15716129020757227	0.24340430286878284
0.0005455455455455455	0.08578438183376885	0.15838309449370153	0.24416747632747038
0.000548048048048048	0.08532718679737099	0.15960247591134027	0.24492966270871125
0.0005505505505505506	0.08487142369945026	0.1608193438251109	0.24569076752456115
0.000553053053053053	0.08441709381676767	0.16203360045154427	0.24645069426831195
0.0005555555555555556	0.08396418952328019	0.16324516129006747	0.24720935081334766
0.0005580580580580581	0.08351271214875093	0.16445393296258037	0.24796664511133132
0.0005605605605605605	0.08306265992752168	0.1656598122011998	0.24872247212872148
0.0005630630630630631	0.0826140273964922	0.16686270751524765	0.24947673491173986
0.0005655655655655656	0.08216681405062361	0.16806245579122597	0.25022926984184957
0.000568068068068068	0.08172101516927639	0.16925878508830466	0.25097980025758104
0.0005705705705705706	0.08127663282804304	0.1704530047143003	0.25172963754234334
0.0005730730730730731	0.08083365825517973	0.17164257384574566	0.2524762321009254
0.0005755755755755755	0.0803920941294558	0.1728291221534619	0.2532212162829177
0.0005780780780780781	0.0799519370053744	0.17401227262067828	0.2539642096260527
0.0005805805805805806	0.07951318069179412	0.1751915315456928	0.2547047122374869
0.000583083083083083	0.07907582712478305	0.17636712992713574	0.2554429570519188
0.0005855855855855856	0.07863987302166474	0.17753887429806897	0.2561787473197337
0.0005880880880880881	0.07820531328852645	0.1787066721816688	0.2569119854701952
0.0005905905905905906	0.07777214316410902	0.17987041944145102	0.25764256260556007
0.0005930930930930931	0.07734036751699606	0.18103001909314922	0.2583703866101453
0.0005955955955955956	0.07690997791297716	0.18218536885732564	0.25909534677030277
0.0005980980980980981	0.07648097254849344	0.18333636714540136	0.2598173396938948
0.0006006006006006006	0.0760533489442273	0.18448292339930056	0.26053627234352783
0.0006031031031031031	0.07562710579100866	0.1856249266088865	0.26125203239989514
0.0006056056056056056	0.0752022379826567	0.18676229160440602	0.26196452958706273
0.0006081081081081081	0.07477874296683251	0.18789490603215436	0.2626736489989869
0.0006106106106106106	0.07435661932227158	0.18902267624414779	0.26337929556641937
0.0006131131131131132	0.07393586405015802	0.19014550303067068	0.2640813670808287
0.0006156156156156156	0.07351647308954205	0.19126328605897394	0.264779759148516
0.0006181181181181181	0.07309844325043756	0.19237592317152186	0.26547436642195943
0.0006206206206206207	0.07268177381202144	0.1934833280697323	0.26616510188175374
0.0006231231231231231	0.0722664615530657	0.1945853881482753	0.266851849701341
0.0006256256256256256	0.07185250057368539	0.19568201304219623	0.26753451361588165
0.0006281281281281282	0.07143989193543714	0.19677310602436882	0.26821299795980597
0.0006306306306306306	0.07102862819045658	0.19785856125301618	0.2688871894434728
0.0006331331331331331	0.07061871023415232	0.19893829103267713	0.26955700126682947
0.0006356356356356357	0.07021013251831172	0.20001219334116752	0.27022232585947925
0.0006381381381381381	0.06980289446494801	0.20108017887324542	0.27088307333819345
0.0006406406406406406	0.06939699181267364	0.20214214512420584	0.2715391369368795
0.0006431431431431432	0.06899242006367338	0.20319799672354322	0.2721904167872166
0.0006456456456456456	0.06858917849950372	0.20424764590429012	0.27283682440379387
0.0006481481481481481	0.0681872631580489	0.20529099152353408	0.273478254681583
0.0006506506506506507	0.06778666876759	0.20632794551365624	0.2741146142812462
0.0006531531531531532	0.06738739631136184	0.20735841707328775	0.2747458133846496
0.0006556556556556556	0.06698944008959913	0.2083823002520119	0.27537174034161105
0.0006581581581581582	0.06659279790782249	0.20939828284002274	0.27599108074784523
0.0006606606606606607	0.06619746472198597	0.21041000466959256	0.27660746939157854
0.0006631631631631631	0.0658034408832868	0.21141362240082223	0.277217063284109
0.0006656656656656657	0.06541071931068254	0.21241030337073147	0.277821022681414
0.0006681681681681682	0.06501930023266167	0.2133999556774706	0.2784192559101323
0.0006706706706706706	0.06462917691733784	0.21438249130734244	0.27901166822468026
0.0006731731731731732	0.06424034809555898	0.21535783836711747	0.2795981864626764
0.0006756756756756757	0.06385274448445726	0.2163258959826074	0.28017864046706464
0.0006781781781781781	0.06346635326737622	0.21728658939612638	0.2807529426635026
0.0006806806806806807	0.063081590471838	0.21823983093006516	0.2813214214019032
0.0006831831831831832	0.06269791298966208	0.21918553369510096	0.28188344668476306
0.0006856856856856856	0.0623155074754569	0.22012362290365237	0.2824391303791093
0.0006881881881881882	0.061934378234445454	0.22105401722905837	0.28298839546350385
0.0006906906906906907	0.06155451917357591	0.22197664102332976	0.28353116019690566
0.0006931931931931931	0.061175929842232274	0.22289141176381197	0.28406734160604424
0.0006956956956956957	0.06079860277976382	0.22379824348104696	0.2845968462608108
0.0006981981981981982	0.06042253966035317	0.2246970792316271	0.2851196188919803
0.0007007007007007007	0.06004773106708128	0.2255878348469983	0.28563556591407957
0.0007032032032032032	0.0596741817743459	0.22647043076900822	0.2861446125433541
0.0007057057057057057	0.05930187924688316	0.22734479888209755	0.2866466781289807
0.0007082082082082082	0.05893082602569707	0.22821087321623218	0.2871416992419292
0.0007107107107107107	0.05856101850826958	0.22906857956210241	0.287629598070372
0.0007132132132132132	0.05819244822891153	0.22991784797517212	0.2881102962040836
0.0007157157157157158	0.057825119075272775	0.2307586072353957	0.2885837263106685
0.0007182182182182182	0.057459021852193315	0.23159080333874174	0.28904982519093503
0.0007207207207207207	0.05709415436426992	0.23241436330371884	0.28950851766798874
0.0007232232232232233	0.05673051496100611	0.2332292191432502	0.2899597341042563
0.0007257257257257257	0.05636809864556751	0.23403531492740604	0.29040341357297356
0.0007282282282282282	0.05600689950849542	0.23483259152544617	0.2908394910339416
0.0007307307307307308	0.05564691934985465	0.23562098451191676	0.2912679038617714
0.0007332332332332332	0.05528814990516222	0.2364004323181788	0.29168858222334104
0.0007357357357357357	0.0549305890462033	0.23717088889808116	0.2921014779442845
0.0007382382382382383	0.05457423357672645	0.23793228363950059	0.29250651721622706
0.0007407407407407407	0.05421908062294575	0.23868457707130136	0.2929036576942471
0.0007432432432432432	0.05386512524128191	0.23942771219837525	0.2932928374396572
0.0007457457457457458	0.0535123624863246	0.24016163746024558	0.2936739999465702
0.0007482482482482482	0.0531607900581711	0.24088629043830018	0.29404708049647127
0.0007507507507507507	0.05281040565472134	0.2416016464290758	0.29441205208379717
0.0007532532532532533	0.05246120297106986	0.2423076376200051	0.29476884059107494
0.0007557557557557557	0.052113179981344585	0.24300423601556811	0.2951174159969127
0.0007582582582582582	0.051766330185773465	0.24369138008792318	0.29545771027369666
0.0007607607607607608	0.0514206544594513	0.24436903852632008	0.2957896929857714
0.0007632632632632632	0.051076144172318774	0.24503716329311442	0.2961133074654332
0.0007657657657657658	0.05073279847091189	0.2456957182433554	0.2964285167142673
0.0007682682682682683	0.05039061235921267	0.2463446724392775	0.29673528479849015
0.0007707707707707708	0.05004958022497336	0.24698397520762294	0.2970335554325963
0.0007732732732732733	0.049709701604663994	0.24761360102104707	0.29732330262571105
0.0007757757757757758	0.04937096981693035	0.2482335144144414	0.29760448423137176
0.0007782782782782783	0.04903337642967769	0.2488436765812234	0.29787705301090106
0.0007807807807807808	0.04869708088684845	0.24944406482183	0.29814114570867845
0.0007832832832832833	0.0483615713492919	0.2500346522906186	0.29839622363991053
0.0007857857857857858	0.048027431629966	0.25061539661883786	0.29864282824880384
0.0007882882882882883	0.04769437995802119	0.25118629334341375	0.2988806733014349
0.0007907907907907908	0.04736299558644535	0.25174730199721945	0.2991102975836648
0.0007932932932932933	0.04703158912391888	0.2522983970646917	0.29932998618861056
0.0007957957957957958	0.0467019135096664	0.25283956657307405	0.29954148008274045
0.0007982982982982983	0.046373272601951475	0.2533707885451227	0.29974406114707414
0.0008008008008008008	0.046045876160942543	0.2538920408652382	0.2999379170261807
0.0008033033033033033	0.045719498854832695	0.2544033052317125	0.3001228040865452
0.0008058058058058058	0.04539421607830382	0.2549045762593656	0.30029879233766943
0.0008083083083083083	0.04507002496120881	0.25539582834374175	0.30046585330495057
0.0008108108108108108	0.04474692334908579	0.2558770493943487	0.3006239727434345
0.0008133133133133133	0.04442490573602259	0.25634823591080863	0.3007731416468312
0.0008158158158158158	0.04410396669926913	0.2568093662806057	0.3009133329798748
0.0008183183183183183	0.043784101985257555	0.2572604528115055	0.30104455479676306
0.0008208208208208208	0.04346530745490587	0.25770146229661633	0.30116676975152223
0.0008233233233233233	0.04314758009324523	0.2581324032920678	0.30127998338531303
0.0008258258258258258	0.04283091080949778	0.25855327577127035	0.30138418658076815
0.0008283283283283283	0.042515297784422576	0.25896406452565524	0.3014793623100778
0.0008308308308308308	0.04220073697002654	0.25936478012215813	0.30156551709218465
0.0008333333333333334	0.04188722167301265	0.2597554281804071	0.3016426498534197
0.0008358358358358358	0.04157474684121275	0.26013598995723025	0.301710736798443
0.0008383383383383384	0.0412633096639335	0.2605064819909628	0.3017697916548963
0.0008408408408408409	0.0409529024256829	0.2608669087976922	0.3018198112233751
0.0008433433433433433	0.040643521305686575	0.2612172758909214	0.30186079719660797
0.0008458458458458459	0.04033516153104674	0.26155758759865266	0.30189274912969943
0.0008483483483483484	0.040027818336034145	0.2618878533554072	0.30191567169144135
0.0008508508508508508	0.039721450151727795	0.26220808400088125	0.30192953415260904
0.0008533533533533534	0.03941533988966246	0.2625182911078921	0.30193363099755455
0.0008558558558558559	0.039111921556498605	0.26281848687423603	0.30193040843073465
0.0008583583583583583	0.038808482420175455	0.2631086852716004	0.3019171676917759
0.0008608608608608609	0.03850613793534776	0.26338890222502126	0.301895040160369
0.0008633633633633634	0.03820477429280176	0.263659154658034	0.3018639289508358
0.0008658658658658658	0.037904389885027374	0.26391945990839333	0.3018238497934207
0.0008683683683683684	0.03760497715662851	0.26416983768102636	0.3017748148376549
0.0008708708708708709	0.037306529606578556	0.26441030793094816	0.3017168375375267
0.0008733733733733733	0.03700902212657508	0.26464089243965094	0.30164991456622603
0.0008758758758758759	0.03671326423724927	0.2648616146674184	0.3015748789046677
0.0008783783783783784	0.036416728234699644	0.2650724986050332	0.30148922683973284
0.0008808808808808808	0.0361223000712974	0.26527356981366235	0.30139586988495976
0.0008833833833833834	0.03582859028472749	0.26546485432594374	0.30129344461067126
0.0008858858858858859	0.035535814296919495	0.2656463793562594	0.3011821936531789
0.0008883883883883883	0.03524396096181155	0.2658181759893475	0.301062136951159
0.0008908908908908909	0.03495302463220059	0.265980271448126	0.3009332960803266
0.0008933933933933934	0.0346629987330602	0.26613269924429406	0.3007956979773543
0.000895895895895896	0.0343738761831384	0.2662754903416196	0.30064936652475804
0.0008983983983983984	0.03408565063269426	0.2664086783104423	0.30049432894313655
0.0009009009009009009	0.03379831514281089	0.26653229875236456	0.30033061389517546
0.0009034034034034035	0.03351186222795844	0.26664638495244564	0.30015824718040407
0.0009059059059059059	0.033226286075521	0.26675097482172844	0.2999772608972494
0.0009084084084084084	0.03294157832928039	0.26684610603312386	0.29978768436240427
0.000910910910910911	0.032657731911216674	0.2669318167283592	0.2995895486395759
0.0009134134134134134	0.032374740271660346	0.26700814644639664	0.299382886718057
0.0009159159159159159	0.03209259479324963	0.2670751369340947	0.2991677317273443
0.0009184184184184185	0.03181128881103759	0.26713282782675557	0.2989441166377932
0.0009209209209209209	0.03153081326018884	0.26718126257945174	0.2987120758396406
0.0009234234234234234	0.03125116200258978	0.26722048430976153	0.2984716463123513
0.000925925925925926	0.03097232537172069	0.26725053737546256	0.29822286274718324
0.0009284284284284284	0.030694296431838672	0.26727146776576016	0.29796576419759885
0.0009309309309309309	0.030417065631004294	0.2672833201324356	0.2977003857634399
0.0009334334334334335	0.03014062594328965	0.2672861414760183	0.29742676741930796
0.0009359359359359359	0.029864967302747795	0.2672799810949504	0.29714494839769817
0.0009384384384384384	0.029590082477803748	0.26726488616386296	0.2968549686416667
0.000940940940940941	0.02931596160926808	0.2672409059468073	0.29655686755607535
0.0009434434434434434	0.029042595712817396	0.26720809207819685	0.29625068779101427
0.0009459459459459459	0.02876997543168552	0.26716649319139857	0.2959364686230841
0.0009484484484484485	0.028498092317465452	0.2671161627744343	0.29561425509189976
0.0009509509509509509	0.02822693519826209	0.26705715310549427	0.29528408830375635
0.0009534534534534534	0.027956495985828306	0.266989515757834	0.2949460117436623
0.000955955955955956	0.027686763602033107	0.2669133060242617	0.2946000696262948
0.0009584584584584585	0.02741772676577692	0.26682857754172123	0.29424630430749815
0.0009609609609609609	0.027149407331075195	0.26673538636700717	0.29388479369808235
0.0009634634634634635	0.026881719975099253	0.2666337871076974	0.29351550708279667
0.000965965965965966	0.026614704201928772	0.26652383614161407	0.29313854034354286
0.0009684684684684684	0.026348255488835435	0.2664055926405881	0.29275384812942357
0.000970970970970971	0.026082449193746204	0.266279110953999	0.29236156014774517
0.0009734734734734735	0.025817888594081906	0.2661444519037243	0.2919623404978062
0.000975975975975976	0.025552955749705456	0.26600167227822064	0.2915546280279261
0.0009784784784784785	0.02528856669052348	0.2658508318567763	0.2911393985472998
0.000980980980980981	0.025026117888347126	0.26569199104449115	0.2907181089328383
0.0009834834834834836	0.024763317548525607	0.26552520991562045	0.2902885274641461
0.000985985985985986	0.02450121919257002	0.26535054849502343	0.28985176768759346
0.0009884884884884884	0.02423967799072276	0.26516806845937463	0.28940774645009737
0.000990990990990991	0.023978680796198238	0.26497783196484265	0.2889565127610409
0.0009934934934934935	0.023718215477325885	0.2647798996234993	0.2884981151008252
0.000995995995995996	0.023458267153316652	0.2645743322281339	0.2880325993814506
0.0009984984984984986	0.023198818767240392	0.2643612006027027	0.2875600193699431
0.001001001001001001	0.02293986246175648	0.2641405601017245	0.287080422563481
0.0010035035035035034	0.02268138238915157	0.26391247652262284	0.2865938589117744
0.001006006006006006	0.02242335788816669	0.2636770146484674	0.28610037253663406
0.0010085085085085085	0.022165776663640495	0.26343423848050546	0.28560001514414596
0.001011011011011011	0.021908623883365886	0.2631842114047631	0.285092835288129
0.0010135135135135136	0.021651885816150823	0.2629269998884191	0.2845788857045699
0.001016016016016016	0.021395529598843804	0.2626626680819546	0.28405819768079843
0.0010185185185185184	0.02113955873835854	0.2623912824978467	0.28353084123620526
0.001021021021021021	0.020883946600833633	0.2621129084217344	0.28299685502256805
0.0010235235235235235	0.0206286753934201	0.2618276108397841	0.28245628623320423
0.001026026026026026	0.020373717900103373	0.2615354570317812	0.2819091749318846
0.0010285285285285286	0.020119307885074135	0.2612365126183268	0.28135582050340097
0.001031031031031031	0.019865164509816687	0.2609308452468784	0.28079600975669505
0.0010335335335335334	0.019610082619113876	0.2606185204191783	0.2802286030382922
0.001036036036036036	0.01935704945407436	0.2602996051264064	0.2796566545804807
0.0010385385385385385	0.019103105960660987	0.2599741674257038	0.2790772733863648
0.001041041041041041	0.018849735730217552	0.25964227303475373	0.27849200876497127
0.0010435435435435436	0.01859649126507598	0.2593039909174217	0.27790048218249763
0.001046046046046046	0.018343405914285214	0.25895938619703457	0.2773027921113198
0.0010485485485485487	0.018090454702003038	0.25860852894584635	0.2766989836478494
0.001051051051051051	0.01783761338782008	0.25825148476460347	0.27608909815242355
0.0010535535535535535	0.017584861052205213	0.25788832124944094	0.27547318230164614
0.0010560560560560562	0.017332183855817605	0.2575191074869145	0.27485129134273206
0.0010585585585585586	0.01707950288325028	0.25714390971307716	0.27422341259632743
0.001061061061061061	0.016826835567540336	0.25676279625465004	0.27358963182219037
0.0010635635635635637	0.016574153262855017	0.25637583595059066	0.27294998921344565
0.001066066066066066	0.016321443887265457	0.2559830940063224	0.2723045378935879
0.0010685685685685685	0.01606864139145121	0.25558463981862917	0.27165328121008037
0.0010710710710710712	0.01581572904681105	0.2551805410060934	0.27099627005290444
0.0010735735735735736	0.015562684669179285	0.25477086492836243	0.2703335495975417
0.001076076076076076	0.015309460733868937	0.2543556780222294	0.2696651387560984
0.0010785785785785787	0.015056034699314248	0.2539350497962635	0.2689910844955778
0.001081081081081081	0.014802370129950313	0.25350904600210017	0.2683114161320505
0.0010835835835835835	0.014548433608841208	0.25307773463840255	0.2676261682472438
0.0010860860860860862	0.014294115075114817	0.2526411831442018	0.2669352982193166
0.0010885885885885886	0.014040094618005233	0.25219945862070914	0.2662395532387144
0.001091091091091091	0.013785024486069357	0.25175262825052946	0.2655376527365988
0.0010935935935935937	0.01352816960823094	0.25130075805817004	0.264828927666401
0.001096096096096096	0.01327342413979172	0.25084391570506137	0.2641173398448531
0.0010985985985985985	0.013016916147984888	0.25038216631835497	0.26339908246633986
0.0011011011011011012	0.01275997068081245	0.249915577721371	0.26267554840218343
0.0011036036036036036	0.0125024223617971	0.24944421652453225	0.26194663888632935
0.001106106106106106	0.012244225217296968	0.248968147893578	0.261212373110875
0.0011086086086086087	0.011985330446948165	0.24848743780378174	0.2604727682507299
0.0011111111111111111	0.011725686260164939	0.24800215203917958	0.25972783829934454
0.0011136136136136135	0.011465239884816684	0.24751235593549703	0.2589775958203137
0.0011161161161161162	0.011203936252803708	0.24701811437121002	0.2582220506240137
0.0011186186186186186	0.010941722493288574	0.24651949429284178	0.2574612167861304
0.001121121121121121	0.01067853869836598	0.24601655825814256	0.25669509695650855
0.0011236236236236237	0.010414315373992867	0.24550937168512416	0.255923687059117
0.0011261261261261261	0.010148998047949364	0.24499799944454842	0.2551469974924978
0.0011286286286286285	0.009882522099755384	0.2444825042251477	0.2543650263249031
0.0011311311311311312	0.009614804326982645	0.24396295178018532	0.253577756107168
0.0011336336336336336	0.00934578616651192	0.24343940338231657	0.2527851895488285
0.001136136136136136	0.009075406023349665	0.24291192439899265	0.25198733042234234
0.0011386386386386387	0.008803549685708817	0.2423805767209013	0.25118412640661014
0.0011411411411411411	0.008530179481675063	0.24184542281826707	0.25037560229994216
0.0011436436436436436	0.008255176458175036	0.241306525025059	0.24956170148323403
0.0011461461461461462	0.007978470326164257	0.24076394685780128	0.24874241718396553
0.0011486486486486486	0.0076999761109520825	0.24021774797992482	0.2479177240908769
0.001151151151151151	0.007419581186142793	0.2396679917516283	0.24708757293777112
0.0011536536536536537	0.0071371957253461935	0.2391147380887933	0.24625193381413948
0.0011561561561561561	0.006852717127962701	0.23855804830522884	0.24541076543319154
0.0011586586586586586	0.006566034140636265	0.23799798158170532	0.2445640157223416
0.0011611611611611612	0.006277034012017896	0.23743459938161032	0.24371163339362822
0.0011636636636636636	0.005985597588801873	0.23686796163915616	0.24285355922795804
0.001166166166166166	0.005691600507324135	0.23629812695034275	0.2419897274576669
0.0011686686686686687	0.005394913989187468	0.23572515489983412	0.24112006888902157
0.0011711711711711711	0.005095410932708897	0.23514910351707172	0.24024451444978062
0.0011736736736736738	0.0047928891154577075	0.23457003239762464	0.23936292151308236
0.0011761761761761762	0.004487288729467998	0.23398799831686806	0.23847528704633605
0.0011786786786786786	0.0041784302096345574	0.2334030593938675	0.23758148960350206
0.0011811811811811813	0.003866036934793117	0.23281527206753894	0.23668130900233206
0.0011836836836836837	0.0035499893583323607	0.2322246949967373	0.23577468435506968
0.0011861861861861861	0.003230253599097836	0.23163138234931252	0.23486163594841036
0.0011886886886886888	0.002906408226549842	0.23103539179020988	0.2339418000167597
0.0011911911911911912	0.002578351379633332	0.23043677849418748	0.2330151298738208
0.0011936936936936936	0.002245830292578191	0.22983559704203319	0.23208142733461137
0.0011961961961961963	0.00190860598813648	0.22923190402145377	0.23114051000959024
0.0011986986986986987	0.001566421379656068	0.22862575173237581	0.23019217311203188
0.0012012012012012011	0.0012190022765328735	0.22801719555530342	0.2292361978318363
0.0012037037037037038	0.0008660526092980523	0.2274062893857861	0.22827234199508417
0.0012062062062062062	0.0005072564034940222	0.22679308596361783	0.22730034236711186
0.0012087087087087087	0.00014227329520357927	0.226177638033991	0.22631991132919457
0.0012112112112112113	0	0.22555999811508595	0.22555999811508595
0.0012137137137137137	0	0.22494021836316122	0.22494021836316122
0.0012162162162162162	0	0.22431835016920368	0.22431835016920368
0.0012187187187187188	0	0.2236944448139377	0.2236944448139377
0.0012212212212212212	0	0.2230685529047271	0.2230685529047271
0.0012237237237237237	0	0.22244072496494216	0.22244072496494216
0.0012262262262262263	0	0.22181101076635115	0.22181101076635115
0.0012287287287287287	0	0.22117945967442681	0.22117945967442681
0.0012312312312312312	0	0.2205461208854194	0.2205461208854194
0.0012337337337337338	0	0.21991104299991396	0.21991104299991396
0.0012362362362362362	0	0.21927427408341574	0.21927427408341574
0.0012387387387387387	0	0.21863586191090417	0.21863586191090417
0.0012412412412412413	0	0.21799585379339229	0.21799585379339229
0.0012437437437437437	0	0.21735429666073702	0.21735429666073702
0.0012462462462462462	0	0.21671123690921934	0.21671123690921934
0.0012487487487487488	0	0.21606672058298718	0.21606672058298718
0.0012512512512512512	0	0.21542079322030214	0.21542079322030214
0.0012537537537537537	0	0.2147734999611473	0.2147734999611473
0.0012562562562562563	0	0.21412488554651612	0.21412488554651612
0.0012587587587587587	0	0.2134749942100994	0.2134749942100994
0.0012612612612612612	0	0.21282386983377008	0.21282386983377008
0.0012637637637637638	0	0.21217155576816094	0.21217155576816094
0.0012662662662662662	0	0.21151809496317409	0.21151809496317409
0.0012687687687687687	0	0.21086352993598456	0.21086352993598456
0.0012712712712712713	0	0.21020790287542832	0.21020790287542832
0.0012737737737737737	0	0.20955125544157338	0.20955125544157338
0.0012762762762762762	0	0.20889362872612782	0.20889362872612782
0.0012787787787787788	0	0.20823506363557856	0.20823506363557856
0.0012812812812812813	0	0.20757560059632027	0.20757560059632027
0.0012837837837837837	0	0.2069152793404562	0.2069152793404562
0.0012862862862862863	0	0.2062541395699042	0.2062541395699042
0.0012887887887887888	0	0.2055922201843718	0.2055922201843718
0.0012912912912912912	0	0.2049295599779144	0.2049295599779144
0.0012937937937937938	0	0.20426619710970678	0.20426619710970678
0.0012962962962962963	0	0.20360216948651558	0.20360216948651558
0.001298798798798799	0	0.20293751386170458	0.20293751386170458
0.0013013013013013013	0	0.2022722683404044	0.2022722683404044
0.0013038038038038038	0	0.20160646868003101	0.20160646868003101
0.0013063063063063064	0	0.20094015014908767	0.20094015014908767
0.0013088088088088088	0	0.20027335088141116	0.20027335088141116
0.0013113113113113113	0	0.19960610339652357	0.19960610339652357
0.001313813813813814	0	0.198938443999744	0.198938443999744
0.0013163163163163163	0	0.19827040716385114	0.19827040716385114
0.0013188188188188188	0	0.197602026459461	0.197602026459461
0.0013213213213213214	0	0.19693333604312882	0.19693333604312882
0.0013238238238238238	0	0.19626436817670317	0.19626436817670317
0.0013263263263263263	0	0.1955951563391762	0.1955951563391762
0.001328828828828829	0	0.19492573318518625	0.19492573318518625
0.0013313313313313313	0	0.1942561300630811	0.1942561300630811
0.0013338338338338338	0	0.19358637786643026	0.19358637786643026
0.0013363363363363364	0	0.19291650990159234	0.19291650990159234
0.0013388388388388388	0	0.19224655557738443	0.19224655557738443
0.0013413413413413413	0	0.19157654479339353	0.19157654479339353
0.001343843843843844	0	0.19090650881563545	0.19090650881563545
0.0013463463463463464	0	0.19023647660988313	0.19023647660988313
0.0013488488488488488	0	0.18956647718167915	0.18956647718167915
0.0013513513513513514	0	0.1888965393487083	0.1888965393487083
0.0013538538538538539	0	0.18822669153498958	0.18822669153498958
0.0013563563563563563	0	0.1875569629061092	0.1875569629061092
0.001358858858858859	0	0.1868873795722168	0.1868873795722168
0.0013613613613613614	0	0.18621797018560426	0.18621797018560426
0.0013638638638638638	0	0.18554876038887488	0.18554876038887488
0.0013663663663663664	0	0.1848797780653244	0.1848797780653244
0.0013688688688688689	0	0.18421104811002825	0.18421104811002825
0.0013713713713713713	0	0.18354259704333903	0.18354259704333903
0.001373873873873874	0	0.18287445077988154	0.18287445077988154
0.0013763763763763764	0	0.18220663327689662	0.18220663327689662
0.0013788788788788788	0	0.18153916974047898	0.18153916974047898
0.0013813813813813814	0	0.18087208472820868	0.18087208472820868
0.0013838838838838839	0	0.18020540282087325	0.18020540282087325
0.0013863863863863863	0	0.17953914637353385	0.17953914637353385
0.001388888888888889	0	0.17887333919977838	0.17887333919977838
0.0013913913913913914	0	0.17820800540143492	0.17820800540143492
0.0013938938938938938	0	0.17754316612739532	0.17754316612739532
0.0013963963963963964	0	0.17687884431104853	0.17687884431104853
0.0013988988988988989	0	0.17621506162822947	0.17621506162822947
0.0014014014014014013	0	0.17555183949175304	0.17555183949175304
0.001403903903903904	0	0.17488919992960397	0.17488919992960397
0.0014064064064064064	0	0.1742271640064771	0.1742271640064771
0.0014089089089089088	0	0.17356575127827362	0.17356575127827362
0.0014114114114114115	0	0.1729049823758556	0.1729049823758556
0.0014139139139139139	0	0.17224487799014113	0.17224487799014113
0.0014164164164164163	0	0.17158545697180022	0.17158545697180022
0.001418918918918919	0	0.17092673955613624	0.17092673955613624
0.0014214214214214214	0	0.17026874371049308	0.17026874371049308
0.001423923923923924	0	0.16961148878076374	0.16961148878076374
0.0014264264264264265	0	0.16895499246269605	0.16895499246269605
0.0014289289289289289	0	0.16829927394369273	0.16829927394369273
0.0014314314314314315	0	0.16764435008151812	0.16764435008151812
0.001433933933933934	0	0.16699023940550586	0.16699023940550586
0.0014364364364364364	0	0.16633695818275962	0.16633695818275962
0.001438938938938939	0	0.1656845234187358	0.1656845234187358
0.0014414414414414415	0	0.1650329522506612	0.1650329522506612
0.001443943943943944	0	0.16438226013869403	0.16438226013869403
0.0014464464464464465	0	0.1637324646176126	0.1637324646176126
0.001448948948948949	0	0.16308358033161946	0.16308358033161946
0.0014514514514514514	0	0.16243562206680318	0.16243562206680318
0.001453953953953954	0	0.16178860677206813	0.16178860677206813
0.0014564564564564565	0	0.16114254787437737	0.16114254787437737
0.001458958958958959	0	0.16049746132250145	0.16049746132250145
0.0014614614614614615	0	0.15985336057876684	0.15985336057876684
0.001463963963963964	0	0.15921025962386304	0.15921025962386304
0.0014664664664664664	0	0.15856817338038026	0.15856817338038026
0.001468968968968969	0	0.15792711398982254	0.15792711398982254
0.0014714714714714715	0	0.15728709671548047	0.15728709671548047
0.001473973973973974	0	0.1566481324134869	0.1566481324134869
0.0014764764764764766	0	0.15601023577006867	0.15601023577006867
0.001478978978978979	0	0.15537341810378066	0.15537341810378066
0.0014814814814814814	0	0.1547376920967216	0.1547376920967216
0.001483983983983984	0	0.1541030705995108	0.1541030705995108
0.0014864864864864865	0	0.1534695645094148	0.1534695645094148
0.001488988988988989	0	0.1528371858300784	0.1528371858300784
0.0014914914914914916	0	0.15220594584559255	0.15220594584559255
0.001493993993993994	0	0.1515758556343563	0.1515758556343563
0.0014964964964964964	0	0.15094692675996102	0.15094692675996102
0.001498998998998999	0	0.150319168929415	0.150319168929415
0.0015015015015015015	0.0014507321757065603	0.14969259285756373	0.1511433250332703
0.001504004004004004	0.003344569521766095	0.14906720853725733	0.15241177805902342
0.0015065065065065066	0.005197609251081734	0.14844302729755884	0.15364063654864057
0.001509009009009009	0.007012686816717667	0.14782005768427844	0.1548327445009961
0.0015115115115115114	0.008792380316986292	0.1471983094390438	0.1559906897560301
0.001514014014014014	0.010539040535680671	0.14657779213012545	0.15711683266580612
0.0015165165165165165	0.012254847887114156	0.14595851487741576	0.1582133627645299
0.001519019019019019	0.013941619456874402	0.1453404864158686	0.159282105872743
0.0015215215215215216	0.015601722082450415	0.14472371713300294	0.16032543921545336
0.001524024024024024	0.01723628868903726	0.14410821244566707	0.16134450113470433
0.0015265265265265264	0.01884677292658567	0.1434939827436362	0.16234075567022188
0.001529029029029029	0.020435289356403836	0.14288103635415925	0.1633163257105631
0.0015315315315315315	0.022002574046071543	0.14226938033571002	0.16427195438178155
0.001534034034034034	0.02355018013739003	0.1416590226820294	0.16520920281941942
0.0015365365365365366	0.025079218307058674	0.14104997118379256	0.16612918949085123
0.001539039039039039	0.026590792908744366	0.14044223309690174	0.1670330260056461
0.0015415415415415416	0.028085935957739214	0.13983581545750431	0.16792175141524351
0.001544044044044044	0.029565626210686605	0.1392307255157882	0.16879635172647478
0.0015465465465465465	0.031030748553222725	0.138626970481044	0.1696577190342667
0.0015490490490490492	0.03248219697797784	0.13802455613041645	0.1705067531083943
0.0015515515515515516	0.03392078474086488	0.13742348949143132	0.1713442742322962
0.001554054054054054	0.03534719905969391	0.13682377620694686	0.17217097526664077
0.0015565565565565567	0.03676224611962704	0.13622542377845492	0.17298766989808195
0.001559059059059059	0.038166533643389886	0.13562843682178927	0.17379497046517917
0.0015615615615615615	0.039560762928315056	0.13503282138563158	0.17459358431394664
0.0015640640640640642	0.04094547522469389	0.13443858402011907	0.17538405924481296
0.0015665665665665666	0.04232128116974704	0.13384572945648882	0.17616701062623585
0.001569069069069069	0.04368867162406542	0.13325426251761546	0.17694293414168089
0.0015715715715715717	0.04504821741383524	0.1326641894408687	0.17771240685470394
0.001574074074074074	0.04640036531160573	0.13207551412197102	0.17847587943357676
0.0015765765765765765	0.047745572386678085	0.13148824226510614	0.17923381465178423
0.0015790790790790792	0.04908426909213887	0.13090237864819237	0.17998664774033124
0.0015815815815815816	0.05041686526256685	0.13031792702789408	0.1807347922904609
0.001584084084084084	0.0517437404498178	0.12973489254753873	0.18147863299735653
0.0015865865865865867	0.053066931199287265	0.12915327897571496	0.18222021017500223
0.001589089089089089	0.054378372625641214	0.1285730904474866	0.18295146307312782
0.0015915915915915915	0.05569544232331472	0.12799433090142773	0.18368977322474245
0.0015940940940940942	0.057001118045746146	0.12741700501185346	0.1844181230575996
0.0015965965965965966	0.05830452402482457	0.1268411150376498	0.1851456390624744
0.001599099099099099	0.059604134679066174	0.1262666657335114	0.18587080041257756
0.0016016016016016017	0.060900215152037765	0.12569366017239758	0.18659387532443533
0.001604104104104104	0.06219301939006755	0.12512210101899646	0.187315120409064
0.0016066066066066065	0.0634827495406737	0.12455199252693101	0.18803474206760473
0.0016091091091091092	0.06476969240266847	0.1239833368489858	0.18875302925165427
0.0016116116116116116	0.06605391692244034	0.12341613719438889	0.1894700541168292
0.001614114114114114	0.0673358891743372	0.12285039669521267	0.19018628586954986
0.0016166166166166167	0.068615636028068	0.1222861175325795	0.19090175356064748
0.0016191191191191191	0.06989317498446476	0.12172330268946042	0.1916164776739252
0.0016216216216216215	0.07116890701670348	0.12116195412440611	0.1923308611411096
0.0016241241241241242	0.07244291288682808	0.12060207448641243	0.1930449873732405
0.0016266266266266266	0.07371534439977988	0.12004366576010936	0.19375901015988922
0.001629129129129129	0.07498619537232176	0.11948673039322445	0.1944729257655462
0.0016316316316316317	0.07625727428215799	0.1189312700390033	0.19518854432116128
0.0016341341341341341	0.07752063134866435	0.11837728648038094	0.1958979178290453
0.0016366366366366365	0.07879339240349807	0.11782478202549523	0.19661817442899332
0.0016391391391391392	0.08005839809425853	0.11727375781241788	0.1973321559066764
0.0016416416416416416	0.08132402034516623	0.11672421569560142	0.19804823604076766
0.001644144144144144	0.08258885241520218	0.11617615726092433	0.1987650096761265
0.0016466466466466467	0.08385299737235423	0.11562958320787672	0.19948258058023094
0.0016491491491491491	0.08511656617058845	0.11508449508518438	0.20020106125577283
0.0016516516516516516	0.08637956244036617	0.11454089451732082	0.20092045695768698
0.0016541541541541542	0.08764211654413699	0.11399878262551466	0.20164089916965167
0.0016566566566566566	0.08890427641477838	0.11345815970406342	0.2023624361188418
0.001659159159159159	0.09016605716281885	0.11291902688618285	0.20308508404900172
0.0016616616616616617	0.09142759954945348	0.11238138520884049	0.20380898475829395
0.0016641641641641641	0.09268886938445706	0.1118452348588199	0.20453410424327695
0.0016666666666666668	0.09394993245087122	0.11131057737256748	0.20526050982343869
0.0016691691691691692	0.09521082576777333	0.11077741224610936	0.2059882380138827
0.0016716716716716716	0.09647155896026294	0.1102457407894244	0.20671729974968733
0.0016741741741741743	0.09773199196815442	0.10971556276612382	0.20744755473427823
0.0016766766766766767	0.09899193683706778	0.10918687861618186	0.20817881545324962
0.0016791791791791791	0.10025455616236643	0.10865968871009343	0.20891424487245985
0.0016816816816816818	0.10151251425474812	0.10813399334245925	0.20964650759720738
0.0016841841841841842	0.10277409258055421	0.10760979175881023	0.21038388433936445
0.0016866866866866866	0.10403443592937625	0.10708708494983603	0.21112152087921227
0.0016891891891891893	0.10529471054995332	0.1065658722946817	0.21186058284463502
0.0016916916916916917	0.1065549007420448	0.10604615336888033	0.21260105411092511
0.0016941941941941941	0.10781508928890017	0.10552792833678926	0.2133430176256894
0.0016966966966966968	0.10907521841702804	0.10501119696400497	0.214086415381033
0.0016991991991991992	0.11033527836060686	0.10449595983700538	0.21483123819761224
0.0017017017017017016	0.11159525306528709	0.10398221225191381	0.2155774653172009
0.0017042042042042043	0.11285512357483737	0.10346995721386659	0.21632508078870397
0.0017067067067067067	0.11411486829494863	0.10295919574246261	0.21707406403741125
0.0017092092092092091	0.11537446324370358	0.102449925209349	0.21782438845305258
0.0017117117117117118	0.11663387742108199	0.1019421442319419	0.21857602165302387
0.0017142142142142142	0.11789308539728492	0.10143585643339309	0.21932894183067803
0.0017167167167167166	0.1191520506133926	0.10093104844666105	0.22008309906005363
0.0017192192192192193	0.12041073666176767	0.10042773497116536	0.22083847163293302
0.0017217217217217217	0.12166910754803428	0.09992590622432053	0.2215950137723548
0.0017242242242242242	0.12292712143022991	0.09942556435633579	0.2223526857865657
0.0017267267267267268	0.12418473402390792	0.09892670446127004	0.22311143848517795
0.0017292292292292292	0.12544190143338715	0.09842933018346342	0.22387123161685057
0.0017317317317317317	0.12669857108696478	0.09793343773863383	0.2246320088255986
0.0017342342342342343	0.1279546963088778	0.0974390284558848	0.2253937247647626
0.0017367367367367367	0.12921022061492998	0.09694609690145564	0.22615631751638562
0.0017392392392392392	0.13046509396860173	0.0964546426510049	0.22691973661960663
0.0017417417417417418	0.13171925721781932	0.09596466985389195	0.22768392707171126
0.0017442442442442442	0.13297264877358345	0.09547616952549119	0.22844881829907465
0.0017467467467467467	0.13422521362649617	0.09498914276409458	0.22921435639059073
0.0017492492492492493	0.13547687775365908	0.09450359146785853	0.2299804692215176
0.0017517517517517517	0.13672680183056868	0.0940195111364065	0.23074631296697518
0.0017542542542542542	0.13797863234583746	0.09353690117686589	0.23151553352270335
0.0017567567567567568	0.13922582342739173	0.09305575660449567	0.2322815800318874
0.0017592592592592592	0.14047325852605025	0.09257607894273465	0.2330493374687849
0.0017617617617617617	0.14171945334604158	0.09209786759527992	0.23381732094132152
0.0017642642642642643	0.1429643444452794	0.09162111652069893	0.23458546096597832
0.0017667667667667667	0.14420785135731812	0.0911458285345962	0.2353536798919143
0.0017692692692692692	0.14545044894595582	0.09067199833499964	0.23612244728095547
0.0017717717717717718	0.1466887005140831	0.09019962714159364	0.23688832765567674
0.0017742742742742742	0.14792934698786386	0.08972870758060628	0.23765805456847014
0.0017767767767767767	0.1491665484911746	0.0892592439600734	0.238425792451248
0.0017792792792792793	0.15040197512642645	0.08879123230353665	0.23919320742996308
0.0017817817817817817	0.1516355380225273	0.08832466866606377	0.23996020668859108
0.0017842842842842842	0.15286715859505226	0.08785955238753712	0.24072671098258938
0.0017867867867867868	0.15409675424014038	0.08739588131553179	0.24149263555567219
0.0017892892892892893	0.1553242290371524	0.08693365423600935	0.24225788327316175
0.001791791791791792	0.15654950666828046	0.08647286489792191	0.24302237156620238
0.0017942942942942943	0.15777249366448481	0.08601351896688046	0.2437860126313653
0.0017967967967967968	0.1589930953965463	0.0855556043900043	0.24454869978655058
0.0017992992992992994	0.160211229649472	0.08509912817406097	0.24531035782353294
0.0018018018018018018	0.1614268053900207	0.08464408079694698	0.24607088618696765
0.0018043043043043043	0.16263972746263694	0.08419046506816771	0.24683019253080465
0.001806806806806807	0.16384990025826024	0.083738273494901	0.24758817375316122
0.0018093093093093093	0.16505724029535623	0.08328750949765232	0.24834474979300855
0.0018118118118118118	0.1662616413863515	0.08283816652755777	0.24909980791390926
0.0018143143143143144	0.16746249308748398	0.0823902420631169	0.24985273515060089
0.0018168168168168168	0.16866129923433062	0.08194373874037267	0.2506050379747033
0.0018193193193193193	0.16985822055229863	0.08149864509478182	0.25135686564708043
0.001821821821821822	0.17104793711400257	0.0810549701807888	0.25210290729479135
0.0018243243243243243	0.17223629760955275	0.08061269951608083	0.2528489971256336
0.0018268268268268268	0.17342173963196894	0.08017183925972936	0.2535935788916983
0.0018293293293293294	0.1746023043119334	0.07973238474799306	0.25433468905992646
0.0018318318318318318	0.17577980024812007	0.0792943292330088	0.25507412948112884
0.0018343343343343343	0.1769534898398225	0.078857675386304	0.2558111652261265
0.001836836836836837	0.1781232779797576	0.07842241624359479	0.2565456942233524
0.0018393393393393393	0.17928905972384243	0.07798855374475724	0.2572776134685997
0.0018418418418418418	0.18045074314413476	0.07755608159620636	0.2580068247403411
0.0018443443443443444	0.18160822590883577	0.07712499883298761	0.25873322474182336
0.0018468468468468468	0.18276141515827352	0.07669530134830609	0.2594567165065796
0.0018493493493493493	0.1839102088017725	0.07626698801466196	0.2601771968164345
0.001851851851851852	0.18505449976864763	0.07584005425695035	0.26089455402559797
0.0018543543543543544	0.18619419703475507	0.07541449773592308	0.26160869477067816
0.0018568568568568568	0.18732919821252933	0.0749903181892145	0.26231951640174384
0.0018593593593593594	0.18845940124138028	0.07456750931477768	0.26302691055615796
0.0018618618618618619	0.18958471341671732	0.07414607129855612	0.26373078471527345
0.0018643643643643643	0.19070503062407698	0.07372599658731846	0.26443102721139544
0.001866866866866867	0.19182025501722402	0.07330728765890462	0.26512754267612865
0.0018693693693693694	0.19293028949955476	0.07288993984813431	0.26582022934768906
0.0018718718718718718	0.19403503216495085	0.0724739493405991	0.26650898150554997
0.0018743743743743744	0.19513438479759043	0.07205931092665678	0.2671936957242472
0.0018768768768768769	0.1962282569110011	0.0716460266771485	0.2678742835881496
0.0018793793793793793	0.1973165378800382	0.07123408953153818	0.26855062741157637
0.001881881881881882	0.1983991507225581	0.07082350265187362	0.26922265337443174
0.0018843843843843844	0.19947597348129914	0.07041425335150803	0.26989022683280717
0.0018868868868868868	0.20054693607338647	0.07000634762091029	0.27055328369429676
0.0018893893893893894	0.20161191384135468	0.0695997751003675	0.2712116889417222
0.0018918918918918919	0.2026708391652887	0.06919453915077159	0.2718653783160603
0.0018943943943943943	0.20372360187871558	0.06879063269784927	0.2725142345765649
0.001896896896896897	0.2047701111602305	0.06838805425818625	0.27315816541841675
0.0018993993993993994	0.2058102750737089	0.06798680124186053	0.27379707631556943
0.0019019019019019018	0.2068439964313821	0.06758686889288791	0.27443086532427
0.0019044044044044044	0.20787119022843936	0.06718825389172994	0.2750594441201693
0.0019069069069069069	0.20889172478051785	0.06679095515076021	0.27568267993127804
0.0019094094094094093	0.20990552845247246	0.06639496839296843	0.2763004968454409
0.001911911911911912	0.21091267442453743	0.06600028853917547	0.2769129629637129
0.0019144144144144144	0.21191283298879018	0.06560691760429953	0.2775197505930897
0.001916916916916917	0.21290600947107868	0.06521484645668865	0.27812085592776736
0.0019194194194194195	0.21389211968969876	0.06482407574998793	0.2787161954396867
0.0019219219219219219	0.21487107289538185	0.064434600962992	0.27930567385837385
0.0019244244244244245	0.21584278303187562	0.06404643052000536	0.279889213551881
0.001926926926926927	0.2168071674533028	0.06365915945504297	0.2804663269083458
0.0019294294294294294	0.21776414371298478	0.06327399830178188	0.2810381420147666
0.001931931931931932	0.21871362614793788	0.06288959427155008	0.28160322041948793
0.0019344344344344345	0.21965553646213198	0.06250655095662536	0.28216208741875737
0.0019369369369369369	0.2205897913771161	0.06212478354898128	0.28271457492609736
0.0019394394394394395	0.22151631133845665	0.06174428997958789	0.28326060131804454
0.001941941941941942	0.22243501053424142	0.06136506562574797	0.28380007615998937
0.0019444444444444444	0.2233458286721042	0.06098710815412758	0.2843329368262318
0.001946946946946947	0.22424867505661064	0.0606104131855604	0.28485908824217104
0.0019494494494494495	0.22514347019533476	0.060234978782614766	0.2853784489779495
0.001951951951951952	0.22603015859410416	0.05986079955054343	0.2858909581446476
0.0019544544544544545	0.2269086488350407	0.05948787441769474	0.28639652325273546
0.001956956956956957	0.22777887951068154	0.059116196470935044	0.28689507598161657
0.0019594594594594594	0.22864078017678136	0.058745767121923406	0.2873865472987048
0.001961961961961962	0.22949427012659981	0.05837657874297758	0.28787084886957737
0.0019644644644644643	0.23033929773321038	0.058008629517309444	0.28834792725051983
0.001966966966966967	0.23117578529609215	0.0576419165272954	0.28881770182338756
0.0019694694694694695	0.2320036650946384	0.05727643392856631	0.28928009902320473
0.001971971971971972	0.23282288188713016	0.056912181904488275	0.28973506379161845
0.0019744744744744744	0.23363336789889563	0.05654915342150858	0.29018252132040423
0.001976976976976977	0.2344350562301914	0.05618734670943117	0.29062240293962255
0.0019794794794794797	0.23522789898835045	0.05582675791047053	0.291054656898821
0.001981981981981982	0.23601182819490696	0.05546738288725818	0.2914792110821651
0.0019844844844844845	0.236786782308068	0.05510921888727699	0.291896001195345
0.001986986986986987	0.23755272277832432	0.054752262395369886	0.2923049851736942
0.0019894894894894894	0.23830957236878897	0.05439650715518413	0.2927060795239731
0.001991991991991992	0.239057298040997	0.054041952906707644	0.29309925094770467
0.0019944944944944947	0.23979582370970942	0.053688594454748176	0.2934844181644576
0.001996996996996997	0.24052512732300738	0.05333642732874145	0.29386155465174885
0.0019994994994994996	0.24124514023124902	0.05298545038358267	0.2942305906148317
0.002002002002002002	0.24195581778007438	0.052635657000923854	0.29459147478099823
0.0020045045045045044	0.24265711096169176	0.05228704353839885	0.2949441545000906
0.002007007007007007	0.24334899006303998	0.051939609009429705	0.2952885990724697
0.0020095095095095097	0.2440313915528231	0.05159334612586286	0.29562473767868597
0.002012012012012012	0.24470429068520916	0.05124825334292121	0.29595254402813037
0.0020145145145145146	0.2453676443754641	0.050904325910459305	0.2962719702859234
0.002017017017017017	0.2460213965948718	0.050561559728149595	0.2965829563230214
0.0020195195195195194	0.2466655283107988	0.05021995123421218	0.296885479545011
0.002022022022022022	0.24729999962190305	0.049879497212343374	0.29717949683424644
0.0020245245245245247	0.24792477376838887	0.049540191237864226	0.2974649650062531
0.002027027027027027	0.24853981448057647	0.04920203347510727	0.29774184795568376
0.0020295295295295296	0.24914509555994163	0.04886504750830357	0.2980101430682452
0.002032032032032032	0.24974059036372218	0.04852924782222199	0.29826983818594416
0.0020345345345345344	0.25032625873177516	0.04819438313543269	0.29852064186720784
0.002037037037037037	0.25090208492933946	0.04786076026459218	0.29876284519393165
0.0020395395395395397	0.25146802804093976	0.04752848228238793	0.2989965103233277
0.002042042042042042	0.25202408864121345	0.04719692424352912	0.29922101288474257
0.0020445445445445446	0.25257022601736695	0.046866666202930674	0.2994368922202976
0.002047047047047047	0.2531064271560741	0.046537381786948065	0.29964380894302217
0.0020495495495495494	0.25363266518445443	0.046209516472720515	0.29984218165717497
0.002052052052052052	0.2541489274675508	0.045882550830649065	0.30003147829819987
0.0020545545545545547	0.254655192961142	0.045556720770054966	0.30021191373119693
0.002057057057057057	0.2551514559362911	0.04523198373658584	0.30038343967287695
0.0020595595595595596	0.25563768797664316	0.0449083391284769	0.3005460271051201
0.002062062062062062	0.25611390128977607	0.04458577900537743	0.3006996802951535
0.0020645645645645644	0.2565800589580882	0.04426430149804997	0.30084436045613816
0.002067067067067067	0.25703616398195184	0.04394390009274824	0.30098006407470007
0.0020695695695695697	0.25748220903744407	0.043624571883906026	0.30110678092135007
0.002072072072072072	0.25791819132871957	0.04330631101189252	0.3012245023406121
0.0020745745745745746	0.25834409925365437	0.04298911296873166	0.301333212222386
0.002077077077077077	0.25875992969662737	0.042672973050839044	0.3014329027474664
0.0020795795795795794	0.259165693382978	0.04235788607327228	0.3015235794562503
0.002082082082082082	0.2595613670220493	0.04204384901754784	0.3016052160395971
0.0020845845845845847	0.2599469673672363	0.04173085478134883	0.3016778221485852
0.002087087087087087	0.26032250181429867	0.04141889893311285	0.3017414007474115
0.0020895895895895896	0.26068795858976007	0.04110797686079095	0.301795935450551
0.002092092092092092	0.2610433547397173	0.040798084578623696	0.301841439318341
0.0020945945945945945	0.2613886884837518	0.04048921404882742	0.30187790253257923
0.0020970970970970973	0.26172397534593533	0.040181363713479544	0.30190533905941486
0.0020995995995995997	0.26204922263967656	0.039874538631682666	0.3019237612713592
0.002102102102102102	0.26236443929500686	0.0395683420151241	0.30193278131013096
0.0021046046046046046	0.2626696389275124	0.03926380665263622	0.3019334455801486
0.002107107107107107	0.2629648348223747	0.03896001587526375	0.30192485069763847
0.0021096096096096095	0.2632500402654113	0.038657186955611315	0.30190722722102264
0.0021121121121121123	0.2635252730600761	0.03835533356461979	0.3018806066246959
0.0021146146146146147	0.2637905499941833	0.038054459999356895	0.3018450099935402
0.002117117117117117	0.26404588805037915	0.03775456236330232	0.3018004504136815
0.0021196196196196196	0.26429130981469695	0.03745563366900404	0.301746943483701
0.002122122122122122	0.26452683406636873	0.03715766657242178	0.3016845006387905
0.0021246246246246245	0.26475248534429474	0.03686086301974459	0.3016133483640393
0.0021271271271271273	0.2649682848764342	0.03656524058170469	0.3015335254581389
0.0021296296296296298	0.26517425889363494	0.036269502201369014	0.3014437610950039
0.002132132132132132	0.2653704326117914	0.03597532602982868	0.30134575864162005
0.0021346346346346346	0.26555683482848486	0.0356820870652417	0.3012389218937266
0.002137137137137137	0.2657334917507566	0.03538977198079186	0.30112326373154846
0.0021396396396396395	0.2659004337800184	0.03509837828781607	0.30099881206783446
0.0021421421421421423	0.2660576918537576	0.03480789854886829	0.3008655904026259
0.0021446446446446448	0.26620529734874887	0.03451832475411443	0.3007236221028633
0.002147147147147147	0.2663432827799883	0.03422965105093412	0.30057293383092243
0.0021496496496496496	0.26647168222849354	0.03394187226467788	0.3004135544931714
0.002152152152152152	0.2665905307717816	0.03365497894705417	0.30024550971883573
0.0021546546546546545	0.26669986429208264	0.03336896526123592	0.3000688295533186
0.0021571571571571573	0.2667997204485201	0.033083824185569384	0.29988354463408945
0.0021596596596596598	0.26689013698800923	0.03279954753253641	0.2996896845205456
0.002162162162162162	0.2669711521055363	0.03251613029544417	0.29948728240098044
0.0021646646646646646	0.26704280706301353	0.03223356209062572	0.29927636915363925
0.002167167167167167	0.2671051415463069	0.03195183690702694	0.2990569784533338
0.0021696696696696695	0.26715819954946435	0.031670948187208385	0.29882914773667274
0.0021721721721721723	0.267202022102574	0.031390884724516184	0.29859290682709017
0.0021746746746746748	0.26723665495617943	0.03111164224025355	0.29834829719643297
0.002177177177177177	0.2672621403087212	0.030833210512371326	0.2980953508210925
0.0021796796796796796	0.267278525420781	0.0305555818311872	0.29783410725196824
0.002182182182182182	0.2672858573711512	0.03027874715841663	0.2975646045295678
0.0021846846846846845	0.2672841815308048	0.03000269954764251	0.2972868810784473
0.0021871871871871874	0.26727354778090706	0.029727429076313223	0.29700097685722027
0.0021896896896896898	0.2672540041166808	0.02945292706010195	0.29670693117678276
0.002192192192192192	0.2672256001805473	0.029179184886117714	0.296404785066665
0.0021946946946946946	0.26718838806732204	0.028906192906273533	0.2960945809735956
0.002197197197197197	0.26714241695673246	0.028633942387346782	0.29577635934407925
0.0021996996996996995	0.2670877396881239	0.02836242358051741	0.29545016326864126
0.0022022022022022024	0.2670244092336663	0.028091626753789935	0.2951160359874563
0.002204704704704705	0.2669524791160825	0.02782154167038964	0.29477402078647214
0.002207207207207207	0.2668720033365914	0.027552159395003814	0.2944241627315952
0.0022097097097097096	0.26678303597307246	0.02728347407438851	0.294066510047461
0.002212212212212212	0.26668563407892837	0.02701551638347926	0.29370115046240763
0.0022147147147147145	0.2665798524048746	0.026748109700386432	0.293327962105261
0.0022172172172172174	0.26646574733799655	0.02648144264937537	0.2929471899873719
0.00221971971971972	0.26634337761659643	0.02621513958914987	0.2925585172057463
0.0022222222222222222	0.26621279961601413	0.02595023940011913	0.2921630390161333
0.0022247247247247246	0.2660740725118803	0.02568535510945077	0.29175942762133106
0.002227227227227227	0.26592725552269947	0.025420738216072693	0.2913479937387722
0.00222972972972973	0.2657724082330327	0.025157412410021666	0.2909298206430544
0.0022322322322322324	0.2656095890080657	0.02489457498323032	0.290504163991296
0.002234734734734735	0.2654388606674984	0.02463219836184979	0.29007105902934816
0.0022372372372372372	0.2652602820681104	0.024370379499451488	0.2896306615675619
0.0022397397397397397	0.26507391572385774	0.024109112010693285	0.289183027734551
0.002242242242242242	0.2648798232804027	0.023848382633568335	0.288728205913971
0.002244744744744745	0.2646780679891156	0.02358817730288181	0.2882662452919974
0.0022472472472472474	0.26446870928641975	0.023328481914333572	0.2877971912007533
0.00224974974974975	0.2642518145101736	0.023069276712023575	0.2873210912221972
0.0022522522522522522	0.2640274447459938	0.0228105673187763	0.2868380120647701
0.0022547547547547547	0.2637956637625898	0.02255231366156199	0.28634797742415175
0.002257257257257257	0.2635565365367129	0.022294512865712903	0.2858510494024258
0.00225975975975976	0.2633101267803339	0.02203714732181263	0.2853472741021465
0.0022622622622622624	0.26305649983901236	0.021780204498871924	0.28483670433788427
0.002264764764764765	0.2627957205140881	0.021523658686714686	0.2843193792008028
0.0022672672672672672	0.26252785387940214	0.021267498779212548	0.28379535265861466
0.0022697697697697697	0.2622529651630848	0.021011708791424714	0.2832646739545095
0.002272272272272272	0.2619711208153126	0.02075626963880882	0.28272739045412143
0.002274774774774775	0.26168238723464515	0.02050116253030889	0.282183549764954
0.0022772772772772774	0.26138682998358215	0.02024635837757631	0.28163318836115847
0.00227977977977978	0.2610845155060088	0.019992397747697576	0.2810769132537064
0.0022822822822822822	0.2607755105755539	0.019736797905631962	0.2805123084811859
0.0022847847847847847	0.26045988274007215	0.019484032687349193	0.27994391542742136
0.002287287287287287	0.2601376973273888	0.01922999261398176	0.27936768994137057
0.00228978978978979	0.2598090235656782	0.018976419788564215	0.27878544335424243
0.0022922922922922924	0.2594739262440003	0.018723092163638978	0.2781970184076393
0.002294794794794795	0.25913247440648335	0.018469930224010837	0.2776024046304942
0.0022972972972972973	0.25878473507464167	0.01821691510201935	0.277001650176661
0.0022997997997997997	0.25843077523860974	0.017964021998611523	0.27639479723722127
0.002302302302302302	0.2580706640471498	0.017711226757028648	0.2757818908041784
0.002304804804804805	0.2577044669860724	0.017458517467407925	0.2751629844534803
0.0023073073073073074	0.2573322523156146	0.017205846796144786	0.27453809911175936
0.00230980980980981	0.25695408936448816	0.016953164864893375	0.27390725422938156
0.0023123123123123123	0.25657004339118844	0.016700490041717624	0.2732705334329061
0.0023148148148148147	0.2561801830500771	0.01644781900616188	0.272628002056239
0.002317317317317317	0.2557845774586045	0.016195052242593724	0.2719796297011982
0.00231981981981982	0.2553832922203798	0.015942196190339875	0.2713254884107197
0.0023223223223223224	0.25497639514293174	0.01568923043116378	0.2706656255740955
0.002324824824824825	0.25456395525975783	0.015436095964296626	0.27000005122405446
0.0023273273273273273	0.2541460400359741	0.015182774310352618	0.2693288143463267
0.0023298298298298297	0.25372271523818013	0.01492923540389106	0.2686519506420712
0.002332332332332332	0.2532940498898516	0.014675436296778819	0.2679694861866304
0.002334834834834835	0.25286011024512123	0.014421354492929903	0.26728146473805114
0.0023373373373373374	0.25242096431987043	0.014166983787090297	0.26658794810696074
0.00233983983983984	0.25197667738582374	0.013913277010734207	0.26588995439655794
0.0023423423423423423	0.2515273188821706	0.013655043763974428	0.26518236264614503
0.0023448448448448447	0.2510729537215553	0.013401733044483218	0.2644746867660385
0.0023473473473473476	0.2506136498287244	0.013145158851816751	0.2637588086805412
0.00234984984984985	0.25014947361599216	0.01288851596865933	0.26303798958465147
0.0023523523523523524	0.24968049056899178	0.012631274532189546	0.2623117651011813
0.002354854854854855	0.2492067661544291	0.01237340794162137	0.2615801740960505
0.0023573573573573573	0.2487283691593598	0.01211486813465243	0.26084323729401226
0.0023598598598598597	0.24824536223434135	0.011855605489551278	0.26010096772389263
0.0023623623623623626	0.2477578137554367	0.01159556661196855	0.25935338036740524
0.002364864864864865	0.24726578667593913	0.011334699200807423	0.25860048587674656
0.0023673673673673674	0.24676934814631588	0.01107294455267352	0.2578422926989894
0.00236986986986987	0.24626856155172963	0.010810257701499562	0.2570788192532292
0.0023723723723723723	0.2457634917872728	0.010546560068845193	0.256310051856118
0.0023748748748748747	0.2452542045515834	0.010281798228001307	0.2555360027795847
0.0023773773773773776	0.2447407632209257	0.01001590725603345	0.25475667047695916
0.00237987987987988	0.2442232317272257	0.009748824854202587	0.2539720565814283
0.0023823823823823824	0.2437016727793871	0.009480459896692347	0.2531821326760794
0.002384884884884885	0.24317615205526047	0.009210776187753898	0.25238692824301434
0.0023873873873873873	0.24264673041348908	0.008939665349906424	0.25158639576339553
0.0023898898898898897	0.24211347155878013	0.008667057480109028	0.25078052903888914
0.0023923923923923926	0.24157643819065328	0.008392887802155155	0.24996932599280844
0.002394894894894895	0.24103569283202678	0.008117042151923689	0.24915273498395046
0.0023973973973973974	0.24049129637338051	0.007839450341034131	0.24833074671441466
0.0023998998998999	0.23994331108934783	0.007560025785537717	0.24750333687488554
0.0024024024024024023	0.23939179821322593	0.007278641991680756	0.2466704402049067
0.0024049049049049047	0.23883681797584982	0.006995225143296133	0.24583204311914597
0.0024074074074074076	0.23827843276584726	0.006709658046612558	0.2449880908124598
0.00240990990990991	0.23771670134782913	0.0064218309744172196	0.24413853232224636
0.0024124124124124124	0.23715168391655583	0.006131627986520344	0.24328331190307617
0.002414914914914915	0.23658344076884702	0.005838927207454733	0.24242236797630176
0.0024174174174174173	0.23601202929023316	0.005543600373629819	0.241555629663863
0.0024199199199199197	0.2354375111561516	0.005245525109634934	0.24068303626578655
0.0024224224224224226	0.23485994232800425	0.004944545491268115	0.23980448781927236
0.002424924924924925	0.23427938196008957	0.004640468489166709	0.2389198504492563
0.0024274274274274274	0.2336958884065875	0.004333287515656333	0.23802917592224385
0.00242992992992993	0.23310951859897647	0.004022688076003872	0.23713220667498033
0.0024324324324324323	0.23252032880071616	0.0037084518253223363	0.2362287806260385
0.0024349349349349347	0.2319283765990965	0.003390632110813713	0.2353190087099102
0.0024374374374374376	0.2313337181486187	0.0030688406772126867	0.2344025588258314
0.00243993993993994	0.23073640918002497	0.002742921232161404	0.23347933041218638
0.0024424424424424425	0.23013650525888885	0.0024126645339744507	0.2325491697928633
0.002444944944944945	0.22953406064135204	0.002077821645936928	0.23161188228728896
0.0024474474474474473	0.22892913127419015	0.001738150569530329	0.23066728184372048
0.0024499499499499497	0.22832177124840816	0.0013933842305206608	0.22971515547892882
0.0024524524524524526	0.22771203350962366	0.001043237870484892	0.22875527138010854
0.002454954954954955	0.22709997142843819	0.0006874055812208931	0.2277873770096591
0.0024574574574574575	0.2264856392133816	0.00032556029077512996	0.22681119950415674
0.00245995995995996	0.22586908885175905	0	0.22586908885175905
0.0024624624624624623	0.22525037256276326	0	0.22525037256276326
0.0024649649649649647	0.2246295421053761	0	0.2246295421053761
0.0024674674674674676	0.22400664892203284	0	0.22400664892203284
0.00246996996996997	0.22338174408287884	0	0.22338174408287884
0.0024724724724724725	0.2227548779019056	0	0.2227548779019056
0.002474974974974975	0.22212610051374118	0	0.22212610051374118
0.0024774774774774773	0.2214954617569858	0	0.2214954617569858
0.00247997997997998	0.22086301078017193	0	0.22086301078017193
0.0024824824824824826	0.22022879634411285	0	0.22022879634411285
0.002484984984984985	0.2195928668587528	0	0.2195928668587528
0.0024874874874874875	0.21895527037488532	0	0.21895527037488532
0.00248998998998999	0.21831605442253132	0	0.21831605442253132
0.0024924924924924923	0.21767526594505512	0	0.21767526594505512
0.002494994994994995	0.21703295174094506	0	0.21703295174094506
0.0024974974974974976	0.21638915797945993	0	0.21638915797945993
0.0025	0.21574393046853754	0	0.21574393046853754