3.3069614581233466e-6	0.2142698578118512
8.498380506130179e-6	0.21422896450249437
0.000013690012185974183	0.2141875531195327
0.00001888186710698619	0.2141456242231103
0.00002407395587909451	0.2141031783722745
0.00002926628911306364	0.21406021612767762
0.00003445887742072961	0.21401673805116475
0.00003965173141519482	0.2139727447057702
0.000044844861711142606	0.21392823665570826
0.00005003827892502995	0.2138832144663779
0.000055231993675315615	0.21383767870434786
0.00006042601658276934	0.21379162993735604
0.00006562035827063119	0.21374506873431048
0.00007081502936493128	0.21369799566527603
0.00007601004049467734	0.21365041130147722
0.00008120540229212352	0.21360231621528677
0.00008640112539299585	0.21355371098022993
0.00009159722043676395	0.2135045961709712
0.00009679369806686277	0.21345497236331623
0.00010199056893093997	0.2134048401342049
0.0001071878436810969	0.21335420006170527
0.00011238553297415486	0.21330305272501515
0.00011758364747186482	0.21325139870444834
0.00012278219784118424	0.21319923858144152
0.00012798119475451337	0.21314657293854003
0.00013318064888992014	0.21309340235939378
0.0001383805709314219	0.2130397274287711
0.00014358097156919888	0.2129855487325235
0.00014878186149986812	0.21293086685760731
0.00015398325142671368	0.21287568239206567
0.00015918515205993753	0.21281999592503542
0.0001643875741169142	0.2127638080467287
0.00016959052832243152	0.21270711934843542
0.00017479402540894183	0.21264993042252683
0.0001799980761168223	0.21259224186243994
0.00018520269119460533	0.2125340542626763
0.0001904078813992443	0.2124753682188014
0.00019561365749635334	0.2124161843274385
0.00020082003026047844	0.21235650318626303
0.0002060270104753274	0.21229632539399784
0.00021123460893403544	0.21223565155040908
0.0002164428364394108	0.21217448225631338
0.00022165170380420473	0.2121128181135554
0.00022686122185133425	0.21205065972501125
0.00023207140141417938	0.21198800769459225
0.00023728225333680743	0.21192486262723229
0.00024249378847424307	0.21186122512887903
0.0002477060176927181	0.2117970958065062
0.0002529189518699374	0.21173247526809308
0.00025813260189532856	0.21166736412262946
0.00026334697867031744	0.21160176298010783
0.0002685620931085675	0.21153567245152924
0.00027377795613625844	0.2114690931488804
0.00027899457869233447	0.211402025685139
0.0002842119717287757	0.21133447067428474
0.00028943014621086674	0.21126642873127163
0.0002946491131174378	0.2111979004720344
0.00029986888344115623	0.21112888651348738
0.000305089468188785	0.2110593874735208
0.00031031087838143156	0.2109894039709864
0.000315533125054847	0.21091893662569963
0.00032075621925966804	0.21084798605844735
0.000325980172061705	0.21077655289098388
0.00033120499454218963	0.21070463774597584
0.00033643069779808253	0.21063224124707622
0.00034165729294230815	0.21055936401888206
0.00034688479110405444	0.21048600668690637
0.0003521132034290326	0.21041216987765388
0.0003573425410797649	0.21033785421849527
0.00036257281523585216	0.2102630603377772
0.0003678040370942493	0.21018778886476616
0.00037303621786956715	0.2101120404296547
0.0003782693687943201	0.21003581566354237
0.0003835035011192244	0.20995911519845556
0.0003887386261134897	0.2098819396673307
0.000393974755065085	0.20980428970402248
0.0003992118992810309	0.20972616594327942
0.0004044500700876903	0.2096475690207536
0.000409689278831051	0.2095684995730001
0.0004149295368770123	0.20948895823746938
0.0004201708556116856	0.20940894565250182
0.00042541324644166685	0.20932846245732403
0.0004306567207943476	0.20924750929205585
0.00043590129011820923	0.20916608679768267
0.0004411469658830987	0.20908419561608227
0.000446393759580548	0.20900183639000433
0.00045164168272405293	0.20891900976306652
0.0004568907468493942	0.2088357163797422
0.0004621409635149185	0.2087519568854018
0.0004673923443018568	0.2086677319262399
0.0004726449008146111	0.20858304214932946
0.00047789864468108167	0.20849788820259507
0.000483153587552959	0.20841227073481253
0.0004884097411060378	0.208326190395602
0.0004936671170405233	0.20823964783543
0.000498925727081357	0.20815264370559564
0.0005041855829785048	0.20806517865825863
0.0005094466965073046	0.2079772533463937
0.0005147090794687552	0.20788886842381052
0.0005199727436898515	0.20780002454514757
0.0005252377010238999	0.20771072236588733
0.0005305039633508432	0.2076209625422937
0.0005357715425775809	0.2075307457314987
0.0005410404506383027	0.20744007259142286
0.0005463106994947988	0.2073489437807852
0.0005515823011368176	0.20725735995916506
0.0005568552675823684	0.2071653217868886
0.0005621296108780792	0.20707282992513334
0.0005674053430995156	0.20697988503585474
0.0005726824763515231	0.2068864877818223
0.0005779610227685708	0.20679263882657753
0.0005832409945150932	0.20669833883447467
0.000588522403785821	0.20660358847066143
0.0005938052628061445	0.20650838840104294
0.0005990895838324555	0.20641273929234968
0.000604375379152483	0.20631664181205883
0.0006096626610856711	0.20622009662843319
0.0006149514419835141	0.20612310441054707
0.0006202417342299199	0.20602566582819426
0.0006255335502415653	0.2059277815519791
0.0006308269024682633	0.20582945225324265
0.0006361218033933205	0.20573067860411925
0.0006414182655339104	0.20563146127748932
0.0006467163014414315	0.20553180094700874
0.0006520159237018853	0.20543169828706095
0.0006573171449362513	0.20533115397283488
0.0006626199778008543	0.20523016868020344
0.0006679244349877489	0.20512874308583895
0.0006732305292250977	0.20502687786717425
0.0006785382732775535	0.2049245737023423
0.000683847679946653	0.2048218312702461
0.0006891587620711956	0.20471865125048655
0.0006944715325276378	0.2046150343234954
0.0006997860042304857	0.20451098117033584
0.000705102190132698	0.20440649247287498
0.0007104201032260835	0.20430156891367715
0.0007157397565416901	0.20419621117605816
0.0007210611631502334	0.20409041994402763
0.0007263843361624827	0.20398419590235192
0.0007317092887296919	0.20387753973649433
0.0007370360340439895	0.2037704521326749
0.00074236458533882	0.20366293377778524
0.0007476949558893514	0.20355498535945327
0.0007530271590128973	0.2034466075660476
0.0007583612080693477	0.20333780108659827
0.0007636971164615942	0.2032285666108826
0.0007690348976359707	0.20311890482936668
0.0007743745650826788	0.20300881643323995
0.000779716132336232	0.20289830211437243
0.0007850596129759019	0.2027873625653469
0.0007904050206261539	0.20267599847948042
0.0007957523689571081	0.20256421055071053
0.000801101671684992	0.20245199947375447
0.0008064529425725745	0.20233936594398078
0.0008118061954296588	0.20222631065743993
0.0008171614441135237	0.20211283431089533
0.0008225187025293968	0.20199893760182439
0.0008278779846309282	0.20188462122834416
0.0008332393044206567	0.20176988588927333
0.0008386026759504998	0.2016547322841273
0.000843968113322222	0.201539161113108
0.0008493356306879321	0.20142317307709937
0.0008547052422505724	0.20130676887764054
0.0008600769622644026	0.20118994921696062
0.0008654508050355127	0.20107271479798444
0.0008708267849223076	0.20095506632431787
0.0008762049163360291	0.20083700450018518
0.0008815852137412552	0.20071853003056978
0.0008869676916564229	0.20059964362104582
0.0008923523646543415	0.20048034597792716
0.0008977392473627149	0.2003606378081513
0.0009031283544646766	0.20024051981934138
0.0009085197006993116	0.20011999271976694
0.0009139133008622031	0.19999905721842512
0.0009193091698059639	0.1998777140249094
0.0009247073224407928	0.19975596384951452
0.0009301077737350167	0.19963380740318773
0.0009355105387156453	0.19951124539755746
0.0009409156324689412	0.19938827854489335
0.0009463230701409689	0.1992649075581028
0.0009517328669381848	0.19914113315081916
0.000957145038127989	0.1990169560372951
0.0009625595990393285	0.1988923769324408
0.0009679765650632613	0.1987673965518088
0.000973395951653565	0.19864201561165445
0.0009788177743273183	0.19851623482887515
0.0009842420486655089	0.1983900549209991
0.0009896687903136363	0.19826347660621343
0.0009950980149823288	0.19813650060340282
0.0010005297384479506	0.19800912763205164
0.001005963976553241	0.1978813584123507
0.001011400745207925	0.19775319366508962
0.0010168400603893584	0.19762463411175057
0.0010222819381431676	0.19749568047447522
0.0010277263945838943	0.1973663334760304
0.0010331734458956382	0.19723659383984535
0.0010386231083327384	0.19710646229000633
0.001044075398220408	0.19697593955125742
0.0010495303319554285	0.19684502634897072
0.0010549879260068143	0.1967137234092269
0.0010604481969165025	0.1965820314586696
0.0010659111613000362	0.1964499512246894
0.001071376835847265	0.19631748343527564
0.0010768452373230452	0.1961846288190748
0.001082316382567952	0.1960513881054037
0.0010877902884990026	0.1959177620242335
0.0010932669721103528	0.19578375130614817
0.0010987464504740663	0.19564935668243924
0.001104228740740821	0.1955145788850523
0.001109713860140667	0.1953794186465414
0.0011152018259837785	0.19524387670011772
0.0011206926556612115	0.1951079537797216
0.0011261863666456604	0.1949716506198886
0.001131682976492258	0.19483496795580474
0.0011371825028393266	0.19469790652336044
0.0011426849634091941	0.1945604670590723
0.0011481903760089717	0.19442265030011002
0.001153698758531378	0.19428445698432942
0.0011592101289555293	0.19414588785026501
0.0011647245053477886	0.19400694363703466
0.0011702419058625738	0.19386762508449976
0.0011757623487432165	0.19372793293316526
0.0011812858523227827	0.19358786792420163
0.0011868124350249607	0.19344743079940777
0.001192342115364896	0.19330662230131856
0.0011978749119500919	0.19316544317309897
0.0012034108434812664	0.1930238941585807
0.001208949928753267	0.19288197600228782
0.0012144921866559602	0.19273968944941414
0.001220037636175134	0.19259703524580266
0.0012255862963934435	0.19245401413804689
0.0012311381864913097	0.19231062687332984
0.0012366933257478851	0.19216687419956618
0.0012422517335419908	0.19202275686534753
0.0012478134293530722	0.19187827561996543
0.0012533784327621823	0.19173343121334474
0.001258946763452947	0.1915882243961612
0.0012645184412125674	0.1914426559197522
0.001270093485932814	0.19129672653615923
0.001275671917611043	0.19115043699810058
0.0012812537563512212	0.1910037880589952
0.0012868390223649494	0.19085678047297983
0.0012924277359725237	0.1907094149949342
0.0012980199176039766	0.19056169238030934
0.001303615587800159	0.19041361338540966
0.0013092147672138113	0.19026517876718096
0.0013148174766106577	0.19011638928329738
0.0013204237368705139	0.1899672456921383
0.0013260335689884025	0.1898177487527713
0.0013316469940756776	0.18966789922508767
0.0013372640333611638	0.1895176978696155
0.001342884708192333	0.1893671454476208
0.0013485090400364346	0.1892162427211533
0.001354137050481712	0.1890649904529073
0.0013597687612385675	0.18891338940641433
0.0013654041941407915	0.18876144034587786
0.0013710433711467767	0.18860914403631088
0.0013766863143407403	0.18845650124338165
0.001382333045933992	0.18830351273358484
0.00138798358826619	0.18815017927417463
0.0013936379638066205	0.18799650163312534
0.0013992961951554803	0.18784248057920563
0.0014049583050452035	0.18768811688192058
0.001410624316341767	0.18753341131160461
0.0014162942520460431	0.18737836463928892
0.0014219681352951416	0.1872229776368861
0.0014276459893637942	0.18706725107698036
0.0014333278376657214	0.18691118573305862
0.0014390137037550573	0.18675478237930873
0.0014447036113277533	0.1865980417908159
0.0014503975842230156	0.18644096474333147
0.0014560956464247684	0.18628355201356953
0.0014617978220631185	0.1861258043789687
0.0014675041354158386	0.18596772261780128
0.0014732146109098828	0.1858093075091636
0.0014789292731229085	0.1856505598330285
0.0014846481467848144	0.18549148037011715
0.001490371256779311	0.18533206990208814
0.0014960986281454982	0.18517232921136492
0.0015018302860794605	0.18501225908128524
0.0015075662559358915	0.18485186029601028
0.0015133065632297335	0.18469113364058756
0.0015190512336378395	0.18453007990093406
0.0015248002930006502	0.18436869986380136
0.0015305537673238996	0.18420699431690904
0.0015363116827803356	0.18404496404876652
0.0015420740657114645	0.18388260984887392
0.0015478409426293116	0.18371993250761234
0.001553612340218225	0.18355693281624086
0.0015593882853366717	0.1833936115668963
0.00156516880501908	0.18322996955275053
0.0015709539264776935	0.1830660075678767
0.001576743677104452	0.18290172640723976
0.001582538084472902	0.1827371268667551
0.0015883371763401172	0.18257220974333502
0.0015941409806486632	0.1824069758349139
0.0015999495255285667	0.18224142594020273
0.0016057628392993318	0.18207556085904347
0.0016115809504719627	0.18190938139227852
0.001617403887751022	0.18174288834167468
0.0016232316800367272	0.1815760825100281
0.0016290643564270473	0.18140896470115067
0.0016349019462198516	0.1812415357198818
0.0016407444789150758	0.1810737963720814
0.0016465919842169208	0.18090574746465393
0.0016524444920360767	0.1807373898055865
0.0016583020324919804	0.18056872420386125
0.0016641646359151013	0.18039975146956438
0.0016700323328492509	0.1802304724138967
0.0016759051540539516	0.18006088784908625
0.0016817831305067897	0.17989099858849
0.0016876662934058439	0.17972080544656652
0.001693554674172126	0.17955030923896753
0.0016994483044520672	0.17937951078232225
0.001705347216120005	0.17920841089452735
0.0017112514412807637	0.17903701039463357
0.001717161012272207	0.17886531010278628
0.0017230759616678785	0.17869331084036716
0.0017289963222796327	0.17852101342986929
0.0017349221271603422	0.17834841869508153
0.001740853409606625	0.17817552746100307
0.0017467902031615976	0.17800234055375194
0.0017527325416176927	0.177828858800797
0.0017586804590194987	0.17765508303077748
0.0017646339896666495	0.17748101407369185
0.0017705931681167352	0.1773066527606621
0.0017765580291882958	0.17713199992426854
0.001782528607963803	0.17695705639835327
0.001788504939792736	0.17678182301796289
0.0017944870602946573	0.17660630061958693
0.001800475005362375	0.17643049004104425
0.0018064688111651126	0.1762543921215579
0.0018124685141517598	0.1760780077015836
0.0018184741510541315	0.17590133762309584
0.0018244857588903154	0.17572438272949714
0.0018305033749680382	0.17554714386549095
0.001836527036888097	0.17536962187730384
0.0018425567825478362	0.17519181761264266
0.0018485926501446753	0.1750137319206026
0.0018546346781796931	0.17483536565184918
0.0018606829054612607	0.174656719658472
0.0018667373711087286	0.1744777947941737
0.0018727981145561842	0.17429859191413413
0.001878865175556239	0.17411911187510773
0.0018849385941838873	0.1739393555354637
0.0018910184108404376	0.17375932375508937
0.0018971046662574784	0.17357901739559087
0.0019031974015009218	0.17339843732013935
0.0019092966579751039	0.17321758439349783
0.001915402477426941	0.17303645948230054
0.001921514901950165	0.1728550634546956
0.0019276339739896177	0.17267339718062205
0.0019337597363456016	0.17249146153174244
0.001939892232178324	0.1723092573814734
0.0019460315050123743	0.17212678560503544
0.00195217759874131	0.17194404707942254
0.0019583305576322896	0.171761042683443
0.001964490426330787	0.1715777732978273
0.0019706572498653795	0.17139423980506668
0.0019768310736526197	0.17121044308966143
0.0019830119435019743	0.17102638403793857
0.001989199905620843	0.17084206353820994
0.0019953950066196736	0.1706574824807802
0.0020015972935171363	0.170472641757887
0.002007806813745406	0.1702875422638585
0.00201402361515551	0.17010218489503004
0.0020202477460227845	0.16991657054975373
0.002026479255052394	0.1697307001286552
0.0020327181913849675	0.1695445745343052
0.00203896460460231	0.1693581946715343
0.0020452185447332313	0.16917156144730497
0.002051480062259437	0.168984675770857
0.0020577492081215554	0.168797538553631
0.0020640260337252275	0.16861015070934648
0.0020703105909473515	0.1684225131540364
0.002076602932142373	0.16823462680614015
0.0020829031101487244	0.16804649258629586
0.0020892111782953695	0.16785811141772955
0.002095527190408431	0.1676694842259917
0.0021018512008179743	0.16748061193916913
0.0021081832643648738	0.16729149548781996
0.002114523436407818	0.16710213580505415
0.0021208717728304224	0.16691253382653404
0.0021272283300484947	0.16672269049055724
0.0021335931650173726	0.1665326067380999
0.0021399663352394634	0.16634228351274377
0.00214634789877185	0.16615172176089785
0.002152737914234074	0.16596092243167207
0.002159136440816046	0.16576988647701882
0.002165543538286085	0.16557861485166925
0.0021719592669991227	0.16538710851333777
0.002178383687905043	0.1651953684226282
0.0021848168625571707	0.16500339554308355
0.0021912588531209304	0.16481119084132137
0.00219770972238264	0.1646187552869819
0.002204169533758482	0.16442608985284568
0.0022106383513036394	0.1642331955148066
0.00221711623972159	0.1640400732520397
0.0022236032643735883	0.16384672404684697
0.0022300994912883053	0.16365314888493307
0.002236604987171666	0.16345934875533638
0.0022431198194168647	0.16326532465047555
0.002249644056114562	0.16307107756621997
0.002256177766063289	0.16287660850194113
0.002262721018780045	0.16268191846061156
0.00226927388451109	0.16248700844881422
0.00227583643424294	0.16229187947673926
0.0022824087397136116	0.16209653255834364
0.002288990873424028	0.16190096871145515
0.0022955829086496907	0.1617051889576336
0.0023021849194525606	0.16150919432238198
0.002308796980693166	0.1613129858352437
0.0023154191680429784	0.16111656452967812
0.0023220515579969923	0.16091993144336467
0.002328694227886581	0.16072308761809706
0.0023353472558926155	0.16052603409986746
0.002342010721058813	0.16032877193904158
0.0023486847033053976	0.16013130219032365
0.0023553692834429895	0.1599336259128901
0.0023620645431868337	0.15973574417035113
0.0023687705651712554	0.15953765803106
0.0023754874329644632	0.15933936856790862
0.002382215231083629	0.15914087685861084
0.0023889540450102945	0.15894218398564697
0.002395703961206088	0.15874329103650467
0.0024024650671287703	0.15854419910356837
0.0024092374512486195	0.15834490928435857
0.0024160212030651675	0.1581454226815483
0.002422816413124285	0.15794574040306472
0.002429623173035619	0.1577458635621111
0.0024364415754904245	0.15754579327748228
0.00244327171427976	0.15734553067334353
0.002450113684313094	0.15714507687962567
0.0024569675816372874	0.15694443303186809
0.002463833503456029	0.15674360027149192
0.002470711548149652	0.1565425797458905
0.002477601815295425	0.15634137260836273
0.0024845044056882627	0.1561399800185592
0.0024914194213619236	0.15593840314218513
0.002498346965610644	0.15573664315140043
0.0025052871430112935	0.1555347012248586
0.0025122400594460256	0.15533257854779545
0.0025192058221254017	0.15513027631222245
0.0025261845396121058	0.15492779571681853
0.002533176321845139	0.1547251379674741
0.0025401812801646084	0.15452230427705532
0.0025471995273370933	0.1543192958656299
0.0025542311775815702	0.15411611396069277
0.002561276346595961	0.15391275979729593
0.002568335151584312	0.1537092346180005
0.002575407711284604	0.15350553967325983
0.0025824941459972185	0.1533016762214801
0.0025895945776140982	0.1530976455290863
0.0025967091296485835	0.15289344887090917
0.002603837927265998	0.15268908752999302
0.002610981097314939	0.15248456279808933
0.0026181387683593673	0.15227987597563972
0.0026253110707114597	0.15207502837208145
0.002632498136465268	0.15187002130583432
0.002639700099531239	0.1516648561046727
0.002646917095671551	0.1514595341057758
0.002654149262536378	0.15125405665604055
0.0026613967397010317	0.15104842511211794
0.002668659668704077	0.1508426408408311
0.002675938193086382	0.15063670521908165
0.002683232458431201	0.15043061963440027
0.0026905426124052595	0.15022438548482395
0.0026978688048009325	0.15001800417950234
0.0027052111875794974	0.14981147713844917
0.002712569914915529	0.14960480579327912
0.0027199451432424627	0.14939799158705627
0.002727337031299368	0.14919103597472597
0.0027347457401789774	0.14898394042327387
0.0027421714333769657	0.14877670641218646
0.002749614276842612	0.14856933543340176
0.00275707443903079	0.14836182899188272
0.002764552090955412	0.1481541886056606
0.002772047406244304	0.14794641580631415
0.0027795605611956415	0.147738512139117
0.0027870917348359146	0.14753047916347498
0.0027946411089795303	0.14732231845309143
0.0028022088682901018	0.1471140315964673
0.0028097952003434505	0.1469056201970562
0.0028174002956924253	0.14669708587369165
0.0028250243479335663	0.14648843026104788
0.0028326675537756942	0.1462796550097115
0.0028403301131105113	0.14607076178684736
0.002848012229085221	0.14586175227643405
0.0028557141081773413	0.14565262817966781
0.0028634359602716804	0.1454433912154586
0.0028711779987396543	0.14523404312064245
0.0028789404405209365	0.14502458565067375
0.0028867235062076187	0.14481502057989087
0.0028945274201308906	0.14460534970207303
0.002902352410450416	0.14439557483075807
0.0029101987092464117	0.14418569779988352
0.002918066552614637	0.143975720464347
0.0029259561807643106	0.1437656447002421
0.0029338678381191194	0.14355547240568609
0.0029418017734214497	0.14334520550119179
0.0029497582398399077	0.1431348459303372
0.0029577374950803133	0.1429243956602251
0.002965739801500296	0.14271385668227085
0.0029737654262276007	0.14250323101268114
0.0029818146412822965	0.14229252069308962
0.0029898877237030147	0.14208172779143946
0.0029979849556774096	0.1418708544023122
0.003006106624676968	0.1416599026480069
0.003014253023596405	0.1414488746789902
0.003022424450897793	0.14123777267489282
0.003030621210759636	0.14102659884513033
0.003038843613231106	0.14081535542971538
0.003047091974391646	0.14060404470029295
0.003055366616516194	0.14039266896076794
0.003063667868246226	0.14018123054836815
0.003071996064766937	0.13996973183450742
0.0030803515479907446	0.13975817522591322
0.0030887346667474976	0.1395465631653159
0.003097145776981582	0.13933489813282998
0.003105585241956328	0.13912318264683568
0.0031140534324659804	0.13891141926511624
0.003122550727055611	0.1386996105861342
0.003131077512249339	0.13848775925017376
0.003139634182787222	0.13827586794052127
0.003148221141871273	0.13806393938482267
0.0031568388014209694	0.13785197635659605
0.0031654875823387526	0.13763998167630068
0.0031741679147859903	0.13742795821312914
0.0031828802384699048	0.1372159088863233
0.0031916250029419874	0.13700383666684993
0.0032004026679085078	0.13679174457899007
0.003209213703553673	0.13657963570210077
0.003218058590876107	0.1363675131723614
0.0032269378220393164	0.13615538018465498
0.003235851900736834	0.13594323999454772
0.0032448013425728666	0.13573109592010574
0.0032537866754591524	0.13551895134427297
0.0032628084400289853	0.1353068097169522
0.0032718671900692662	0.1350946745571532
0.0032809634929715334	0.13488254945566772
0.003290097930203034	0.13467043807735998
0.0032992710977989698	0.13445834416372568
0.0033084836068769576	0.13424627153587895
0.003317736084175109	0.13403422409716406
0.0033270291726149436	0.13382220583631155
0.0033363635318906073	0.133610220830339
0.0033457398390858897	0.13339827324811873
0.0033551587893206804	0.13318636735349443
0.003364621096428562	0.13297450750921272
0.003374127493667444	0.1327626981803701
0.003383678734465157	0.13255094393861863
0.0033932755932021934	0.1323392494660936
0.003402918866033861	0.13212761956000593
0.0034126093717542503	0.13191605913708965
0.0034223479527047637	0.1317045732383279
0.0034321354757298737	0.1314931670343515
0.0034419728331832977	0.13128184583036076
0.0034518609439878087	0.13107061507210915
0.003461800754752197	0.13085948035152734
0.0034717932409492366	0.1306484474132567
0.003481839408158727	0.13043752216106816
0.0034919402933801134	0.1302267106647925
0.0035020969664194615	0.13001601916784927
0.0035123105313559677	0.12980545409487598
0.003522582128093744	0.12959502206001122
0.0035329129340048895	0.12938472987568422
0.003543304165670592	0.12917458456164824
0.0035537570807274506	0.12896459335507282
0.0035642729798268883	0.12875476372067401
0.0035748532087162585	0.1285451033618743
0.0035854991604509874	0.12833562023255238
0.0035962122777479493	0.1281263225494888
0.0036069940554913113	0.1279172188056208
0.0036178460434030013	0.12770831778432862
0.003628769848891286	0.1274996285744023
0.0036397671400921197	0.12729116058631434
0.0036508396491194695	0.1270829235693691
0.003661989175542452	0.1268749276300966
0.0036732175901088592	0.12666718325213308
0.0036845268387367762	0.12645970131731926
0.0036959189467982195	0.12625249312840992
0.0037073960237215104	0.12604557043351447
0.0037189602679413044	0.1258389454522373
0.003730613972229666	0.1256326309041628
0.0037423595294440145	0.12542664003908457
0.003754199438732773	0.1252209866700347
0.0037661363122439267	0.12501568520883438
0.0037781728823872082	0.12481075070464022
0.003790312009706846	0.12460619888545581
0.0038025566914286096	0.12440204620377032
0.003814910070753199	0.12419830988548641
0.0038273754469771693	0.12399500798372087
0.0038399562865330888	0.12379215943732043
0.0038526562350532133	0.12358978413458482
0.003865479130574862	0.12338790298353913
0.0038784290180224187	0.12318653798837124
0.0038915101651200434	0.12298571233377462
0.003904727079911588	0.12278545047784727
0.003918084530090637	0.12258577825431588
0.0039315875643744684	0.1223867229858097
0.0039452415361924354	0.12218831360913189
0.003959052130002288	0.12199058081488022
0.0039730253905998925	0.12179355720211305
0.003987167755848864	0.1215972774519785
0.004001486093330866	0.12140177852147756
0.004015987741505906	0.12120709986136226
0.004030680556079898	0.12101328366118377
0.004045572962407673	0.12082037512675668
0.004060674014919821	0.12062842279447449
0.004075993464759203	0.12043747888877208
0.004091541837056648	0.12024759973084728
0.004107330519579442	0.12005884620749323
0.004123371864866918	0.11987128431063214
0.004139679308448372	0.11968498576247388
0.00415626750634995	0.11950002874202065
0.004173152495881313	0.11931649873449755
0.004190351884706714	0.11913448953049552
0.004207885074528537	0.11895410440711904
0.004225773527455386	0.11877545753487086
0.004244041085450404	0.11859867566453058
0.004262714356386672	0.11842390016496819
0.004281823184508837	0.11825128950686338
0.004301401229009476	0.1180810223157296
0.004321486682724175	0.11791330116453329
0.004342123174785551	0.11774835733554731
0.0043633609182701346	0.11758645687396387
0.00438525818934995	0.11742790838840474
0.004407883263058141	0.11727307325769219
0.004431316990723097	0.11712237921828833
0.0044556562998735024	0.11697633881110595
0.004481019055323739	0.11683557499759446
0.0045075509903333725	0.11670085767717094
0.004535435899282313	0.11657315737679504
0.004564911189871547	0.11645372715531098
0.004596292702766884	0.11634423328597701
0.004630016599571503	0.11624697576142293
0.004666715318216838	0.11616528804713949
0.004707369169890632	0.116104334757688
0.004753652953474484	0.11607293505746422
0.004808915178637285	0.11608871271022417
0.004882297696332566	0.11619975671457831
0.005198041379820612	0.11785809162051415
0.0052711684864373675	0.11851520138314584
0.005326175762081394	0.11907658289335307
0.005372205057026084	0.11959032333053786
0.005412604880265604	0.12007404463988178
0.005449050030012201	0.12053656416740312
0.005482520816789593	0.12098304470978385
0.005513649677870498	0.12141681791520915
0.005542872774204633	0.12184018195944599
0.0055705059458095426	0.12225480129955062
0.00559678659974314	0.1226619271788297
0.005621898529747392	0.12306252830959254
0.00564598746844902	0.12345737277708076
0.005669171280034594	0.12384708172964026
0.0056915468914100495	0.12423216589589599
0.005713195153285965	0.12461305120091735
0.005734184340082641	0.12499009721313145
0.0057545727273641475	0.12536361073182178
0.005774410527603959	0.12573385599384404
0.005793741369336423	0.12610106247437392
0.005812603444803684	0.12646543094027318
0.005831030412609627	0.1268271382124639
0.005849052116414925	0.12718634095785689
0.005866695163513386	0.12754317874331253
0.005883983395293513	0.12789777651855322
0.005900938273293896	0.12825024665466306
0.005917579198651482	0.1286006906307764
0.0059339237784696505	0.12894920044066574
0.005949988049501694	0.129295859774647
0.005965786667221859	0.12964074501811115
0.005981333066612002	0.12998392610122586
0.0059966395996684345	0.13032546722578345
0.00601171765361977	0.13066542748967983
0.0060265777530625585	0.13100386142723697
0.006041229648609654	0.13134081947773213
0.00605568239416596	0.13167634839390482
0.006069944414564834	0.1320104915999151
0.006084023564994971	0.13234328950568533
0.006097927183403325	0.13267477978384457
0.006111662136862667	0.13300499761534643
0.006125234862731865	0.13333397590716176
0.006138651405306097	0.13366174548645557
0.006151917448546519	0.13398833527339096
0.0061650383453899045	0.13431377243681344
0.00617801914406498	0.13463808253325313
0.006190864611780743	0.1349612896325223
0.006203579256100401	0.13528341643080477
0.006216167344271386	0.13560448435319722
0.006228632920745252	0.13592451364639713
0.006240979823090331	0.13624352346294624
0.00625321169647373	0.13656153193827184
0.00626533200686669	0.1368785562603214
0.006277344053108178	0.13719461273371397
0.006289250977945085	0.13750971683824034
0.006301055778153073	0.13782388328233264
0.006312761313829946	0.13813712605269324
0.006324370316942706	0.13844945845924175
0.006335885399200232	0.13876089317710608
0.006347309059315435	0.1390714422850822
0.006358643689713839	0.1393811173012339
0.006369891582739138	0.1396899292156695
0.006381054936401247	0.13999788852130995
0.006392135859707029	0.14030500524193315
0.006403136377610738	0.1406112889585626
0.006414058435616086	0.140916748833854
0.006424903904059912	0.14122139363483946
0.006435674582103791	0.1415252317541947
0.006446372201457532	0.14182827122986003
0.006456998429856283	0.142130519763556
0.006467554874310836	0.14243198473814273
0.006478043084148951	0.14273267323361438
0.00648846455386391	0.14303259204238772
0.006498820725784973	0.14333174768335183
0.006509112992583163	0.1436301464152221
0.0065193426996246655	0.1439277942490852
0.00652951114718291	0.14422469696013587
0.006539619592519672	0.14452086009860265
0.006549669251844466	0.14481628900045487
0.0065596613021608255	0.14511098879688322
0.006569596883007392	0.1454049644237816
0.006579477098100988	0.14569822063039872
0.0065893030168883236	0.14599076198753183
0.006599075676012552	0.14628259289549167
0.006608796080700173	0.14657371759128573
0.006618465206073642	0.14686414015563592
0.006628083998394406	0.14715386451978427
0.006637653376240825	0.14744289447144052
0.006647174231625153	0.14773123366105936
0.006656647431053271	0.14801888560707382
0.006666073816530874	0.14830585370171126
0.006675454206519224	0.14859214121571246
0.006684789396843617	0.1488777513032676
0.006694080161557369	0.14916268700676566
0.0067033272537639224	0.1494469512609095
0.006712531406399566	0.14973054689713192
0.006721693332979038	0.150013476647282
0.006730813728306113	0.1502957431477691
0.006739893269151187	0.15057734894278835
0.006748932614897709	0.1508582964881129
0.006757932408159174	0.1511385881540452
0.006766893275368331	0.15141822622880582
0.006775815827340092	0.15169721292133687
0.006784700659809542	0.151975550364438
0.006793548353946448	0.15225324061721388
0.006802359476847429	0.15253028566775237
0.006811134582007038	0.15280668743586484
0.00681987420976877	0.15308244777516886
0.006828578887757099	0.15335756847554766
0.006837249131291461	0.1536320512654836
0.006845885443783125	0.1539058978138614
0.0068544883171157995	0.15417910973222199
0.006863058232010772	0.15445168857665595
0.006871595658377349	0.1547236358496437
0.006880101055649318	0.15499495300188787
0.006888574873108101	0.1552656414339786
0.006897017550193231	0.15553570249811002
0.006905429516800752	0.15580513749956268
0.006913811193570144	0.15607394769846156
0.00692216299216025	0.15634213431087254
0.006930485315514767	0.15660969851059753
0.006938778558117749	0.15687664143035462
0.006947043106239584	0.15714296416302645
0.00695527933817389	0.15740866776300513
0.006963487624465708	0.15767375324748237
0.006971668328131394	0.15793822159749332
0.006979821804870596	0.15820207375902845
0.006987948403270616	0.15846531064434768
0.006996048465003521	0.15872793313264916
0.007004122325016319	0.15898994207143893
0.007012170311714465	0.15925133827733196
0.007020192747139011	0.1595121225370783
0.007028189947137646	0.15977229560829662
0.007036162221529899	0.16003185822063026
0.007044109874266723	0.16029081107638177
0.007052033203584719	0.16054915485133722
0.007059932502155201	0.1608068901957494
0.007067808057228307	0.1610640177348393
0.0070756601507723695	0.1613205380698625
0.0070834890596087234	0.16157645177841123
0.007091295055542158	0.16183175941551683
0.007099078405487121	0.16208646151407805
0.007106839371589915	0.16234055858552102
0.007114578211347016	0.1625940511205953
0.007122295177719628	0.16284693958977625
0.007129990519244657	0.16309922444399802
0.007137664480142252	0.16335090611511097
0.007145317300419996	0.16360198501663664
0.007152949215973889	0.16385246154397193
0.007160560458686302	0.16410233607522706
0.007168151256520889	0.16435160897166393
0.007175721833614697	0.16460028057800904
0.007183272410367511	0.16484835122310254
0.007190803203528534	0.16509582122024552
0.007198314426280508	0.16534269086784928
0.007205806288321382	0.16558896044957144
0.007213278995943591	0.16583463023497094
0.007220732752111047	0.16607970047981396
0.007228167756533896	0.16632417142645897
0.007235584205741177	0.16656804330441075
0.007242982293151368	0.16681131633035942
0.0072503622091409856	0.16705399070887406
0.00725772414111123	0.16729606663263039
0.007265068273552785	0.16753754428265788
0.0072723947881088245	0.16777842382887317
0.0072797038636362756	0.1680187054302034
0.007286995676265404	0.16825838923507022
0.007294270399457794	0.16849747538154594
0.007301528204062733	0.16873596399782279
0.0073087692583721124	0.16897385520228553
0.007315993728173828	0.16921114910406532
0.007323201776803794	0.16944784580297204
0.007330393565196544	0.16968394539012166
0.007337569251934555	0.16991944794796782
0.007344728993296223	0.1701543535506598
0.0073518729433026415	0.17038866226407967
0.007359001253763156	0.17062237414652537
0.007366114074319726	0.17085548924837293
0.007373211552490209	0.17108800761284498
0.00738029383371048	0.17131992927579526
0.007387361061375544	0.17155125426630946
0.0073944133768795725	0.17178198260652985
0.007401450919654985	0.1720121143121987
0.007408473827210513	0.17224164939261266
0.00741548223516836	0.17247058785099556
0.007422476277300422	0.1726989296845512
0.007429456085563669	0.17292667488480096
0.007436421790134584	0.17315382343754837
0.007443373519442873	0.17338037532327005
0.007450311400204276	0.17360633051713675
0.007457235557452651	0.17383168898939094
0.007464146114571249	0.17405645070513673
0.007471043193323303	0.174280615624899
0.007477926913881844	0.1745041837045176
0.007484797394858856	0.17472715489539753
0.007491654753333732	0.17494952914475737
0.007498499104881072	0.17517130639550554
0.0075053305635978534	0.17539248658659656
0.007512149242129955	0.17561306965317852
0.007518955251698112	0.17583305552662717
0.007525748702123228	0.17605244413457138
0.007532529701851174	0.1762712354014348
0.007539298357976987	0.17648942924808853
0.007546054776268535	0.1767070255922371
0.007552799061189671	0.1769240243484557
0.007559531315922875	0.17714042542833988
0.0075662516423913575	0.1773562287407078
0.007572960141280726	0.17757143419138546
0.007579656912060155	0.1777860416837785
0.007586342053003104	0.17800005111859496
0.0075930156612075625	0.17821346239414568
0.007599677832615916	0.17842627540645914
0.007606328662034306	0.178638490049188
0.007612968243151659	0.17885010621399475
0.007619596668558245	0.17906112379030978
0.007626214029763902	0.17927154266578185
0.007632820417215812	0.17948136272611714
0.007639415920315965	0.17969058385524467
0.007646000627438237	0.1798992059353906
0.007652574625945096	0.18010722884724212
0.007659138002203988	0.18031465246985595
0.0076656908416033774	0.18052147668095933
0.007672233228568452	0.18072770135684946
0.007678765246576526	0.18093332637262416
0.007685286978172111	0.1811383516020266
0.0076917985049816924	0.18134277691783746
0.007698299907728207	0.18154660219168256
0.007704791266245241	0.1817498272942309
0.007711272659490926	0.18195245209519548
0.007717744165561574	0.18215447646352034
0.007724205861705039	0.18235590026732731
0.007730657824333809	0.1825567233739637
0.00773710012903786	0.18275694565026057
0.007743532850597241	0.18295656696232468
0.0077499560629944245	0.18315558717581404
0.007756369839426409	0.1833540061559565
0.007762774252316605	0.1835518237674418
0.007769169373326476	0.1837490398747017
0.0077755552733669775	0.18394565434191618
0.007781932022609741	0.18414166703295357
0.0077882996904981	0.18433707781149217
0.007794658345757864	0.18453188654112507
0.00780100805640791	0.18472609308536164
0.007807348889770573	0.18491969730768096
0.007813680912481843	0.18511269907156028
0.007820004190501375	0.18530509824053015
0.007826318789122303	0.18549689467835553
0.007832624772980896	0.18568808824882824
0.007838922206066015	0.18587867881604045
0.007845211151728409	0.1860686662442944
0.007851491672689842	0.18625805039822863
0.007857763831052045	0.18644683114278043
0.007864027688305531	0.18663500834333713
0.007870283305338217	0.18682258186567438
0.00787653074244392	0.18700955157598814
0.007882770059330704	0.1871959173410891
0.007889001315129035	0.1873816790282582
0.007895224568399861	0.1875668365054008
0.00790143987714249	0.18775138964097116
0.00790764729880236	0.18793533830419468
0.007913846890278674	0.1881186823648982
0.007920038707931879	0.18830142169366887
0.00792622280759105	0.18848355616188323
0.007932399244561112	0.18866508564168677
0.00793856807362997	0.18884601000606824
0.007944729349075483	0.1890263291288402
0.007950883124672365	0.18920604288478285
0.007957029453698899	0.1893851511494752
0.007963168388943623	0.18956365379965814
0.00796929998271184	0.18974155071286547
0.007975424286832027	0.1899188417677203
0.007981541352662175	0.1900955268438969
0.007987651231095974	0.19027160582214278
0.007993753972568931	0.1904470785842546
0.00799984962706436	0.19062194501322255
0.008005938244119307	0.190796204993128
0.008012019872830345	0.19096985840934455
0.00801809456185928	0.19114290514824198
0.008024162359438787	0.1913153450976114
0.008030223313377933	0.19148717814643149
0.008036277471067598	0.19165840418491176
0.008042324879485864	0.19182902310463967
0.008048365585203238	0.1919990347984552
0.008054399634387869	0.19216843916056872
0.00806042707281062	0.1923372360866034
0.008066447945850099	0.19250542547346505
0.008072462298497595	0.19267300721959635
0.008078470175361936	0.19283998122474508
0.008084471620674273	0.1930063473901912
0.008090466678292786	0.19317210561867199
0.008096455391707329	0.19333725581438083
0.008102437804043976	0.1935017978830446
0.008108413958069532	0.1936657317319111
0.008114383896195941	0.19382905726975774
0.008120347660484653	0.1939917744070072
0.008126305292650897	0.19415388305545836
0.008132256834067923	0.19431538312872693
0.008138202325771136	0.19447627454197
0.008144141808462221	0.19463655721189665
0.008150075322513141	0.19479623105697594
0.00815600290797014	0.1949552959972499
0.008161924604557643	0.19511375195447808
0.0081678404516821	0.1952715988521275
0.008173750488435801	0.1954288366152997
0.008179654753600607	0.19558546517091518
0.008185553285651629	0.19574148444753778
0.00819144612276087	0.19589689437556929
0.008197333302800796	0.1960516948870796
0.008203214863347855	0.19620588591593968
0.008209090841685961	0.19635946739790228
0.008214961274809897	0.19651243927038303
0.00822082619942872	0.19666480147263246
0.008226685651969051	0.19681655394586706
0.008232539668578363	0.19696769663297817
0.008238388285128217	0.19711822947875177
0.008244231537217442	0.19726815242981277
0.008250069460175254	0.19741746543477887
0.008255902089064376	0.19756616844402086
0.00826172945868406	0.19771426140975293
0.008267551603573118	0.19786174428627698
0.008273368558012861	0.19800861702963538
0.008279180356030036	0.1981548795978969
0.008284987031399692	0.19830053195097153
0.008290788617648048	0.19844557405083432
0.008296585148055247	0.19859000586129064
0.008302376655658163	0.19873382734810072
0.008308163173253112	0.19887703847909655
0.008313944733398512	0.19901963922399918
0.008319721368417573	0.19916162955457806
0.00832549311040087	0.1993030094445156
0.008331259991208964	0.19944377886949288
0.008337022042474902	0.19958393780733552
0.008342779295606739	0.19972348623771222
0.008348531781790028	0.19986242414239228
0.008354279531990246	0.20000075150516444
0.008360022576955199	0.20013846831188345
0.008365760947217403	0.2002755745503773
0.00837149467309643	0.20041207021056107
0.008377223784701213	0.2005479552844419
0.008382948311932335	0.20068322976601652
0.008388668284484278	0.2008178936513836
0.008394383731847645	0.20095194693871865
0.008400094683311354	0.2010853896282625
0.008405801167964806	0.2012182217223454
0.008411503214700003	0.20135044322538861
0.008417200852213685	0.20148205414393494
0.008422894109009387	0.20161305448654604
0.008428583013399507	0.201743444263902
0.008434267593507329	0.20187322348895861
0.008439947877269012	0.20200239217657
0.008445623892435593	0.2021309503437725
0.008451295666574914	0.20225889800977026
0.00845696322707356	0.2023862351958959
0.008462626601138749	0.20251296192555965
0.008468285815800227	0.20263907822426971
0.00847394089791211	0.2027645841197934
0.008479591874154705	0.20288947964199472
0.008485238771036345	0.20301376482284536
0.008490881614895146	0.20313743969643863
0.008496520431900783	0.2032605042991232
0.008502155248056231	0.2033829586692889
0.008507786089199481	0.20350480284757622
0.008513412981005239	0.20362603687673725
0.0085190359489866	0.20374666080168452
0.008524655018496722	0.20386667466951908
0.008530270214730433	0.20398607852947015
0.008535881562725866	0.20410487243300368
0.008541489087366055	0.20422305643366695
0.008547092813380511	0.20434063058728696
0.008552692765346776	0.20445759495177074
0.008558288967691972	0.20457394958725325
0.008563881444694315	0.2046896945560491
0.008569470220484607	0.2048048299226686
0.008575055319047755	0.20491935575370696
0.008580636764224207	0.2050332721181119
0.008586214579711404	0.20514657908686537
0.008591788789065235	0.20525927673324385
0.008597359415701432	0.20537136513260906
0.008602926482896976	0.2054828443626349
0.008608490013791487	0.20559371450306232
0.008614050031388577	0.20570397563593185
0.008619606558557216	0.20581362784538984
0.008625159618033056	0.20592267121783778
0.008630709232419757	0.20603110584183507
0.008636255424190295	0.2061389318081684
0.008641798215688236	0.2062461492097763
0.008647337629129025	0.20635275814179474
0.008652873686601257	0.2064587587016361
0.008658406410067893	0.20656415098880643
0.008663935821367515	0.2066689351050779
0.008669461942215538	0.20677311115434163
0.008674984794205415	0.20687667924279385
0.008680504398809826	0.20697963947872752
0.008686020777381854	0.20708199197268853
0.008691533951156153	0.20718373683742813
0.008697043941250102	0.20728487418779656
0.008702550768664935	0.20738540414095016
0.008708054454286874	0.207485326816205
0.00871355501888824	0.2075846423350593
0.008719052483128552	0.20768335082122072
0.008724546867555619	0.20778145240051374
0.008730038192606626	0.20787894720111338
0.008735526478609177	0.20797583535323935
0.008741011745782375	0.20807211698934497
0.008746494014237844	0.20816779224409152
0.00875197330398078	0.20826286125433202
0.008757449634910944	0.2083573241590854
0.0087629230268237	0.20845118109956803
0.008768393499411003	0.20854443221914903
0.008773861072262377	0.2086370776634485
0.008779325764865908	0.20872911758020904
0.0087847875966092	0.2088205521193717
0.00879024658678033	0.20891138143304852
0.008795702754568825	0.20900160567558487
0.008801156119066544	0.20909122500340482
0.008806606699268653	0.20918023957518464
0.008812054514074534	0.20926864955174576
0.008817499582288656	0.20935645509607506
0.008822941922621539	0.20944365637334936
0.008828381553690572	0.2095302535509084
0.008833818494020958	0.20961624679821403
0.00883925276204653	0.20970163628696462
0.008844684376110662	0.20978642219097823
0.008850113354467077	0.20987060468623167
0.008855539715280733	0.20995418395083654
0.008860963476628618	0.21003716016514515
0.008866384656500628	0.21011953351157786
0.008871803272800339	0.21020130417472405
0.008877219343345845	0.21028247234134906
0.008882632885870555	0.21036303820035757
0.008888043918023987	0.21044300194276225
0.008893452457372554	0.2105223637617674
0.00889885852140035	0.21060112385270888
0.008904262127509915	0.21067928241299197
0.008909663293023012	0.2107568396422351
0.008915062035181364	0.21083379574219022
0.008920458371147416	0.21091015091668672
0.008925852318005077	0.21098590537168022
0.00893124389276046	0.2110610593153069
0.008936633112342595	0.2111356129577795
0.008942019993604161	0.2112095665114293
0.008947404553322207	0.21128292019072162
0.008952786808198835	0.21135567421223678
0.008958166774861939	0.21142782879460814
0.008963544469865848	0.21149938415867564
0.008968919909692064	0.21157034052728563
0.008974293110749914	0.2116406981254461
0.008979664089377238	0.2117104571802344
0.008985032861841035	0.21177961792082914
0.008990399444338158	0.21184818057850283
0.008995763852995945	0.21191614538662734
0.009001126103872879	0.2119835125806288
0.00900648621295923	0.21205028239802065
0.009011844196177697	0.21211645507843707
0.009017200069384031	0.21218203086352794
0.009022553848367672	0.21224700999707
0.009027905548852366	0.21231139272484964
0.009033255186496772	0.21237517929476313
0.00903860277689509	0.21243836995677148
0.009043948335577642	0.21250096496286716
0.009049291878011496	0.21256296456708074
0.00905463341960104	0.2126243690255422
0.00905997297568858	0.2126851785964124
0.009065310561554919	0.21274539353989463
0.009070646192419932	0.21280501411818945
0.009075979883443157	0.21286404059560451
0.009081311649724338	0.21292247323845456
0.009086641506304003	0.21298031231506317
0.009091969468164018	0.2130375580957973
0.00909729555022814	0.21309421085303526
0.009102619767362576	0.21315027086121158
0.009107942134376502	0.2132057383967012
0.009113262666022632	0.21326061373795485
0.009118581376997736	0.21331489716540683
0.00912389828194317	0.2133685889615121
0.00912921339544541	0.21342168941067516
0.009134526732036557	0.21347419879936821
0.009139838306194885	0.2135261174159678
0.00914514813234532	0.21357744555092842
0.009150456224859967	0.2136281834966278
0.009155762598058611	0.2136783315474275
0.009161067266209222	0.21372788999968367
0.009166370243528437	0.2137768591517351
0.009171671544182068	0.21382523930386044
0.009176971182285588	0.21387303075830197
0.009182269171904596	0.21392023381926378
0.009187565527055333	0.21396684879291766
0.00919286026170512	0.21401287598740115
0.009198153389772864	0.21405831571274805
0.009203444925129499	0.21410316828095916
0.009208734881598473	0.21414743400599687
0.009214023272956206	0.21419111320374543
0.009219310112932533	0.21423420619197261
0.009224595415211178	0.21427671329046016
0.009229879193430194	0.21431863482082802
0.009235161461182416	0.21435997110664906
0.009240442232015903	0.21440072247342104
0.009245721519434378	0.2144408892485242
0.00925099933689766	0.21448047176126248
0.009256275697822126	0.21451947034281862
0.0092615506155811	0.21455788532631062
0.009266824103505315	0.21459571704669364
0.009272096174883318	0.2146329658408396
0.009277366842961906	0.21466963204752265
0.009282636120946536	0.21470571600734614
0.00928790402200174	0.21474121806282587
0.009293170559251539	0.2147761385583195
0.009298435745779859	0.21481047784008364
0.009303699594630928	0.21484423625619997
0.009308962118809692	0.2148774141566302
0.009314223331282196	0.2149100118931512
0.009319483244975998	0.21494202981946
0.009324741872780568	0.21497346829098743
0.00932999922754767	0.21500432766509794
0.009335255322091753	0.21503460830094515
0.00934051016919034	0.21506431055953992
0.009345763781584417	0.2150934348036687
0.009351016171978805	0.21512198139795186
0.009356267353042557	0.2151499507088753
0.009361517337409312	0.21517734310466385
0.009366766137677686	0.2152041589553999
0.009372013766411643	0.21523039863293597
0.009377260236140848	0.21525606251093563
0.009382505559361062	0.21528115096483788
0.009387749748534478	0.2153056643718966
0.009392992816090113	0.21532960311111582
0.009398234774424133	0.2153529675633188
0.00940347563590024	0.21537575811104523
0.009408715412850013	0.2153979751386396
0.00941395411757327	0.21541961903221774
0.009419191762338408	0.215440690179617
0.009424428359382765	0.2154611889704722
0.009429663920912962	0.2154811157961364
0.009434898459105227	0.21550047104971068
0.009440131986105778	0.21551925512605663
0.009445364514031137	0.21553746842174634
0.009450596054968466	0.21555511133509847
0.009455826620975907	0.2155721842661326
0.009461056224082942	0.21558868761663796
0.009466284876290683	0.21560462179005677
0.009471512589572233	0.2156199871915939
0.009476739375873003	0.21563478422814605
0.00948196524711104	0.21564901330828232
0.00948719021517736	0.21566267484231877
0.009492414291936254	0.21567576924222132
0.009497637489225632	0.21568829692166142
0.009502859818857321	0.21570025829599404
0.009508081292617399	0.21571165378225393
0.009513301922266505	0.21572248379912876
0.009518521719540148	0.21573274876699686
0.009523740696149035	0.21574244910789034
0.009528958863779365	0.21575158524550186
0.009534176234093151	0.21576015760517334
0.009539392818728518	0.21576816661389564
0.009544608629300023	0.21577561270030107
0.009549823677398945	0.21578249629468105
0.009555037974593603	0.21578881782892387
0.00956025153242964	0.21579457773658026
0.009565464362430344	0.2157997764528129
0.009570676476096931	0.21580441441440099
0.009575887884908854	0.21580849205973548
0.009581098600324077	0.21581200982883203
0.009586308633779404	0.21581496816329468
0.009591517996690753	0.21581736750633632
0.009596726700453436	0.2158192083027625
0.009601934756442476	0.21582049099896786
0.009607142176012879	0.21582121604293159
0.009612348970499925	0.215821383884218
0.009617555151219453	0.215820994973969
0.009622760729468159	0.21582004976488325
0.00962796571652386	0.2158185487112357
0.009633170123645797	0.21581649226885835
0.009638373962074911	0.21581388089515016
0.009643577243034104	0.21581071504904664
0.009648779977728556	0.21580699519103283
0.009653982177345963	0.21580272178312657
0.009659183853056847	0.21579789528892793
0.00966438501601482	0.21579251617349807
0.009669585677356854	0.215786584903479
0.009674785848203558	0.21578010194700764
0.009679985539659455	0.21577306777373523
0.009685184762813262	0.21576548285486252
0.00969038352873813	0.21575734766305546
0.009695581848491952	0.21574866267249163
0.009700779733117611	0.21573942835885704
0.009705977193643255	0.21572964519932816
0.009711174241082554	0.21571931367256134
0.009716370886434988	0.21570843425869912
0.009721567140686083	0.2156970074393651
0.009726763014807701	0.2156850336976552
0.009731958519758289	0.2156725135181234
0.009737153666483159	0.2156594473868006
0.009742348465914727	0.21564583579117502
0.009747542928972786	0.21563167922017676
0.009752737066564775	0.2156169781641937
0.009757930889586017	0.21560173311505532
0.009763124408920007	0.21558594456603225
0.009768317635438638	0.215569613011823
0.009773510580002491	0.2155527389485644
0.009778703253461061	0.21553532287381133
0.009783895666653039	0.2155173652865359
0.009789087830406554	0.2154988666871329
0.009794279755539429	0.21547982757740386
0.009799471452859436	0.21546024846054845
0.009804662933164551	0.21544012984117517
0.009809854207243219	0.21541947222528668
0.009815045285874563	0.2153982761202744
0.009820236179828712	0.21537654203491433
0.00982542689986696	0.2153542704793646
0.0098306174567421	0.21533146196516048
0.009835807861198623	0.21530811700520844
0.00984099812397298	0.21528423611377695
0.00984618825579385	0.21525981980650336
0.00985137826738235	0.21523486860038113
0.009856568169452332	0.21520938301374895
0.009861757972710591	0.21518336356629947
0.009866947687857126	0.21515681077906387
0.009872137325585395	0.21512972517442033
0.00987732689658256	0.2151021072760633
0.00988251641152971	0.21507395760903072
0.009887705881102143	0.2150452766996796
0.009892895315969593	0.21501606507568255
0.009898084726796454	0.2149863232660316
0.009903274124242085	0.21495605180102273
0.009908463518960985	0.2149252512122611
0.00991365292160308	0.21489392203265004
0.009918842342813958	0.21486206479638717
0.009924031793235113	0.2148296800389634
0.009929221283504177	0.214796768297152
0.009934410824255191	0.21476333010901114
0.009939600426118805	0.21472936601387244
0.009944790099722583	0.2146948765523419
0.00994997985569116	0.21465986226628916
0.00995516970464659	0.2146243236988505
0.009960359657208482	0.21458826139441953
0.00996554972399431	0.21455167589863872
0.009970739915619663	0.21451456775840372
0.009975930242698425	0.21447693752185276
0.009981120715843061	0.21443878573836306
0.00998631134566488	0.21440011295854755
0.009991502142774182	0.2143609197346579
0.009996693117780581	0.21432120661787196