0.	0.20488308449695125	0.0010997884371822361	0.20598287293413348
2.5025025025025024e-6	0.20428800244432266	0.0006957114092629012	0.20498371385358555
5.005005005005005e-6	0.20369162064210938	0.0002862464609463715	0.20397786710305577
7.507507507507507e-6	0.20309397923260702	0	0.20309397923260702
0.00001001001001001001	0.2024951180392322	0	0.2024951180392322
0.000012512512512512513	0.20189507613988927	0	0.20189507613988927
0.000015015015015015015	0.2012938927726343	0	0.2012938927726343
0.000017517517517517516	0.20069160653947446	0	0.20069160653947446
0.00002002002002002002	0.2000882554877943	0	0.2000882554877943
0.000022522522522522523	0.1994838777891545	0	0.1994838777891545
0.000025025025025025026	0.19887851069676724	0	0.19887851069676724
0.000027527527527527526	0.19827219155387185	0	0.19827219155387185
0.00003003003003003003	0.19766495694983757	0	0.19766495694983757
0.00003253253253253253	0.1970568432989191	0	0.1970568432989191
0.00003503503503503503	0.19644788680732386	0	0.19644788680732386
0.000037537537537537536	0.19583812299736733	0	0.19583812299736733
0.00004004004004004004	0.19522758725493125	0	0.19522758725493125
0.00004254254254254254	0.19461631448148678	0	0.19461631448148678
0.000045045045045045046	0.19400433878825754	0	0.19400433878825754
0.00004754754754754755	0.19339169480788498	0	0.19339169480788498
0.00005005005005005005	0.19277841632735385	0	0.19277841632735385
0.000052552552552552556	0.1921645376445006	0	0.1921645376445006
0.00005505505505505505	0.19155008998023784	0	0.19155008998023784
0.000057557557557557555	0.1909351078912393	0	0.1909351078912393
0.00006006006006006006	0.19031962143866898	0	0.19031962143866898
0.00006256256256256256	0.189703666217173	0	0.189703666217173
0.00006506506506506506	0.1890872705316786	0	0.1890872705316786
0.00006756756756756757	0.18847046751878918	0	0.18847046751878918
0.00007007007007007007	0.18785328755565558	0	0.18785328755565558
0.00007257257257257258	0.18723576024472965	0	0.18723576024472965
0.00007507507507507507	0.18661791871954725	0	0.18661791871954725
0.00007757757757757758	0.18599978908265308	0	0.18599978908265308
0.00008008008008008008	0.1853814041592971	0	0.1853814041592971
0.00008258258258258259	0.18476279018125227	0	0.18476279018125227
0.00008508508508508508	0.18414397788507364	0	0.18414397788507364
0.00008758758758758758	0.18352499661320937	0	0.18352499661320937
0.00009009009009009009	0.18290587201789646	0	0.18290587201789646
0.00009259259259259259	0.18228663355419414	0	0.18228663355419414
0.0000950950950950951	0.18166730875517717	0	0.18166730875517717
0.0000975975975975976	0.18104792197007694	0	0.18104792197007694
0.0001001001001001001	0.18042850527261273	0	0.18042850527261273
0.0001026026026026026	0.17980908054260783	0	0.17980908054260783
0.00010510510510510511	0.1791896752710798	0	0.1791896752710798
0.00010760760760760761	0.17857031541445503	0	0.17857031541445503
0.0001101101101101101	0.17795102649302974	0	0.17795102649302974
0.00011261261261261261	0.17733183385545204	0	0.17733183385545204
0.00011511511511511511	0.17671276074159037	0	0.17671276074159037
0.00011761761761761762	0.17609383263533088	0	0.17609383263533088
0.00012012012012012012	0.17547507515561442	0	0.17547507515561442
0.00012262262262262261	0.17485650904398292	0	0.17485650904398292
0.00012512512512512512	0.17423816080294843	0	0.17423816080294843
0.00012762762762762763	0.1736200520937093	0	0.1736200520937093
0.00013013013013013012	0.17300220505286484	0	0.17300220505286484
0.00013263263263263263	0.1723846443147381	0	0.1723846443147381
0.00013513513513513514	0.17176738986822532	0	0.17176738986822532
0.00013763763763763765	0.17115046542880172	0	0.17115046542880172
0.00014014014014014013	0.1705338912752901	0	0.1705338912752901
0.00014264264264264264	0.1699176884617009	0	0.1699176884617009
0.00014514514514514515	0.16930188064122656	0	0.16930188064122656
0.00014764764764764766	0.16868648516150306	0	0.16868648516150306
0.00015015015015015014	0.1680715254083939	0	0.1680715254083939
0.00015265265265265265	0.16745701852966316	0	0.16745701852966316
0.00015515515515515516	0.16684298618573212	0	0.16684298618573212
0.00015765765765765765	0.16622944849307456	0	0.16622944849307456
0.00016016016016016016	0.16561642345262864	0	0.16561642345262864
0.00016266266266266267	0.16500392905043085	0	0.16500392905043085
0.00016516516516516518	0.164391987228118	0	0.164391987228118
0.00016766766766766766	0.16378061323183601	0	0.16378061323183601
0.00017017017017017017	0.16316982674784605	0	0.16316982674784605
0.00017267267267267268	0.1625596454583036	0	0.1625596454583036
0.00017517517517517516	0.16195008493652235	0	0.16195008493652235
0.00017767767767767767	0.16134116647236718	0	0.16134116647236718
0.00018018018018018018	0.1607329035352172	0	0.1607329035352172
0.0001826826826826827	0.16012531464929752	0	0.16012531464929752
0.00018518518518518518	0.15951841562279892	0	0.15951841562279892
0.00018768768768768769	0.15891222176767839	0	0.15891222176767839
0.0001901901901901902	0.15830675154158805	0	0.15830675154158805
0.0001926926926926927	0.15770201820225124	0	0.15770201820225124
0.0001951951951951952	0.15709803787500598	0	0.15709803787500598
0.0001976976976976977	0.15649482759927677	0	0.15649482759927677
0.0002002002002002002	0.15589239935943297	0	0.15589239935943297
0.0002027027027027027	0.1552907697462764	0	0.1552907697462764
0.0002052052052052052	0.1546899519786558	0	0.1546899519786558
0.0002077077077077077	0.15408996066799857	0	0.15408996066799857
0.00021021021021021022	0.15349081125062397	0.0006640999234522106	0.15415491117407618
0.0002127127127127127	0.1528925154823437	0.002723870728046751	0.15561638621039045
0.00021521521521521522	0.1522950866377951	0.004778343614565082	0.15707343025236017
0.00021771771771771773	0.15169854023783608	0.006732801665641738	0.15843134190347782
0.0002202202202202202	0.15110288752835907	0.008622650359107129	0.15972553788746618
0.00022272272272272272	0.15050814138133556	0.010452788170211428	0.16096092955154698
0.00022522522522522523	0.14991431465545332	0.012227912877769946	0.16214222753322327
0.00022772772772772774	0.1493214186039673	0.013952264097170666	0.16327368270113796
0.00023023023023023022	0.14872946764082923	0.015629700435273938	0.16435916807610318
0.00023273273273273273	0.14813847188384796	0.01726373260567165	0.16540220448951962
0.00023523523523523524	0.14754844317911603	0.018857552546884062	0.1664059957260001
0.00023773773773773772	0.14695939351969434	0.02041408972693838	0.1673734832466327
0.00024024024024024023	0.14637133309836953	0.02193601420752874	0.16830734730589827
0.00024274274274274274	0.1457842744297805	0.0234257809401888	0.1692100553699693
0.00024524524524524523	0.14519822705319566	0.024885647569488675	0.17008387462268432
0.00024774774774774777	0.1446132011299649	0.02631768263805963	0.17093088376802454
0.00025025025025025025	0.14402920906209632	0.027723806447950597	0.1717530155100469
0.00025275275275275273	0.1434462597233117	0.02910577978091906	0.17255203950423076
0.00025525525525525527	0.14286436198536676	0.03046524043498968	0.17332960242035644
0.00025775775775775775	0.14228352836335295	0.03180369753877583	0.17408722590212877
0.00026026026026026023	0.14170376610036478	0.03312255511554412	0.1748263212159089
0.00026276276276276277	0.14112508597542267	0.03442311759660399	0.17554820357202666
0.00026526526526526525	0.14054749602836106	0.0357065916103265	0.17625408763868755
0.0002677677677677678	0.139971005617918	0.036974108053498884	0.17694511367141688
0.0002702702702702703	0.1393956251623705	0.038226716999304654	0.17762234216167516
0.00027277277277277276	0.1388213605245645	0.03946539592137157	0.17828675644593608
0.0002752752752752753	0.13824822169199638	0.04069106222228411	0.1789392839142805
0.0002777777777777778	0.13767621794180404	0.04190456896922199	0.17958078691102602
0.00028028028028028026	0.13710535502868187	0.04310671566040681	0.18021207068908868
0.0002827827827827828	0.13653564220037326	0.044298257174760235	0.1808338993751335
0.0002852852852852853	0.13596708789490664	0.04547988817651978	0.1814469760714264
0.00028778778778778776	0.13539969784426564	0.046652270291997075	0.18205196813626273
0.0002902902902902903	0.13483348128682893	0.04781602616609457	0.1826495074529235
0.0002927927927927928	0.13426844396352988	0.04897172970134136	0.18324017366487125
0.0002952952952952953	0.13370459362127157	0.05011993089703182	0.1838245245183034
0.0002977977977977978	0.13314193762887502	0.05126114238261432	0.18440308001148933
0.0003003003003003003	0.13258048214654075	0.05239584418745389	0.18497632633399463
0.0003028028028028028	0.13202023267192373	0.05352449730806437	0.1855447299799881
0.0003053053053053053	0.13146119841060933	0.05464752456902561	0.18610872297963493
0.0003078078078078078	0.13090338298521648	0.055765330229311	0.1866687132145275
0.00031031031031031033	0.1303467933040841	0.05687829758391617	0.18722509088800027
0.0003128128128128128	0.12979143676217672	0.05798678727981375	0.18777822404199046
0.0003153153153153153	0.1292373164048805	0.05909113019870112	0.1883284466035816
0.00031781781781781783	0.12868444066733215	0.060191652256364386	0.18887609292369653
0.0003203203203203203	0.12813281278966102	0.061288656381952675	0.18942146917161368
0.0003228228228228228	0.12758243912688838	0.06238241957416883	0.18996485870105723
0.00032532532532532533	0.12703332587138583	0.06347321669424438	0.1905065425656302
0.0003278278278278278	0.12648547647068242	0.06456130341650237	0.1910467798871848
0.00033033033033033035	0.12593889578638942	0.06564690833679407	0.1915858041231835
0.00033283283283283284	0.12539359102567074	0.06673026723641506	0.1921238582620858
0.0003353353353353353	0.12484956456142461	0.06781159148124666	0.19266115604267126
0.00033783783783783786	0.1243068205261085	0.06889108420377407	0.19319790472988257
0.00034034034034034034	0.12376536605183053	0.06996892430420319	0.19373429035603373
0.0003428428428428428	0.12322520249230592	0.07104530359143571	0.19427050608374163
0.00034534534534534536	0.12268633617754447	0.07212038844719158	0.19480672462473606
0.00034784784784784784	0.1221487698643831	0.07319432837967335	0.19534309824405643
0.0003503503503503503	0.1216125070263337	0.07426727961645238	0.19587978664278607
0.00035285285285285286	0.12107755329984134	0.07533938650203238	0.19641693980187372
0.00035535535535535535	0.12054391113137447	0.07641077878318457	0.19695468991455906
0.0003578578578578579	0.12001158320668077	0.07748157403092712	0.1974931572376079
0.00036036036036036037	0.11948057543691631	0.07855189359595878	0.19803246903287508
0.00036286286286286285	0.11895088862812672	0.07962185431590287	0.1985727429440296
0.0003653653653653654	0.11842252691672302	0.08069154135514073	0.19911406827186373
0.00036786786786786787	0.11789549425424317	0.08176106290072382	0.199656557154967
0.00037037037037037035	0.1173697922689192	0.0828305015247349	0.20020029379365412
0.0003728728728728729	0.11684542439485494	0.08389994964502381	0.20074537403987874
0.00037537537537537537	0.11632239343431576	0.08496946960473581	0.20129186303905156
0.00037787787787787786	0.11580070171763539	0.0860391408076802	0.2018398425253156
0.0003803803803803804	0.11528035234044483	0.08710902754797549	0.20238937988842032
0.0003828828828828829	0.11476134749936465	0.08817919137766853	0.20294053887703317
0.0003853853853853854	0.11424368887259252	0.08924968357896944	0.20349337245156196
0.0003878878878878879	0.11372738035660855	0.09032055493093559	0.20404793528754414
0.0003903903903903904	0.11321242209663467	0.09139185738131003	0.20460427947794468
0.0003928928928928929	0.11269881745384781	0.09246362460681352	0.20516244206066134
0.0003953953953953954	0.11218656826057888	0.09353590155064055	0.20572246981121944
0.0003978978978978979	0.1116756759123702	0.09460870542511321	0.2062843813374834
0.0004004004004004004	0.11116614156806777	0.09568207774250752	0.2068482193105753
0.0004029029029029029	0.11065796947639335	0.09675604618694958	0.20741401566334294
0.0004054054054054054	0.1101511585753967	0.09783061740328289	0.2079817759786796
0.0004079079079079079	0.10964571091944635	0.09890581534072643	0.20855152626017276
0.0004104104104104104	0.10914162940871334	0.09998165191261969	0.20912328132133304
0.0004129129129129129	0.1086389137402949	0.10105813804242068	0.20969705178271558
0.0004154154154154154	0.10813756534717076	0.10213528264327537	0.21027284799044613
0.0004179179179179179	0.1076375865644477	0.10321309127277724	0.21085067783722494
0.00042042042042042044	0.10713897785826175	0.10429154803254963	0.21143052589081138
0.00042292292292292293	0.10664173614217992	0.10537066757963283	0.21201240372181274
0.0004254254254254254	0.10614587301230162	0.10645043338958325	0.21259630640188487
0.00042792792792792795	0.10565138047462377	0.10753084373223341	0.21318222420685717
0.00043043043043043043	0.1051582559153489	0.10861188336224105	0.21377013927758995
0.0004329329329329329	0.10466651295629568	0.1096935376118474	0.21436005056814308
0.00043543543543543545	0.10417613975668544	0.11077578395102435	0.21495192370770977
0.00043793793793793793	0.10368714439911567	0.11185861280305799	0.21554575720217367
0.0004404404404404404	0.10319952499776107	0.11294199527742992	0.21614152027519098
0.00044294294294294295	0.10271328126720913	0.11402591509337176	0.2167391963605809
0.00044544544544544544	0.10222841327950723	0.11511032998032193	0.21733874325982916
0.000447947947947948	0.1017449223897791	0.11619522867225686	0.21794015106203596
0.00045045045045045046	0.10126281160187532	0.11728055953717029	0.2185433711390456
0.00045295295295295294	0.10078207319541468	0.118366303668228	0.2191483768636427
0.0004554554554554555	0.10030271804787039	0.11945242262743731	0.21975514067530771
0.00045795795795795796	0.09982473623329746	0.12053887628572088	0.22036361251901834
0.00046046046046046044	0.099348131475334	0.12162562242174749	0.2209737538970815
0.000462962962962963	0.09887290520133114	0.12271262656533921	0.22158553176667034
0.00046546546546546546	0.09839905850032817	0.12379983519343558	0.22219889369376375
0.00046796796796796795	0.09792658823493447	0.12488720586343749	0.22281379409837196
0.0004704704704704705	0.09745549172139327	0.125974691547666	0.22343018326905928
0.00047297297297297297	0.09698577532665946	0.12706224379796177	0.22404801912462124
0.00047547547547547545	0.09651743349614325	0.12814981206865003	0.22466724556479328
0.000477977977977978	0.09605046364979011	0.12923735075083248	0.2252878144006226
0.00048048048048048047	0.0955848719897617	0.13032478333097355	0.22590965532073526
0.000482982982982983	0.09512065901878275	0.13141207719587647	0.22653273621465922
0.0004854854854854855	0.09465781213609384	0.1324991564221814	0.22715696855827525
0.000487987987987988	0.09419634388292125	0.13358597508120415	0.2277823189641254
0.0004904904904904905	0.09373624707477615	0.1346724654357051	0.22840871251048125
0.000492992992992993	0.0932775223419921	0.13575857109354958	0.22903609343554168
0.0004954954954954955	0.09282016869935811	0.13684422024713305	0.22966438894649116
0.000497997997997998	0.09236418545060318	0.13792936666985015	0.23029355212045333
0.0005005005005005005	0.0919095749298338	0.1390139183168668	0.23092349324670058
0.000503003003003003	0.0914563270591228	0.1400978288264431	0.23155415588556588
0.0005055055055055055	0.09100445221257536	0.1411810156939374	0.23218546790651276
0.000508008008008008	0.09055394256019537	0.14226341542658952	0.23281735798678488
0.0005105105105105105	0.09010479778569667	0.14334496115926376	0.23344975894496045
0.000513013013013013	0.08965701780480408	0.14442556896827485	0.23408258677307892
0.0005155155155155155	0.08921060313379656	0.1455051791481711	0.23471578228196766
0.000518018018018018	0.088765549369721	0.1465837182682627	0.2353492676379837
0.0005205205205205205	0.088321857847824	0.1476610968239056	0.23598295467172958
0.000523023023023023	0.08787952430055235	0.14873724962491722	0.23661677392546956
0.0005255255255255255	0.08743855167467893	0.14981210634323458	0.2372506580179135
0.0005280280280280281	0.08699893391356395	0.15088556906668685	0.2378845029802508
0.0005305305305305305	0.08656067375588881	0.15195758168998208	0.2385182554458709
0.000533033033033033	0.08612377061995742	0.15302804286546265	0.23915181348542008
0.0005355355355355356	0.08568821730312615	0.15409688718489234	0.23978510448801849
0.000538038038038038	0.08525401610616229	0.15516402983247415	0.24041804593863644
0.0005405405405405405	0.08482116854221627	0.15622938717227333	0.2410505557144896
0.0005430430430430431	0.08438966456684234	0.15729288085464052	0.24168254542148288
0.0005455455455455455	0.0839595139294176	0.15835441920212526	0.24231393313154287
0.000548048048048048	0.08353070574525193	0.15941393047223074	0.24294463621748266
0.0005505505505505506	0.08310324040847816	0.16047132335965075	0.24357456376812892
0.000553053053053053	0.08267712149886465	0.16152651648536082	0.24420363798422545
0.0005555555555555556	0.08225234115958116	0.16257941936037978	0.24483176051996094
0.0005580580580580581	0.08182890268551304	0.16362995475634706	0.2454588574418601
0.0005605605605605605	0.08140679877121976	0.16467802549461152	0.24608482426583128
0.0005630630630630631	0.08098603204674883	0.16572355918507442	0.24670959123182323
0.0005655655655655656	0.08056659953145737	0.16676644981366154	0.2473330493451189
0.000568068068068068	0.08014849850791173	0.16780661824145493	0.24795511674936666
0.0005705705705705706	0.07973172953943458	0.16884399304014977	0.24857572257958435
0.0005730730730730731	0.07931628710548308	0.1698784627901995	0.24919474989568258
0.0005755755755755755	0.0789021731752663	0.17090995249700724	0.24981212567227354
0.0005780780780780781	0.07848938403919782	0.17193836386878433	0.25042774790798217
0.0005805805805805806	0.07807791689287455	0.1729636184081583	0.25104153530103285
0.000583083083083083	0.0776677721344939	0.17398562421513059	0.25165339634962447
0.0005855855855855856	0.07725894545637448	0.17500428790358138	0.2522632333599559
0.0005880880880880881	0.07685143635321437	0.17601952925799486	0.25287096561120925
0.0005905905905905906	0.0764452439938131	0.17703124695598416	0.25347649094979724
0.0005930930930930931	0.0760403615491603	0.17803936258114675	0.25407972413030705
0.0005955955955955956	0.07563679276132378	0.17904377857588344	0.25468057133720723
0.0005980980980980981	0.07523453142163164	0.18004441131635804	0.2552789427379897
0.0006006006006006006	0.07483358018626106	0.18104117416058557	0.25587475434684664
0.0006031031031031031	0.07443393033181489	0.1820339717488689	0.2564679020806838
0.0006056056056056056	0.07403558541414955	0.18302271974097137	0.2570583051551209
0.0006081081081081081	0.07363854128830542	0.1840073229193768	0.2576458642076822
0.0006106106106106106	0.07324279503791065	0.18498769469289986	0.25823048973081053
0.0006131131131131132	0.07284834549056855	0.18596376548744403	0.2588121109780126
0.0006156156156156156	0.07245519003329291	0.18693540825540525	0.25939059828869815
0.0006181181181181181	0.07206332670751303	0.18790257929974719	0.2599659060072602
0.0006206206206206207	0.07167275199687234	0.18886515281583144	0.2605379048127038
0.0006231231231231231	0.07128346566390528	0.18982306243129562	0.2611065280952009
0.0006256256256256256	0.0708954640551166	0.1907762269274227	0.2616716909825393
0.0006281281281281282	0.07050874796207189	0.19172453346687482	0.2622332814289467
0.0006306306306306306	0.07012330858595275	0.19266792701211485	0.2627912355980676
0.0006331331331331331	0.0697391508301813	0.19360629403648175	0.26334544486666306
0.0006356356356356357	0.06935626932617112	0.19453956519829863	0.26389583452446974
0.0006381381381381381	0.06897466038460523	0.19546766143314287	0.26444232181774807
0.0006406406406406406	0.06859432245035739	0.19639047040702576	0.26498479285738313
0.0006431431431431432	0.06821525493741727	0.19730795303307508	0.26552320797049234
0.0006456456456456456	0.06783745360796169	0.19821997509116246	0.26605742869912413
0.0006481481481481481	0.06746091619548543	0.19912649706945515	0.26658741326494056
0.0006506506506506507	0.06708564209784754	0.20002740344321057	0.2671130455410581
0.0006531531531531532	0.06671162459631814	0.20092263552951942	0.2676342601258376
0.0006556556556556556	0.06633886693633703	0.20181210751765505	0.26815097445399205
0.0006581581581581582	0.06596736380910266	0.20269573370707486	0.2686630975161775
0.0006606606606606607	0.06559711265071021	0.20357343814423073	0.26917055079494095
0.0006631631631631631	0.06522811227364195	0.20444513730514638	0.26967324957878835
0.0006656656656656657	0.0648603540837838	0.20531076800182452	0.27017112208560834
0.0006681681681681682	0.06449384461920796	0.20617022321269182	0.2706640678318998
0.0006706706706706706	0.06412857820877102	0.20702346014491185	0.27115203835368284
0.0006731731731731732	0.06376455125893946	0.2078703825470017	0.27163493380594117
0.0006756756756756757	0.06340176168084047	0.2087109201514336	0.2721126818322741
0.0006781781781781781	0.06304020653182257	0.209545001541518	0.2725852080733406
0.0006806806806806807	0.06267987940911775	0.21037255277140726	0.273052432180525
0.0006831831831831832	0.062320785874632384	0.21119349505867446	0.2735142809333069
0.0006856856856856856	0.06196291950956721	0.2120077639399124	0.2739706834494796
0.0006881881881881882	0.06160627902706464	0.21281529005233116	0.2744215690793958
0.0006906906906906907	0.06125085646212488	0.21361599508055662	0.2748668515426815
0.0006931931931931931	0.06089665569780831	0.21440981703979095	0.2753064727375993
0.0006956956956956957	0.06054366623492604	0.2151966976333227	0.27574036386824874
0.0006981981981981982	0.060191896465376454	0.215976549132263	0.2761684455976394
0.0007007007007007007	0.059841338154597766	0.2167493239364072	0.27659066209100497
0.0007032032032032032	0.05949198386188164	0.2175149486574338	0.2770069325193154
0.0007057057057057057	0.05914383723252197	0.2182733516359852	0.2774171888685072
0.0007082082082082082	0.05879689454264252	0.21902449284532152	0.277821387387964
0.0007107107107107107	0.058451151951835575	0.21976829274068033	0.2782194446925159
0.0007132132132132132	0.05810660724680049	0.22050469522127633	0.2786113024680768
0.0007157157157157158	0.057763258274046984	0.22123364372743407	0.27899690200148103
0.0007182182182182182	0.05742109626550938	0.22195508174326825	0.2793761780087776
0.0007207207207207207	0.05708012752220133	0.22266894252082936	0.2797490700430307
0.0007232232232232233	0.05674034528189712	0.2233751741509986	0.28011551943289575
0.0007257257257257257	0.05640174866610769	0.2240737282687468	0.2804754769348545
0.0007282282282282282	0.05606433004171856	0.22476455315326951	0.28082888319498805
0.0007307307307307308	0.055728093282658264	0.22544758120590233	0.2811756744885606
0.0007332332332332332	0.05539302633335442	0.2261227708885599	0.28151579722191433
0.0007357357357357357	0.05505913507694735	0.2267900780698435	0.28184921314679084
0.0007382382382382383	0.054726413249619736	0.2274494319565609	0.2821758452061806
0.0007407407407407407	0.054394859907540845	0.22810081929242482	0.28249567919996565
0.0007432432432432432	0.05406446570021523	0.22874415995040034	0.2828086256506156
0.0007457457457457458	0.0537352336021989	0.22937942476407985	0.28311465836627875
0.0007482482482482482	0.05340716294516843	0.23000657652469364	0.2834137394698621
0.0007507507507507507	0.0530802455025204	0.23062555984026015	0.28370580534278056
0.0007532532532532533	0.05275447895678908	0.23123633142502445	0.2839908103818135
0.0007557557557557557	0.052429862072514516	0.23183886470045456	0.2842687267729691
0.0007582582582582582	0.05210639046370577	0.23243311018638052	0.28453950065008626
0.0007607607607607608	0.05178406308312562	0.2330190309525433	0.28480309403566895
0.0007632632632632632	0.05146287613131331	0.23359658835609742	0.2850594644874107
0.0007657657657657658	0.051142822539553025	0.23416576277158427	0.2853085853111373
0.0007682682682682683	0.05082390600396586	0.23472649784743987	0.28555040385140573
0.0007707707707707708	0.050506120250077335	0.23527877208507444	0.2857848923351518
0.0007732732732732733	0.050189461270799936	0.235822558803987	0.28601202007478693
0.0007757757757757758	0.049873924897265116	0.23635782185872495	0.28623174675599006
0.0007782782782782783	0.0495595125599037	0.23688453510474913	0.2864440476646528
0.0007807807807807808	0.049246218495330084	0.23740266197821192	0.286648880473542
0.0007832832832832833	0.04893403840785965	0.23791218655533097	0.2868462249631906
0.0007857857857857858	0.04862296938011481	0.23841308409232806	0.2870360534724429
0.0007882882882882883	0.048313008193973085	0.23890532470262762	0.2872183328966007
0.0007907907907907908	0.04800415405568617	0.23938889270692826	0.28739304676261446
0.0007932932932932933	0.047696401558472365	0.2398637598641933	0.28756016142266566
0.0007957957957957958	0.04738974891907963	0.24032990646744246	0.2877196553865221
0.0007982982982982983	0.04708418672757459	0.2407873284641825	0.2878715151917571
0.0008008008008008008	0.0467797201735396	0.24123598461281826	0.28801570478635785
0.0008033033033033033	0.046476342891844026	0.24167588058398698	0.288152223475831
0.0008058058058058058	0.04617404679274076	0.24210698959457924	0.28828103638732
0.0008083083083083083	0.04587283549196769	0.24252929932119247	0.2884021348131601
0.0008108108108108108	0.045572701663932486	0.24294280265889262	0.28851550432282513
0.0008133133133133133	0.0452736441528837	0.2433474937402185	0.2886211378931022
0.0008158158158158158	0.044975653911906874	0.24374335002420422	0.2887190039361111
0.0008183183183183183	0.04467873311643971	0.24413036028552787	0.2888090934019676
0.0008208208208208208	0.044382879248573676	0.24450853125718164	0.2888914105057553
0.0008233233233233233	0.04408808184716738	0.24487785434629994	0.28896593619346733
0.0008258258258258258	0.04379434280673246	0.24523832512902347	0.28903266793575594
0.0008283283283283283	0.0435016562502641	0.24558993302883605	0.28909158927910017
0.0008308308308308308	0.04321002037012822	0.24593268049050238	0.2891427008606306
0.0008333333333333334	0.042919427927719245	0.24626656881950532	0.28918599674722456
0.0008358358358358358	0.04262987790961757	0.24659159434619232	0.2892214722558099
0.0008383383383383384	0.04234136728018654	0.2469077527382171	0.28924912001840364
0.0008408408408408409	0.04205388984249745	0.24721507332699338	0.28926896316949086
0.0008433433433433433	0.041767442731898405	0.2475135278352823	0.2892809705671807
0.0008458458458458459	0.04148202074931883	0.2478031352820073	0.2892851560313261
0.0008483483483483484	0.041197622944773055	0.2480839085748491	0.28928153151962216
0.0008508508508508508	0.040914242224291214	0.24835584216279477	0.289270084387086
0.0008533533533533534	0.04063187578653769	0.24861895589955785	0.28925083168609556
0.0008558558558558559	0.040350519296776605	0.24887325163520538	0.289223770931982
0.0008583583583583583	0.04007016989922793	0.24911874779767734	0.28918891769690525
0.0008608608608608609	0.039790820504804265	0.24935544534230028	0.28914626584710457
0.0008633633633633634	0.039512470162137076	0.24958336349343396	0.289095833655571
0.0008658658658658658	0.03923511238817128	0.24980253303558048	0.28903764542375177
0.0008683683683683684	0.038958742824919845	0.25001293660854373	0.2889716794334636
0.0008708708708708709	0.03868335881510567	0.25021461355253566	0.2888979723676413
0.0008733733733733733	0.038408955124739685	0.2504075757828812	0.2888165309076209
0.0008758758758758759	0.03813552590602623	0.250591840527316	0.2887273664333422
0.0008783783783783784	0.037863067516572854	0.25076743184271644	0.2886304993592893
0.0008808808808808808	0.037591577908385285	0.25093436628980986	0.28852594419819516
0.0008833833833833834	0.03732104704793848	0.2510926658066858	0.2884137128546243
0.0008858858858858859	0.03705147505773524	0.2512423556312427	0.28829383068897796
0.0008883883883883883	0.036782855006242045	0.2513834576633735	0.28816631266961557
0.0008908908908908909	0.03651518183406242	0.25151599783321643	0.28803117966727887
0.0008933933933933934	0.036248451303020145	0.25164000113968293	0.28788845244270306
0.000895895895895896	0.035982658529810786	0.25175549425424615	0.28773815278405696
0.0008983983983983984	0.03571780042787449	0.25186250524741227	0.28758030567528675
0.0009009009009009009	0.03545386523080796	0.2519610619693233	0.28741492720013123
0.0009034034034034035	0.035190854870312524	0.25205119601526055	0.2872420508855731
0.0009059059059059059	0.03492876352044544	0.2521329352586279	0.28706169877907334
0.0009084084084084084	0.03466757913441071	0.2522063131236228	0.2868738922580335
0.000910910910910911	0.034407304440484524	0.252271360820412	0.2866786652608965
0.0009134134134134134	0.034147930228348854	0.2523281102244911	0.2864760404528399
0.0009159159159159159	0.03388945045603351	0.2523765984118005	0.286266048867834
0.0009184184184184185	0.033631859688223784	0.2524168558053148	0.2860487154935386
0.0009209209209209209	0.03337515418828449	0.25244892433168986	0.2858240785199744
0.0009234234234234234	0.033119325729751445	0.25247283490213857	0.28559216063189
0.000925925925925926	0.03286436985173196	0.25248862595096955	0.2853529958027015
0.0009284284284284284	0.03261027970149162	0.2524963374764924	0.285106617177984
0.0009309309309309309	0.03235704975655508	0.2524960045407072	0.28485305429726226
0.0009334334334334335	0.0321046736982393	0.25248767250336984	0.2845923462016091
0.0009359359359359359	0.0318531466971934	0.25247137462888036	0.2843245213260738
0.0009384384384384384	0.03160245806916888	0.2524471587187933	0.2840496167879622
0.000940940940940941	0.03135260638747403	0.2524150614862028	0.2837676678736768
0.0009434434434434434	0.031103583509026082	0.2523751269695229	0.283478710478549
0.0009459459459459459	0.03085537901909341	0.2523273985179493	0.2831827775370427
0.0009484484484484485	0.030607991158155615	0.252271918848778	0.2828799100069336
0.0009509509509509509	0.030361411266004886	0.2522087343177169	0.2825701455837218
0.0009534534534534534	0.030115629930940496	0.25213788878509236	0.2822535187160329
0.000955955955955956	0.02987064420981969	0.252059426246901	0.2819300704567207
0.0009584584584584585	0.029626442233456698	0.25197339669294627	0.28159983892640295
0.0009609609609609609	0.02938301968286904	0.2518798429051741	0.28126286258804317
0.0009634634634634635	0.029140370271761945	0.25177881537192176	0.2809191856436837
0.000965965965965966	0.028898480590710148	0.25167036005584215	0.2805688406465523
0.0009684684684684684	0.028657348930585094	0.25155452714776727	0.28021187607835235
0.000970970970970971	0.028416963772486876	0.25143136337275646	0.2798483271452433
0.0009734734734734735	0.028177316709574015	0.25130092000600307	0.2794782367155771
0.000975975975975976	0.027938401853910617	0.25116324761861375	0.27910164947252436
0.0009784784784784785	0.02770020791138441	0.2510183944497965	0.2787186023611809
0.000980980980980981	0.027462728312678698	0.25086641408138793	0.27832914239406664
0.0009834834834834836	0.02722595495361686	0.25070735656236925	0.2779333115159861
0.000985985985985986	0.026989874079457837	0.25054127280102967	0.2775311468804875
0.0009884884884884884	0.02675448192859124	0.25036821752074134	0.2771226994493326
0.000990990990990991	0.026519767279709984	0.2501882401930962	0.2767080074728062
0.0009934934934934935	0.026285718196614325	0.25000139772152913	0.2762871159181435
0.000995995995995996	0.026052328169312584	0.24980774161886904	0.2758600697881816
0.0009984984984984986	0.025819584848278773	0.24960732462078694	0.27542690946906573
0.001001001001001001	0.025587479923997625	0.24940020301343507	0.2749876829374327
0.0010035035035035034	0.025356002745492105	0.24918642925678283	0.27454243200227496
0.001006006006006006	0.025125139037146336	0.24896606131725488	0.2740912003544012
0.0010085085085085085	0.02489488351416362	0.248739150057265	0.2736340335714286
0.001011011011011011	0.024665220247531542	0.24850575621578522	0.2731709764633168
0.0010135135135135136	0.024436140856436327	0.2482659311041774	0.27270207196061375
0.001016016016016016	0.024207631361516962	0.24801973170447927	0.27222736306599626
0.0010185185185185184	0.02397968224975825	0.24776721633748017	0.27174689858723844
0.001021021021021021	0.023752279658949875	0.2475084381248455	0.27126071778379535
0.0010235235235235235	0.023525410893896676	0.24724345819852245	0.27076886909241915
0.001026026026026026	0.023299063844416143	0.24697232979524997	0.2702713936396661
0.0010285285285285286	0.023073224855971616	0.24669511154891696	0.26976833640488856
0.001031031031031031	0.022847880865580088	0.2464118611092986	0.2692597419748787
0.0010335335335335334	0.02262301844077512	0.2461226343795268	0.26874565282030194
0.001036036036036036	0.02239862173395737	0.24582749281277602	0.2682261145467334
0.0010385385385385385	0.02217467816670303	0.24552648930178783	0.2677011674684909
0.001041041041041041	0.02195117113668872	0.24521968625369067	0.2671708573903794
0.0010435435435435436	0.02172808729754687	0.24490713872536868	0.26663522602291556
0.001046046046046046	0.02150540813763849	0.24458890543006007	0.2660943135676986
0.0010485485485485487	0.021283121145414852	0.24426504639272248	0.2655481675381373
0.001051051051051051	0.021061207003069515	0.24393561785485635	0.26499682485792586
0.0010535535535535535	0.0208396494700804	0.24360068151039763	0.26444033098047803
0.0010560560560560562	0.020618432288865538	0.24326029353758397	0.2638787258264495
0.0010585585585585586	0.020397534332470255	0.24291451161147282	0.2633120459439431
0.001061061061061061	0.020176941269549373	0.24256339700451918	0.26274033827406856
0.0010635635635635637	0.019956631353813786	0.24220700535097028	0.26216363670478404
0.001066066066066066	0.019736585588535572	0.24184539914527872	0.2615819847338143
0.0010685685685685685	0.019516783785372006	0.24147863429992808	0.2609954180853001
0.0010710710710710712	0.01929720615347332	0.24110677069977465	0.26040397685324795
0.0010735735735735736	0.01907783106384176	0.24072986703132276	0.2598076980951645
0.001076076076076076	0.018858635505969164	0.2403479813719415	0.25920661687791063
0.0010785785785785787	0.018639598667618308	0.23996117441472425	0.2586007730823426
0.001081081081081081	0.01842069464609574	0.2395695023104789	0.25799019695657466
0.0010835835835835835	0.01820190226254772	0.23917302567493837	0.25737492793748606
0.0010860860860860862	0.017983195009604963	0.238771800716775	0.25675499572637994
0.0010885885885885886	0.017764548155432238	0.2383658877371685	0.2561304358926007
0.001091091091091091	0.017545933526990153	0.23795534568853227	0.2555012792155224
0.0010935935935935937	0.017327326729366408	0.23754023013775552	0.2548675568671219
0.001096096096096096	0.017108697205215906	0.23712060423075393	0.25422930143596983
0.0010985985985985985	0.016890016466355653	0.23669652102954078	0.25358653749589644
0.0011011011011011012	0.016671256125552366	0.23626804049715622	0.2529392966227086
0.0011036036036036036	0.01645238158856941	0.23583522068738008	0.2522876022759495
0.001106106106106106	0.016233363621590564	0.23539811854254336	0.25163148216413395
0.0011086086086086087	0.01601416715541663	0.2349567944929904	0.25097096164840704
0.0011111111111111111	0.015794759555198674	0.2345113016677027	0.2503060612229014
0.0011136136136136135	0.015575102594162662	0.23406170184703273	0.2496368044411954
0.0011161161161161162	0.015355161332932422	0.23360804907708885	0.24896321041002126
0.0011186186186186186	0.015134895681686987	0.23315040051362837	0.24828529619531536
0.001121121121121121	0.014914267933279332	0.23268881509327358	0.2476030830265529
0.0011236236236236237	0.014693234002845076	0.23222334657864974	0.24691658058149482
0.0011261261261261261	0.01447175319426419	0.23175405448699218	0.24622580768125638
0.0011286286286286285	0.014249779317689814	0.23128099290557838	0.2455307722232682
0.0011311311311311312	0.014027268033464614	0.23080421790221567	0.24483148593568027
0.0011336336336336336	0.013804169058996825	0.23032378767068115	0.24412795672967796
0.001136136136136136	0.013580433725784597	0.22983975352265237	0.24342018724843698
0.0011386386386386387	0.013356008338740991	0.22935217511155653	0.24270818345029752
0.0011411411411411411	0.013130841147501474	0.22886110560459896	0.24199194675210045
0.0011436436436436436	0.012904872866601424	0.22836660052983548	0.2412714733964369
0.0011461461461461462	0.012678046889510792	0.22786871395020755	0.24054676083971835
0.0011486486486486486	0.012450299586588153	0.2273674990624525	0.23981779864904065
0.001151151151151151	0.012221569088439204	0.22686301393970013	0.23908458302813934
0.0011536536536536537	0.011991786201636219	0.22635530924893704	0.23834709545057325
0.0011561561561561561	0.01176088356856451	0.22584443967326262	0.23760532324182712
0.0011586586586586586	0.01152878602517573	0.2253304577702405	0.23685924379541623
0.0011611611611611612	0.011295418457428735	0.22481341680067388	0.2361088352581026
0.0011636636636636636	0.011060699630386505	0.2242933712760223	0.2353540709064088
0.001166166166166166	0.010824547692300237	0.2237703706797748	0.23459491837207502
0.0011686686686686687	0.010586873410467958	0.2232444712706563	0.23383134468112426
0.0011711711711711711	0.010347586331200555	0.22271572292332886	0.23306330925452942
0.0011736736736736738	0.01010658860051647	0.22218417559031095	0.23229076419082742
0.0011761761761761762	0.009863780118786237	0.2216498840929125	0.23151366421169875
0.0011786786786786786	0.009619054394839881	0.22111289525579858	0.23073194965063845
0.0011811811811811813	0.009372299875907982	0.22057326473553243	0.22994556461144042
0.0011836836836836837	0.009123398719921233	0.22003103947255803	0.22915443819247927
0.0011861861861861861	0.008872228172437921	0.21948627013648755	0.22835849830892546
0.0011886886886886888	0.008618657031469813	0.21893900745164244	0.22755766448311224
0.0011911911911911912	0.00836254860614992	0.21838929998275164	0.22675184858890157
0.0011936936936936936	0.008103758199861966	0.21783719807838767	0.22594095627824964
0.0011961961961961963	0.007842132717623837	0.21728274896662791	0.22512488168425177
0.0011986986986986987	0.0075775108145487565	0.21672600263700528	0.22430351345155403
0.0012012012012012011	0.007309721150208755	0.2161670061941884	0.22347672734439716
0.0012037037037037038	0.007038583881683951	0.21560580783267558	0.22264439171435954
0.0012062062062062062	0.006763906426671082	0.21504245465059607	0.22180636107726714
0.0012087087087087087	0.00648548667683479	0.21447699457391461	0.2209624812507494
0.0012112112112112113	0.006203108081308778	0.21390947431473817	0.22011258239604695
0.0012137137137137137	0.005916542141922707	0.21333993945452165	0.21925648159644437
0.0012162162162162162	0.00562554556314292	0.2127684365346648	0.21839398209780772
0.0012187187187187188	0.005329858544952754	0.21219501133584764	0.2175248698808004
0.0012212212212212212	0.005029205078042548	0.21161970912050526	0.21664891419854782
0.0012237237237237237	0.004723290196964544	0.21104257501734028	0.21576586521430483
0.0012262262262262263	0.004411799324805765	0.21046365370053838	0.21487545302534414
0.0012287287287287287	0.004094395425811428	0.20988298941546213	0.21397738484127354
0.0012312312312312312	0.0037707186645482447	0.20930062601133823	0.21307134467588648
0.0012337337337337338	0.003440382533057716	0.20871660725752994	0.21215698979058767
0.0012362362362362362	0.003102972692120698	0.20813097632713337	0.21123394901925407
0.0012387387387387387	0.0027580435325742355	0.20754377589846598	0.2103018194310402
0.0012412412412412413	0.002405115694810696	0.2069550487764666	0.20936016447127728
0.0012437437437437437	0.0020436728663603813	0.20636483693271157	0.20840850979907194
0.0012462462462462462	0.0016731573868094803	0.20577318196462166	0.20744633935143114
0.0012487487487487488	0.0012929668960452484	0.2051801254942943	0.20647309239033954
0.0012512512512512512	0.000902983818455558	0.2045857084496106	0.20548869226806615
0.0012537537537537537	0.0004865208474999915	0.20398997148471001	0.20447649233221002
0.0012562562562562563	0.00010384918089290282	0.20339295497732915	0.20349680415822205
0.0012587587587587587	0	0.20279469861633315	0.20279469861633315
0.0012612612612612612	0	0.20219524209977818	0.20219524209977818
0.0012637637637637638	0	0.20159462475990875	0.20159462475990875
0.0012662662662662662	0	0.20099288510350852	0.20099288510350852
0.0012687687687687687	0	0.2003900616854571	0.2003900616854571
0.0012712712712712713	0	0.19978619270849496	0.19978619270849496
0.0012737737737737737	0	0.1991813156176377	0.1991813156176377
0.0012762762762762762	0	0.19857546783497745	0.19857546783497745
0.0012787787787787788	0	0.19796868633041687	0.19796868633041687
0.0012812812812812813	0	0.1973610077812531	0.1973610077812531
0.0012837837837837837	0	0.19675246822055042	0.19675246822055042
0.0012862862862862863	0	0.19614310358450265	0.19614310358450265
0.0012887887887887888	0	0.19553294937675303	0.19553294937675303
0.0012912912912912912	0	0.19492204037951624	0.19492204037951624
0.0012937937937937938	0	0.19431041204207714	0.19431041204207714
0.0012962962962962963	0	0.19369809837017632	0.19369809837017632
0.001298798798798799	0	0.1930851331640738	0.1930851331640738
0.0013013013013013013	0	0.19247155027277854	0.19247155027277854
0.0013038038038038038	0	0.19185738237020847	0.19185738237020847
0.0013063063063063064	0	0.1912426634091667	0.1912426634091667
0.0013088088088088088	0	0.1906274256990537	0.1906274256990537
0.0013113113113113113	0	0.19001170119293592	0.19001170119293592
0.001313813813813814	0	0.18939552106220645	0.18939552106220645
0.0013163163163163163	0	0.18877891807721875	0.18877891807721875
0.0013188188188188188	0	0.1881619222873256	0.1881619222873256
0.0013213213213213214	0	0.18754456516913903	0.18754456516913903
0.0013238238238238238	0	0.18692687719182738	0.18692687719182738
0.0013263263263263263	0	0.18630888752244995	0.18630888752244995
0.001328828828828829	0	0.18569062587405094	0.18569062587405094
0.0013313313313313313	0	0.18507212387697114	0.18507212387697114
0.0013338338338338338	0	0.18445340783533534	0.18445340783533534
0.0013363363363363364	0	0.1838345073290208	0.1838345073290208
0.0013388388388388388	0	0.18321545065812886	0.18321545065812886
0.0013413413413413413	0	0.18259626537471949	0.18259626537471949
0.001343843843843844	0	0.18197698021299957	0.18197698021299957
0.0013463463463463464	0	0.18135762171538136	0.18135762171538136
0.0013488488488488488	0	0.18073821732106662	0.18073821732106662
0.0013513513513513514	0	0.1801187921723676	0.1801187921723676
0.0013538538538538539	0	0.17949937311334385	0.17949937311334385
0.0013563563563563563	0	0.17887998851758485	0.17887998851758485
0.001358858858858859	0	0.17826066076831182	0.17826066076831182
0.0013613613613613614	0	0.17764141574569756	0.17764141574569756
0.0013638638638638638	0	0.1770222802946604	0.1770222802946604
0.0013663663663663664	0	0.17640327727008784	0.17640327727008784
0.0013688688688688689	0	0.17578443186796822	0.17578443186796822
0.0013713713713713713	0	0.17516576695206862	0.17516576695206862
0.001373873873873874	0	0.17454730688251158	0.17454730688251158
0.0013763763763763764	0	0.17392907538672267	0.17392907538672267
0.0013788788788788788	0	0.17331109423287067	0.17331109423287067
0.0013813813813813814	0	0.17269338796525752	0.17269338796525752
0.0013838838838838839	0	0.17207597717679785	0.17207597717679785
0.0013863863863863863	0	0.17145888416806226	0.17145888416806226
0.001388888888888889	0	0.1708421328044796	0.1708421328044796
0.0013913913913913914	0	0.17022574192956758	0.17022574192956758
0.0013938938938938938	0	0.16960973411148647	0.16960973411148647
0.0013963963963963964	0	0.16899413009457215	0.16899413009457215
0.0013988988988988989	0	0.16837894906033263	0.16837894906033263
0.0014014014014014013	0	0.1677642137339331	0.1677642137339331
0.001403903903903904	0	0.1671499424659932	0.1671499424659932
0.0014064064064064064	0	0.1665361545471795	0.1665361545471795
0.0014089089089089088	0	0.16592287090285487	0.16592287090285487
0.0014114114114114115	0	0.16531010879407662	0.16531010879407662
0.0014139139139139139	0	0.1646978887549301	0.1646978887549301
0.0014164164164164163	0	0.16408622847862125	0.16408622847862125
0.001418918918918919	0	0.1634751451232297	0.1634751451232297
0.0014214214214214214	0	0.16286465943991923	0.16286465943991923
0.001423923923923924	0	0.16225478644808491	0.16225478644808491
0.0014264264264264265	0	0.16164554566904463	0.16164554566904463
0.0014289289289289289	0	0.1610369521638326	0.1610369521638326
0.0014314314314314315	0	0.1604290231910534	0.1604290231910534
0.001433933933933934	0	0.15982177751997942	0.15982177751997942
0.0014364364364364364	0	0.15921522950282085	0.15921522950282085
0.001438938938938939	0	0.15860939516533729	0.15860939516533729
0.0014414414414414415	0	0.1580042919797474	0.1580042919797474
0.001443943943943944	0	0.15739993340135575	0.15739993340135575
0.0014464464464464465	0	0.1567963358068123	0.1567963358068123
0.001448948948948949	0	0.15619351422079558	0.15619351422079558
0.0014514514514514514	0	0.15559148263242056	0.15559148263242056
0.001453953953953954	0	0.1549902582040841	0.1549902582040841
0.0014564564564564565	0	0.15438985240846423	0.15438985240846423
0.001458958958958959	0	0.15379028031941475	0.15379028031941475
0.0014614614614614615	0.0016545193764955907	0.1531915554985115	0.15484607487500707
0.001463963963963964	0.0037779349745492487	0.15259369172804899	0.15637162670259824
0.0014664664664664664	0.005763885818249707	0.15199670318082686	0.15776058899907658
0.001468968968968969	0.007685498684590112	0.15140060150639628	0.1590861001909864
0.0014714714714714715	0.009544879693844665	0.15080539962567735	0.160350279319522
0.001473973973973974	0.011346953734125394	0.150211111991517	0.16155806572564238
0.0014764764764764766	0.013096183425412272	0.1496177492235386	0.16271393264895087
0.001478978978978979	0.014796620573109286	0.14902532525305348	0.16382194582616277
0.0014814814814814814	0.0164519351864306	0.14843384985996058	0.16488578504639118
0.001483983983983984	0.01806548028470919	0.14784333571501737	0.16590881599972657
0.0014864864864864865	0.01964030997296118	0.14725379514497944	0.16689410511794062
0.001488988988988989	0.021179218773748686	0.1466652390172282	0.16784445779097687
0.0014914914914914916	0.022684772309928342	0.14607767741957126	0.1687624497294996
0.001493993993993994	0.02415931809691312	0.1454911233549829	0.16965044145189603
0.0014964964964964964	0.02560502101012904	0.1449055857812365	0.17051060679136554
0.001498998998998999	0.027023870962243127	0.14432107531859498	0.1713449462808381
0.0015015015015015015	0.028417705950537532	0.14373760320998444	0.17215530916052196
0.001504004004004004	0.02978822814151924	0.14315517884690757	0.1729434069884268
0.0015065065065065066	0.031137002639072372	0.14257381210429296	0.17371081474336533
0.001509009009009009	0.032465492806473976	0.14199351273237756	0.17445900553885155
0.0015115115115115114	0.03377504547299914	0.14141428978364842	0.17518933525664757
0.001514014014014014	0.035066917989914244	0.14083615411830705	0.1759030721082213
0.0015165165165165165	0.03634227811854601	0.14025911307197553	0.17660139119052154
0.001519019019019019	0.03760221330648447	0.1396831760120398	0.17728538931852428
0.0015215215215215216	0.03884773765999359	0.13910835262456653	0.1779560902845601
0.001524024024024024	0.040079801671290764	0.13853465004495036	0.17861445171624113
0.0015265265265265264	0.04129928278913888	0.13796207761317758	0.17926136040231647
0.001529029029029029	0.042507014002398216	0.13739064309490923	0.17989765709730743
0.0015315315315315315	0.043703768145030165	0.13682035449823565	0.1805241226432658
0.001534034034034034	0.04489026846220368	0.13625122037268914	0.1811414888348928
0.0015365365365365366	0.04606719698611839	0.13568324684022426	0.18175044382634264
0.001539039039039039	0.04723519086008681	0.13511644226348532	0.18235163312357214
0.0015415415415415416	0.04839484816620544	0.13455081508007533	0.18294566324628075
0.001544044044044044	0.04954673742517898	0.13398637040355493	0.18353310782873392
0.0015465465465465465	0.05069137877830118	0.13342311633134407	0.18411449510964525
0.0015490490490490492	0.05182927585317239	0.1328610592514265	0.18469033510459887
0.0015515515515515516	0.052960901344227145	0.13230020647628277	0.18526110782050992
0.001554054054054054	0.05408668599026184	0.131740564135186	0.18582725012544785
0.0015565565565565567	0.05520705408233481	0.13118213803258402	0.18638919211491883
0.001559059059059059	0.05632239680365226	0.13062493492647254	0.1869473317301248
0.0015615615615615615	0.057433080334351204	0.13006896114965885	0.18750204148401006
0.0015640640640640642	0.05853945520827401	0.12951422157518572	0.18805367678345974
0.0015665665665665666	0.05964185111733973	0.12896072255093505	0.18860257366827476
0.001569069069069069	0.06074057601077788	0.12840847033740335	0.18914904634818125
0.0015715715715715717	0.06183592488177073	0.12785746911447032	0.18969339399624105
0.001574074074074074	0.06292817431727576	0.12730772512605423	0.19023589944333
0.0015765765765765765	0.06401758338438081	0.12675924275453682	0.1907768261389176
0.0015790790790790792	0.06510440034253741	0.12621202762838854	0.19131642797092596
0.0015815815815815816	0.06618885692199061	0.12566608427494566	0.19185494119693627
0.001584084084084084	0.06727117358197442	0.12512141752239941	0.19239259110437384
0.0015865865865865867	0.0683515537253886	0.12457803203422314	0.19292958575961175
0.001589089089089089	0.06943020003110573	0.12403593240573962	0.19346613243684535
0.0015915915915915915	0.07050728860482243	0.12349512277378881	0.19400241137861124
0.0015940940940940942	0.07158299725625758	0.1229556066528649	0.19453860390912248
0.0015965965965965966	0.0726574913449995	0.12241739023353156	0.19507488157853106
0.001599099099099099	0.07373092093612395	0.12188047530570033	0.19561139624182428
0.0016016016016016017	0.0748034344269228	0.12134486665435222	0.196148301081275
0.001604104104104104	0.07587516297120972	0.12081056813232362	0.19668573110353332
0.0016066066066066065	0.07694624343361167	0.1202775829975036	0.19722382643111527
0.0016091091091091092	0.07801678812704975	0.11974591437235499	0.19776270249940475
0.0016116116116116116	0.07908691336126646	0.11921556670643652	0.19830248006770296
0.001614114114114114	0.0801567232781703	0.11868654202881256	0.19884326530698287
0.0016166166166166167	0.0812263173605863	0.11815884471874485	0.19938516207933116
0.0016191191191191191	0.08229578845457275	0.11763247658532952	0.19992826503990227
0.0016216216216216215	0.08336522106362101	0.11710744091627034	0.20047266197989136
0.0016241241241241242	0.08443469195031075	0.11658374164393792	0.20101843359424867
0.0016266266266266266	0.0855042809676136	0.11606138005624393	0.20156566102385753
0.001629129129129129	0.0865740552062248	0.11554035873666871	0.2021144139428935
0.0016316316316316317	0.08764407061734449	0.11502068172339244	0.20266475234073694
0.0016341341341341341	0.08871439020204976	0.11450234971241116	0.20321673991446093
0.0016366366366366365	0.08978507241256846	0.11398536536458315	0.2037704377771516
0.0016391391391391392	0.0908561526071684	0.11346973198613895	0.20432588459330736
0.0016416416416416416	0.09192768283808578	0.11295545051111473	0.2048831333492005
0.001644144144144144	0.09299969504226865	0.11244252277769683	0.20544221781996547
0.0016466466466466467	0.09407223447693368	0.11193095223477104	0.2060031867117047
0.0016491491491491491	0.09514532234788191	0.11142073881052672	0.20656606115840864
0.0016516516516516516	0.09621898762292753	0.11091188588927983	0.20713087351220738
0.0016541541541541542	0.09729325022037195	0.1104043938668519	0.20769764408722385
0.0016566566566566566	0.09836813286832131	0.10989826412420489	0.2082663969925262
0.001659159159159159	0.09944364990965346	0.10939349990947984	0.20883714981913332
0.0016616616616616617	0.10051981890456395	0.10889010083852955	0.2094099197430935
0.0016641641641641641	0.10159662974850359	0.1083880688334559	0.2099846985819595
0.0016666666666666668	0.10267410137044523	0.10788740468315798	0.21056150605360321
0.0016691691691691692	0.10375223716632263	0.10738811079329519	0.21114034795961784
0.0016716716716716716	0.10483102494621402	0.10689018661806834	0.21172121156428236
0.0016741741741741743	0.10591046910909825	0.10639363400660833	0.21230410311570658
0.0016766766766766767	0.1069905627859168	0.10589845305144541	0.2128890158373622
0.0016791791791791791	0.10807128516660473	0.10540464605825917	0.2134759312248639
0.0016816816816816818	0.10915263070268771	0.10491221279827162	0.21406484350095933
0.0016841841841841842	0.11023458759751861	0.10442115474931854	0.21465574234683715
0.0016866866866866866	0.11131712932724089	0.1039314688609265	0.21524859818816738
0.0016891891891891893	0.11240023951045615	0.1034431639114086	0.21584340342186475
0.0016916916916916917	0.1134838925300241	0.10295623156756645	0.21644012409759056
0.0016941941941941941	0.11456805942647282	0.10247067341504677	0.2170387328415196
0.0016966966966966968	0.11565271901309099	0.1019864967977877	0.2176392158108787
0.0016991991991991992	0.11673784065087656	0.1015036970347192	0.21824153768559576
0.0017017017017017016	0.1178233832814669	0.10102226925111972	0.21884565253258662
0.0017042042042042043	0.11890932246455628	0.10054222400498229	0.21945154646953857
0.0017067067067067067	0.11999561068707346	0.10006355480572722	0.2200591654928007
0.0017092092092092091	0.12108221434478583	0.09958626348154805	0.22066847782633386
0.0017117117117117118	0.12216909467449806	0.09911034944977205	0.2212794441242701
0.0017142142142142142	0.12325620516269697	0.09863581181452723	0.22189201697722422
0.0017167167167167166	0.12434349843320125	0.09816265029081252	0.22250614872401375
0.0017192192192192193	0.12543094226524093	0.09769086708068783	0.22312180934592876
0.0017217217217217217	0.12651846784897447	0.09722045919259704	0.2237389270415715
0.0017242242242242242	0.12760603620018857	0.09675142796385822	0.22435746416404678
0.0017267267267267268	0.12869359188196006	0.09628377559004742	0.22497736747200747
0.0017292292292292292	0.12978107721668122	0.09581749851947051	0.22559857573615172
0.0017317317317317317	0.13086844814541754	0.09535259049720515	0.2262210386426227
0.0017342342342342343	0.1319556476114647	0.09488906177625453	0.22684470938771922
0.0017367367367367367	0.1330426027415174	0.09442690718134673	0.22746950992286413
0.0017392392392392392	0.13412926371226647	0.09396612405761584	0.2280953877698823
0.0017417417417417418	0.13521557605448703	0.09350671378282982	0.22872228983731685
0.0017442442442442442	0.13630146017365333	0.0930486761252372	0.22935013629889053
0.0017467467467467467	0.13738686530168057	0.09259200671780204	0.2299788720194826
0.0017492492492492493	0.1384717137045897	0.09213670872953608	0.23060842243412577
0.0017517517517517517	0.13955595458931225	0.0916827808741907	0.23123873546350293
0.0017542542542542542	0.1406395142743672	0.09123021894773328	0.23186973322210047
0.0017567567567567568	0.1417223124333171	0.09077902675084888	0.232501339184166
0.0017592592592592592	0.14280429776741715	0.09032920064605394	0.23313349841347109
0.0017617617617617617	0.14388539140271533	0.08988073749601523	0.23376612889873055
0.0017642642642642643	0.14496550953691417	0.08943364190619943	0.2343991514431136
0.0017667667667667667	0.14604459542606782	0.08898790464896503	0.23503250007503285
0.0017692692692692692	0.14712255958017953	0.08854353203226988	0.2356660916124494
0.0017717717717717718	0.14819933733395446	0.08810052029858824	0.2362998576325427
0.0017742742742742742	0.1492748472798825	0.08765886809604592	0.23693371537592842
0.0017767767767767767	0.15034901550342983	0.08721857129131604	0.23756758679474588
0.0017792792792792793	0.15142175907077066	0.08677963639103148	0.23820139546180213
0.0017817817817817817	0.1524930013089376	0.08634205298054501	0.2388350542894826
0.0017842842842842842	0.15356266651292583	0.08590582266096644	0.23946848917389227
0.0017867867867867868	0.1546306709618764	0.08547094875265006	0.24010161971452648
0.0017892892892892893	0.15569693470017312	0.08503742355674368	0.2407343582569168
0.001791791791791792	0.15676136577275385	0.08460524910801388	0.24136661488076772
0.0017942942942942943	0.1578239010156087	0.08417442179804613	0.24199832281365483
0.0017967967967967968	0.1588844359710327	0.08374494207655239	0.24262937804758508
0.0017992992992992994	0.15994290281349724	0.0833168064024836	0.24325970921598083
0.0018018018018018018	0.1609992039667562	0.08289001514353436	0.24388921911029057
0.0018043043043043043	0.16205326182156465	0.08246456537685123	0.2445178271984159
0.001806806806806807	0.1631049951798097	0.08204045500124701	0.2451454501810567
0.0018093093093093093	0.16415430575016252	0.0816176837586659	0.24577198950882842
0.0018118118118118118	0.16520111727995485	0.08119624893268983	0.2463973662126447
0.0018143143143143144	0.16624533669645772	0.08077614708300473	0.24702148377946245
0.0018168168168168168	0.16728688428902727	0.08035738368265008	0.24764426797167735
0.0018193193193193193	0.16832567089627964	0.07993994565522122	0.24826561655150087
0.001821821821821822	0.16936159422667801	0.07952384373611025	0.24888543796278828
0.0018243243243243243	0.1703945881845236	0.0791090628543448	0.2495036510388684
0.0018268268268268268	0.17142454753975997	0.07869561435000971	0.2501201618897697
0.0018293293293293294	0.17245139335782578	0.07828348472713711	0.25073487808496286
0.0018318318318318318	0.17347503399121317	0.07787267845676352	0.2513477124479767
0.0018343343343343343	0.17449537815221355	0.07746319394680985	0.2519585720990234
0.001836836836836837	0.17551233876933103	0.07705502829993412	0.25256736706926514
0.0018393393393393393	0.17652582359687993	0.07664817403169655	0.2531739976285765
0.0018418418418418418	0.17753575556652793	0.0762426390627916	0.2537783946293195
0.0018443443443443444	0.1785420330400194	0.07583841383487801	0.2543804468748974
0.0018468468468468468	0.17954457105922803	0.07543549977066039	0.2549800708298884
0.0018493493493493493	0.1805432782608436	0.0750338942907842	0.2555771725516278
0.001851851851851852	0.18153806335532652	0.07463359197786491	0.2561716553331914
0.0018543543543543544	0.18252885000596408	0.07423459459979112	0.2567634446057552
0.0018568568568568568	0.18351553648615432	0.07383690206633066	0.25735243855248496
0.0018593593593593594	0.18449804025621658	0.07344050542172721	0.2579385456779438
0.0018618618618618619	0.1854762698366132	0.07304540768167034	0.25852167751828353
0.0018643643643643643	0.18645013689122703	0.07265160356976265	0.25910174046098966
0.001866866866866867	0.18741955534455954	0.07225909624249574	0.2596786515870553
0.0018693693693693694	0.18838443552914225	0.07186787677064761	0.26025231229978985
0.0018718718718718718	0.18934469621869315	0.0714779487803596	0.2608226449990527
0.0018743743743743744	0.19030024109143956	0.07108930377547593	0.26138954486691546
0.0018768768768768769	0.19125098463698534	0.07070194567438193	0.26195293031136724
0.0018793793793793793	0.19219685115424986	0.070315867837457	0.26251271899170686
0.001881881881881882	0.19313773856080332	0.06993107203270807	0.2630688105935114
0.0018843843843843844	0.1940735733969165	0.06954754957627063	0.2636211229731871
0.0018868868868868868	0.19500426960434106	0.06916530522546532	0.2641695748298064
0.0018893893893893894	0.1959297326744029	0.0687843325851483	0.2647140652595512
0.0018918918918918919	0.19684988901823175	0.0684046299639537	0.26525451898218544
0.0018943943943943943	0.197764649173997	0.06802619519863902	0.265790844372636
0.001896896896896897	0.19867393777660297	0.06764902655923004	0.266322964335833
0.0018993993993993994	0.19957765873384445	0.06727312096962129	0.2668507797034657
0.0019019019019019018	0.20047574722214254	0.06689847637646094	0.26737422359860347
0.0019044044044044044	0.2013681072066442	0.06652508981689322	0.2678931970235374
0.0019069069069069069	0.20225466160140632	0.06615295911596754	0.26840762071737384
0.0019094094094094093	0.20313533859617425	0.06578208182057584	0.2689174204167501
0.001911911911911912	0.20401004802864067	0.06541245310383906	0.26942250113247973
0.0019144144144144144	0.20487871219115353	0.06504408006967011	0.2699227922608236
0.001916916916916917	0.20574127673658016	0.06467694586303317	0.27041822259961334
0.0019194194194194195	0.20659762976296048	0.0643110580981895	0.27090868786114997
0.0019219219219219219	0.20744771573622228	0.0639464128136391	0.2713941285498614
0.0019244244244244245	0.2082914522264045	0.06358300093272388	0.2718744531591284
0.001926926926926927	0.20912877577197883	0.06322082767475813	0.272349603446737
0.0019294294294294294	0.20995959405584244	0.062859890565917	0.2728194846217594
0.001931931931931932	0.21078385107376169	0.0625001822040393	0.273284033277801
0.0019344344344344345	0.21160146939267524	0.062141701086314845	0.2737431704789901
0.0019369369369369369	0.21241237593137557	0.06178444647625967	0.27419682240763527
0.0019394394394394395	0.2132165009613991	0.061428412716499736	0.27464491367789884
0.001941941941941942	0.21401377897668314	0.061073602190545834	0.275087381167229
0.0019444444444444444	0.2148041351433058	0.060720011087861556	0.27552414623116733
0.001946946946946947	0.21558750320205478	0.06036763052876686	0.27595513373082164
0.0019494494494494495	0.21636382844238755	0.06001646607427568	0.27638029451666324
0.001951951951951952	0.21713302908784415	0.059666508880858844	0.276799537968703
0.0019544544544544545	0.21789505860223762	0.059317759936709284	0.2772128185389469
0.001956956956956957	0.21864983976366478	0.05897021628247526	0.27762005604614004
0.0019594594594594594	0.21939731391729297	0.05862387518425422	0.2780211891015472
0.001961961961961962	0.2201374267474103	0.05827872813802679	0.2784161548854371
0.0019644644644644643	0.22087010218388	0.057934780886423155	0.27880488307030316
0.001966966966966967	0.22159530615325815	0.05759202807184638	0.27918733422510456
0.0019694694694694695	0.22231295473332519	0.05725046687704586	0.27956342161037107
0.001971971971971972	0.22302301517605663	0.05691009035520577	0.2799331055312624
0.0019744744744744744	0.22372541995371406	0.05657090214143967	0.28029632209515376
0.001976976976976977	0.22442010818159208	0.0562328908198366	0.2806529990014287
0.0019794794794794797	0.2251070400106656	0.055896063028611456	0.28100310303927706
0.001981981981981982	0.22578615591442824	0.055560413865621994	0.28134656978005024
0.0019844844844844845	0.22645740810216766	0.055225934365412545	0.2816833424675802
0.001986986986986987	0.22712075150873642	0.05489262861001704	0.2820133801187535
0.0019894894894894894	0.227776127817531	0.05456048959754141	0.28233661741507243
0.001991991991991992	0.2284234903965201	0.05422951653823055	0.28265300693475065
0.0019944944944944947	0.22906281110522905	0.05389970707754433	0.2829625181827734
0.001996996996996997	0.22969401854060226	0.05357105555795174	0.283265074098554
0.0019994994994994996	0.23031708918633595	0.05324355825391256	0.2835606474402485
0.002002002002002002	0.23093197593229886	0.0529172176802309	0.28384919361252975
0.0020045045045045044	0.23153863445435063	0.05259202637117483	0.28413066082552546
0.002007007007007007	0.23213701934186712	0.05226798442162876	0.28440500376349587
0.0020095095095095097	0.23272711171911675	0.05194508378419991	0.2846721955033167
0.002012012012012012	0.23330886164393388	0.051623325166451565	0.28493218681038546
0.0020145145145145146	0.23388222796034863	0.051302707303339926	0.28518493526368854
0.002017017017017017	0.23444718358019387	0.050983224395702645	0.2854304079758965
0.0020195195195195194	0.2350036997357633	0.0506648720936849	0.2856685718294482
0.002022022022022022	0.23555173662435558	0.05034764886873706	0.28589938549309263
0.0020245245245245247	0.2360912603330873	0.05003155291247026	0.28612281324555755
0.002027027027027027	0.2366222443936468	0.04971658002267813	0.2863388244163249
0.0020295295295295296	0.23714467377628046	0.04940272631947765	0.2865474000957581
0.002032032032032032	0.23765850735268432	0.04908998763038073	0.28674849498306504
0.0020345345345345344	0.23816371966284652	0.048778362985971345	0.2869420826488179
0.002037037037037037	0.23866029387406607	0.04846785234124695	0.287128146215313
0.0020395395395395397	0.23914819388018868	0.04815844216712116	0.2873066360473098
0.002042042042042042	0.23962741657148712	0.0478501396567642	0.28747755622825133
0.0020445445445445446	0.24009792489496173	0.047542935406937555	0.2876408603018993
0.002047047047047047	0.24055970930434162	0.04723683060864282	0.28779653991298443
0.0020495495495495494	0.24101275026315774	0.04693181772302691	0.2879445679861847
0.002052052052052052	0.24145702945158048	0.04662789553377394	0.28808492498535443
0.0020545545545545547	0.24189253309020906	0.04632505888054694	0.288217591970756
0.002057057057057057	0.24231924629073257	0.046023307691716135	0.2883425539824487
0.0020595595595595596	0.24273715786303413	0.045722634815378076	0.2884597926784122
0.002062062062062062	0.24314624784809602	0.045423038638766004	0.28856928648686203
0.0020645645645645644	0.2435465143518022	0.04512451504791907	0.2886710293997213
0.002067067067067067	0.24393795536368099	0.04482706273336331	0.2887650180970443
0.0020695695695695697	0.24432055776533124	0.044530674545217704	0.28885123231054893
0.002072072072072072	0.24469429765569756	0.044235347062416254	0.28892964471811383
0.0020745745745745746	0.24505919547654087	0.04394108083899612	0.289000276315537
0.002077077077077077	0.24541523163566029	0.04364786962794081	0.2890631012636011
0.0020795795795795794	0.2457624064874941	0.04335570638251674	0.2891181128700108
0.002082082082082082	0.24610072755945323	0.043064592856208624	0.28916532041566184
0.0020845845845845847	0.24643018565179334	0.04277452320566049	0.2892047088574538
0.002087087087087087	0.24675078208894397	0.04248549506799875	0.2892362771569427
0.0020895895895895896	0.24706252147933538	0.042197498172767224	0.28926001965210263
0.002092092092092092	0.24736540213009245	0.04191053761887536	0.2892759397489678
0.0020945945945945945	0.24765943534017223	0.04162460459152074	0.289284039931693
0.0020970970970970973	0.2479446310559836	0.04133969312922135	0.28928432418520494
0.0020995995995995997	0.24822098281657845	0.04105580446742547	0.2892767872840039
0.002102102102102102	0.24848849902276524	0.04077293235893953	0.2892614313817048
0.0021046046046046046	0.24874720789343052	0.04049107362541031	0.28923828151884085
0.002107107107107107	0.2489970939685907	0.040210217295897285	0.289207311264488
0.0021096096096096095	0.24923819726784402	0.039930369526203505	0.2891685667940475
0.0021121121121121123	0.24947050460409229	0.03965152261078096	0.28912202721487323
0.0021146146146146147	0.2496940419831403	0.03937366679155598	0.2890677087746963
0.002117117117117117	0.24990882109100637	0.03909680313408425	0.28900562422509063
0.0021196196196196196	0.25011486459222726	0.03882092886917434	0.2889357934614016
0.002122122122122122	0.25031218288402973	0.03854603628864152	0.28885821917267124
0.0021246246246246245	0.25050079479888243	0.038272117982731745	0.28877291278161415
0.0021271271271271273	0.25068071921185514	0.03799917583504918	0.28867989504690433
0.0021296296296296298	0.2508519798346802	0.03772720390663086	0.2885791837413111
0.002132132132132132	0.2510145924343223	0.03745619144544246	0.28847078387976477
0.0021346346346346346	0.2511685865281596	0.03718614218435703	0.2883547287125166
0.002137137137137137	0.25131397852983867	0.036917047543184575	0.28823102607302326
0.0021396396396396395	0.25145079666594633	0.036648899535177686	0.288099696201124
0.0021421421421421423	0.25157906461870855	0.036381699596997	0.28796076421570554
0.0021446446446446448	0.2516988086243931	0.03611543932726816	0.2878142479516613
0.002147147147147147	0.25181005847654875	0.035850113612867135	0.28766017208941586
0.0021496496496496496	0.2519128383144143	0.035585716615784316	0.2874985549301986
0.002152152152152152	0.25200718011426815	0.035322245753462864	0.287329425867731
0.0021546546546546545	0.2520931129661765	0.035059694701378215	0.2871528076675547
0.0021571571571571573	0.2521706667252667	0.03479805782960481	0.28696872455487155
0.0021596596596596598	0.25223987565559286	0.03453732967217124	0.2867772053277641
0.002162162162162162	0.2523007694979221	0.03427750421878854	0.28657827371671063
0.0021646646646646646	0.25235338508548166	0.03401857762712368	0.28637196271260534
0.002167167167167167	0.25239775449817375	0.03376054503629102	0.28615829953446476
0.0021696696696696695	0.2524339128804948	0.033503395441148755	0.2859373083216436
0.0021721721721721723	0.2524618965470666	0.033247130264146524	0.28570902681121313
0.0021746746746746748	0.2524817421641195	0.032991739657321606	0.2854734818214411
0.002177177177177177	0.25249348982002995	0.03273721636216847	0.2852307061821984
0.0021796796796796796	0.2524971746557973	0.03248355750179455	0.28498073215759184
0.002182182182182182	0.25249283669324124	0.03223075677091791	0.28472359346415915
0.0021846846846846845	0.25248051683111433	0.031978804574211026	0.28445932140532537
0.0021871871871871874	0.25246025477881706	0.03172769774641679	0.2841879525252339
0.0021896896896896898	0.25243209208532735	0.03147742885324427	0.28390952093857164
0.002192192192192192	0.2523960696738987	0.031227991122422374	0.2836240607963211
0.0021946946946946946	0.2523522342546224	0.030979379524163804	0.2833316137787862
0.002197197197197197	0.25230062539106457	0.03073158325161888	0.28303220864268347
0.0021996996996996995	0.25224128681647234	0.03048459974002292	0.2827258865564953
0.0022022022022022024	0.2521742662682164	0.030238421565793303	0.2824126878340097
0.002204704704704705	0.25209960601837716	0.029993037510916937	0.2820926435292941
0.002207207207207207	0.25201735508947254	0.029748445260557668	0.2817658003500302
0.0022097097097097096	0.2519275566725841	0.029504635530903243	0.28143219220348736
0.002212212212212212	0.25183026023949184	0.02926159920210583	0.28109185944159765
0.0022147147147147145	0.25172551321325576	0.02901933028501991	0.28074484349827566
0.0022172172172172174	0.2516133621131896	0.028777821417993663	0.28039118353118325
0.00221971971971972	0.25149385799222296	0.02853706228810076	0.2800309202803237
0.0022222222222222222	0.25136704891050987	0.02829704887716539	0.27966409778767526
0.0022247247247247246	0.251232984794896	0.02805776757010045	0.27929075236499645
0.002227227227227227	0.25109171587100043	0.027819215084031772	0.2789109309550322
0.00222972972972973	0.25094329174916913	0.027581379729996948	0.2785246714791661
0.0022322322322322324	0.2507877669622096	0.027344254634201086	0.2781320215964107
0.002234734734734735	0.2506251887139279	0.027107827610249133	0.2777330163241771
0.0022372372372372372	0.25045561325700694	0.026872093084105354	0.2773277063411123
0.0022397397397397397	0.2502790907667283	0.026637039391516945	0.27691613015824523
0.002242242242242242	0.2500956743141773	0.02640266042785768	0.27649833474203495
0.002244744744744745	0.24990541833813967	0.0261689409425201	0.27607435928065976
0.0022472472472472474	0.24970837329256515	0.025935876306976514	0.27564424959954165
0.00224974974974975	0.24950459848366524	0.025703454194092853	0.2752080526777581
0.0022522522522522522	0.24929414448838752	0.025471663160191792	0.27476580764857933
0.0022547547547547547	0.2490770660080989	0.02524049450756506	0.27431756051566397
0.002257257257257257	0.24885342027421348	0.025009935885884422	0.2738633561600979
0.00225975975975976	0.24862326046508051	0.024779977542872995	0.2734032380079535
0.0022622622622622624	0.24838664317803427	0.02455060961776125	0.2729372527957955
0.002264764764764765	0.24814362319112931	0.02432181494824655	0.27246543813937585
0.0022672672672672672	0.2478942604356213	0.024093588453685037	0.2719878488893063
0.0022697697697697697	0.24763860680619196	0.023865913204526943	0.2715045200107189
0.002272272272272272	0.24737672012045092	0.023638778600919196	0.2710154987213701
0.002274774774774775	0.2471086588751529	0.023412173635676277	0.2705208325108292
0.0022772772772772774	0.24683447805343509	0.023186081259618786	0.27002055931305385
0.00227977977977978	0.24655423723723996	0.022960492572687924	0.26951472980992786
0.0022822822822822822	0.24626799216241466	0.022735390132030634	0.2690033822944453
0.0022847847847847847	0.24597579942999545	0.022510762907148787	0.26848656233714424
0.002287287287287287	0.24567771981347963	0.02228659394808909	0.2679643137615687
0.00228978978978979	0.24537380882883103	0.02206287068462972	0.26743667951346073
0.0022922922922922924	0.24506412615086345	0.021839577987136788	0.26690370413800024
0.002294794794794795	0.24474872819933075	0.021616697795962182	0.26636542599529295
0.0022972972972972973	0.24442767615820274	0.021394217238848965	0.2658218933970517
0.0022997997997997997	0.24410102564761196	0.02117211802984976	0.26527314367746174
0.002302302302302302	0.24376883543279407	0.02095038467915474	0.2647192201119488
0.002304804804804805	0.24343116449409674	0.02072900002136193	0.26416016451545865
0.0023073073073073074	0.24308807114973824	0.020507944258420806	0.263596015408159
0.00230980980980981	0.24273961663710927	0.020287201122404494	0.26302681775951375
0.0023123123123123123	0.24238585613760838	0.020066751635046853	0.2624526077726552
0.0023148148148148147	0.24202685082982275	0.019846577062231988	0.26187342789205476
0.002317317317317317	0.24166265780112606	0.01962665513122174	0.2612893129323478
0.00231981981981982	0.24129333544702164	0.019406969043321325	0.260700304490343
0.0023223223223223224	0.24091894592721808	0.01918749405939471	0.26010643998661276
0.002324824824824825	0.24053954354694407	0.018968212111052034	0.2595077556579961
0.0023273273273273273	0.2401551897260463	0.018749099235331215	0.2589042889613775
0.0023298298298298297	0.2397659430277025	0.01853013125691656	0.25829607428461904
0.002332332332332332	0.2393718596851743	0.01831128621691454	0.25768314590208885
0.002334834834834835	0.2389730027462772	0.018092538997996552	0.25706554174427376
0.0023373373373373374	0.23856942600677553	0.017873866332272163	0.25644329233904767
0.00233983983983984	0.2381611923780055	0.01765523818448996	0.2558164305624955
0.0023423423423423423	0.23774835604881675	0.017436631370377598	0.2551849874191944
0.0023448448448448447	0.23733097768526437	0.017218016020968122	0.2545489937062325
0.0023473473473473476	0.23690911535704715	0.016999365357359707	0.25390848071440686
0.00234984984984985	0.2364828252328659	0.01678064838398909	0.253263473616855
0.0023523523523523524	0.23605216881057645	0.016561834856969115	0.25261400366754555
0.002354854854854855	0.2356172023079725	0.016342892497552133	0.2519600948055246
0.0023573573573573573	0.23517798090360253	0.01612378989567274	0.2513017707992753
0.0023598598598598597	0.2347345660176886	0.01590449218814094	0.25063905820582955
0.0023623623623623626	0.23428701142515443	0.015684964370534675	0.2499719757956891
0.002364864864864865	0.23383537814546876	0.015465169765791867	0.24930054791126063
0.0023673673673673674	0.2333797196641184	0.01524507155170191	0.24862479121582032
0.00236986986986987	0.23292009653910395	0.015024629906042275	0.24794472644514623
0.0023723723723723723	0.23245656291348737	0.014803804156484766	0.24726036706997215
0.0023748748748748747	0.23198917503593589	0.014582552150862243	0.24657172718679812
0.0023773773773773776	0.23151799158330105	0.01436083079661157	0.24587882237991263
0.00237987987987988	0.23104306533788568	0.014138594034858025	0.24518165937274372
0.0023823823823823824	0.23056445636412506	0.013915794656910757	0.24448025102103582
0.002384884884884885	0.23008221716389032	0.013692384640261214	0.24377460180415153
0.0023873873873873873	0.22959640508758483	0.013468310383212988	0.24306471547079783
0.0023898898898898897	0.22910707421648016	0.013243521070041895	0.24235059528652206
0.0023923923923923926	0.22861427874345608	0.01301796046695078	0.24163223921040686
0.002394894894894895	0.22811807608212104	0.012791571297940875	0.2409096473800619
0.0023973973973973974	0.22761851913548065	0.012564292025418172	0.24018281116089882
0.0023998998998999	0.2271156628467354	0.012336061364508854	0.23945172421124425
0.0024024024024024023	0.22660956068374488	0.01210681349422181	0.2387163741779667
0.0024049049049049047	0.22610026482940873	0.011876479561565642	0.23797674439097438
0.0024074074074074076	0.2255878337651084	0.011644988626924153	0.23723282239203256
0.00240990990990991	0.22507231492667723	0.011412266060896447	0.2364845809875737
0.0024124124124124124	0.2245537664131173	0.011178233037735958	0.23573199945085327
0.002414914914914915	0.22403223765574257	0.010942808103299602	0.23497504575904216
0.0024174174174174173	0.22350778100551572	0.010705906535378475	0.2342136875408942
0.0024199199199199197	0.22298045005362727	0.010467437543998627	0.23344788759762589
0.0024224224224224226	0.22245029462917223	0.010227307471681242	0.23267760210085348
0.002424924924924925	0.2219173695507332	0.00998541703953655	0.23190278659026975
0.0024274274274274274	0.2213817234732724	0.00974166392042314	0.23112338739369553
0.00242992992992993	0.22084340728024224	0.009495937741113498	0.23033934502135572
0.0024324324324324323	0.22030247233832403	0.009248125289735698	0.22955059762805974
0.0024349349349349347	0.2197589687966376	0.008998105177159028	0.2287570739737966
0.0024374374374374376	0.21921294738090397	0.008745751150937543	0.2279586985318415
0.00243993993993994	0.2186644561170306	0.008490928816455802	0.2271553849334864
0.0024424424424424425	0.21811354523366966	0.00823349813514012	0.22634704336880979
0.002444944944944945	0.21756026379194718	0.007973309412873726	0.2255335732048209
0.0024474474474474473	0.21700466026527984	0.007710206870683131	0.22471486713596298
0.0024499499499499497	0.21644678275929108	0.007444022800344104	0.22389080555963517
0.0024524524524524526	0.21588667926134536	0.007174582675881984	0.22306126193722733
0.002454954954954955	0.21532439821606164	0.006901700165009799	0.22222609838107144
0.0024574574574574575	0.2147599858831181	0.006625177672693398	0.2213851635558115
0.00245995995995996	0.21419348947188743	0.0063448064123770775	0.22053829588426452
0.0024624624624624623	0.21362495574104057	0.006060363532867155	0.21968531927390772
0.0024649649649649647	0.21305443111461123	0.005771613667951136	0.21882604478256237
0.0024674674674674676	0.21248196133767747	0.005478305141688542	0.217960266479366
0.00246996996996997	0.2119075920405954	0.005180170577282168	0.21708776261787757
0.0024724724724724725	0.21133136834738664	0.004876924169540575	0.21620829251692722
0.002474974974974975	0.2107533349850384	0.004568262035519038	0.21532159702055745
0.0024774774774774773	0.2101735366806984	0.004253857938017013	0.21442739461871543
0.00247997997997998	0.20959201727223467	0.003933364247891636	0.21352538152012632
0.0024824824824824826	0.20900882091384027	0.0036064079599176357	0.2126152288737579
0.002484984984984985	0.20842399062062167	0.003272588642575511	0.21169657926319718
0.0024874874874874875	0.2078375696331728	0.002931477064162795	0.2107690466973356
0.00248998998998999	0.207249600675717	0.0025826107909352625	0.20983221146665226
0.0024924924924924923	0.20666012578029316	0.002225492609708159	0.20888561839000133
0.002494994994994995	0.20606918718639147	0.0018595860205124592	0.20792877320690392
0.0024974974974974976	0.2054768263702837	0.0014843114668470635	0.20696113783713077
0.0025	0.20488308449695125	0.0010997884371822361	0.20598287293413348