0.	0.23705579064208668	0	0.23705579064208668
2.5025025025025024e-6	0.23667943728775462	0	0.23667943728775462
5.005005005005005e-6	0.236301572065747	0	0.236301572065747
7.507507507507507e-6	0.23592219421463773	0	0.23592219421463773
0.00001001001001001001	0.2355413304555228	0	0.2355413304555228
0.000012512512512512513	0.2351590038766983	0	0.2351590038766983
0.000015015015015015015	0.23477523733159933	0	0.23477523733159933
0.000017517517517517516	0.23439005380812547	0	0.23439005380812547
0.00002002002002002002	0.2340034762255062	0	0.2340034762255062
0.000022522522522522523	0.23361552723871903	0	0.23361552723871903
0.000025025025025025026	0.23322622928763276	0	0.23322622928763276
0.000027527527527527526	0.23283560518106333	0	0.23283560518106333
0.00003003003003003003	0.23244367723438367	0	0.23244367723438367
0.00003253253253253253	0.23205046782158545	0	0.23205046782158545
0.00003503503503503503	0.2316559991744503	0	0.2316559991744503
0.000037537537537537536	0.23126029340489956	0	0.23126029340489956
0.00004004004004004004	0.23086337267272816	0	0.23086337267272816
0.00004254254254254254	0.23046525897753276	0	0.23046525897753276
0.000045045045045045046	0.2300659740119856	0	0.2300659740119856
0.00004754754754754755	0.22966553948514518	0	0.22966553948514518
0.00005005005005005005	0.22926397726845804	0	0.22926397726845804
0.000052552552552552556	0.22886130883218483	0	0.22886130883218483
0.00005505505505505505	0.22845755550884095	0	0.22845755550884095
0.000057557557557557555	0.22805273884806915	0	0.22805273884806915
0.00006006006006006006	0.22764687928881208	0	0.22764687928881208
0.00006256256256256256	0.22723999996666447	0	0.22723999996666447
0.00006506506506506506	0.22683211907461684	0	0.22683211907461684
0.00006756756756756757	0.22642325939769226	0	0.22642325939769226
0.00007007007007007007	0.22601344245452543	0	0.22601344245452543
0.00007257257257257258	0.22560268632163752	0	0.22560268632163752
0.00007507507507507507	0.2251910144187485	0	0.2251910144187485
0.00007757757757757758	0.2247784444363597	0	0.2247784444363597
0.00008008008008008008	0.22436499854992603	0	0.22436499854992603
0.00008258258258258259	0.2239506968251884	0	0.2239506968251884
0.00008508508508508508	0.22353555896687496	0	0.22353555896687496
0.00008758758758758758	0.22311960587170968	0	0.22311960587170968
0.00009009009009009009	0.22270285559181227	0	0.22270285559181227
0.00009259259259259259	0.2222853296662316	0	0.2222853296662316
0.0000950950950950951	0.22186704770082533	0	0.22186704770082533
0.0000975975975975976	0.22144802762283414	0	0.22144802762283414
0.0001001001001001001	0.22102829071662003	0	0.22102829071662003
0.0001026026026026026	0.22060785512303283	0	0.22060785512303283
0.00010510510510510511	0.22018674140724517	0	0.22018674140724517
0.00010760760760760761	0.21976496671882956	0	0.21976496671882956
0.0001101101101101101	0.21934255094358973	0	0.21934255094358973
0.00011261261261261261	0.2189195134080852	0	0.2189195134080852
0.00011511511511511511	0.21849587247188595	0	0.21849587247188595
0.00011761761761761762	0.21807164744884416	0	0.21807164744884416
0.00012012012012012012	0.21764685456334049	0	0.21764685456334049
0.00012262262262262261	0.21722151475072737	0	0.21722151475072737
0.00012512512512512512	0.21679564553024547	0	0.21679564553024547
0.00012762762762762763	0.21636926395748138	0	0.21636926395748138
0.00013013013013013012	0.2159423891269881	0	0.2159423891269881
0.00013263263263263263	0.21551503924915646	0	0.21551503924915646
0.00013513513513513514	0.21508723174766048	0	0.21508723174766048
0.00013763763763763765	0.21465898272625977	0	0.21465898272625977
0.00014014014014014013	0.21423031264543657	0	0.21423031264543657
0.00014264264264264264	0.21380123661229575	0	0.21380123661229575
0.00014514514514514515	0.21337177269683857	0	0.21337177269683857
0.00014764764764764766	0.21294193836792447	0	0.21294193836792447
0.00015015015015015014	0.21251175045801063	0	0.21251175045801063
0.00015265265265265265	0.21208122565615956	0	0.21208122565615956
0.00015515515515515516	0.2116503811791258	0	0.2116503811791258
0.00015765765765765765	0.21121923330735617	0	0.21121923330735617
0.00016016016016016016	0.21078779965682765	0	0.21078779965682765
0.00016266266266266267	0.2103560954145322	0	0.2103560954145322
0.00016516516516516518	0.2099241370232024	0	0.2099241370232024
0.00016766766766766766	0.20949194174245916	0	0.20949194174245916
0.00017017017017017017	0.209059525690791	0	0.209059525690791
0.00017267267267267268	0.20862690285240473	0	0.20862690285240473
0.00017517517517517516	0.20819409083488752	0	0.20819409083488752
0.00017767767767767767	0.20776110535506834	0	0.20776110535506834
0.00018018018018018018	0.2073279617987334	0	0.2073279617987334
0.0001826826826826827	0.2068946761547883	0	0.2068946761547883
0.00018518518518518518	0.206461262435283	0	0.206461262435283
0.00018768768768768769	0.2060277372914189	0	0.2060277372914189
0.0001901901901901902	0.20559411456756255	0	0.20559411456756255
0.0001926926926926927	0.2051604112435003	0	0.2051604112435003
0.0001951951951951952	0.20472664043598995	0	0.20472664043598995
0.0001976976976976977	0.20429281768433993	0	0.20429281768433993
0.0002002002002002002	0.2038589582670592	0	0.2038589582670592
0.0002027027027027027	0.2034250750393669	0	0.2034250750393669
0.0002052052052052052	0.2029911843391745	0	0.2029911843391745
0.0002077077077077077	0.20255729984014617	0	0.20255729984014617
0.00021021021021021022	0.20212343532642177	0	0.20212343532642177
0.0002127127127127127	0.20168960536557587	0	0.20168960536557587
0.00021521521521521522	0.20125582411814047	0	0.20125582411814047
0.00021771771771771773	0.20082210527179703	0	0.20082210527179703
0.0002202202202202202	0.2003884622817844	0	0.2003884622817844
0.00022272272272272272	0.19995490878680458	0	0.19995490878680458
0.00022522522522522523	0.1995214595406565	0	0.1995214595406565
0.00022772772772772774	0.19908812621102265	0	0.19908812621102265
0.00023023023023023022	0.19865492346482347	0	0.19865492346482347
0.00023273273273273273	0.19822186398303385	0	0.19822186398303385
0.00023523523523523524	0.19778896068728682	0	0.19778896068728682
0.00023773773773773772	0.19735622782881243	0	0.19735622782881243
0.00024024024024024023	0.19692367565093943	0	0.19692367565093943
0.00024274274274274274	0.19649132018892365	0	0.19649132018892365
0.00024524524524524523	0.1960591715161595	0	0.1960591715161595
0.00024774774774774777	0.19562724357615882	0	0.19562724357615882
0.00025025025025025025	0.1951955481353762	0	0.1951955481353762
0.00025275275275275273	0.1947640979491376	0	0.1947640979491376
0.00025525525525525527	0.19433290062352784	0	0.19433290062352784
0.00025775775775775775	0.19390212190904593	0	0.19390212190904593
0.00026026026026026023	0.1934712931532879	0	0.1934712931532879
0.00026276276276276277	0.1930409999707726	0	0.1930409999707726
0.00026526526526526525	0.19261095577592552	0	0.19261095577592552
0.0002677677677677678	0.19218122988062933	0	0.19218122988062933
0.0002702702702702703	0.19175183249072159	0	0.19175183249072159
0.00027277277277277276	0.19132277471402928	0	0.19132277471402928
0.0002752752752752753	0.19089406917342297	0	0.19089406917342297
0.0002777777777777778	0.19046572588089847	0	0.19046572588089847
0.00028028028028028026	0.190037756609702	0	0.190037756609702
0.0002827827827827828	0.18961017276490671	0	0.18961017276490671
0.0002852852852852853	0.18918298430849143	0	0.18918298430849143
0.00028778778778778776	0.1887562038139054	0	0.1887562038139054
0.0002902902902902903	0.18832983964670688	0	0.18832983964670688
0.0002927927927927928	0.18790390536481572	0	0.18790390536481572
0.0002952952952952953	0.18747840978932132	0	0.18747840978932132
0.0002977977977977978	0.18705336298791098	0	0.18705336298791098
0.0003003003003003003	0.18662877664238414	0	0.18662877664238414
0.0003028028028028028	0.18620466155370005	0	0.18620466155370005
0.0003053053053053053	0.18578102531067367	0	0.18578102531067367
0.0003078078078078078	0.18535788078085333	0	0.18535788078085333
0.00031031031031031033	0.1849352369730158	0	0.1849352369730158
0.0003128128128128128	0.18451310308082436	0	0.18451310308082436
0.0003153153153153153	0.18409148998967612	0	0.18409148998967612
0.00031781781781781783	0.18367040762248066	0	0.18367040762248066
0.0003203203203203203	0.18324986475387064	0	0.18324986475387064
0.0003228228228228228	0.182829871175344	0	0.182829871175344
0.00032532532532532533	0.18241043665902323	0	0.18241043665902323
0.0003278278278278278	0.1819915708988059	0	0.1819915708988059
0.00033033033033033035	0.18157328224969804	0	0.18157328224969804
0.00033283283283283284	0.1811555808708976	0	0.1811555808708976
0.0003353353353353353	0.1807384749504951	0	0.1807384749504951
0.00033783783783783786	0.1803219747499324	0	0.1803219747499324
0.00034034034034034034	0.17990608800922378	0	0.17990608800922378
0.0003428428428428428	0.17949082447669565	0	0.17949082447669565
0.00034534534534534536	0.17907619279520878	0	0.17907619279520878
0.00034784784784784784	0.17866220075684144	0	0.17866220075684144
0.0003503503503503503	0.17824885909786808	0	0.17824885909786808
0.00035285285285285286	0.17783617372942578	0	0.17783617372942578
0.00035535535535535535	0.17742415484856414	0	0.17742415484856414
0.0003578578578578579	0.1770128103853418	0	0.1770128103853418
0.00036036036036036037	0.17660214901425092	0	0.17660214901425092
0.00036286286286286285	0.17619217844091514	0	0.17619217844091514
0.0003653653653653654	0.175782906696541	0	0.175782906696541
0.00036786786786786787	0.17537434210753716	0	0.17537434210753716
0.00037037037037037035	0.17496649336504624	0	0.17496649336504624
0.0003728728728728729	0.17455936690538193	0	0.17455936690538193
0.00037537537537537537	0.1741529716747977	0	0.1741529716747977
0.00037787787787787786	0.17374731548790529	0	0.17374731548790529
0.0003803803803803804	0.1733424048205269	0	0.1733424048205269
0.0003828828828828829	0.17293824935095914	0	0.17293824935095914
0.0003853853853853854	0.17253485464869164	0	0.17253485464869164
0.0003878878878878879	0.17213222898327465	0	0.17213222898327465
0.0003903903903903904	0.17173037990834442	0	0.17173037990834442
0.0003928928928928929	0.1713293145760214	0	0.1713293145760214
0.0003953953953953954	0.17092904049414098	0	0.17092904049414098
0.0003978978978978979	0.17052956454010668	0	0.17052956454010668
0.0004004004004004004	0.17013089386172828	0	0.17013089386172828
0.0004029029029029029	0.16973303551542493	0.0002618214680914431	0.16999485698351638
0.0004054054054054054	0.16933599709977473	0.0012663961861741168	0.17060239328594884
0.0004079079079079079	0.16893978413812774	0.002261390363488862	0.1712011745016166
0.0004104104104104104	0.1685444051086999	0.0032471759808687765	0.17179158108956866
0.0004129129129129129	0.1681498663927239	0.0042240492853758945	0.1723739156780998
0.0004154154154154154	0.16775617319007083	0.005192314636370408	0.17294848782644123
0.0004179179179179179	0.16736333436017953	0.0061522536273475835	0.17351558798752711
0.00042042042042042044	0.1669713554213245	0.007104141135448778	0.17407549655677326
0.00042292292292292293	0.16658024252321582	0.00804823728767966	0.1746284798108955
0.0004254254254254254	0.1661900033890985	0.008984789683423857	0.17517479307252237
0.00042792792792792795	0.16580064287644583	0.009914039318940604	0.17571468219538644
0.00043043043043043043	0.16541213736171448	0.01083621663605504	0.17624835399776953
0.0004329329329329329	0.16502240545833619	0.011751537863557092	0.17677394332189328
0.00043543543543543545	0.16463826922055733	0.012660176576849364	0.1772984457974067
0.00043793793793793793	0.16425209640586833	0.013562654462814948	0.17781475086868329
0.0004404404404404404	0.16386722812544338	0.014458469799144814	0.1783256979245882
0.00044294294294294295	0.16348327663553228	0.015348292353935297	0.17883156898946756
0.00044544544544544544	0.16310024725305236	0.016232343649126815	0.17933259090217918
0.000447947947947948	0.162718147453756	0.017110295733878234	0.17982844318763425
0.00045045045045045046	0.1623369818530645	0.017983070203764374	0.18032005205682888
0.00045295295295295294	0.16195675705108714	0.018850430470613338	0.18080718752170047
0.0004554554554554555	0.1615774782626676	0.019712378201114933	0.18128985646378254
0.00045795795795795796	0.16119915226376375	0.020569181828509746	0.1817683340922735
0.00046046046046046044	0.16082178345778214	0.021420967931813	0.18224275138959514
0.000462962962962963	0.16044537810189458	0.02226786052940096	0.18271323863129554
0.00046546546546546546	0.16006994257007573	0.023109979386631986	0.1831799219567077
0.00046796796796796795	0.1596954806366181	0.02394743638218615	0.18364291701880425
0.0004704704704704705	0.15932199992438342	0.024780340648238277	0.1841023405726217
0.00047297297297297297	0.158949504308109	0.025608794275679546	0.18455829858378855
0.00047547547547547545	0.15857799965722089	0.026432896684869412	0.1850108963420903
0.000477977977977978	0.15820749158795444	0.027252740283336595	0.18546023187129104
0.00048048048048048047	0.15783798072754898	0.02806841357455667	0.18590639430210565
0.000482982982982983	0.15746903183886826	0.028880003983284865	0.18634903582215312
0.0004854854854854855	0.1571020870449965	0.029687589732734516	0.18678967677773103
0.000487987987987988	0.15673551919931586	0.030491249081494438	0.1872267682808103
0.0004904904904904905	0.15637007175669534	0.031291056110674106	0.18766112786736944
0.000492992992992993	0.15600565173208453	0.032087079416964245	0.1880927311490488
0.0004954954954954955	0.15564226544854454	0.03287938562370188	0.18852165107224642
0.000497997997997998	0.15527991625444765	0.03366803893431058	0.18894795518875823
0.0005005005005005005	0.1549185714785821	0.034453099319789154	0.18937167079837125
0.000503003003003003	0.15455792387303322	0.03523462361767084	0.18979254749070407
0.0005055055055055055	0.15419920370277804	0.036012666681779465	0.1902118703845575
0.000508008008008008	0.15384099304177484	0.036787280270807195	0.19062827331258203
0.0005105105105105105	0.15348390660688246	0.03755851365842577	0.19104242026530824
0.000513013013013013	0.15312788789525758	0.038326412653030086	0.19145430054828766
0.0005155155155155155	0.15277294095617977	0.03909102346720229	0.19186396442338205
0.000518018018018018	0.15241907040032918	0.03985238701171017	0.19227145741203935
0.0005205205205205205	0.1520662815450716	0.040610542825050056	0.19267682437012165
0.000523023023023023	0.1517145779261295	0.04136552934249289	0.1930801072686224
0.0005255255255255255	0.1513639652833787	0.04211738046269972	0.19348134574607842
0.0005280280280280281	0.15101444715693432	0.04286613329621382	0.19388058045314815
0.0005305305305305305	0.15066605335309627	0.04361181757770846	0.19427787093080473
0.000533033033033033	0.15031875102845701	0.04435444982046439	0.1946732008489214
0.0005355355355355356	0.14997251290070476	0.04509414689959413	0.19506665980029889
0.000538038038038038	0.14962742266119303	0.04583078250043315	0.19545820516162618
0.0005405405405405405	0.1492834201749489	0.04656444119195085	0.19584786136689974
0.0005430430430430431	0.14894059769705878	0.04729519982058191	0.1962357975176407
0.0005455455455455455	0.14859886942608316	0.048023046279056056	0.1966219157051392
0.000548048048048048	0.14825827571815145	0.048747987480751404	0.19700626319890285
0.0005505505505505506	0.14791881605210533	0.04947006991485073	0.19738888596695606
0.000553053053053053	0.14758049627478334	0.050189294997493715	0.19776979127227706
0.0005555555555555556	0.14724331993020873	0.050905676495267914	0.19814899642547665
0.0005580580580580581	0.1469072943152816	0.05161923336014004	0.19852652767542164
0.0005605605605605605	0.1465724145339298	0.052329979768043426	0.19890239430197323
0.0005630630630630631	0.146238695832555	0.0530379262113501	0.19927662204390512
0.0005655655655655656	0.145906136143569	0.05374308650494039	0.1996492226485094
0.000568068068068068	0.14557474210608004	0.05444546914239041	0.20002021124847044
0.0005705705705705706	0.14524451611134417	0.05514508620251768	0.20038960231386185
0.0005730730730730731	0.14491546345284256	0.055841943521586196	0.20075740697442876
0.0005755755755755755	0.14458758791901993	0.05653604803051875	0.2011236359495387
0.0005780780780780781	0.1442608932851336	0.05722740768299363	0.20148830096812725
0.0005805805805805806	0.14393538945335024	0.05791602775780531	0.20185141721115557
0.000583083083083083	0.14361106268864426	0.058601910437476014	0.20221297312612027
0.0005855855855855856	0.14328793725259256	0.059285060853258874	0.20257299810585144
0.0005880880880880881	0.1429660073874794	0.05996547234424669	0.2029314797317261
0.0005905905905905906	0.14264527894614962	0.06064336807286944	0.20328864701901905
0.0005930930930930931	0.14232575658146793	0.06131734747003581	0.20364310405150374
0.0005955955955955956	0.142007442113655	0.06198717799634709	0.2039946201100021
0.0005980980980980981	0.1416903404120777	0.0626728571922624	0.2043631976043401
0.0006006006006006006	0.1413744566680357	0.06333993515226732	0.20471439182030302
0.0006031031031031031	0.1410597930307639	0.06399092247150175	0.20505071550226567
0.0006056056056056056	0.14074635600228164	0.06464779417967641	0.20539415018195806
0.0006081081081081081	0.1404341479186625	0.06529258055292371	0.20572672847158618
0.0006106106106106106	0.14012316780351944	0.06596519474298865	0.20608836254650809
0.0006131131131131132	0.13981342757083554	0.06661959981221287	0.20643302738304842
0.0006156156156156156	0.13950492710086448	0.06726995594426341	0.2067748830451279
0.0006181181181181181	0.13919767009761272	0.06791755536748927	0.20711522546510197
0.0006206206206206207	0.13889166391977112	0.06856239508826335	0.20745405900803449
0.0006231231231231231	0.1385868874037119	0.06920446693712513	0.207791354340837
0.0006256256256256256	0.13828339811567728	0.06984376561631471	0.20812716373199197
0.0006281281281281282	0.1379811620442534	0.0704802810973842	0.20846144314163761
0.0006306306306306306	0.13768018905352358	0.07111400887096736	0.20879419792449094
0.0006331331331331331	0.13738051008292163	0.07174493223045655	0.20912544231337818
0.0006356356356356357	0.13708202338500727	0.07237300183160128	0.20945502521660855
0.0006381381381381381	0.13678486500495324	0.07299836307605777	0.20978322808101102
0.0006406406406406406	0.13648897394403414	0.07362083664728884	0.210109810591323
0.0006431431431431432	0.1361943709365494	0.0742404762876332	0.2104348472241826
0.0006456456456456456	0.13590104720734733	0.07485726812728763	0.21075831533463496
0.0006481481481481481	0.13560902004415887	0.07547120352867666	0.2110802235728355
0.0006506506506506507	0.1353182762046051	0.07608226889925333	0.21140054510385842
0.0006531531531531532	0.1350288411389438	0.07669045327891842	0.21171929441786225
0.0006556556556556556	0.13474069615897158	0.0772957476142722	0.21203644377324377
0.0006581581581581582	0.13445386151160185	0.0778981365629607	0.21235199807456256
0.0006606606606606607	0.13416833574918208	0.07849760549394603	0.2126659412431281
0.0006631631631631631	0.13388412118110213	0.07909414883493866	0.2129782700160408
0.0006656656656656657	0.1336012112501907	0.07968774814644074	0.21328895939663145
0.0006681681681681682	0.1333203836016632	0.08027839434645218	0.21359877794811538
0.0006706706706706706	0.13303947297035906	0.08086607778527276	0.21390555075563183
0.0006731731731731732	0.13276047365760074	0.08145060908138956	0.2142110827389903
0.0006756756756756757	0.13248286689182606	0.08203331812075433	0.2145161850125804
0.0006781781781781781	0.13220660224394445	0.08260793487667775	0.2148145371206222
0.0006806806806806807	0.1319316755135328	0.08320095122183606	0.21513262673536887
0.0006831831831831832	0.1316580924169142	0.08376885168067771	0.21542694409759192
0.0006856856856856856	0.13138585061335994	0.0843285259510546	0.21571437656441456
0.0006881881881881882	0.13111496338284068	0.08489541931897314	0.21601038270181383
0.0006906906906906907	0.13084543083702124	0.0854587934450219	0.21630422428204316
0.0006931931931931931	0.13057724880567909	0.08601905324952983	0.2165963020552089
0.0006956956956956957	0.13031043288670896	0.08657741230094312	0.21688784518765208
0.0006981981981981982	0.13004497780761812	0.08711307020960951	0.21715804801722763
0.0007007007007007007	0.12978089627742084	0.0876791043779176	0.21746000065533844
0.0007032032032032032	0.12951818135844467	0.08822956846386666	0.21774774982231132
0.0007057057057057057	0.12925684697121728	0.08877399419515018	0.21803084116636745
0.0007082082082082082	0.12899689225417818	0.08931544655494143	0.2183123388091196
0.0007107107107107107	0.12873832019382153	0.08985369272977722	0.21859201292359876
0.0007132132132132132	0.1284811343364431	0.09038872367045353	0.21886985800689662
0.0007157157157157158	0.12822533974617945	0.09092052248235967	0.2191458622285391
0.0007182182182182182	0.12797094764064015	0.09144325407581258	0.21941420171645273
0.0007207207207207207	0.1277179436207565	0.09199814148559414	0.21971608510635066
0.0007232232232232233	0.12746635052691557	0.09256288059814179	0.22002923112505735
0.0007257257257257257	0.12721616081907844	0.09295130625157245	0.22016746707065088
0.0007282282282282282	0.1269673854295557	0.09350385406976156	0.22047123949931727
0.0007307307307307308	0.12672002278307024	0.09404810756756973	0.22076813035063997
0.0007332332332332332	0.12647408123686288	0.09456912095355662	0.2210432021904195
0.0007357357357357357	0.12622955678175635	0.09504318591843618	0.22127274270019254
0.0007382382382382383	0.12598646385667056	0.09555083888426748	0.22153730274093802
0.0007407407407407407	0.12574480183824058	0.09605787141299252	0.2218026732512331
0.0007432432432432432	0.12550457462713555	0.09655296888428974	0.2220575435114253
0.0007457457457457458	0.1252657824948567	0.09704093331492565	0.22230671580978234
0.0007482482482482482	0.12502843890035206	0.09754837942775675	0.22257681832810883
0.0007507507507507507	0.12479253453117141	0.09802488943838465	0.22281742396955606
0.0007532532532532533	0.12455808749998028	0.09849900460206493	0.22305709210204522
0.0007557557557557557	0.12432509390189335	0.09897747157274206	0.2233025654746354
0.0007582582582582582	0.12409356276382574	0.0994520542411311	0.22354561700495684
0.0007607607607607608	0.12386348506698676	0.09992313679702658	0.22378662186401332
0.0007632632632632632	0.12363488386776887	0.10039071367358762	0.22402559754135648
0.0007657657657657658	0.12340775315561184	0.10085476070495938	0.22426251386057122
0.0007682682682682683	0.12318209732107713	0.10131527322981476	0.2244973705508919
0.0007707707707707708	0.12295791852273381	0.10177223354484898	0.2247301520675828
0.0007732732732732733	0.12273522567013162	0.10222562719803882	0.22496085286817044
0.0007757757757757758	0.12251402084893734	0.10267544384152864	0.22518946469046597
0.0007782782782782783	0.12229431203851078	0.10312166960100193	0.2254159816395127
0.0007807807807807808	0.12207609856769479	0.10356429316550135	0.22564039173319614
0.0007832832832832833	0.12185938500473797	0.10400329494118078	0.22586267994591874
0.0007857857857857858	0.12164417772803923	0.10443867408072	0.22608285180875923
0.0007882882882882883	0.12143048440419604	0.10487040583589347	0.2263008902400895
0.0007907907907907908	0.1212182960826327	0.10529848763826924	0.22651678372090195
0.0007932932932932933	0.12100763608643694	0.10572290275983158	0.22673053884626854
0.0007957957957957958	0.12079849760002943	0.1061436381975345	0.22694213579756395
0.0007982982982982983	0.12059088342341616	0.10656068631559822	0.22715156973901438
0.0008008008008008008	0.12038480062062876	0.10697403626028129	0.22735883688091005
0.0008033033033033033	0.12018026122907657	0.10738367172143891	0.22756393295051547
0.0008058058058058058	0.11997725898726745	0.10778958557336074	0.22776684456062818
0.0008083083083083083	0.1197758024844121	0.10819176650138165	0.22796756898579373
0.0008108108108108108	0.11957589933070745	0.10859020493948371	0.22816610427019116
0.0008133133133133133	0.11937754671773981	0.10898488902405551	0.22836243574179532
0.0008158158158158158	0.11918075762315322	0.10937580754898318	0.2285565651721364
0.0008183183183183183	0.11898553050378073	0.1097629540143516	0.22874848451813234
0.0008208208208208208	0.11879187536756515	0.11014631600173479	0.22893819136929994
0.0008233233233233233	0.11859979129850269	0.11052588729819138	0.22912567859669408
0.0008258258258258258	0.11840929077944624	0.11090166580555404	0.22931095658500028
0.0008283283283283283	0.11822036831216648	0.11127348425293543	0.2294938525651019
0.0008308308308308308	0.11803303576492488	0.11164217099529845	0.22967520676022335
0.0008333333333333334	0.11784729745710142	0.11200674317025329	0.2298540406273547
0.0008358358358358358	0.11766314885789018	0.11236666230127214	0.23002981115916232
0.0008383383383383384	0.11748051254914303	0.11272323034540412	0.23020374289454715
0.0008408408408408409	0.11729962693173579	0.11307602640675798	0.23037565333849377
0.0008433433433433433	0.11712039371818826	0.11342494738295936	0.2305453411011476
0.0008458458458458459	0.11694267178384789	0.11376998428951988	0.23071265607336777
0.0008483483483483484	0.11676660172844909	0.11411168397784556	0.23087828570629465
0.0008508508508508508	0.11659215414868856	0.11444717225281421	0.23103932640150276
0.0008533533533533534	0.11641934231348189	0.11477894691281855	0.23119828922630042
0.0008558558558558559	0.11624816517205495	0.11511101211540119	0.23135917728745614
0.0008583583583583583	0.11607863293998918	0.11543646440004558	0.23151509734003478
0.0008608608608608609	0.11591075185685994	0.11576116178881155	0.23167191364567147
0.0008633633633633634	0.11574452446530983	0.11607832089847327	0.23182284536378311
0.0008658658658658658	0.11557995453206345	0.11638752907711067	0.23196748360917413
0.0008683683683683684	0.11541705355293788	0.11670086514648777	0.23211791869942566
0.0008708708708708709	0.11525581810188862	0.11700711053259517	0.23226292863448378
0.0008733733733733733	0.11509625970710902	0.11730878787671041	0.2324050475838194
0.0008758758758758759	0.11493838433198239	0.11760704248913845	0.23254542682112084
0.0008783783783783784	0.11478219566926337	0.1179013457118593	0.23268354138112268
0.0008808808808808808	0.11462769680534782	0.11819170840778494	0.23281940521313277
0.0008833833833833834	0.1144748958578834	0.11847814167051111	0.23295303752839452
0.0008858858858858859	0.1143238010151349	0.11876063746144527	0.23308443847658017
0.0008883883883883883	0.11417441211367753	0.11903917605665465	0.23321358817033216
0.0008908908908908909	0.1140267393561631	0.11931377701195797	0.2333405163681211
0.0008933933933933934	0.11388078512688615	0.11958445258768756	0.23346523771457373
0.000895895895895896	0.11373655705373588	0.11985021933116258	0.23358677638489844
0.0008983983983983984	0.11359406209474171	0.12012468973033363	0.23371875182507534
0.0009009009009009009	0.1134533069563761	0.12034138335204807	0.23379469030842415
0.0009034034034034035	0.1133142937225857	0.12060201021635739	0.23391630393894308
0.0009059059059059059	0.1131770253596536	0.12087641358051503	0.2340534389401686
0.0009084084084084084	0.11304152042963413	0.12112650006263635	0.23416802049227048
0.000910910910910911	0.11290777220033628	0.12136894749181382	0.23427671969215008
0.0009134134134134134	0.11277579069378604	0.12160801532567081	0.23438380601945685
0.0009159159159159159	0.11264558333558922	0.12184341507091702	0.23448899840650622
0.0009184184184184185	0.1125170362841726	0.12206791964763415	0.23458495593180675
0.0009209209209209209	0.11239019828134945	0.12232484841817987	0.2347150466995293
0.0009234234234234234	0.11226568795656415	0.12254082978311644	0.2348065177396806
0.000925925925925926	0.11214263184981688	0.12274545369792914	0.234888085547746
0.0009284284284284284	0.1120213655825468	0.12295867317803326	0.23498003876058005
0.0009309309309309309	0.11190192967708319	0.1231705310571034	0.23507246073418658
0.0009334334334334335	0.11178430284022621	0.12337804390545602	0.23516234674568223
0.0009359359359359359	0.1116686240489817	0.12358162682047855	0.23525025086946025
0.0009384384384384384	0.11155496289107159	0.12378134448430611	0.2353363073753777
0.000940940940940941	0.11144266518799058	0.12397604485476672	0.2354187100427573
0.0009434434434434434	0.11133204966094466	0.12417119196185158	0.23550324162279623
0.0009459459459459459	0.1112237165109003	0.12436070714982633	0.23558442366072663
0.0009484484484484485	0.11111713189784088	0.12454153591737713	0.235658667815218
0.0009509509509509509	0.11101241845665547	0.12472053462642672	0.23573295308308218
0.0009534534534534534	0.11090957307681447	0.12489671914232768	0.23580629221914215
0.000955955955955956	0.11080860445920755	0.12506894365113747	0.235877548110345
0.0009584584584584585	0.11070951520975209	0.12523732148903027	0.23594683669878236
0.0009609609609609609	0.11061232012589024	0.12540181485945762	0.23601413498534785
0.0009634634634634635	0.11051701953012316	0.1255624301128997	0.23607944964302285
0.000965965965965966	0.11042362460287791	0.12571916737915081	0.23614279198202873
0.0009684684684684684	0.11033214278763458	0.12587203502238406	0.23620417781001862
0.000970970970970971	0.11024257490189897	0.12602104482544485	0.23626361972734383
0.0009734734734734735	0.11015494305205986	0.126166254082403	0.23632119713446287
0.000975975975975976	0.11006924955838347	0.1263074282909914	0.23637667784937488
0.0009784784784784785	0.10998545842601609	0.12644474081761478	0.23643019924363087
0.000980980980980981	0.10990362054289335	0.12657859431592786	0.2364822148588212
0.0009834834834834836	0.10982375394912258	0.12670863229522217	0.23653238624434475
0.000985985985985986	0.10974584609602218	0.12683462920758687	0.23658047530360904
0.0009884884884884884	0.10966990520333668	0.1269568091238644	0.23662671432720106
0.000990990990990991	0.10959596881197682	0.12707520533664393	0.23667117414862077
0.0009934934934934935	0.1095236727206679	0.12718982114657768	0.23671349386724558
0.000995995995995996	0.10945293669250751	0.1273006619628995	0.23675359865540702
0.0009984984984984986	0.10938474479070913	0.12740773534928318	0.23679248013999232
0.001001001001001001	0.10932018248621675	0.12751104680033118	0.23683122928654793
0.0010035035035035034	0.1092561304012715	0.12761061483625136	0.23686674523752285
0.001006006006006006	0.10919401282367076	0.12770644267879844	0.2369004555024692
0.0010085085085085085	0.10913410054122191	0.12779853815516165	0.23693263869638356
0.001011011011011011	0.10907620462870717	0.12788691433976762	0.23696311896847477
0.0010135135135135136	0.10902035852761084	0.12797158611390336	0.23699194464151419
0.001016016016016016	0.10896656152559421	0.12805256370127585	0.23701912522687008
0.0010185185185185184	0.10891482065655649	0.12812986000535911	0.23704468066191559
0.001021021021021021	0.10886514578857594	0.1282034843074804	0.23706863009605633
0.0010235235235235235	0.10881754815757738	0.1282734462736895	0.23709099443126688
0.001026026026026026	0.10877203540740223	0.1283397577361504	0.23711179314355263
0.0010285285285285286	0.10872861345961822	0.1284024312336616	0.23713104469327984
0.001031031031031031	0.10868728919065515	0.1284614829426798	0.23714877213333496
0.0010335335335335334	0.10864807458709488	0.12851692655536862	0.2371650011424635
0.001036036036036036	0.10861096938439721	0.12856877273153283	0.23717974211593004
0.0010385385385385385	0.10857598299648762	0.12861702773006561	0.23719301072655324
0.001041041041041041	0.10854313247927952	0.12866171158179157	0.2372048440610711
0.0010435435435435436	0.1085124230791153	0.1287028378426679	0.2372152609217832
0.001046046046046046	0.10848386109585095	0.12874041423254365	0.2372242753283946
0.0010485485485485487	0.1084574531796408	0.1287744645488789	0.2372319177285197
0.001051051051051051	0.10843320979036117	0.1288049966391021	0.23723820642946328
0.0010535535535535535	0.10841113979462438	0.12883202006836683	0.23724315986299122
0.0010560560560560562	0.1083912514878034	0.1288555586385244	0.2372468101263278
0.0010585585585585586	0.10837355041937877	0.12887562186821236	0.23724917228759113
0.001061061061061061	0.10835804715597143	0.12889222232646502	0.23725026948243644
0.0010635635635635637	0.10834475343369523	0.12890537588144704	0.23725012931514228
0.001066066066066066	0.1083336726870088	0.12891510115145197	0.23724877383846077
0.0010685685685685685	0.10832481316547875	0.128921412645778	0.23724622581125676
0.0010710710710710712	0.10831795208128978	0.1289243195836027	0.23724227166489248
0.0010735735735735736	0.10831439771636951	0.12892384341241886	0.23723824112878839
0.001076076076076076	0.10831464775124577	0.12892000054803976	0.23723464829928553
0.0010785785785785787	0.10831885475343744	0.12891280233795385	0.2372316570913913
0.001081081081081081	0.10832330948163235	0.1289022648761239	0.23722557435775626
0.0010835835835835835	0.10832123864423968	0.1288884044537827	0.23720964309802237
0.0010860860860860862	0.10832341013275447	0.12887123836785988	0.23719464850061434
0.0010885885885885886	0.10833395827410204	0.12885078407894818	0.2371847423530502
0.001091091091091091	0.1083464657619469	0.1288270596596407	0.2371735254215876
0.0010935935935935937	0.10836022549424877	0.1288000776624075	0.23716030315665626
0.001096096096096096	0.10837655755666692	0.12876985359299986	0.23714641114966678
0.0010985985985985985	0.1083948331361361	0.12873640726959376	0.23713124040572986
0.0011011011011011012	0.10841412390758247	0.12869975542733833	0.23711387933492079
0.0011036036036036036	0.10843485849322444	0.12865991358020165	0.2370947720734261
0.001106106106106106	0.10845708904753408	0.12861690066096443	0.23707398970849852
0.0011086086086086087	0.10848509707165915	0.12857073512356612	0.23705583219522527
0.0011111111111111111	0.10852093289591574	0.1285214310631785	0.23704236395909425
0.0011136136136136135	0.10855734327954183	0.12846900509992745	0.2370263483794693
0.0011161161161161162	0.10859152601755237	0.12841347893562916	0.23700500495318153
0.0011186186186186186	0.10862781836742588	0.1283548706102368	0.23698268897766267
0.001121121121121121	0.10866765369244868	0.12829319517701404	0.23696084886946273
0.0011236236236236237	0.108710007813608	0.1282284700820117	0.23693847789561967
0.0011261261261261261	0.10875469772451497	0.1281607130160706	0.23691541074058559
0.0011286286286286285	0.10880182211573033	0.12808994313783234	0.23689176525356267
0.0011311311311311312	0.10885138937376536	0.12801618141342325	0.23686757078718862
0.0011336336336336336	0.1089034103825018	0.12793944536563504	0.23684285574813685
0.001136136136136136	0.10895789643739884	0.12785975031388652	0.23681764675128536
0.0011386386386386387	0.10901485388232962	0.12777711439460224	0.23679196827693186
0.0011411411411411411	0.10907428903025475	0.12769155739728727	0.236765846427542
0.0011436436436436436	0.10913621253920829	0.12760309832960634	0.2367393108688146
0.0011461461461461462	0.10920063558595497	0.12751176973836104	0.236712405324316
0.0011486486486486486	0.10926756740670679	0.12741761430088555	0.23668518170759234
0.001151151151151151	0.1093370155655854	0.12732051318218265	0.23665752874776805
0.0011536536536536537	0.10940898797406136	0.12721989987809953	0.2366288878521609
0.0011561561561561561	0.10948349439903493	0.1271167326809777	0.23660022708001263
0.0011586586586586586	0.10956054391350167	0.12701254142052879	0.23657308533403046
0.0011611611611611612	0.10964014579519038	0.12690718680482677	0.23654733260001715
0.0011636636636636636	0.10972230941740513	0.12679873808626055	0.23652104750366568
0.001166166166166166	0.10980704485135051	0.12668444747702917	0.23649149232837968
0.0011686686686686687	0.10989435997458193	0.12656650613968898	0.23646086611427092
0.0011711711711711711	0.10998426326522212	0.12644585484876336	0.23643011811398548
0.0011736736736736738	0.11007676318317858	0.12632313833147701	0.2363999015146556
0.0011761761761761762	0.11017186887527783	0.12619798298731386	0.23636985186259168
0.0011786786786786786	0.11026958930799645	0.1260705506674278	0.23634013997542425
0.0011811811811811813	0.11036993338578034	0.12594079983900255	0.2363107332247829
0.0011836836836836837	0.11047290963567712	0.1258085852712748	0.23628149490695194
0.0011861861861861861	0.1105785266773418	0.1256737452609355	0.2362522719382773
0.0011886886886886888	0.11068679309839781	0.12553629767696267	0.23622309077536047
0.0011911911911911912	0.11079771798703443	0.12539631106661003	0.23619402905364445
0.0011936936936936936	0.11091131021764872	0.12525380220992982	0.23616511242757854
0.0011961961961961963	0.11102757951121851	0.1251087905017195	0.23613637001293802
0.0011986986986986987	0.1111465335638233	0.12496129862241279	0.2361078321862361
0.0012012012012012011	0.11126818070172997	0.12481134748358913	0.2360795281853191
0.0012037037037037038	0.11139252932741149	0.12465895992947032	0.2360514892568818
0.0012062062062062062	0.11151958784141894	0.12450415338459328	0.23602374122601222
0.0012087087087087087	0.11164936461013952	0.12434694743527744	0.23599631204541696
0.0012112112112112113	0.11178186801682738	0.12418736236631446	0.23596923038314183
0.0012137137137137137	0.11191710680310855	0.12402541861124732	0.23594252541435587
0.0012162162162162162	0.11205508965965234	0.12386113318627223	0.23591622284592456
0.0012187187187187188	0.11219582388851194	0.12369452476479116	0.2358903486533031
0.0012212212212212212	0.11233931750776864	0.12352561190124721	0.23586492940901585
0.0012237237237237237	0.11248557853550376	0.12335440850295339	0.23583998703845716
0.0012262262262262263	0.11263461596059028	0.12318093923291751	0.23581555519350778
0.0012287287287287287	0.11278643697082277	0.12300522419088165	0.2357916611617044
0.0012312312312312312	0.11294104899541145	0.12282728347658782	0.23576833247199927
0.0012337337337337338	0.11309845974834734	0.122647137189778	0.23574559693812536
0.0012362362362362362	0.11325867694362146	0.12246480543019425	0.2357234823738157
0.0012387387387387387	0.11342170829522485	0.12228030829757859	0.23570201659280343
0.0012412412412412413	0.11358756151714855	0.12209366589167303	0.23568122740882158
0.0012437437437437437	0.11375624432338355	0.1219048983122196	0.23566114263560314
0.0012462462462462462	0.11392776442792091	0.12171402565896032	0.23564179008688124
0.0012487487487487488	0.11410212954475164	0.12152106803163719	0.23562319757638883
0.0012512512512512512	0.11427934738786678	0.12132603988895851	0.23560538727682528
0.0012537537537537537	0.11445942567125736	0.12112896016598258	0.23558838583723996
0.0012562562562562563	0.11464237498382757	0.12092985094464358	0.23557222592847116
0.0012587587587587587	0.11482823949544159	0.12072873168629429	0.23555697118173588
0.0012612612612612612	0.11501698881736754	0.1205256218522875	0.23554261066965504
0.0012637637637637638	0.11520862783065189	0.120320540903976	0.23552916873462787
0.0012662662662662662	0.11540316141634105	0.12011350830271258	0.23551666971905363
0.0012687687687687687	0.11560059445548151	0.11990454350985004	0.23550513796533157
0.0012712712712712713	0.11580093182911971	0.11969366598674112	0.23549459781586085
0.0012737737737737737	0.1160041784183021	0.11948089519473869	0.23548507361304077
0.0012762762762762762	0.11621033910407512	0.11926625059519548	0.2354765896992706
0.0012787787787787788	0.11641941876748527	0.11904975236002278	0.23546917112750804
0.0012812812812812813	0.11663142228957894	0.11883141720322561	0.23546283949280455
0.0012837837837837837	0.11684635455140262	0.11861126287372868	0.2354576174251313
0.0012862862862862863	0.11706422043400276	0.11838930805594947	0.2354535284899522
0.0012887887887887888	0.1172850248184258	0.1181655714343055	0.2354505962527313
0.0012912912912912912	0.1175087725857182	0.11794007169321429	0.23544884427893248
0.0012937937937937938	0.11773546861692642	0.11771282751709328	0.23544829613401969
0.0012962962962962963	0.1179651177930969	0.11748385759036002	0.23544897538345694
0.001298798798798799	0.11819772499527612	0.11725318059743198	0.2354509055927081
0.0013013013013013013	0.11843329510451048	0.1170208152227267	0.23545411032723718
0.0013038038038038038	0.11867183300184646	0.11678678015066166	0.2354586131525081
0.0013063063063063064	0.11891334356833055	0.11655109406565434	0.2354644376339849
0.0013088088088088088	0.11915783168500914	0.11631377565212227	0.2354716073371314
0.0013113113113113113	0.11940530223292871	0.11607484140008079	0.2354801436330095
0.001313813813813814	0.11965576009313574	0.11583431327172193	0.23549007336485767
0.0013163163163163163	0.11990921014667663	0.1155922127709523	0.23550142291762893
0.0013188188188188188	0.12016565727459787	0.11534855732362106	0.23551421459821892
0.0013213213213213214	0.12042510635794591	0.11510336435557736	0.23552847071352329
0.0013238238238238238	0.12068756227776718	0.1148566512926704	0.2355442135704376
0.0013263263263263263	0.12095302991510815	0.11460843556074939	0.23556146547585755
0.001328828828828829	0.12122151415101529	0.11435873458566342	0.2355802487366787
0.0013313313313313313	0.1214930240839937	0.11410756579326177	0.23560058987725546
0.0013338338338338338	0.12176759273922182	0.11385494660939356	0.23562253934861538
0.0013363363363363364	0.12204518775116042	0.11360089445990797	0.2356460822110684
0.0013388388388388388	0.12232580958859171	0.11334542297651863	0.23567123256511036
0.0013413413413413413	0.12260945872029788	0.11308854974099389	0.23569800846129177
0.001343843843843844	0.1228961356150612	0.11283030025665139	0.2357264358717126
0.0013463463463463464	0.12318584074166382	0.11257069100155419	0.235756531743218
0.0013488488488488488	0.12347857456888796	0.1123097384537653	0.23578831302265324
0.0013513513513513514	0.12377433756551588	0.11204745909134767	0.23582179665686354
0.0013538538538538539	0.12407313020032973	0.11178386939236441	0.23585699959269413
0.0013563563563563563	0.12437495294211176	0.11151898583487849	0.23589393877699025
0.001358858858858859	0.12467980625964419	0.11125282489695289	0.23593263115659707
0.0013613613613613614	0.12498769062170917	0.1109854030566507	0.23597309367835986
0.0013638638638638638	0.12529860911155744	0.11071673679203488	0.2360153459035923
0.0013663663663663664	0.1256125602541251	0.11044684258116844	0.23605940283529353
0.0013688688688688689	0.12592954172007598	0.11017573480890128	0.23610527652897725
0.0013713713713713713	0.126249552867456	0.10990343207666291	0.2361529849441189
0.001373873873873874	0.1265725936324191	0.10962995241819348	0.23620254605061258
0.0013763763763763764	0.12689866516706977	0.10935531310706177	0.23625397827413153
0.0013788788788788788	0.12722776285595236	0.10907953262284635	0.2363072954787987
0.0013813813813813814	0.12755988487561118	0.10880262841384811	0.2363625132894593
0.0013838838838838839	0.12789502985384557	0.10852461460142283	0.23641964445526842
0.0013863863863863863	0.12823319639846775	0.10824550730995106	0.2364787037084188
0.001388888888888889	0.12857438078073496	0.10796532406708373	0.2365397048478187
0.0013913913913913914	0.12891858044948423	0.10768408024770654	0.23660266069719077
0.0013938938938938938	0.12926579471555807	0.10740178927207407	0.23666758398763216
0.0013963963963963964	0.12961601856473293	0.10711846599669983	0.23673448456143276
0.0013988988988988989	0.12996924745596175	0.1068341230773512	0.23680337053331296
0.0014014014014014013	0.130325477829096	0.10654877889661517	0.23687425672571116
0.001403903903903904	0.1306847053998939	0.10626244970104852	0.23694715510094244
0.0014064064064064064	0.13104692546528035	0.1059750773543274	0.23702200281960775
0.0014089089089089088	0.1314121343698995	0.10568677242116271	0.23709890679106221
0.0014114114114114115	0.13178032696174424	0.10539765131945752	0.23717797828120177
0.0014139139139139139	0.1321514972997701	0.10510788874105127	0.23725938604082136
0.0014164164164164163	0.13252564028862576	0.10481745571692619	0.23734309600555195
0.001418918918918919	0.1329027501361014	0.10452628515422302	0.23742903529032441
0.0014214214214214214	0.13328282131078628	0.10423475749351487	0.23751757880430113
0.001423923923923924	0.13366584912561724	0.10394222728643085	0.2376080764120481
0.0014264264264264265	0.13405182470697313	0.1036480552720896	0.23769987997906272
0.0014289289289289289	0.13444074097268863	0.10335070789748584	0.23779144887017445
0.0014314314314314315	0.13483259011529208	0.1030522737267589	0.237884863842051
0.001433933933933934	0.1352273639569303	0.10275414254276428	0.23798150649969457
0.0014364364364364364	0.1356250545066811	0.10245669930404334	0.23808175381072444
0.001438938938938939	0.13602565455501606	0.10215878629020878	0.23818444084522483
0.0014414414414414415	0.1364291585843176	0.10185957915328657	0.23828873773760417
0.001443943943943944	0.13683555447853968	0.10155950301807846	0.23839505749661816
0.0014464464464464465	0.1372448301332625	0.10125869331202408	0.23850352344528658
0.001448948948948949	0.137656977531575	0.10095718815891801	0.23861416569049299
0.0014514514514514514	0.13807199087934363	0.10065497507400624	0.23872696595334986
0.001453953953953954	0.13848985957513874	0.10035206768296107	0.2388419272580998
0.0014564564564564565	0.1389105699331933	0.10004847885853074	0.23895904879172405
0.001458958958958959	0.13933411071728008	0.09974422100681336	0.23907833172409343
0.0014614614614614615	0.1397603762668869	0.09943930906699083	0.23919968533387773
0.001463963963963964	0.14018952101552895	0.09913375844687491	0.23932327946240387
0.0014664664664664664	0.14062290070832803	0.09882758100388248	0.2394504817122105
0.001468968968968969	0.14105887111851925	0.09852078821540512	0.2395796593339244
0.0014714714714714715	0.14149103797462267	0.09821339288517189	0.23970443085979456
0.001473973973973974	0.14192383587091462	0.09790540786549652	0.23982924373641112
0.0014764764764764766	0.14236794764268368	0.09759684652396	0.23996479416664368
0.001478978978978979	0.14281841551021907	0.09728772340720981	0.24010613891742888
0.0014814814814814814	0.14326979974790488	0.09697805049184562	0.24024785023975048
0.001483983983983984	0.1437225647400245	0.09666783761281816	0.24039040235284267
0.0014864864864864865	0.14417642019823346	0.09635709755977007	0.24053351775800352
0.001488988988988989	0.14463295247579422	0.09604584488401001	0.24067879735980424
0.0014914914914914916	0.14509206692430823	0.09573409131331785	0.2408261582376261
0.001493993993993994	0.14555137577964766	0.09542184768348554	0.2409732234631332
0.0014964964964964964	0.14601833971030598	0.09510912635864674	0.24112746606895272
0.001498998998998999	0.1464958335201753	0.09479594028275011	0.24129177380292544
0.0015015015015015015	0.14696627081382513	0.09448229968165034	0.24144857049547547
0.001504004004004004	0.1474325070223138	0.09416821510705793	0.24160072212937173
0.0015065065065065066	0.14790369678426898	0.09385370077838844	0.2417573975626574
0.001509009009009009	0.1483796610877798	0.09353876912599131	0.24191843021377113
0.0015115115115115114	0.14885988703147168	0.0932234303137517	0.24208331734522337
0.001514014014014014	0.14934230826205144	0.09290769505894596	0.2422500033209974
0.0015165165165165165	0.14982721513405373	0.0925915739073557	0.24241878904140943
0.001519019019019019	0.15031459049725351	0.0922750778961195	0.242589668393373
0.0015215215215215216	0.15080442195077984	0.09195821816271267	0.24276264011349252
0.001524024024024024	0.1512966821392412	0.09164100831589074	0.24293769045513192
0.0015265265265265264	0.1517913513996125	0.09132345868960985	0.24311481008922237
0.001529029029029029	0.15228841260765372	0.09100557628497744	0.24329398889263115
0.0015315315315315315	0.1527878443956547	0.0906873746387433	0.243475219034398
0.001534034034034034	0.15328962286535225	0.0903688660215394	0.24365848888689165
0.0015365365365365366	0.15379372608577943	0.09005005852939668	0.2438437846151761
0.001539039039039039	0.15430013621506272	0.08973096182983158	0.2440310980448943
0.0015415415415415416	0.15480883567630616	0.08941158573166773	0.2442204214079739
0.001544044044044044	0.15531979118705255	0.08909194408440076	0.24441173527145332
0.0015465465465465465	0.15583297392058648	0.08877204603957607	0.24460501996016254
0.0015490490490490492	0.15634837470944232	0.08845189626371025	0.24480027097315257
0.0015515515515515516	0.1568659618481347	0.0881315111203781	0.24499747296851282
0.001554054054054054	0.15738571629991613	0.08781090075028417	0.2451966170502003
0.0015565565565565567	0.15790761736894832	0.08749006925531903	0.24539768662426736
0.001559059059059059	0.1584316380942936	0.08716903075411947	0.24560066884841306
0.0015615615615615615	0.15895774732164117	0.08684779450247986	0.245805541824121
0.0015640640640640642	0.15948591728686554	0.086526365362604	0.24601228264946953
0.0015665665665665666	0.16001613295958506	0.08620475654128634	0.2462208895008714
0.001569069069069069	0.16054835053945107	0.0858829787613815	0.24643132930083256
0.0015715715715715717	0.16108265819462436	0.0855610416016589	0.24664369979628326
0.001574074074074074	0.16161921687973593	0.08523895174435922	0.24685816862409515
0.0015765765765765765	0.1621551932608909	0.08491671758389752	0.2470719108447884
0.0015790790790790792	0.16269542880256446	0.08459434804242884	0.24728977684499331
0.0015815815815815816	0.16323847813543443	0.08427185218167917	0.2475103303171136
0.001584084084084084	0.1637826276438136	0.08394924047777254	0.24773186812158615
0.0015865865865865867	0.16432814856723607	0.08362652205569857	0.24795467062293464
0.001589089089089089	0.16487551582095092	0.0833037047963336	0.24817922061728453
0.0015915915915915915	0.16542464619025787	0.08298079776301669	0.24840544395327457
0.0015940940940940942	0.1659755135689281	0.0826578072584133	0.2486333208273414
0.0015965965965965966	0.16652813617577206	0.08233474024769569	0.24886287642346774
0.001599099099099099	0.1670823759923319	0.08201160556387037	0.24909398155620227
0.0016016016016016017	0.16763825253074802	0.08168841576313686	0.2493266682938849
0.001604104104104104	0.1681957643648849	0.081365176231927	0.2495609405968119
0.0016066066066066065	0.16875485792344305	0.08104189375711121	0.24979675168055426
0.0016091091091091092	0.16931550684091606	0.08071857948548493	0.250034086326401
0.0016116116116116116	0.16987767866939743	0.08039524075477113	0.25027291942416857
0.001614114114114114	0.17044133865573388	0.08007188884912356	0.25051322750485744
0.0016166166166166167	0.17100645887409008	0.07974853437975268	0.25075499325384276
0.0016191191191191191	0.17157299894596975	0.07942516493334112	0.25099816387931084
0.0016216216216216215	0.17214092996808078	0.07910167455347346	0.2512426045215542
0.0016241241241241242	0.172710227376742	0.07877819040397177	0.25148841778071374
0.0016266266266266266	0.17328074603910215	0.07845488936220517	0.25173563540130733
0.001629129129129129	0.17385291099116346	0.07813171992074025	0.2519846309119037
0.0016316316316316317	0.17442659946291264	0.07780841250199341	0.25223501196490605
0.0016341341341341341	0.17500047253616915	0.0774851715744297	0.2524856441105989
0.0016366366366366365	0.17557585974169082	0.07716198606439427	0.2527378458060851
0.0016391391391391392	0.17615260888076237	0.07683885528060394	0.2529914641613663
0.0016416416416416416	0.17673045952289362	0.07651578428309078	0.2532462438059844
0.001644144144144144	0.17730948638233823	0.07619277982206105	0.2535022662043993
0.0016466466466466467	0.1778891461417498	0.07586985162199025	0.25375899776374006
0.0016491491491491491	0.17847001829508014	0.07554700525681672	0.25401702355189687
0.0016516516516516516	0.179052310213602	0.07522426761229707	0.2542765778258991
0.0016541541541541542	0.1796352847936193	0.07490159345589784	0.2545368782495171
0.0016566566566566566	0.18021909724349147	0.07457929698925808	0.2547983942327495
0.001659159159159159	0.18080378369602157	0.07425796509403236	0.25506174879005394
0.0016616616616616617	0.18138929154253716	0.07393732269831212	0.2553266142408493
0.0016641641641641641	0.18197560550405448	0.07361239421565578	0.25558799971971025
0.0016666666666666668	0.18256266515599456	0.07328964916437691	0.2558523143203715
0.0016691691691691692	0.18315044100209166	0.07296813030248418	0.2561185713045758
0.0016716716716716716	0.1837389002347104	0.0726462630506929	0.2563851632854033
0.0016741741741741743	0.18432800209443334	0.07232457467802662	0.25665257677245995
0.0016766766766766767	0.18491770438913752	0.07200303910970283	0.25692074349884036
0.0016791791791791791	0.1855079720379993	0.07168167310066552	0.2571896451386648
0.0016816816816816818	0.18609876086130625	0.07136017718420992	0.2574589380455162
0.0016841841841841842	0.18669003989691596	0.07104368115920257	0.2577337210561185
0.0016866866866866866	0.18728176708641636	0.07073291199948971	0.2580146790859061
0.0016891891891891893	0.18787389807994115	0.07040548341112036	0.2582793814910615
0.0016916916916916917	0.18846639746370528	0.07007414157000663	0.2585405390337119
0.0016941941941941941	0.1890592316413321	0.06975738597289047	0.2588166176142226
0.0016966966966966968	0.1896523505130167	0.06943704096387888	0.2590893914768956
0.0016991991991991992	0.1902457140982681	0.06911709942599703	0.25936281352426516
0.0017017017017017016	0.19083929502613134	0.06879736163658616	0.2596366566627175
0.0017042042042042043	0.19143303456721444	0.06847819564114876	0.2599112302083632
0.0017067067067067067	0.192026907958165	0.06815138415999594	0.2601782921181609
0.0017092092092092091	0.19262087033027875	0.06781706022888069	0.2604379305591594
0.0017117117117117118	0.1932148724271861	0.06751376722724149	0.2607286396544276
0.0017142142142142142	0.19380888177364508	0.06720624206395086	0.26101512383759595
0.0017167167167167166	0.1944028468865841	0.06688264557468895	0.2612854924612731
0.0017192192192192193	0.19499680732327296	0.06656498574461212	0.2615617930678851
0.0017217217217217217	0.19559028300151804	0.06624702943729235	0.26183731243881037
0.0017242242242242242	0.19618408781928365	0.06592932927033983	0.2621134170896235
0.0017267267267267268	0.1967775705312079	0.06561188116039714	0.26238945169160505
0.0017292292292292292	0.19737073639437522	0.06529468666387993	0.26266542305825513
0.0017317317317317317	0.19796362604844422	0.06497773847275012	0.2629413645211943
0.0017342342342342343	0.198556191620315	0.06466106497694839	0.26321725659726336
0.0017367367367367367	0.19914837827067539	0.06434465308793032	0.2634930313586057
0.0017392392392392392	0.19974016632325273	0.06402851059058237	0.2637686769138351
0.0017417417417417418	0.200331491235556	0.0637126305732039	0.2640441218087599
0.0017442442442442442	0.2009223270865966	0.06339726771681295	0.26431959480340955
0.0017467467467467467	0.20151262905795267	0.06308202994011311	0.2645946589980658
0.0017492492492492493	0.20210234438093158	0.06276557172771935	0.2648679161086509
0.0017517517517517517	0.20269144177326298	0.06245158823132688	0.26514303000458983
0.0017542542542542542	0.20327987624862995	0.06213897916679004	0.26541885541542
0.0017567567567567568	0.20386759659736975	0.06182404704759987	0.2656916436449696
0.0017592592592592592	0.20445458165293678	0.061509295433682	0.2659638770866188
0.0017617617617617617	0.20504076730010087	0.06119574544092306	0.26623651274102395
0.0017642642642642643	0.20562611990579732	0.06088131723376188	0.2665074371395592
0.0017667667667667667	0.2062105973162507	0.06056862385219976	0.26677922116845043
0.0017692692692692692	0.20679415847857746	0.06025768663414923	0.26705184511272667
0.0017717717717717718	0.2073767516374438	0.05994493699479451	0.2673216886322383
0.0017742742742742742	0.20795835059543433	0.05963298059671703	0.26759133119215134
0.0017767767767767767	0.20853889818076318	0.059321322630435123	0.2678602208111983
0.0017792792792792793	0.2091183544256319	0.05900999190871013	0.268128346334342
0.0017817817817817817	0.2096966851474866	0.05869897870437315	0.26839566385185976
0.0017842842842842842	0.21027384399517665	0.05838833702762917	0.2686621810228058
0.0017867867867867868	0.2108497867114117	0.05807822731174936	0.268928014023161
0.0017892892892892893	0.2114244695784698	0.05776834038194303	0.26919280996041284
0.001791791791791792	0.2119978452484508	0.05745816605815043	0.26945601130660124
0.0017942942942942943	0.21256989436730886	0.05714895404948306	0.26971884841679195
0.0017967967967967968	0.2131405465716988	0.05683996958613103	0.26998051615782986
0.0017992992992992994	0.21370977591215795	0.05653133540319861	0.27024111131535655
0.0018018018018018018	0.21427753452522458	0.05622305054031511	0.2705005850655397
0.0018043043043043043	0.21484379138208537	0.05591511736229995	0.2707589087443853
0.001806806806806807	0.2154084873166666	0.055607536667624906	0.2710160239842915
0.0018093093093093093	0.21597159591246626	0.055300312735659364	0.2712719086481256
0.0018118118118118118	0.21653306192543487	0.05499344518878121	0.27152650711421605
0.0018143143143143144	0.21709285298786338	0.0546869376270877	0.27177979061495106
0.0018168168168168168	0.21765093110369038	0.05438079132892401	0.2720317224326144
0.0018193193193193193	0.21820724397041383	0.05407500943737963	0.27228225340779344
0.001821821821821822	0.21876175713333362	0.053769593110550795	0.2725313502438844
0.0018243243243243243	0.21931442553900746	0.05346454449250707	0.2727789700315145
0.0018268268268268268	0.21986521513539817	0.0531598636102339	0.2730250787456321
0.0018293293293293294	0.22041407886093226	0.05285555442768303	0.2732696332886153
0.0018318318318318318	0.22096097880478294	0.05255161848173987	0.27351259728652283
0.0018343343343343343	0.22150587885263157	0.05224805665655545	0.27375393550918703
0.001836836836836837	0.22204872648174379	0.051944869176336735	0.2739935956580805
0.0018393393393393393	0.22258949456294916	0.05164205942532892	0.2742315539882781
0.0018418418418418418	0.22312813112336166	0.051339628976229804	0.27446776009959145
0.0018443443443443444	0.22366460345878048	0.05103757600056092	0.2747021794593414
0.0018468468468468468	0.22419888166092275	0.05073590652490982	0.27493478818583256
0.0018493493493493493	0.2247309004740204	0.05043461923593914	0.2751655197099595
0.001851851851851852	0.22526064500639545	0.050133713291521546	0.275394358297917
0.0018543543543543544	0.22578806884099126	0.0498331936072435	0.27562126244823476
0.0018568568568568568	0.2263131322106675	0.049533059535023405	0.2758461917456909
0.0018593593593593594	0.22683578178060737	0.04923331198293361	0.276069093763541
0.0018618618618618619	0.22735601179603507	0.048933951321654	0.27628996311768905
0.0018643643643643643	0.22787375648677605	0.04863497870025279	0.27650873518702884
0.001866866866866867	0.22838898897445387	0.0483363961793455	0.27672538515379935
0.0018693693693693694	0.22890166986224733	0.048038202264618114	0.27693987212686544
0.0018718718718718718	0.22941158812803789	0.04774039935619249	0.27715198748423037
0.0018743743743743744	0.22992075366157597	0.04744298747903496	0.2773637411406109
0.0018768768768768769	0.23042437705393132	0.04714596644767184	0.27757034350160315
0.0018793793793793793	0.23092610378363077	0.04684914873823742	0.2777752525218682
0.001881881881881882	0.23142546974693223	0.04655570860647067	0.2779811783534029
0.0018843843843843844	0.23192205765593313	0.04626573055900022	0.27818778821493334
0.0018868868868868868	0.2324158384830768	0.04596135295856746	0.27837719144164425
0.0018893893893893894	0.23290678491538527	0.04566655654393184	0.2785733414593171
0.0018918918918918919	0.2333948352002701	0.045372165771775205	0.2787670009720453
0.0018943943943943943	0.23387998879604874	0.045077874425806394	0.2789578632218551
0.001896896896896897	0.2343621771968178	0.04477997788412751	0.2791421550809453
0.0018993993993993994	0.23484138746832944	0.0444824671734072	0.27932385464173665
0.0019019019019019018	0.2353175852682755	0.04420383453875029	0.27952141980702583
0.0019044044044044044	0.23579071711929325	0.04391215777302695	0.2797028748923202
0.0019069069069069069	0.23626083680444976	0.043608240904804335	0.27986907770925407
0.0019094094094094093	0.23672772529597885	0.043298070932974574	0.2800257962289534
0.001911911911911912	0.23719150499120245	0.043010647589908906	0.28020215258111136
0.0019144144144144144	0.237652065950678	0.042769383102835005	0.280421449053513
0.001916916916916917	0.23810947695629073	0.04246383811656362	0.2805733150728543
0.0019194194194194195	0.2385636232230381	0.04215079957646959	0.2807144227995077
0.0019219219219219219	0.2390144805197586	0.04186721307456152	0.28088169359432014
0.0019244244244244245	0.23946202618175963	0.04157724141139367	0.2810392675931533
0.001926926926926927	0.23990622891103452	0.04128806060899427	0.2811942895200288
0.0019294294294294294	0.24034706343489048	0.04099926684252691	0.2813463302774174
0.001931931931931932	0.24078448891688037	0.04071086000920564	0.281495348926086
0.0019344344344344345	0.24121848194179654	0.04042283661839721	0.28164131856019375
0.0019369369369369369	0.24164901537634398	0.0401351953108558	0.2817842106871998
0.0019394394394394395	0.24207605684569558	0.03984806212945093	0.2819241189751465
0.001941941941941942	0.24249958215216014	0.03955772074136564	0.28205730289352576
0.0019444444444444444	0.24291955283727884	0.03926562271280939	0.2821851755500882
0.001946946946946947	0.24333595013831164	0.038990270982848574	0.28232622112116024
0.0019494494494494495	0.24374874353576964	0.03870263762407292	0.2824513811598426
0.001951951951951952	0.24415790303481627	0.038417360299534783	0.28257526333435107
0.0019544544544544545	0.2445634181652603	0.038132348239235975	0.2826957664044963
0.001956956956956957	0.24496522942195234	0.037847584710727425	0.2828128141326798
0.0019594594594594594	0.24536333903582921	0.0375644182281921	0.2829277572640213
0.001961961961961962	0.2457577120356189	0.03728631794620685	0.28304402998182576
0.0019644644644644643	0.24614832414631746	0.0370009071153956	0.28314923126171304
0.001966966966966967	0.24653514968298035	0.03671150405530359	0.28324665373828395
0.0019694694694694695	0.24691816455377047	0.03643069202682174	0.2833488565805922
0.001971971971971972	0.2472973424805827	0.036147993638948994	0.2834453361195317
0.0019744744744744744	0.24767267099731777	0.035865811996293816	0.28353848299361156
0.001976976976976977	0.2480441057726212	0.03558416824838088	0.2836282740210021
0.0019794794794794797	0.2484116414973903	0.035302832516858035	0.2837144740142483
0.001981981981981982	0.24877524903053402	0.035021850970874784	0.2837971000014088
0.0019844844844844845	0.24913490988297082	0.034741220604441216	0.28387613048741206
0.001986986986986987	0.24949060698895145	0.03446093665811249	0.28395154364706393
0.0019894894894894894	0.24984222415627758	0.03418099937590649	0.28402322353218407
0.001991991991991992	0.2501899799728052	0.03390140290103407	0.2840913828738392
0.0019944944944944947	0.2505336355159814	0.03362214499932418	0.2841557805153056
0.001996996996996997	0.2508732737728941	0.03334322304760853	0.28421649682050265
0.0019994994994994996	0.2512087957136297	0.03306463501339662	0.2842734307270263
0.002002002002002002	0.25154019884035994	0.032786376931752355	0.2843265757721123
0.0020045045045045044	0.25186752617321195	0.03250844429163107	0.28437597046484303
0.002007007007007007	0.25219072595096215	0.03223083625825816	0.2844215622092203
0.0020095095095095097	0.25250978121347734	0.031953547710986394	0.28446332892446374
0.002012012012012012	0.2528246728985318	0.03167657517232128	0.2845012480708531
0.0020145145145145146	0.2531353845951345	0.0313999130838612	0.2845352976789957
0.002017017017017017	0.2534419017652071	0.031123583529399312	0.2845654852946064
0.0020195195195195194	0.25374420692032795	0.030847528830970472	0.2845917357512984
0.002022022022022022	0.2540423865869991	0.030571772355467448	0.28461415894246656
0.0020245245245245247	0.2543354536122937	0.030296325782914652	0.28463177939520834
0.002027027027027027	0.2546257082533231	0.03002117069716422	0.2846468789504873
0.0020295295295295296	0.2549110114699902	0.02974630502030332	0.2846573164902935
0.002032032032032032	0.2551920332313112	0.029471722972721708	0.2846637562040329
0.0020345345345345344	0.2554687569187589	0.02919742135737475	0.28466617827613366
0.002037037037037037	0.25574116865530383	0.028923394297613404	0.28466456295291725
0.0020395395395395397	0.25600930788055704	0.028649638773302566	0.2846589466538596
0.002042042042042042	0.256272221360978	0.028376147903202257	0.28464836926418025
0.0020445445445445446	0.2565324009445178	0.028103032177877175	0.284635433122395
0.002047047047047047	0.2567874799429814	0.027829326295098072	0.2846168062380795
0.0020495495495495494	0.2570381580878263	0.02755092794698347	0.2845890860348098
0.002052052052052052	0.2572844577517544	0.027278126477194912	0.2845625842289493
0.0020545545545545547	0.25752636779450644	0.02701427645442335	0.2845406442489298
0.002057057057057057	0.25776387948939383	0.02674158781284253	0.28450546730223636
0.0020595595595595596	0.25799698487715644	0.02647653569218874	0.28447352056934516
0.002062062062062062	0.25822567530980167	0.026201488987792742	0.2844271642975944
0.0020645645645645644	0.25844994107649016	0.025924137058118128	0.2843740781346083
0.002067067067067067	0.25866977564468546	0.02565450485955247	0.2843242805042379
0.0020695695695695697	0.25888517311611714	0.02538369538781339	0.2842688685039305
0.002072072072072072	0.25909612503397533	0.025113105045779103	0.28420923007975446
0.0020745745745745746	0.2593026262321515	0.02484252598713644	0.28414515221928793
0.002077077077077077	0.2595046699746734	0.024572180926710836	0.28407685090138424
0.0020795795795795794	0.25970225209208286	0.024302011279865726	0.2840042633719486
0.002082082082082082	0.25989536671437014	0.02403201251109749	0.2839273792254676
0.0020845845845845847	0.26008396577575416	0.023762177002776268	0.28384614277853043
0.002087087087087087	0.2602664156147695	0.02349249744807936	0.28375891306284884
0.0020895895895895896	0.26044723708542816	0.023222967618432733	0.2836702047038609
0.002092092092092092	0.2606231166067785	0.022953578637559428	0.28357669524433793
0.0020945945945945945	0.26079383610018764	0.02268432283562272	0.28347815893581035
0.0020970970970970973	0.26096006703540636	0.02241519193583129	0.28337525897123766
0.0020995995995995997	0.2611218094095273	0.02214617921997007	0.28326798862949737
0.002102102102102102	0.2612790599209042	0.021877274548942876	0.2831563344698471
0.0021046046046046046	0.2614318171830893	0.021608470363245414	0.2830402875463347
0.002107107107107107	0.261580083245856	0.02133975761692147	0.2829198408627775
0.0021096096096096095	0.26172385450126295	0.021071126888382297	0.28279498138964526
0.0021121121121121123	0.2618631333045731	0.02080256970461149	0.2826657030091846
0.0021146146146146147	0.26199791965985364	0.020534076391979884	0.28253199605183354
0.002117117117117117	0.26212821435549083	0.02026563714810887	0.2823938515035997
0.0021196196196196196	0.26225401872600773	0.019997240464615942	0.28225125919062366
0.002122122122122122	0.262375334469665	0.019728880854468393	0.2821042153241334
0.0021246246246246245	0.2624921638289548	0.019460548489508855	0.28195271231846364
0.0021271271271271273	0.2626045099194259	0.019192225825170967	0.28179673574459685
0.0021296296296296298	0.262712375306056	0.018923906187250844	0.2816362814933069
0.002132132132132132	0.26281576325952366	0.018655584424458447	0.28147134768398213
0.0021346346346346346	0.26291467851571937	0.018387256640998474	0.28130193515671786
0.002137137137137137	0.26300912364259843	0.01811886908525842	0.2811279927278568
0.0021396396396396395	0.26309910372306694	0.017850432452899846	0.2809495361759668
0.0021421421421421423	0.26318462430056594	0.01758196370633176	0.2807665880068977
0.0021446446446446448	0.2632656907684592	0.01731342261409929	0.2805791133825585
0.002147147147147147	0.2633423075731051	0.017044801836872542	0.2803871094099777
0.0021496496496496496	0.26341448199585027	0.01677608915145671	0.280190571147307
0.002152152152152152	0.2634822205745922	0.01650727078717929	0.2799894913617715
0.0021546546546546545	0.26354552896670025	0.016238332873716694	0.2797838618404169
0.0021571571571571573	0.2636044149316962	0.015969261923406794	0.279573676855103
0.0021596596596596598	0.2636588865259223	0.01570004350929897	0.2793589300352213
0.002162162162162162	0.26370895137021183	0.01543066293954082	0.27913961430975265
0.0021646646646646646	0.2637546176791655	0.015161105827976128	0.27891572350714167
0.002167167167167167	0.26379589306487766	0.014891356435784592	0.27868724950066226
0.0021696696696696695	0.26383278858491616	0.014621398929596973	0.2784541875145131
0.0021721721721721723	0.2638653123821931	0.014351217377235	0.27821652975942807
0.0021746746746746748	0.263893472889079	0.014080795206745612	0.2779742680958246
0.002177177177177177	0.2639172823425174	0.013810115614815403	0.27772739795733276
0.0021796796796796796	0.2639367502812787	0.013539160698527852	0.27747591097980656
0.002182182182182182	0.2639518865866611	0.013267913348324363	0.27721979993498547
0.0021846846846846845	0.26396270328162064	0.012996354608174342	0.27695905788979497
0.0021871871871871874	0.26396921059360623	0.012724466049630644	0.27669367664323685
0.0021896896896896898	0.26397142128502366	0.01245222823224857	0.2764236495172722
0.002192192192192192	0.26396934762792584	0.012179620886091312	0.27614896851401716
0.0021946946946946946	0.26396299990352107	0.011906624079706022	0.27586962398322706
0.002197197197197197	0.26395239285129557	0.011633216769780115	0.2755856096210757
0.0021996996996996995	0.2639375383729279	0.011359377331183538	0.2752969157041114
0.0022022022022022024	0.26391844940773473	0.01108508318030364	0.2750035325880384
0.002204704704704705	0.2638951394872922	0.010810312073250153	0.2747054515605424
0.002207207207207207	0.26386762446108375	0.01053504038386844	0.2744026648449522
0.0022097097097097096	0.26383591502055315	0.01025924339956064	0.2740951584201138
0.002212212212212212	0.26380002817942977	0.009982896693240475	0.27378292487267025
0.0022147147147147145	0.263759978243811	0.009705974720921735	0.2734659529647327
0.0022172172172172174	0.26371577879311403	0.009428450731354647	0.27314422952446865
0.00221971971971972	0.2636674454645855	0.009150297665456726	0.2728177431300422
0.0022222222222222222	0.2636149959462422	0.008871487372159512	0.27248648331840175
0.0022247247247247246	0.2635584428859409	0.008591990942387166	0.27215043382832804
0.002227227227227227	0.26349780518901184	0.008311778679632053	0.2718095838686439
0.00222972972972973	0.2634330959514034	0.008030819683108821	0.2714639156345122
0.0022322322322322324	0.26336433513958535	0.007749082456402657	0.271113417595988
0.002234734734734735	0.2632915367644742	0.007466535969129726	0.2707580727336039
0.0022372372372372372	0.263214720227136	0.007183130807170605	0.2703978510343066
0.0022397397397397397	0.2631339010785968	0.006898800692651472	0.2700327017712483
0.002242242242242242	0.26304909729569204	0.006613595970587004	0.26966269326627906
0.002244744744744745	0.26296032785189716	0.006327563142826305	0.26928789099472344
0.0022472472472472474	0.2628675472862883	0.006040405275090433	0.2689079525613787
0.00224974974974975	0.2627712361232014	0.005752244741323304	0.2685234808645247
0.0022522522522522522	0.26267038054846864	0.005463046784559907	0.26813342733302853
0.0022547547547547547	0.2625659364614855	0.005172737361632572	0.2677386738231181
0.002257257257257257	0.26245760866046763	0.004881128631979302	0.26733873729244695
0.00225975975975976	0.2623454261750553	0.0045884268319867395	0.26693385300704203
0.0022622622622622624	0.26222940765285047	0.004294468140724335	0.2665238757935748
0.002264764764764765	0.2621095739986906	0.003999207890918497	0.2661087818896091
0.0022672672672672672	0.26198594191568786	0.0037026000233283253	0.2656885419390162
0.0022697697697697697	0.26185853599415343	0.0034045940701590283	0.26526313006431246
0.002272272272272272	0.26172737233994703	0.0031051353191051236	0.26483250765905214
0.002274774774774775	0.26159247269255165	0.0028041687442902303	0.2643966414368419
0.0022772772772772774	0.2614538587471271	0.0025016381589846844	0.2639554969061118
0.00227977977977978	0.2613115492599769	0.0021974852890895907	0.2635090345490665
0.0022822822822822822	0.26116556644222083	0.0018916489530263177	0.2630572153952471
0.0022847847847847847	0.2610159309533741	0.0015840672999685081	0.2625999982533426
0.002287287287287287	0.26086266421859444	0.0012746759548606175	0.2621373401734551
0.00228978978978979	0.260705786762075	0.000963406273277634	0.26166919303535263
0.0022922922922922924	0.2605453212944978	0.00065019241699166	0.26119551371148947
0.002294794794794795	0.26038128938711125	0.00033496242075911056	0.26071625180787034
0.0022972972972972973	0.26021371243608293	0	0.26021371243608293
0.0022997997997997997	0.26004261248335414	0	0.26004261248335414
0.002302302302302302	0.2598680117594113	0	0.2598680117594113
0.002304804804804805	0.25968993369370524	0	0.25968993369370524
0.0023073073073073074	0.2595083987538675	0	0.2595083987538675
0.00230980980980981	0.2593234305079942	0	0.2593234305079942
0.0023123123123123123	0.25913505220431504	0	0.25913505220431504
0.0023148148148148147	0.25894328562320035	0	0.25894328562320035
0.002317317317317317	0.258748155017285	0	0.258748155017285
0.00231981981981982	0.2585496823939764	0	0.2585496823939764
0.0023223223223223224	0.2583478915275145	0	0.2583478915275145
0.002324824824824825	0.25814280533917944	0	0.25814280533917944
0.0023273273273273273	0.25793444757155304	0	0.25793444757155304
0.0023298298298298297	0.25772284225152037	0	0.25772284225152037
0.002332332332332332	0.2575080103308554	0	0.2575080103308554
0.002334834834834835	0.25728997909580564	0	0.25728997909580564
0.0023373373373373374	0.25706877160688935	0	0.25706877160688935
0.00233983983983984	0.2568444100705565	0	0.2568444100705565
0.0023423423423423423	0.25661691985600044	0	0.25661691985600044
0.0023448448448448447	0.2563863239328246	0	0.2563863239328246
0.0023473473473473476	0.2561526484479233	0	0.2561526484479233
0.00234984984984985	0.2559159155116299	0	0.2559159155116299
0.0023523523523523524	0.25567615048104597	0	0.25567615048104597
0.002354854854854855	0.25543337739005484	0	0.25543337739005484
0.0023573573573573573	0.25518762112837245	0	0.25518762112837245
0.0023598598598598597	0.2549389060924258	0	0.2549389060924258
0.0023623623623623626	0.2546872567261571	0	0.2546872567261571
0.002364864864864865	0.25443269661660217	0	0.25443269661660217
0.0023673673673673674	0.25417525305878785	0	0.25417525305878785
0.00236986986986987	0.25391494821413746	0	0.25391494821413746
0.0023723723723723723	0.25365180732957343	0	0.25365180732957343
0.0023748748748748747	0.25338585647531797	0	0.25338585647531797
0.0023773773773773776	0.25311711970494233	0	0.25311711970494233
0.00237987987987988	0.25284562155798657	0	0.25284562155798657
0.0023823823823823824	0.25257138703824755	0	0.25257138703824755
0.002384884884884885	0.2522944422217	0	0.2522944422217
0.0023873873873873873	0.25201481064408443	0	0.25201481064408443
0.0023898898898898897	0.2517325173689955	0	0.2517325173689955
0.0023923923923923926	0.25144758904050857	0	0.25144758904050857
0.002394894894894895	0.25116004788384627	0	0.25116004788384627
0.0023973973973973974	0.2508699225488218	0	0.2508699225488218
0.0023998998998999	0.2505772347705638	0	0.2505772347705638
0.0024024024024024023	0.2502820115816738	0	0.2502820115816738
0.0024049049049049047	0.24998427723700464	0	0.24998427723700464
0.0024074074074074076	0.2496840569173321	0	0.2496840569173321
0.00240990990990991	0.24938137602844232	0	0.24938137602844232
0.0024124124124124124	0.24907625946975873	0	0.24907625946975873
0.002414914914914915	0.24876873188375537	0	0.24876873188375537
0.0024174174174174173	0.24845881900763167	0	0.24845881900763167
0.0024199199199199197	0.2481465446926802	0	0.2481465446926802
0.0024224224224224226	0.24783193640261236	0	0.24783193640261236
0.002424924924924925	0.24751501632850748	0	0.24751501632850748
0.0024274274274274274	0.24719581109788014	0	0.24719581109788014
0.00242992992992993	0.24687434564843944	0	0.24687434564843944
0.0024324324324324323	0.24655064376336225	0	0.24655064376336225
0.0024349349349349347	0.24622473245319637	0	0.24622473245319637
0.0024374374374374376	0.24589663503472434	0	0.24589663503472434
0.00243993993993994	0.24556637532599968	0	0.24556637532599968
0.0024424424424424425	0.24523398137210387	0	0.24523398137210387
0.002444944944944945	0.24489947502058826	0	0.24489947502058826
0.0024474474474474473	0.24456288249533462	0	0.24456288249533462
0.0024499499499499497	0.24422422810807967	0	0.24422422810807967
0.0024524524524524526	0.2438835365731167	0	0.2438835365731167
0.002454954954954955	0.2435408326190284	0	0.2435408326190284
0.0024574574574574575	0.24319614064864553	0	0.24319614064864553
0.00245995995995996	0.24284948521753633	0	0.24284948521753633
0.0024624624624624623	0.24250089099869074	0	0.24250089099869074
0.0024649649649649647	0.24215038229676217	0	0.24215038229676217
0.0024674674674674676	0.24179798343471737	0	0.24179798343471737
0.00246996996996997	0.24144371880154836	0	0.24144371880154836
0.0024724724724724725	0.24108761261395795	0	0.24108761261395795
0.002474974974974975	0.24072968909181947	0	0.24072968909181947
0.0024774774774774773	0.24036997247574124	0	0.24036997247574124
0.00247997997997998	0.24000848657028154	0	0.24000848657028154
0.0024824824824824826	0.23964525557292896	0	0.23964525557292896
0.002484984984984985	0.23928030348148982	0	0.23928030348148982
0.0024874874874874875	0.23891365406580398	0	0.23891365406580398
0.00248998998998999	0.23854533102839773	0	0.23854533102839773
0.0024924924924924923	0.23817535823189828	0	0.23817535823189828
0.002494994994994995	0.23780375930992526	0	0.23780375930992526
0.0024974974974974976	0.23743055427099566	0	0.23743055427099566
0.0025	0.23705579064208665	0	0.23705579064208665