0.	0.2097102657658729	0	0.2097102657658729
2.5025025025025024e-6	0.20940540510605365	0	0.20940540510605365
5.005005005005005e-6	0.2090992587617462	0	0.2090992587617462
7.507507507507507e-6	0.20879184472025997	0	0.20879184472025997
0.00001001001001001001	0.20848318084855164	0	0.20848318084855164
0.000012512512512512513	0.20817328501110466	0	0.20817328501110466
0.000015015015015015015	0.20786217507596985	0	0.20786217507596985
0.000017517517517517516	0.20754986872855086	0	0.20754986872855086
0.00002002002002002002	0.20723638370067113	0	0.20723638370067113
0.000022522522522522523	0.20692173766625382	0	0.20692173766625382
0.000025025025025025026	0.20660594810649377	0	0.20660594810649377
0.000027527527527527526	0.20628903269588558	0	0.20628903269588558
0.00003003003003003003	0.20597100876673644	0	0.20597100876673644
0.00003253253253253253	0.20565189386582397	0	0.20565189386582397
0.00003503503503503503	0.20533170507247822	0	0.20533170507247822
0.000037537537537537536	0.20501046002746223	0	0.20501046002746223
0.00004004004004004004	0.2046881758686091	0	0.2046881758686091
0.00004254254254254254	0.2043648696913007	0	0.2043648696913007
0.000045045045045045046	0.20404055855662226	0	0.20404055855662226
0.00004754754754754755	0.203715259634328	0	0.203715259634328
0.00005005005005005005	0.2033889897745283	0	0.2033889897745283
0.000052552552552552556	0.20306176601800824	0	0.20306176601800824
0.00005505505505505505	0.20273360505534657	0	0.20273360505534657
0.000057557557557557555	0.2024045238482427	0	0.2024045238482427
0.00006006006006006006	0.20207453902079148	0	0.20207453902079148
0.00006256256256256256	0.20174366630163326	0	0.20174366630163326
0.00006506506506506506	0.20141192451159673	0	0.20141192451159673
0.00006756756756756757	0.20107932778163431	0	0.20107932778163431
0.00007007007007007007	0.20074589375716398	0	0.20074589375716398
0.00007257257257257258	0.20041163901287198	0	0.20041163901287198
0.00007507507507507507	0.20007657893690842	0	0.20007657893690842
0.00007757757757757758	0.19974072990748518	0	0.19974072990748518
0.00008008008008008008	0.19940410851780332	0	0.19940410851780332
0.00008258258258258259	0.19906673068760009	0	0.19906673068760009
0.00008508508508508508	0.19872861156935495	0	0.19872861156935495
0.00008758758758758758	0.19838976960420346	0	0.19838976960420346
0.00009009009009009009	0.1980502175530557	0	0.1980502175530557
0.00009259259259259259	0.19770997222493736	0	0.19770997222493736
0.0000950950950950951	0.19736905122800738	0	0.19736905122800738
0.0000975975975975976	0.19702746685961456	0	0.19702746685961456
0.0001001001001001001	0.19668523676392902	0	0.19668523676392902
0.0001026026026026026	0.1963423754571193	0	0.1963423754571193
0.00010510510510510511	0.19599889954179955	0	0.19599889954179955
0.00010760760760760761	0.19565482316285357	0	0.19565482316285357
0.0001101101101101101	0.19531016160676534	0	0.19531016160676534
0.00011261261261261261	0.19496493119460886	0	0.19496493119460886
0.00011511511511511511	0.1946191453090093	0	0.1946191453090093
0.00011761761761761762	0.19427281964749982	0	0.19427281964749982
0.00012012012012012012	0.19392596849930635	0	0.19392596849930635
0.00012262262262262261	0.19357860918945968	0	0.19357860918945968
0.00012512512512512512	0.19323075340407841	0	0.19323075340407841
0.00012762762762762763	0.19288241639590475	0	0.19288241639590475
0.00013013013013013012	0.19253361315197884	0	0.19253361315197884
0.00013263263263263263	0.19218436006797204	0	0.19218436006797204
0.00013513513513513514	0.19183466949943592	0	0.19183466949943592
0.00013763763763763765	0.19148455334929015	0	0.19148455334929015
0.00014014014014014013	0.19113403248921917	0	0.19113403248921917
0.00014264264264264264	0.19078311448719965	0	0.19078311448719965
0.00014514514514514515	0.1904318167140837	0	0.1904318167140837
0.00014764764764764766	0.1900801520582701	0	0.1900801520582701
0.00015015015015015014	0.1897281363008839	0	0.1897281363008839
0.00015265265265265265	0.18937578057481985	0	0.18937578057481985
0.00015515515515515516	0.1890231003791771	0	0.1890231003791771
0.00015765765765765765	0.18867010820327904	0	0.18867010820327904
0.00016016016016016016	0.18831681960997695	0	0.18831681960997695
0.00016266266266266267	0.18796324569563222	0	0.18796324569563222
0.00016516516516516518	0.18760940088198297	0	0.18760940088198297
0.00016766766766766766	0.18725529976026736	0	0.18725529976026736
0.00017017017017017017	0.18690095343255272	0	0.18690095343255272
0.00017267267267267268	0.18654637597166246	0	0.18654637597166246
0.00017517517517517516	0.18619158109697168	0	0.18619158109697168
0.00017767767767767767	0.18583658073682569	0	0.18583658073682569
0.00018018018018018018	0.1854813886018545	0	0.1854813886018545
0.0001826826826826827	0.18512601649748564	0	0.18512601649748564
0.00018518518518518518	0.18477047894335466	0	0.18477047894335466
0.00018768768768768769	0.18441478702971936	0	0.18441478702971936
0.0001901901901901902	0.18405895345618156	0	0.18405895345618156
0.0001926926926926927	0.18370299045508812	0	0.18370299045508812
0.0001951951951951952	0.18334691300331712	0	0.18334691300331712
0.0001976976976976977	0.18299073010329062	0	0.18299073010329062
0.0002002002002002002	0.18263445510520773	0	0.18263445510520773
0.0002027027027027027	0.18227810049078813	0	0.18227810049078813
0.0002052052052052052	0.1819216797878046	0	0.1819216797878046
0.0002077077077077077	0.1815652021829882	0	0.1815652021829882
0.00021021021021021022	0.18120868021070136	0	0.18120868021070136
0.0002127127127127127	0.18085212842806173	0	0.18085212842806173
0.00021521521521521522	0.1804955551923235	0	0.1804955551923235
0.00021771771771771773	0.18013897354857344	0	0.18013897354857344
0.0002202202202202202	0.17978239405487625	0	0.17978239405487625
0.00022272272272272272	0.17942583143787824	0	0.17942583143787824
0.00022522522522522523	0.17906929395980847	0	0.17906929395980847
0.00022772772772772774	0.17871279311140656	0	0.17871279311140656
0.00023023023023023022	0.1783563406690252	0	0.1783563406690252
0.00023273273273273273	0.17799995029106608	0	0.17799995029106608
0.00023523523523523524	0.17764362934819386	0	0.17764362934819386
0.00023773773773773772	0.17728739000267688	0	0.17728739000267688
0.00024024024024024023	0.17693124386754233	0	0.17693124386754233
0.00024274274274274274	0.17657520246565594	0	0.17657520246565594
0.00024524524524524523	0.17621927521338474	0	0.17621927521338474
0.00024774774774774777	0.1758634713286449	0	0.1758634713286449
0.00025025025025025025	0.17550780655963485	0	0.17550780655963485
0.00025275275275275273	0.17515228608223557	0.0004615356217655425	0.1756138217040011
0.00025525525525525527	0.1747969227880884	0.001546388572145268	0.17634331136023365
0.00025775775775775775	0.1744417262485138	0.0027181064419534206	0.17715983269046723
0.00026026026026026023	0.17408670910217774	0.0038161180844893164	0.17790282718666706
0.00026276276276276277	0.173731879130129	0.004886290637185287	0.1786181697673143
0.00026526526526526525	0.17337724607584806	0.005931978041891	0.17930922411773906
0.0002677677677677678	0.17302282161310462	0.00695384376231168	0.1799766653754163
0.0002702702702702703	0.17266861621277438	0.007953155540686808	0.1806217717534612
0.00027277277277277276	0.17231463807284167	0.008931096405935153	0.18124573447877682
0.0002752752752752753	0.17196089792823308	0.009888770907802756	0.18184966883603584
0.0002777777777777778	0.1716074045135505	0.010827212896863751	0.18243461741041425
0.00028028028028028026	0.17125417073954768	0.011747390856290136	0.18300156159583783
0.0002827827827827828	0.17090120187290087	0.012650210855440212	0.18355141272834108
0.0002852852852852853	0.17054850972132937	0.013536525020188664	0.18408503474151805
0.00028778778778778776	0.17019610530118198	0.014407132380068445	0.18460323768125042
0.0002902902902902903	0.16984399459062566	0.015262782165150146	0.1851067767557758
0.0002927927927927928	0.16949218955877296	0.016104183042311305	0.18559637260108428
0.0002952952952952953	0.16914069758815262	0.01693199813501502	0.18607269572316765
0.0002977977977977978	0.16878953086688742	0.01774685539041926	0.18653638625730667
0.0003003003003003003	0.16843869477477796	0.0185493449295923	0.18698803970437028
0.0003028028028028028	0.16808820094005056	0.019340025255677157	0.18742822619572772
0.0003053053053053053	0.16773805617712012	0.020119423244914083	0.1878574794220342
0.0003078078078078078	0.1673882730139766	0.020888034760653026	0.18827630777462961
0.00031031031031031033	0.16703885641852276	0.02164633174894975	0.1886851881674725
0.0003128128128128128	0.1666898175734827	0.022394759954878104	0.1890845775283608
0.0003153153153153153	0.16634116302218002	0.023133739643507227	0.18947490266568726
0.00031781781781781783	0.1659929043776409	0.023863672731497202	0.18985657710913809
0.0003203203203203203	0.16564504812985453	0.024584936223854506	0.19022998435370903
0.0003228228228228228	0.16529760207144648	0.025297888231723985	0.19059549030317047
0.00032532532532532533	0.16495057770757696	0.026002873213358195	0.19095345092093516
0.0003278278278278278	0.16460397999142612	0.02670021130681589	0.191304191298242
0.00033033033033033035	0.16425781947737472	0.027390213005774888	0.1916480324831496
0.00033283283283283284	0.1639121029200462	0.028073168861832167	0.19198527178187838
0.0003353353353353353	0.16356683982057646	0.02874935583991094	0.1923161956604874
0.00033783783783783786	0.16322203748431574	0.029419041758306	0.19264107924262175
0.00034034034034034034	0.16287770424589662	0.03008247428098662	0.19296017852688324
0.0003428428428428428	0.16253384724653236	0.03073989725966484	0.1932737445061972
0.00034534534534534536	0.16219047610108064	0.03139153407723747	0.1935820101783181
0.00034784784784784784	0.16184759720921318	0.03203760699180538	0.19388520420101857
0.0003503503503503503	0.16150521896181838	0.03267832036656726	0.19418353932838564
0.00035285285285285286	0.16116334819661776	0.03331387025336682	0.19447721844998458
0.00035535535535535535	0.16082199406838105	0.03394444947666562	0.19476644354504666
0.0003578578578578579	0.16048116290031708	0.0345702322468212	0.1950513951471383
0.00036036036036036037	0.16014086358472152	0.03519139673075143	0.19533226031547296
0.00036286286286286285	0.15980110165858413	0.03580810173210886	0.195609203390693
0.0003653653653653654	0.15946188597833977	0.03642050290523	0.19588238888356976
0.00036786786786786787	0.15912322397553752	0.03702875363364242	0.19615197760917993
0.00037037037037037035	0.15878512198845057	0.03763299109289704	0.1964181130813476
0.0003728728728728729	0.1584475878193932	0.038233358676303404	0.1966809464956966
0.00037537537537537537	0.15811062939555282	0.03882997803901775	0.19694060743457056
0.00037787787787787786	0.15777425218874702	0.03942297989677305	0.19719723208552006
0.0003803803803803804	0.15743846450190604	0.04001248144152572	0.19745094594343177
0.0003828828828828829	0.1571032722413661	0.04059859149955515	0.19770186374092125
0.0003853853853853854	0.15676868471423955	0.04118142612255419	0.19795011083679373
0.0003878878878878879	0.15643470617265753	0.04176108144110697	0.1981957876137645
0.0003903903903903904	0.1561013442783909	0.04233766410022573	0.1984390083786166
0.0003928928928928929	0.15576860619909078	0.042911263911259476	0.19867987011035027
0.0003953953953953954	0.15543649881515925	0.04348196987392326	0.19891846868908253
0.0003978978978978979	0.15510502882195543	0.04404987349506596	0.19915490231702138
0.0004004004004004004	0.15477420177743736	0.04461505326755119	0.19938925504498856
0.0004029029029029029	0.15444402533235682	0.04517759189244237	0.1996216172247992
0.0004054054054054054	0.15411450570940907	0.04573756133313926	0.19985206704254832
0.0004079079079079079	0.15378565011738346	0.046295037495638645	0.2000806876130221
0.0004104104104104104	0.15345746316431635	0.046850084558730076	0.20030754772304643
0.0004129129129129129	0.1531299522975383	0.04740277201118007	0.20053272430871838
0.0004154154154154154	0.1528031246697338	0.04795316122566812	0.20075628589540193
0.0004179179179179179	0.15247698589284978	0.04850131294413996	0.20097829883698973
0.00042042042042042044	0.15215154113772453	0.04904728550960168	0.20119882664732622
0.00042292292292292293	0.15182679777667285	0.04959112865848279	0.20141792643515563
0.0004254254254254254	0.15150276213759417	0.05013290141068112	0.20163566354827528
0.00042792792792792795	0.15117943925552943	0.050672647285583544	0.20185208654111297
0.00043043043043043043	0.15085683613070888	0.05121041886963569	0.20206725500034456
0.0004329329329329329	0.1505349583592255	0.05174625901832167	0.20228121737754717
0.00043543543543543545	0.15021381119086386	0.05228020583540597	0.20249401702626982
0.00043793793793793793	0.14989340243004215	0.05281230920116198	0.20270571163120413
0.0004404404404404404	0.14957373614814107	0.05334260138222582	0.2029163375303669
0.00044294294294294295	0.14925481844130262	0.053871122737037064	0.20312594117833968
0.00044544544544544544	0.14893665492707223	0.05439790536800815	0.20333456029508037
0.000447947947947948	0.14861925378774762	0.05492298799933431	0.20354224178708194
0.00045045045045045046	0.14830261736794215	0.05544639274400459	0.20374901011194674
0.00045295295295295294	0.1479867521442068	0.05596815765148555	0.20395490979569236
0.0004554554554554555	0.1476716647940978	0.056488307219464004	0.20415997201356179
0.00045795795795795796	0.14735736110176648	0.057006871087922795	0.20436423218968927
0.00046046046046046044	0.14704384447052585	0.057523873343128785	0.20456771781365463
0.000462962962962963	0.14673112234573815	0.05803933160013294	0.2047704539458711
0.00046546546546546546	0.14641919882741564	0.05855327764819515	0.2049724764756108
0.00046796796796796795	0.14610808148654084	0.05906572512231638	0.2051738066088572
0.0004704704704704705	0.14579777304280236	0.0595767002656842	0.20537447330848657
0.00047297297297297297	0.14548828026770994	0.060086214399545944	0.20557449466725589
0.00047547547547547545	0.1451796076830266	0.0605942924821916	0.20577390016521818
0.000477977977977978	0.14487176162969922	0.061100942124085914	0.20597270375378512
0.00048048048048048047	0.14456474667516642	0.06160618401876087	0.20617093069392728
0.000482982982982983	0.14425856793163996	0.062110027052379294	0.20636859498401927
0.0004854854854854855	0.14395323061421114	0.0626124916426916	0.20656572225690273
0.000487987987987988	0.14364873891784588	0.06311358371170891	0.2067623226295548
0.0004904904904904905	0.1433451005075254	0.06361330997060664	0.20695841047813207
0.000492992992992993	0.14304231820665841	0.06411168860176186	0.20715400680842028
0.0004954954954954955	0.1427403967263858	0.06460872383549905	0.20734912056188487
0.000497997997997998	0.14243934254852067	0.06510442292412677	0.20754376547264744
0.0005005005005005005	0.14213916015687514	0.06559879499696111	0.20773795515383625
0.000503003003003003	0.1418398543170305	0.06609184728055369	0.20793170159758417
0.0005055055055055055	0.14154142914543247	0.06658357653442959	0.20812500567986206
0.000508008008008008	0.14124389017912412	0.06707399887384043	0.20831788905296456
0.0005105105105105105	0.1409472431774643	0.0675631080427557	0.20851035122022
0.000513013013013013	0.140651491497502	0.06805091535819609	0.20870240685569807
0.0005155155155155155	0.14035664045556595	0.06853741477147059	0.20889405522703652
0.000518018018018018	0.14006269400583338	0.06902261354640979	0.20908530755224317
0.0005205205205205205	0.13976965802108182	0.06950650891385589	0.20927616693493772
0.000523023023023023	0.13947753728908746	0.06998910339521915	0.2094666406843066
0.0005255255255255255	0.1391863352863999	0.0704703982356545	0.20965673352205438
0.0005280280280280281	0.13889605690101858	0.07095038264779004	0.2098464395488086
0.0005305305305305305	0.13860670720322515	0.07142906840845364	0.2100357756116788
0.000533033033033033	0.13831829159803047	0.07190644304013612	0.2102247346381666
0.0005355355355355356	0.13803081236478992	0.07238250701744545	0.21041331938223537
0.000538038038038038	0.13774427587839524	0.07285725586237006	0.2106015317407653
0.0005405405405405405	0.1374586851353551	0.07333069245852497	0.21078937759388008
0.0005430430430430431	0.13717404688035528	0.07380279542030951	0.2109768423006648
0.0005455455455455455	0.13689036332384566	0.07427358029001709	0.21116394361386276
0.000548048048048048	0.13660763988165348	0.07474302342536872	0.21135066330702218
0.0005505505505505506	0.13632588048083277	0.07521113420516874	0.2115370146860015
0.000553053053053053	0.13604508978502752	0.07567789557406018	0.2117229853590877
0.0005555555555555556	0.13576527284417442	0.07614330347836333	0.21190857632253773
0.0005580580580580581	0.1354864330617787	0.07660734980793604	0.21209378286971475
0.0005605605605605605	0.13520857463478375	0.07707003172745384	0.2122786063622376
0.0005630630630630631	0.13493170178405992	0.07753133233811356	0.2124630341221735
0.0005655655655655656	0.13465582066175408	0.07799125430150229	0.21264707496325636
0.000568068068068068	0.1343809328469994	0.07844978004591598	0.21283071289291539
0.0005705705705705706	0.13410704408215957	0.07890689944654435	0.2130139435287039
0.0005730730730730731	0.13383415857119835	0.07936260958121759	0.21319676815241595
0.0005755755755755755	0.13356227942698604	0.07981689640043133	0.21337917582741736
0.0005780780780780781	0.13329141298348832	0.08026975629329856	0.21356116927678687
0.0005805805805805806	0.13302156134671034	0.08072116182021957	0.2137427231669299
0.000583083083083083	0.1327527289970964	0.08117111922398908	0.21392384822108546
0.0005855855855855856	0.13248492008921914	0.08161961106553862	0.21410453115475775
0.0005880880880880881	0.1322181408393801	0.08206662483891954	0.21428476567829963
0.0005905905905905906	0.13195239246507495	0.08251215152308236	0.2144645439881573
0.0005930930930930931	0.13168768029360675	0.08295617982339741	0.21464386011700415
0.0005955955955955956	0.1314240077276695	0.08339868800720147	0.21482269573487095
0.0005980980980980981	0.1311613795990592	0.08383968035025119	0.2150010599493104
0.0006006006006006006	0.13089980093209605	0.08427912622931805	0.2151789271614141
0.0006031031031031031	0.13063927363440428	0.08471702943827092	0.2153563030726752
0.0006056056056056056	0.1303798027281545	0.08515336149640006	0.21553316422455454
0.0006081081081081081	0.1301213921951331	0.08558812220755374	0.21570951440268685
0.0006106106106106106	0.12986404529120138	0.0860212858815433	0.21588533117274467
0.0006131131131131132	0.12960776864068724	0.08645285453111953	0.21606062317180677
0.0006156156156156156	0.1293525596278533	0.08688279536800274	0.21623535499585606
0.0006181181181181181	0.1290984349848457	0.08731111247102454	0.2164095474558702
0.0006206206206206207	0.1288453836368627	0.08773777848239522	0.21658316211925793
0.0006231231231231231	0.12859341555282866	0.08816278409445436	0.21675619964728302
0.0006256256256256256	0.1283425433856842	0.08858611320930304	0.21692865659498725
0.0006281281281281282	0.1280927541761113	0.08900776008560674	0.21710051426171803
0.0006306306306306306	0.12784407005242365	0.08942769797287241	0.21727176802529607
0.0006331331331331331	0.1275964779606803	0.08984591343356058	0.21744239139424087
0.0006356356356356357	0.1273499907317964	0.09026239827360909	0.21761238900540547
0.0006381381381381381	0.12710461592382494	0.09067713445062991	0.21778175037445485
0.0006406406406406406	0.1268603500706266	0.09109010879282481	0.2179504588634514
0.0006431431431431432	0.12661719772662172	0.09150129665031606	0.21811849437693778
0.0006456456456456456	0.12637516479324082	0.09191069914186782	0.21828586393510863
0.0006481481481481481	0.12613425893323796	0.09231828336554074	0.2184525422987787
0.0006506506506506507	0.12589447882083538	0.09272404702400146	0.21861852584483682
0.0006531531531531532	0.125655827584657	0.09312796945003161	0.2187837970346886
0.0006556556556556556	0.12541831329983819	0.09353003735965622	0.21894835065949442
0.0006581581581581582	0.12518193297314328	0.09393022844866437	0.21911216142180767
0.0006606606606606607	0.12494670053658144	0.09432853714448615	0.2192752376810676
0.0006631631631631631	0.1247126122796227	0.09472493629670102	0.21943754857632372
0.0006656656656656657	0.12447967638262783	0.0951194266861678	0.21959910306879563
0.0006681681681681682	0.1242478931484475	0.0955119745469146	0.2197598676953621
0.0006706706706706706	0.12401726506696362	0.09590257617373875	0.21991984124070235
0.0006731731731731732	0.1237877999031215	0.09629120738120601	0.2200790072843275
0.0006756756756756757	0.12355950458878792	0.09667786533872323	0.22023736992751114
0.0006781781781781781	0.1233323766507208	0.09706251659490786	0.22039489324562866
0.0006806806806806807	0.12310641923500024	0.09744516550429566	0.2205515847392959
0.0006831831831831832	0.12288164373682739	0.09782577827957495	0.22070742201640234
0.0006856856856856856	0.12265804306525513	0.09820434692923725	0.22086238999449237
0.0006881881881881882	0.12243563389558883	0.09858085696960453	0.22101649086519337
0.0006906906906906907	0.1222144057458362	0.09895529453639466	0.22116970028223087
0.0006931931931931931	0.12199437910279909	0.0993276447807738	0.2213220238835729
0.0006956956956956957	0.12177554240363764	0.09969787653329756	0.2214734189369352
0.0006981981981981982	0.1215579105652704	0.1000659956825072	0.2216239062477776
0.0007007007007007007	0.12134147951523817	0.10043197414034863	0.22177345365558682
0.0007032032032032032	0.12112625654030539	0.10079579990101674	0.22192205644132212
0.0007057057057057057	0.12091224519353627	0.10115745917670764	0.22206970437024393
0.0007082082082082082	0.12069945454113871	0.10151693973035913	0.22221639427149786
0.0007107107107107107	0.12048787721754928	0.10187421325738394	0.22236209047493322
0.0007132132132132132	0.12027752882972538	0.1022292781775256	0.22250680700725098
0.0007157157157157158	0.12006840323808603	0.10258211219300133	0.22265051543108735
0.0007182182182182182	0.11986051206194318	0.10293271123570123	0.2227932232976444
0.0007207207207207207	0.11965385552960936	0.10328104088086953	0.2229348964104789
0.0007232232232232233	0.11944843430002337	0.10362710422629662	0.22307553852632
0.0007257257257257257	0.11924426652543663	0.10397087638680536	0.22321514291224198
0.0007282282282282282	0.11904133371748951	0.10431235188147246	0.22335368559896196
0.0007307307307307308	0.1188396574745317	0.10465151090812348	0.2234911683826552
0.0007332332332332332	0.118639238356404	0.10498833283934066	0.22362757119574467
0.0007357357357357357	0.11844007303325203	0.10532281261906257	0.2237628856523146
0.0007382382382382383	0.11824217495197509	0.10565493354836952	0.2238971085003446
0.0007407407407407407	0.11804554111439326	0.10598468376171345	0.22403022487610671
0.0007432432432432432	0.1178501784131763	0.10631204681261215	0.22416222522578844
0.0007457457457457458	0.11765609322533027	0.10663701247643208	0.22429310570176236
0.0007482482482482482	0.11746328132195567	0.10695955091534859	0.22442283223730425
0.0007507507507507507	0.11727175608320227	0.10727967691690031	0.22455143300010258
0.0007532532532532533	0.11708151506198351	0.10759735006719993	0.22467886512918345
0.0007557557557557557	0.1168925689123338	0.10791258221282318	0.22480515112515698
0.0007582582582582582	0.1167049164314949	0.10822533830881348	0.22493025474030837
0.0007607607607607608	0.1165185596146743	0.10853561619583496	0.22505417581050927
0.0007632632632632632	0.11633350599102658	0.10884339890125505	0.22517690489228165
0.0007657657657657658	0.1161497627512491	0.10914868232293601	0.22529844507418512
0.0007682682682682683	0.11596733048362809	0.10945144047949104	0.22541877096311913
0.0007707707707707708	0.11578621070788274	0.1097516766991493	0.22553788740703204
0.0007732732732732733	0.11560641417382102	0.11004937003831307	0.2256557842121341
0.0007757757757757758	0.11542793686755236	0.11034450498452722	0.22577244185207956
0.0007782782782782783	0.11525078850062463	0.11063707588150427	0.2258878643821289
0.0007807807807807808	0.11507497202557919	0.11092706846272272	0.22600204048830191
0.0007832832832832833	0.11490049483181008	0.1112144795919097	0.2261149744237198
0.0007857857857857858	0.1147273536997893	0.11149927971751004	0.22622663341729934
0.0007882882882882883	0.11455555618003324	0.11178147684223678	0.22633703302227004
0.0007907907907907908	0.11438511049718895	0.11206104611814996	0.2264461566153389
0.0007932932932932933	0.11421601546845353	0.11233799223222966	0.22655400770068318
0.0007957957957957958	0.11404828042048502	0.11261228521175629	0.2266605656322413
0.0007982982982982983	0.113881902216219	0.11288393139137008	0.22676583360758906
0.0008008008008008008	0.11371689324563315	0.1131529148110053	0.22686980805663845
0.0008033033033033033	0.11355325292773065	0.11341921853740143	0.22697247146513208
0.0008058058058058058	0.1133909869776179	0.11368284301532106	0.22707382999293896
0.0008083083083083083	0.11323009644743522	0.11394377298931892	0.22717386943675413
0.0008108108108108108	0.11307059443190565	0.11420200700173501	0.22727260143364064
0.0008133133133133133	0.11291247748516879	0.11445752018394391	0.2273699976691127
0.0008158158158158158	0.11275574981135149	0.1147103204612102	0.2274660702725617
0.0008183183183183183	0.1126004228935325	0.11496038554031189	0.2275608084338444
0.0008208208208208208	0.1124464929437987	0.11520771918794723	0.22765421213174591
0.0008233233233233233	0.11229396479146868	0.1154523070273446	0.2277462718188133
0.0008258258258258258	0.11214285419054293	0.11569413362906557	0.22783698781960848
0.0008283283283283283	0.11199315140988099	0.11593320555306595	0.22792635696294694
0.0008308308308308308	0.11184486749384026	0.11616950241750534	0.2280143699113456
0.0008333333333333334	0.11169800932590367	0.11640302774320054	0.2281010370691042
0.0008358358358358358	0.1115525779950126	0.11663376017165318	0.22818633816666578
0.0008383383383383384	0.11140857518383067	0.11686170998439928	0.22827028516822995
0.0008408408408408409	0.11126600936346041	0.11708686025785363	0.22835286962131404
0.0008433433433433433	0.11112488948627935	0.11730919776264555	0.2284340872489249
0.0008458458458458459	0.11098521199191087	0.1175287298408811	0.22851394183279197
0.0008483483483483484	0.11084698600322396	0.11774543959577047	0.22859242559899443
0.0008508508508508508	0.11071021258650171	0.11795933141994677	0.22866954400644848
0.0008533533533533534	0.11057490136053615	0.11817039237335537	0.22874529373389152
0.0008558558558558559	0.11044105052629322	0.11837860961480096	0.22881966014109417
0.0008583583583583583	0.11030867557093735	0.11858399564452106	0.22889267121545842
0.0008608608608608609	0.11017777009090204	0.11878653020823866	0.22896430029914072
0.0008633633633633634	0.11004834532308172	0.11898621532490664	0.22903456064798836
0.0008658658658658658	0.10992040076837441	0.11918304397993534	0.22910344474830974
0.0008683683683683684	0.10979394756374247	0.11937702141271786	0.22917096897646033
0.0008708708708708709	0.10966898751786001	0.11956812373863537	0.22923711125649537
0.0008733733733733733	0.10954552424919525	0.11975635754892444	0.2293018817981197
0.0008758758758758759	0.10942356270453411	0.11994172697769473	0.22936528968222886
0.0008783783783783784	0.1093031098062403	0.12012421376188487	0.22942732356812517
0.0008808808808808808	0.1091841706364314	0.12030382714045744	0.22948799777688883
0.0008833833833833834	0.1090667467996619	0.1204805531420171	0.229547299941679
0.0008858858858858859	0.10895084459032996	0.12065439478715917	0.2296052393774891
0.0008883883883883883	0.10883647581767643	0.12082534949468617	0.2296618253123626
0.0008908908908908909	0.10872363660274635	0.12099340942287613	0.22971704602562248
0.0008933933933933934	0.10861233265323207	0.1211585871963189	0.22977091984955098
0.000895895895895896	0.10850257073374603	0.12132085798917765	0.22982342872292366
0.0008983983983983984	0.10839436066513368	0.12148024034241739	0.22987460100755108
0.0009009009009009009	0.10828770404368573	0.12163672132098798	0.22992442536467372
0.0009034034034034035	0.10818260193755903	0.12179030010480073	0.22997290204235976
0.0009059059059059059	0.10807906116074857	0.12194098394698558	0.23002004510773416
0.0009084084084084084	0.10797709092080303	0.1220887579526093	0.23006584887341233
0.000910910910910911	0.10787669685710156	0.1222336351620363	0.23011033201913786
0.0009134134134134134	0.10777788094350867	0.122375611334829	0.23015349227833765
0.0009159159159159159	0.10768064693034049	0.12251467528774201	0.2301953222180825
0.0009184184184184185	0.1075849993249296	0.12265084268395098	0.2302358420088806
0.0009209209209209209	0.10749095198796209	0.12278410551306372	0.2302750575010258
0.0009234234234234234	0.10739849934777838	0.12291446310183406	0.23031296244961244
0.000925925925925926	0.10730765485872035	0.12304192385217715	0.2303495787108975
0.0009284284284284284	0.10721842200575125	0.12316647837986422	0.2303849003856155
0.0009309309309309309	0.10713080321249893	0.12328812905079922	0.23041893226329815
0.0009334334334334335	0.10704480542501396	0.1234068870675085	0.23045169249252245
0.0009359359359359359	0.10696043647625704	0.12352274118045253	0.23048317765670956
0.0009384384384384384	0.10687769935595316	0.12363570514754711	0.23051340450350027
0.000940940940940941	0.10679659576748807	0.12374576737712946	0.2305423631446175
0.0009434434434434434	0.10671713746821995	0.12385294058391894	0.2305700780521389
0.0009459459459459459	0.10663933182043549	0.12395722692454654	0.23059655874498203
0.0009484484484484485	0.10656317806240101	0.12405861993877551	0.23062179800117652
0.0009509509509509509	0.10648868198154016	0.12415712660005773	0.2306458085815979
0.0009534534534534534	0.10641585248576081	0.12425276086470438	0.23066861335046518
0.000955955955955956	0.10634469537423148	0.12434550430920265	0.23069019968343413
0.0009584584584584585	0.10627521324659131	0.12443537818285266	0.23071059142944397
0.0009609609609609609	0.10620741699573974	0.12452238315210185	0.23072980014784158
0.0009634634634634635	0.10614130333658177	0.12460651172058052	0.2307478150571623
0.000965965965965966	0.1060768863319753	0.12468777488737129	0.23076466121934658
0.0009684684684684684	0.10601417193465394	0.1247661852577646	0.23078035719241854
0.000970970970970971	0.10595315969991558	0.12484173139717146	0.23079489109708703
0.0009734734734734735	0.10589385611518934	0.12491442964644442	0.23080828576163376
0.000975975975975976	0.1058362714304184	0.12498427858204525	0.23082055001246365
0.0009784784784784785	0.10578040885288723	0.1250512860289767	0.23083169488186392
0.000980980980980981	0.10572627452395372	0.12511546008475563	0.23084173460870935
0.0009834834834834836	0.1056738761429886	0.12517680265808634	0.23085067880107493
0.000985985985985986	0.10562321792000177	0.12523530718887768	0.23085852510887944
0.0009884884884884884	0.10557430659849727	0.1252909957728284	0.2308653023713257
0.000990990990990991	0.10552714569659664	0.12534387028760668	0.23087101598420334
0.0009934934934934935	0.1054817406972125	0.1253939347590288	0.2308756754562413
0.000995995995995996	0.10543810142291724	0.12544119922225838	0.23087930064517562
0.0009984984984984986	0.10539623255384375	0.125485669787763	0.23088190234160674
0.001001001001001001	0.10535613888468527	0.12552734102703328	0.23088347991171854
0.0010035035035035034	0.10531782644421872	0.12556622794410857	0.2308840543883273
0.001006006006006006	0.10528130358457358	0.12560234612059415	0.23088364970516773
0.0010085085085085085	0.10524657165587782	0.12563568665013455	0.2308822583060124
0.001011011011011011	0.10521364026940051	0.12566627181139284	0.23087991208079334
0.0010135135135135136	0.10518251928538751	0.12569410042380902	0.23087661970919654
0.001016016016016016	0.10515320711166663	0.12571917237329092	0.23087237948495754
0.0010185185185185184	0.10512571323001324	0.12574151417081375	0.230867227400827
0.001021021021021021	0.10510004464961861	0.12576112563362152	0.23086117028324013
0.0010235235235235235	0.10507620353765489	0.12577800875920714	0.23085421229686204
0.001026026026026026	0.10505420048541787	0.12579216882640343	0.2308463693118213
0.0010285285285285286	0.10503404204168605	0.12580363120288912	0.23083767324457516
0.001031031031031031	0.10501573230262831	0.12581239293416305	0.23082812523679136
0.0010335335335335334	0.104999276804864	0.12581845667147223	0.23081773347633622
0.001036036036036036	0.10498468178916172	0.12582184966733578	0.2308065314564975
0.0010385385385385385	0.10497195403403742	0.1258225695958412	0.23079452362987862
0.001041041041041041	0.10496110067437128	0.12582062101481703	0.2307817216891883
0.0010435435435435436	0.1049521280433149	0.1258160153265345	0.2307681433698494
0.001046046046046046	0.10494504171601737	0.12580876804053934	0.2307538097565567
0.0010485485485485487	0.10493984850218714	0.12579888831490474	0.2307387368170919
0.001051051051051051	0.10493655444700921	0.125786376857717	0.2307229313047262
0.0010535535535535535	0.10493516423849947	0.12577125231398406	0.23070641655248353
0.0010560560560560562	0.1049356839527838	0.1257535259171886	0.2306892098699724
0.0010585585585585586	0.10493811993882012	0.12573319899035146	0.2306713189291716
0.001061061061061061	0.1049424826967276	0.1257102868378999	0.2306527695346275
0.0010635635635635637	0.10494877817008787	0.1256848029610013	0.23063358113108917
0.001066066066066066	0.10495700829395271	0.12565675528497164	0.23061376357892435
0.0010685685685685685	0.10496717935412256	0.1256261515947038	0.23059333094882636
0.0010710710710710712	0.10497929752841231	0.1255929977838756	0.2305722953122879
0.0010735735735735736	0.1049933731316316	0.12555731482541332	0.23055068795704492
0.001076076076076076	0.10500941328157193	0.12551911564572787	0.2305285289272998
0.0010785785785785787	0.10502742020708061	0.1254783995649764	0.230505819772057
0.001081081081081081	0.10504740008740804	0.12543518185545954	0.23048258194286758
0.0010835835835835835	0.10506936016562657	0.1253894840518121	0.23045884421743867
0.0010860860860860862	0.10509330735510206	0.1253413118713852	0.23043461922648725
0.0010885885885885886	0.10511924924232806	0.12529067374387068	0.23040992298619872
0.001091091091091091	0.1051471901852065	0.12523757704272334	0.23038476722792983
0.0010935935935935937	0.1051771349086227	0.1251820339348425	0.2303591688434652
0.001096096096096096	0.10520909203280039	0.12512406667690104	0.23033315870970145
0.0010985985985985985	0.10524306917632073	0.12506368549926286	0.2303067546755836
0.0011011011011011012	0.10527907074270011	0.1250008925580196	0.2302799633007197
0.0011036036036036036	0.10531710213036914	0.12493570392437144	0.23025280605474058
0.001106106106106106	0.1053571709906619	0.12486814016581894	0.23022531115648084
0.0011086086086086087	0.10539928427439284	0.12479820959729418	0.23019749387168703
0.0011111111111111111	0.10544344655662716	0.12472591934243561	0.23016936589906278
0.0011136136136136135	0.10548966283311244	0.12465128308660453	0.23014094591971695
0.0011161161161161162	0.1055379413952388	0.12457431295293062	0.2301122543481694
0.0011186186186186186	0.10558829074493796	0.1244950241199989	0.23008331486493686
0.001121121121121121	0.10564071447642998	0.12441343364283464	0.2300541481192646
0.0011236236236236237	0.10569521620387479	0.12432955114166976	0.23002476734554456
0.0011261261261261261	0.10575180380771221	0.12424338361894058	0.2299951874266528
0.0011286286286286285	0.10581048558486927	0.124154946515849	0.2299654321007183
0.0011311311311311312	0.10587126734680834	0.1240642593888807	0.22993552673568904
0.0011336336336336336	0.10593415356218952	0.12397133554203711	0.22990548910422665
0.001136136136136136	0.1059991494803582	0.12387618178202618	0.22987533126238438
0.0011386386386386387	0.10606626231561053	0.12377880716133453	0.22984506947694505
0.0011411411411411411	0.10613549947238607	0.12367923105795388	0.22981473053033996
0.0011436436436436436	0.10620686577565226	0.12357747210376868	0.22978433787942093
0.0011461461461461462	0.10628036611242991	0.12347354088608425	0.22975390699851417
0.0011486486486486486	0.10635600590368252	0.12336744881630798	0.2297234547199905
0.001151151151151151	0.10643379192669013	0.1232592084755716	0.22969300040226173
0.0011536536536536537	0.1065137306860906	0.12314883373196575	0.22966256441805635
0.0011561561561561561	0.10659582798791191	0.12303633641693015	0.22963216440484208
0.0011586586586586586	0.1066800896184538	0.12292173248013127	0.22960182209858507
0.0011611611611611612	0.10676652218268358	0.12280503756472562	0.2295715597474092
0.0011636636636636636	0.10685513024253142	0.12268626743398824	0.22954139767651965
0.001166166166166166	0.10694591895112913	0.12256543355735708	0.2295113525084862
0.0011686686686686687	0.10703889303532971	0.1224425482913773	0.229481441326707
0.0011711711711711711	0.10713405902884897	0.12231762489198066	0.22945168392082962
0.0011736736736736738	0.10723142286934212	0.12219067884058296	0.22942210170992508
0.0011761761761761762	0.10733099129288934	0.12206172462076037	0.2293927159136497
0.0011786786786786786	0.10743276847386488	0.12193077665270503	0.22936354512656992
0.0011811811811811813	0.10753675955789128	0.12179784922303705	0.22933460878092832
0.0011836836836836837	0.10764296947152498	0.12166295695176428	0.22930592642328926
0.0011861861861861861	0.10775140363565576	0.12152611461373222	0.22927751824938797
0.0011886886886886888	0.10786206739372489	0.1213873351754234	0.22924940256914828
0.0011911911911911912	0.10797496629480857	0.12124663238443077	0.22922159867923936
0.0011936936936936936	0.10809010585592256	0.12110401806482447	0.22919412392074703
0.0011961961961961963	0.10820749044025323	0.12095950820219299	0.22916699864244622
0.0011986986986986987	0.10832712496548519	0.12081311816861384	0.22914024313409903
0.0012012012012012011	0.10844901469233298	0.12066486293195798	0.22911387762429097
0.0012037037037037038	0.10857316449302123	0.1205147590534322	0.22908792354645344
0.0012062062062062062	0.10869957863346208	0.12036281903782427	0.22906239767128633
0.0012087087087087087	0.10882826176217109	0.12020905705759395	0.22903731881976502
0.0012112112112112113	0.10895921865342949	0.12005348728520103	0.22901270593863052
0.0012137137137137137	0.10909245438259635	0.11989612243721068	0.22898857681980703
0.0012162162162162162	0.10922797285482735	0.11973697816247936	0.2289649510173067
0.0012187187187187188	0.10936577851969241	0.11957606944594815	0.22894184796564054
0.0012212212212212212	0.10950587582676144	0.1194134109768166	0.22891928680357804
0.0012237237237237237	0.1096482700845985	0.1192490174442842	0.22889728752888272
0.0012262262262262263	0.10979296765274267	0.11908290470949373	0.2288758723622364
0.0012287287287287287	0.10993996958294075	0.1189150861852875	0.22885505576822823
0.0012312312312312312	0.1100892795935543	0.11874557626952338	0.22883485586307767
0.0012337337337337338	0.11024090140294492	0.11857438940260377	0.2288152908055487
0.0012362362362362362	0.11039483872947414	0.11840154002493107	0.22879637875440523
0.0012387387387387387	0.11055109529150356	0.11822704257690768	0.22877813786841122
0.0012412412412412413	0.11070967480739473	0.11805091149893596	0.22876058630633067
0.0012437437437437437	0.11087058099550921	0.11787316123141835	0.22874374222692756
0.0012462462462462462	0.1110338175742086	0.1176938062147572	0.2287276237889658
0.0012487487487487488	0.11119938826185445	0.1175128608893549	0.22871224915120936
0.0012512512512512512	0.11136729677680833	0.1173303396956139	0.22869763647242225
0.0012537537537537537	0.11153754683743179	0.11714625707393655	0.22868380391136833
0.0012562562562562563	0.11171014216208644	0.11696062746472523	0.22867076962681165
0.0012587587587587587	0.11188508646913381	0.11677346530838237	0.22865855177751618
0.0012612612612612612	0.11206239548147019	0.1165847877464016	0.2286471832278718
0.0012637637637637638	0.11224207756072799	0.11639461495258185	0.22863669251330984
0.0012662662662662662	0.11242411581440545	0.11620295404033903	0.22862706985474449
0.0012687687687687687	0.11260851145172099	0.11600981915909073	0.22861833061081172
0.0012712712712712713	0.11279526568189299	0.11581522445825453	0.2286104901401475
0.0012737737737737737	0.11298437971413985	0.11561918408724806	0.2286035638013879
0.0012762762762762762	0.11317585475767994	0.11542171219548893	0.22859756695316885
0.0012787787787787788	0.11336969202173168	0.1152228229323947	0.22859251495412639
0.0012812812812812813	0.11356589271551344	0.11502253044738305	0.2285884231628965
0.0012837837837837837	0.11376445804824362	0.11482084888987153	0.22858530693811513
0.0012862862862862863	0.11396538922914061	0.11461779240927773	0.22858318163841834
0.0012887887887887888	0.1141686874674228	0.1144133751550193	0.2285820626224421
0.0012912912912912912	0.11437435397230858	0.11420761127651383	0.2285819652488224
0.0012937937937937938	0.11458238995301635	0.11400051492317889	0.22858290487619526
0.0012962962962962963	0.11479279661876449	0.11379210024443213	0.2285848968631966
0.001298798798798799	0.1150055751787714	0.11358238138969114	0.22858795656846254
0.0013013013013013013	0.11522072684225546	0.11337137250837351	0.22859209935062896
0.0013038038038038038	0.11543825281843506	0.11315908774989686	0.22859734056833192
0.0013063063063063064	0.11565815431652862	0.11294554126367878	0.2286036955802074
0.0013088088088088088	0.1158804325457545	0.1127307471991369	0.2286111797448914
0.0013113113113113113	0.1161050887153311	0.1125147197056888	0.2286198084210199
0.001313813813813814	0.11633212403447682	0.11229747293275207	0.2286295969672289
0.0013163163163163163	0.11656153971241004	0.11207902102974436	0.2286405607421544
0.0013188188188188188	0.11679333695834915	0.11185937814608324	0.22865271510443239
0.0013213213213213214	0.11702752882369162	0.1116385617387726	0.22866609056246423
0.0013238238238238238	0.11726412004846905	0.11141658630352198	0.22868070635199103
0.0013263263263263263	0.11750309558776274	0.11119346202061679	0.22869655760837954
0.001328828828828829	0.11774445323347646	0.11096920223538154	0.228713655468858
0.0013313313313313313	0.11798819077751392	0.11074382029314073	0.22873201107065466
0.0013338338338338338	0.1182343060117789	0.11051732953921885	0.22875163555099776
0.0013363363363363364	0.11848279672817515	0.11028974331894037	0.2287725400471155
0.0013388388388388388	0.1187336607186064	0.11006107497762983	0.22879473569623623
0.0013413413413413413	0.11898689577497641	0.10983133786061171	0.22881823363558812
0.001343843843843844	0.11924249968918896	0.10960054531321048	0.22884304500239944
0.0013463463463463464	0.11950047025314775	0.10936871068075067	0.2288691809338984
0.0013488488488488488	0.11976080525875656	0.10913584730855677	0.22889665256731334
0.0013513513513513514	0.12002350249791915	0.10890196854195325	0.2289254710398724
0.0013538538538538539	0.12028855976253926	0.10866708772626463	0.22895564748880387
0.0013563563563563563	0.12055597484452062	0.10843121820681541	0.22898719305133602
0.001358858858858859	0.12082575059922515	0.10819437485991865	0.2290201254591438
0.0013613613613613614	0.12109787924732877	0.1079565701156695	0.2290544493629983
0.0013638638638638638	0.12137235612904633	0.1077178156538449	0.22909017178289123
0.0013663663663663664	0.12164917769283551	0.10747812428413656	0.22912730197697206
0.0013688688688688689	0.12192834038715389	0.10723750881623625	0.22916584920339014
0.0013713713713713713	0.1222098428773353	0.10699598179819582	0.22920582467553113
0.001373873873873874	0.1224936785555038	0.10675355623459454	0.22924723479009834
0.0013763763763763764	0.12277984311444057	0.10651024522832131	0.22929008834276188
0.0013788788788788788	0.12306833227952022	0.10626606171243362	0.22933439399195382
0.0013813813813813814	0.12335914334325271	0.10602101935418681	0.22938016269743952
0.0013838838838838839	0.12365227011768189	0.10577513163765563	0.22942740175533752
0.0013863863863863863	0.12394770711230851	0.10552840893224336	0.22947611604455187
0.001388888888888889	0.12424544937843715	0.10528086329096278	0.22952631266939993
0.0013913913913913914	0.12454549334210349	0.10503250616339127	0.22957799950549476
0.0013938938938938938	0.12484783119457432	0.10478334975647086	0.22963118095104518
0.0013963963963963964	0.12515245691822022	0.10453340753122102	0.22968586444944122
0.0013988988988988989	0.12545936480265799	0.10428269216053664	0.2297420569631946
0.0014014014014014013	0.12576854849004557	0.1040312175432056	0.22979976603325117
0.001403903903903904	0.12608000151331614	0.10377899452196217	0.22985899603527832
0.0014064064064064064	0.12639371860823356	0.10352603484214862	0.22991975345038218
0.0014089089089089088	0.12670969272532057	0.10327235073005633	0.2299820434553769
0.0014114114114114115	0.127027915121928	0.10301795375124231	0.2300458688731703
0.0014139139139139139	0.12734837788901704	0.10276285525445782	0.23011123314347487
0.0014164164164164163	0.1276710735723367	0.102507066266267	0.2301781398386037
0.001418918918918919	0.12799599500521372	0.10225059880998617	0.2302465938151999
0.0014214214214214214	0.12832313591670244	0.1019934656655582	0.23031660158226064
0.001423923923923924	0.1286524871728777	0.10173568038512557	0.23038816755800326
0.0014264264264264265	0.12898403989533552	0.10147725375277819	0.2304612936481137
0.0014289289289289289	0.12931778595412338	0.10121819555932711	0.2305359815134505
0.0014314314314314315	0.12965371496398256	0.10095851559713075	0.2306122305611133
0.001433933933933934	0.12999181692970677	0.10069822598574331	0.2306900429154501
0.0014364364364364364	0.13033208288761206	0.100437338396653	0.23076942128426506
0.001438938938938939	0.1306745046539126	0.10017586422048463	0.23085036887439722
0.0014414414414414415	0.13101907385154743	0.0999138158280573	0.23093288967960474
0.001443943943943944	0.13136577823438594	0.0996512069677419	0.23101698520212785
0.0014464464464464465	0.13171460615010702	0.09938804707182321	0.23110265322193024
0.001448948948948949	0.13206554845431803	0.09912434359048547	0.2311898920448035
0.0014514514514514514	0.1324185969877484	0.09886010445884968	0.2312787014465981
0.001453953953953954	0.13277373931273223	0.09859534523400312	0.23136908454673535
0.0014564564564564565	0.13313096094367838	0.09833008152378055	0.2314610424674589
0.001458958958958959	0.1334902506696816	0.09806432070750368	0.23155457137718527
0.0014614614614614615	0.13385160057014717	0.09779806922872514	0.2316496697988723
0.001463963963963964	0.13421499929018033	0.09753133770683478	0.2317463369970151
0.0014664664664664664	0.13458043101763068	0.09726414054253306	0.23184457156016375
0.001468968968968969	0.1349478826849148	0.09699648998264714	0.23194437266756196
0.0014714714714714715	0.13531734425993067	0.09672839331020526	0.2320457375701359
0.001473973973973974	0.13568880324121624	0.09645985920867874	0.23214866244989496
0.0014764764764764766	0.13606224430098052	0.09619089832394183	0.23225314262492236
0.001478978978978979	0.13643765435486754	0.0959215196445426	0.23235917399941014
0.0014814814814814814	0.1368150226173776	0.09565173628528914	0.23246675890266674
0.001483983983983984	0.1371943339291494	0.09538156266623928	0.2325758965953887
0.0014864864864864865	0.1375755707777351	0.09511100412179994	0.23268657489953504
0.001488988988988989	0.13795872080686353	0.09484006512274355	0.23279878592960707
0.0014914914914914916	0.1383437722243639	0.09456876026869827	0.23291253249306215
0.001493993993993994	0.13873070820695302	0.09429710545395735	0.23302781366091035
0.0014964964964964964	0.139119512890315	0.0940251046324092	0.2331446175227242
0.001498998998998999	0.1395101691548639	0.0937527618687439	0.2332629310236078
0.0015015015015015015	0.13990266352789743	0.09348009054685878	0.23338275407475623
0.001504004004004004	0.14029698643444294	0.09320710186105924	0.23350408829550218
0.0015065065065065066	0.1406931160033442	0.09293380785984753	0.23362692386319173
0.001509009009009009	0.14109103287576072	0.09266021954777005	0.2337512524235308
0.0015115115115115114	0.14149072061975426	0.09238633917873153	0.23387705979848578
0.001514014014014014	0.1418921662966094	0.09211217502790504	0.23400434132451442
0.0015165165165165165	0.14229535834817458	0.09183774374184862	0.2341331020900232
0.001519019019019019	0.14270027278997008	0.09156305279570723	0.2342633255856773
0.0015215215215215216	0.14310689056770765	0.09128810480159907	0.23439499536930672
0.001524024024024024	0.14351519438057844	0.09101291111174702	0.23452810549232544
0.0015265265265265264	0.14392516869366925	0.09073748288077522	0.2346626515744445
0.001529029029029029	0.14433679588846537	0.09046183015321264	0.234798626041678
0.0015315315315315315	0.1447500568359713	0.0901859615781677	0.23493601841413903
0.001534034034034034	0.1451649339583894	0.08990988151738573	0.23507481547577513
0.0015365365365365366	0.1455814078734142	0.08963360074109296	0.23521500861450717
0.001539039039039039	0.14599945820852767	0.08935713251962213	0.2353565907281498
0.0015415415415415416	0.1464190646259431	0.08908047960520266	0.23549954423114575
0.001544044044044044	0.14684020818288662	0.08880364942847097	0.2356438576113576
0.0015465465465465465	0.14726287069907118	0.08852665598211656	0.23578952668118774
0.0015490490490490492	0.14768703589175855	0.08824950542326128	0.23593654131501984
0.0015515515515515516	0.1481126765536834	0.08797220318319095	0.23608487973687436
0.001554054054054054	0.14853977370771798	0.08769475607995596	0.23623452978767395
0.0015565565565565567	0.148968309931414	0.08741717498366067	0.23638548491507466
0.001559059059059059	0.14939825666523454	0.08713947567073452	0.23653773233596906
0.0015615615615615615	0.1498296040202253	0.08686165536882148	0.23669125938904678
0.0015640640640640642	0.15026232680599397	0.08658372147030201	0.23684604827629596
0.0015665665665665666	0.1506963972967389	0.08630569293148761	0.2370020902282265
0.001569069069069069	0.1511318008533267	0.08602756891863193	0.23715936977195862
0.0015715715715715717	0.15156851126976448	0.08574935416081082	0.23731786543057531
0.001574074074074074	0.15200650739031604	0.08547105999062656	0.2374775673809426
0.0015765765765765765	0.1524457690398792	0.08519269865021874	0.23763846769009794
0.0015790790790790792	0.1528862731780158	0.08491427699558766	0.23780055017360346
0.0015815815815815816	0.15332799046264728	0.08463579166052893	0.2379637821231762
0.001584084084084084	0.15377090361512272	0.08435725996307182	0.23812816357819455
0.0015865865865865867	0.15421498894796942	0.08407869002224239	0.2382936789702118
0.001589089089089089	0.1546602245151207	0.08380008122612163	0.23846030574124233
0.0015915915915915915	0.1551065856990976	0.08352145012562451	0.2386280358247221
0.0015940940940940942	0.15555404616074459	0.0832428003150909	0.2387968464758355
0.0015965965965965966	0.15600258690961824	0.08296413140232611	0.23896671831194435
0.001599099099099099	0.1564521760949045	0.08268545765718237	0.23913763375208685
0.0016016016016016017	0.15690278822338302	0.08240678701392373	0.23930957523730675
0.001604104104104104	0.157354411631089	0.0821281256737191	0.2394825373048081
0.0016066066066066065	0.1578070120968185	0.08184947765822767	0.23965648975504616
0.0016091091091091092	0.15826056236728464	0.08157085474164272	0.23983141710892736
0.0016116116116116116	0.1587150436314464	0.08129225972678436	0.24000730335823076
0.001614114114114114	0.15917042569024803	0.08101369402748329	0.24018411971773132
0.0016166166166166167	0.15962668877168615	0.08073517136738666	0.2403618601390728
0.0016191191191191191	0.16008380104079808	0.08045669892959152	0.24054049997038962
0.0016216216216216215	0.16054173270914318	0.08017828162668526	0.24072001433582846
0.0016241241241241242	0.16100046950684208	0.07989992380380002	0.2409003933106421
0.0016266266266266266	0.16145998303046827	0.07962163573090535	0.24108161876137363
0.001629129129129129	0.1619202356885543	0.07934341821626634	0.24126365390482063
0.0016316316316316317	0.1623812083131067	0.0790652805781208	0.2414464888912275
0.0016341341341341341	0.1628428769601684	0.07878723451675253	0.24163011147692093
0.0016366366366366365	0.163305209012705	0.07850927427976263	0.24181448329246763
0.0016391391391391392	0.16376817806896835	0.0782314114255105	0.24199958949447886
0.0016416416416416416	0.16423176343480447	0.07795365563635785	0.2421854190711623
0.001644144144144144	0.1646959288731168	0.0776760115014443	0.2423719403745611
0.0016466466466466467	0.165160653468906	0.07739847679422758	0.24255913026313358
0.0016491491491491491	0.16562590717929865	0.07712106990864519	0.24274697708794385
0.0016516516516516516	0.16609165614056656	0.07684379003759548	0.24293544617816204
0.0016541541541541542	0.16655787643323075	0.07656663987312838	0.24312451630635912
0.0016566566566566566	0.16702454567750574	0.07628962864053053	0.24331417431803626
0.001659159159159159	0.16749163420645347	0.07601276614432985	0.2435044003507833
0.0016616616616616617	0.16795910593835767	0.07573604943882165	0.2436951553771793
0.0016641641641641641	0.1684269306318085	0.07545948875845097	0.24388641939025946
0.0016666666666666668	0.16889509150344192	0.07518308962105093	0.24407818112449287
0.0016691691691691692	0.16936355617653268	0.0749068544815555	0.2442704106580882
0.0016716716716716716	0.16983229130364477	0.07463079479649813	0.2444630861001429
0.0016741741741741743	0.1703012607013052	0.0743549089936546	0.2446561696949598
0.0016766766766766767	0.1707704534758338	0.07407920279847238	0.2448496562743062
0.0016791791791791791	0.17123983087702924	0.07380368586997602	0.24504351674700525
0.0016816816816816818	0.17170935902557005	0.07352836212956233	0.24523772115513237
0.0016841841841841842	0.17217901458393606	0.07325323037748195	0.24543224496141802
0.0016866866866866866	0.17264876713099472	0.07297830800626719	0.2456270751372619
0.0016891891891891893	0.17311858351969445	0.07270358841395494	0.24582217193364939
0.0016916916916916917	0.1735884337571656	0.07242907863296828	0.24601751239013386
0.0016941941941941941	0.1740582947389833	0.07215478801998411	0.24621308275896742
0.0016966966966966968	0.17452812907337678	0.0718807196955939	0.24640884876897068
0.0016991991991991992	0.17499791331515704	0.07160687386543836	0.24660478718059542
0.0017017017017017016	0.17546760213954984	0.07133326177817574	0.2468008639177256
0.0017042042042042043	0.17593719141120612	0.07105988377000907	0.2469970751812152
0.0017067067067067067	0.17640662728808937	0.07078674376825414	0.2471933710563435
0.0017092092092092091	0.1768758921736169	0.07051385102391042	0.24738974319752732
0.0017117117117117118	0.17734494840836068	0.07024120520031207	0.24758615360867275
0.0017142142142142142	0.17781376731680273	0.0699688099718671	0.24778257728866981
0.0017167167167167166	0.17828231589233448	0.06969667802152728	0.24797899391386174
0.0017192192192192193	0.17875057851583212	0.0694248030728494	0.24817538158868152
0.0017217217217217217	0.17921850504333195	0.06915319640198496	0.2483717014453169
0.0017242242242242242	0.17968606989970093	0.06888185963177829	0.24856792953147921
0.0017267267267267268	0.18015324797564175	0.06861079460582623	0.24876404258146798
0.0017292292292292292	0.18062000833047775	0.06834001007356678	0.24896001840404453
0.0017317317317317317	0.18108630628300743	0.06806950693442806	0.2491558132174355
0.0017342342342342343	0.181552135144481	0.06779928865598929	0.24935142380047032
0.0017367367367367367	0.1820174434782255	0.06752936654940789	0.24954681002763338
0.0017392392392392392	0.1824822038476011	0.0672597333680371	0.2497419372156382
0.0017417417417417418	0.18294639642847185	0.06699039468728447	0.24993679111575634
0.0017442442442442442	0.1834099722291804	0.06672136451020234	0.25013133673938276
0.0017467467467467467	0.1838729160018743	0.06645263698128356	0.25032555298315784
0.0017492492492492493	0.1843351937185676	0.06618421989307173	0.2505194136116393
0.0017517517517517517	0.18479676749917393	0.06591611334427354	0.25071288084344745
0.0017542542542542542	0.1852576078985416	0.06564832524934733	0.2509059331478889
0.0017567567567567568	0.1857176932357852	0.06538085836039297	0.25109855159617817
0.0017592592592592592	0.1861769770806336	0.0651137092121327	0.2512906862927663
0.0017617617617617617	0.18663544351883493	0.06484689026431062	0.25148233378314555
0.0017642642642642643	0.18709304769289345	0.06458040285034176	0.2516734505432352
0.0017667667667667667	0.18754977487421787	0.06431424638940886	0.2518640212636267
0.0017692692692692692	0.1880055763158628	0.06404843077088476	0.2520540070867475
0.0017717717717717718	0.1884604317400085	0.06378295110998626	0.25224338284999476
0.0017742742742742742	0.18891430808977164	0.06351781404682104	0.25243212213659266
0.0017767767767767767	0.18936717788474278	0.06325302739906805	0.2526202052838108
0.0017792792792792793	0.18981899992127604	0.06298858863874446	0.2528075885600205
0.0017817817817817817	0.19026975523442727	0.06272450251260021	0.2529942577470275
0.0017842842842842842	0.19071940355445854	0.06246077212000931	0.2531801756744679
0.0017867867867867868	0.19116791784474865	0.062197400281487576	0.25336531812623625
0.0017892892892892893	0.1916152762207918	0.06193439222867065	0.2535496684494625
0.001791791791791792	0.19206143593473535	0.061671745344128136	0.25373318127886346
0.0017942942942942943	0.19250636283829983	0.06140946530983325	0.25391582814813307
0.0017967967967967968	0.19295004238563276	0.06114756091922444	0.2540976033048572
0.0017992992992992994	0.1933924320831833	0.0608860223355981	0.2542784544187814
0.0018018018018018018	0.19383351028099313	0.06062486657630021	0.25445837685729333
0.0018043043043043043	0.19427323368728713	0.06036408520019973	0.25463731888748686
0.001806806806806807	0.1947115840705337	0.060103682374659344	0.25481526644519303
0.0018093093093093093	0.19514852840268307	0.05984366785240464	0.25499219625508773
0.0018118118118118118	0.1955840317648178	0.059584036518024124	0.25516806828284194
0.0018143143143143144	0.19601807096783944	0.05932479624286027	0.2553428672106997
0.0018168168168168168	0.19645060971401232	0.059065944719650695	0.255516554433663
0.0018193193193193193	0.19688162918160673	0.05880748549571164	0.25568911467731836
0.001821821821821822	0.19731108248300114	0.05854942519890889	0.25586050768191004
0.0018243243243243243	0.19773895565805727	0.058291760827291914	0.2560307164853492
0.0018268268268268268	0.19816521594105002	0.05803449705906443	0.25619971300011446
0.0018293293293293294	0.19858982615298074	0.05777763663401782	0.25636746278699857
0.0018318318318318318	0.19901276965205353	0.05752118046923462	0.25653395012128816
0.0018343343343343343	0.19943399767307787	0.05726513413692002	0.25669913180999787
0.001836836836836837	0.1998535095255557	0.05700949165354137	0.25686300117909705
0.0018393393393393393	0.2002712508326779	0.05675426213721202	0.25702551296988996
0.0018418418418418418	0.2006872060207459	0.0564994483259193	0.2571866543466652
0.0018443443443443444	0.20110134837824717	0.05624504681407329	0.25734639519232044
0.0018468468468468468	0.201513636041554	0.05599106459341992	0.25750470063497394
0.0018493493493493493	0.2019240581631095	0.05573749798198759	0.25766155614509706
0.001851851851851852	0.2023325678464748	0.055484352916264884	0.25781692076273965
0.0018543543543543544	0.2027391609599925	0.05523163389588294	0.25797079485587543
0.0018568568568568568	0.20314378652150133	0.05497933470232591	0.25812312122382725
0.0018593593593593594	0.20354643363234412	0.05472746642153965	0.2582739000538838
0.0018618618618618619	0.20394706346247857	0.054476020923447145	0.2584230843859257
0.0018643643643643643	0.2043456563162556	0.05422501092873888	0.25857066724499445
0.001866866866866867	0.20474217692375205	0.05397442583952133	0.25871660276327335
0.0018693693693693694	0.20513660583673518	0.05372427317581619	0.2588608790125514
0.0018718718718718718	0.20552892253273683	0.05347456034149493	0.25900348287423175
0.0018743743743743744	0.2059190869088955	0.05322527702827048	0.25914436393716594
0.0018768768768768769	0.20630707392172973	0.05297643649790907	0.2592835104196388
0.0018793793793793793	0.2066928650651899	0.05272803123821436	0.25942089630340426
0.001881881881881882	0.20707642953644598	0.0524800642507472	0.2595564937871932
0.0018843843843843844	0.20745775056385618	0.05223254044206909	0.2596902910059253
0.0018868868868868868	0.2078367870164962	0.05198545641343082	0.259822243429927
0.0018893893893893894	0.20821352541441923	0.051738819662326845	0.2599523450767461
0.0018918918918918919	0.20858793023507385	0.0514926258935017	0.26008055612857556
0.0018943943943943943	0.2089599896606178	0.05124687920842357	0.2602068688690414
0.001896896896896897	0.2093296745516609	0.05100157835734748	0.2603312529090084
0.0018993993993993994	0.20969695518199058	0.05075672347854686	0.2604536786605374
0.0019019019019019018	0.21006180567129423	0.050512320476205935	0.2605741261475002
0.0019044044044044044	0.21042421697505748	0.05026836598441477	0.26069258295947223
0.0019069069069069069	0.21078415252428098	0.05002486446411911	0.2608090169884001
0.0019094094094094093	0.21114158686725074	0.04978181514887487	0.2609234020161256
0.001911911911911912	0.21149650167807782	0.04953921441398987	0.26103571609206766
0.0019144144144144144	0.2118488756718005	0.04929706987961969	0.2611459455514202
0.001916916916916917	0.21219868602712072	0.04905538054909428	0.26125406657621497
0.0019194194194194195	0.2125459023618155	0.04881414591338901	0.26136004827520454
0.0019219219219219219	0.2128905155044169	0.04857336693721518	0.2614638824416321
0.0019244244244244245	0.21323248862372077	0.048333042023601426	0.2615655306473222
0.001926926926926927	0.2135718103749596	0.04809317646881747	0.26166498684377704
0.0019294294294294294	0.21390845477497505	0.04785376850016559	0.26176222327514065
0.001931931931931932	0.21424240090908792	0.04761481806751342	0.26185721897660136
0.0019344344344344345	0.21457362830748708	0.04737632656308229	0.2619499548705694
0.0019369369369369369	0.21490211495008843	0.04713829391417473	0.26204040886426316
0.0019394394394394395	0.21522784290578073	0.04690072237026458	0.26212856527604533
0.001941941941941942	0.21555078957835233	0.04666360608223214	0.26221439566058447
0.0019444444444444444	0.21587093494201814	0.046426952354698854	0.262297887296717
0.001946946946946947	0.21618825791211993	0.046190759489197424	0.26237901740131736
0.0019494494494494495	0.21650274364209388	0.04595502709167575	0.26245777073376964
0.001951951951951952	0.21681436897468978	0.045719757304752785	0.26253412627944256
0.0019544544544544545	0.2171231155968917	0.045484944205212666	0.2626080598021044
0.001956956956956957	0.21742896440299134	0.045250593456657794	0.26267955785964914
0.0019594594594594594	0.2177318985303284	0.045016705596286455	0.2627486041266148
0.001961961961961962	0.21803189884307653	0.04478327612541622	0.26281517496849277
0.0019644644644644643	0.21832894761214386	0.044550310293575805	0.26287925790571964
0.001966966966966967	0.2186230254366499	0.044317803003861095	0.26294082844051103
0.0019694694694694695	0.21891411922177065	0.04408575930686031	0.26299987852863094
0.001971971971971972	0.2192022086815802	0.04385417289882645	0.2630563815804066
0.0019744744744744744	0.21948727742208393	0.04362304703116574	0.26311032445324967
0.001976976976976977	0.21976930885831855	0.04339238456469446	0.263161693423013
0.0019794794794794797	0.22004828904557994	0.04316217891415251	0.26321046795973246
0.001981981981981982	0.2203242004155166	0.042932434760455246	0.26325663517597186
0.0019844844844844845	0.22059702691202232	0.04270314771251963	0.26330017462454197
0.001986986986986987	0.22086675353388982	0.04247431924929897	0.2633410727831888
0.0019894894894894894	0.2211333667159116	0.042245950135358916	0.26337931685127053
0.001991991991991992	0.2213968504262125	0.04201803746541313	0.2634148878916256
0.0019944944944944947	0.2216571913823481	0.041790583905254024	0.2634477752876021
0.001996996996996997	0.22191437286479865	0.04156358306377308	0.2634779559285717
0.0019994994994994996	0.22216838470579753	0.04133704167042406	0.2635054263762216
0.002002002002002002	0.22241921225496314	0.04111095238759705	0.2635301646425602
0.0020045045045045044	0.22266684137294787	0.040885316829404494	0.26355215820235234
0.002007007007007007	0.22291125783183188	0.04066013708575854	0.2635713949175904
0.0020095095095095097	0.22315245474235307	0.04043540715904948	0.26358786190140254
0.002012012012012012	0.2233904141583769	0.04021113201857115	0.26360154617694803
0.0020145145145145146	0.22362512569101062	0.03998730425506843	0.26361242994607903
0.002017017017017017	0.2238565786983546	0.03976392457087412	0.2636205032692287
0.0020195195195195194	0.2240847616298338	0.03954099658514931	0.26362575821498313
0.002022022022022022	0.22430966394404053	0.03931851351026632	0.26362817745430683
0.0020245245245245247	0.22453127294616934	0.039096479591028244	0.2636277525371976
0.002027027027027027	0.22474957933455653	0.03887488617887919	0.2636244655134357
0.0020295295295295296	0.22496457463503727	0.038653737120979755	0.263618311756017
0.002032032032032032	0.22517624763883193	0.03843303295016053	0.26360928058899247
0.0020345345345345344	0.22538458830455912	0.038212764926000856	0.26359735323056
0.002037037037037037	0.22558958742969587	0.03799294040167369	0.26358252783136954
0.0020395395395395397	0.225791238816364	0.03777354920672013	0.26356478802308414
0.002042042042042042	0.22598953064662108	0.03755459863032173	0.2635441292769428
0.0020445445445445446	0.22618445673392745	0.037336079060786856	0.2635205357947143
0.002047047047047047	0.22637600747589318	0.03711799176819032	0.2634939992440835
0.0020495495495495494	0.22656417831820433	0.03690033835860135	0.2634645166768057
0.002052052052052052	0.2267489590602501	0.03668311048178292	0.263432069542033
0.0020545545545545547	0.22693034427963474	0.036466312578322495	0.2633966568579572
0.002057057057057057	0.22710832494033076	0.03624993885317826	0.263358263793509
0.0020595595595595596	0.22728289888748537	0.03603398638776718	0.26331688527525254
0.002062062062062062	0.22745405714693234	0.035818457835762804	0.26327251498269516
0.0020645645645645644	0.22762179413069888	0.03560334672427821	0.2632251408549771
0.002067067067067067	0.2277861047629586	0.035388652601731074	0.26317475736468965
0.0020695695695695697	0.22794698562235544	0.03517437285284251	0.26312135847519796
0.002072072072072072	0.2281044298106489	0.034960507031801195	0.2630649368424501
0.0020745745745745746	0.22825843127825313	0.0347470488314035	0.26300548010965663
0.002077077077077077	0.2284089912780579	0.034533996685355166	0.26294298796341303
0.0020795795795795794	0.22855610187626296	0.03432135136554214	0.2628774532418051
0.002082082082082082	0.22869976018532837	0.034109106981550355	0.26280886716687873
0.0020845845845845847	0.22883996132476203	0.03389726306720723	0.2627372243919693
0.002087087087087087	0.22897670753970184	0.033685815912990816	0.26266252345269264
0.0020895895895895896	0.22910999036587146	0.03347475990097887	0.26258475026685035
0.002092092092092092	0.22923981098611923	0.03326409647321889	0.2625039074593381
0.0020945945945945945	0.2293661648811615	0.03305382096934426	0.26241998585050574
0.0020970970970970973	0.22948905377415707	0.03284392942103627	0.2623329831951933
0.0020995995995995997	0.22960847319185076	0.03263442044413135	0.26224289363598213
0.002102102102102102	0.22972442241487484	0.03242528840978767	0.26214971082466254
0.0021046046046046046	0.22983690084458536	0.03221653321554177	0.26205343406012716
0.002107107107107107	0.22994590963889014	0.03200814657203105	0.26195405621092116
0.0021096096096096095	0.23005144714633585	0.03180012925464621	0.26185157640098206
0.0021121121121121123	0.23015351118342672	0.03159247785674702	0.26174598904017377
0.0021146146146146147	0.23025210620511577	0.03138518426241461	0.26163729046753037
0.002117117117117117	0.230347230533386	0.031178251949167988	0.261525482482554
0.0021196196196196196	0.23043888587358705	0.030971668319733137	0.26141055419332015
0.002122122122122122	0.2305270710920181	0.030765434504042764	0.2612925055960609
0.0021246246246246245	0.23061179159928874	0.030559548360801474	0.26117133996009023
0.0021271271271271273	0.23069304659581655	0.030354000625975493	0.26104704722179206
0.0021296296296296298	0.2307708390284086	0.030148790840832787	0.2609196298692414
0.002132132132132132	0.23084516851229928	0.029943911740299214	0.2607890802525985
0.0021346346346346346	0.23091604291976062	0.029739362540628967	0.26065540546038957
0.002137137137137137	0.23098346094319225	0.02953513529537801	0.26051859623857027
0.0021396396396396395	0.23104742746401885	0.02933122569265382	0.2603786531566727
0.0021421421421421423	0.23110794452573422	0.029127631474069163	0.2602355759998034
0.0021446446446446448	0.2311650178755027	0.028924345117002467	0.2600893629925052
0.002147147147147147	0.23121864991357088	0.028721362395261442	0.25994001230883235
0.0021496496496496496	0.23126884437571923	0.028518679158565322	0.2597875235342846
0.002152152152152152	0.2313156094387906	0.028316287919368098	0.25963189735815867
0.0021546546546546545	0.23135894493109654	0.028114184740342316	0.2594731296714389
0.0021571571571571573	0.23139885944551353	0.027912364645157735	0.25931122409067126
0.0021596596596596598	0.23143535493296505	0.027710820218655133	0.2591461751516202
0.002162162162162162	0.23146844172285475	0.027509548457224708	0.25897799018007944
0.0021646646646646646	0.23149812189124547	0.02730853954111266	0.25880666143235814
0.002167167167167167	0.23152440242750136	0.027107789319449228	0.25863219174695057
0.0021696696696696695	0.23154728910439298	0.026907293892040475	0.2584545829964335
0.0021721721721721723	0.23156679081526818	0.02670704271491838	0.25827383353018657
0.0021746746746746748	0.23158291164255698	0.026507032313969888	0.25808994395652685
0.002177177177177177	0.23159566009043475	0.026307254131073234	0.25790291422150796
0.0021796796796796796	0.23160504329435383	0.026107703511486044	0.2577127468058399
0.002182182182182182	0.2316110692113878	0.02590837112830718	0.257519440339695
0.0021846846846846845	0.23161374423167577	0.02570924948446951	0.2573229937161453
0.0021871871871871874	0.23161307671066356	0.025510333781788287	0.25712341049245185
0.0021896896896896898	0.2316090773622712	0.025311615465566793	0.256920692827838
0.002192192192192192	0.23160175171291048	0.025113086049072	0.25671483776198245
0.0021946946946946946	0.2315911094479819	0.024914738858095555	0.2565058483060774
0.002197197197197197	0.23157716052381644	0.024716563565658333	0.25629372408947476
0.0021996996996996995	0.2315599126581871	0.02451855385633484	0.25607846651452193
0.0022022022022022024	0.23153937624454593	0.024320702522054	0.25586007876659994
0.002204704704704705	0.2315155585756662	0.02412299636747209	0.2556385549431383
0.002207207207207207	0.23148847454296623	0.023925431950196276	0.2554139064931625
0.0022097097097097096	0.2314581291651381	0.023727995919532754	0.25518612508467087
0.002212212212212212	0.23142453584703934	0.023530681666280025	0.25495521751331934
0.0022147147147147145	0.23138770215198548	0.02333347778344939	0.25472117993543486
0.0022172172172172174	0.2313476417388112	0.02313637417598052	0.2544840159147917
0.00221971971971972	0.23130436409219338	0.022939362611907477	0.25424372670410084
0.0022222222222222222	0.23125787921835714	0.022742431959560973	0.2540003111779181
0.0022247247247247246	0.23120820149474947	0.022545571221567137	0.2537537727163166
0.002227227227227227	0.2311553395135861	0.022348771626729998	0.2535041111403161
0.00222972972972973	0.23109930591229255	0.022152018036583728	0.2532513239488763
0.0022322322322322324	0.23104011298115965	0.02195530146971454	0.2529954144508742
0.002234734734734735	0.23097777224534566	0.02175861183542991	0.2527363840807756
0.0022372372372372372	0.23091229658611795	0.02156193391783699	0.25247423050395496
0.0022397397397397397	0.23084369693194517	0.02136525779072447	0.25220895472266963
0.002242242242242242	0.23077198763474507	0.02116856954988544	0.2519405571846305
0.002244744744744745	0.23069718192806635	0.02097185706413148	0.25166903899219784
0.0022472472472472474	0.23061929017308985	0.020775107215773914	0.25139439738886377
0.00224974974974975	0.23053832612020317	0.020578304181982542	0.25111663030218573
0.0022522522522522522	0.23045430632669314	0.020381436093270623	0.25083574241996376
0.0022547547547547547	0.23036724093011193	0.02018448881812205	0.250551729748234
0.002257257257257257	0.23027714522421058	0.019987445606643603	0.25026459083085417
0.00225975975975976	0.2301840301406693	0.019790293749638102	0.24997432389030738
0.0022622622622622624	0.23008791428641204	0.019593015732141474	0.24968093001855352
0.002264764764764765	0.22998880823375262	0.019395595652517333	0.24938440388626995
0.0022672672672672672	0.22988672678710004	0.019198018216429004	0.24908474500352903
0.0022697697697697697	0.22978168660883458	0.019000265888653053	0.24878195249748764
0.002272272272272272	0.22967369964822126	0.018802320608803262	0.24847602025702453
0.002274774774774775	0.229562780908045	0.018604166519893182	0.24816694742793818
0.0022772772772772774	0.2294489472474796	0.018405782367504474	0.2478547296149841
0.00227977977977978	0.2293322127897336	0.018207150905767487	0.24753936369550109
0.0022822822822822822	0.22921259068850092	0.018008253129851062	0.24722084381835197
0.0022847847847847847	0.22909009725935792	0.017809067721790084	0.246899164981148
0.002287287287287287	0.22896475135315192	0.01760957496757778	0.2465743263207297
0.00228978978978979	0.228836564011883	0.017409753874961884	0.24624631788684487
0.0022922922922922924	0.22870555280909896	0.01720958109001777	0.24591513389911673
0.002294794794794795	0.22857173151777763	0.017009036719689796	0.2455807682374674
0.0022972972972972973	0.22843512041872413	0.016808094364349768	0.2452432147830739
0.0022997997997997997	0.22829573201922415	0.01660673174319615	0.2449024637624203
0.002302302302302302	0.22815358176387265	0.01640492538485417	0.24455850714872682
0.002304804804804805	0.22800868981348754	0.016202648419407325	0.24421133823289487
0.0023073073073073074	0.22786106942096782	0.01599987465537294	0.24386094407634076
0.00230980980980981	0.22771073805729602	0.015796578644939132	0.24350731670223516
0.0023123123123123123	0.2275577114063595	0.01559272994184369	0.24315044134820318
0.0023148148148148147	0.22740200786407203	0.015388301817528684	0.2427903096816007
0.002317317317317317	0.22724364325159807	0.015183264925042047	0.24242690817664012
0.00231981981981982	0.22708263326932046	0.014977587092477334	0.2420602203617978
0.0023223223223223224	0.2269189977973375	0.01477123751216118	0.24169023530949868
0.002324824824824825	0.22675275171156634	0.014564184401285377	0.2413169361128517
0.0023273273273273273	0.22658391278108111	0.014356392257409534	0.24094030503849065
0.0023298298298298297	0.22641249631274257	0.014147828057194998	0.24056032436993757
0.002332332332332332	0.2262385243002753	0.013938454445827498	0.2401769787461028
0.002334834834834835	0.2260620108890976	0.013728234042726793	0.2397902449318244
0.0023373373373373374	0.22588297213601743	0.013517129340309823	0.23940010147632726
0.00233983983983984	0.2257014301200655	0.013305100495321305	0.2390065306153868
0.0023423423423423423	0.22551739870148374	0.013092104826946789	0.23860950352843052
0.0023448448448448447	0.22533089689020652	0.012878101401610163	0.2382089982918167
0.0023473473473473476	0.2251419428981485	0.012663044552770255	0.23780498745091877
0.00234984984984985	0.2249505539261482	0.012446888505734327	0.23739744243188254
0.0023523523523523524	0.22475674857837386	0.012229586422041463	0.23698633500041533
0.002354854854854855	0.22456054296568015	0.01201108903762003	0.23657163200330017
0.0023573573573573573	0.22436195844172743	0.011791344156067092	0.23615330259779452
0.0023598598598598597	0.22416101045403647	0.011570300299057115	0.2357313107530936
0.0023623623623623626	0.22395771903788522	0.01134790113411555	0.23530562017200077
0.002364864864864865	0.223752098433212	0.011124090044657238	0.23487618847786923
0.0023673673673673674	0.22354417379711142	0.01089880787613301	0.23444298167324443
0.00236986986986987	0.22333395741243323	0.010671992101480437	0.23400594951391365
0.0023723723723723723	0.22312146887200202	0.010443579270134132	0.23356504814213613
0.0023748748748748747	0.22290672916924412	0.010213502958052541	0.23312023212729666
0.0023773773773773776	0.2226897550490122	0.009981693100922255	0.23267144814993446
0.00237987987987988	0.22247056428763923	0.009748077692215423	0.23221864197985465
0.0023823823823823824	0.2222491760421637	0.009512582321526146	0.23176175836368987
0.002384884884884885	0.22202560910288197	0.009275127421491065	0.23130073652437302
0.0023873873873873873	0.22179988273923973	0.009035632096197376	0.2308355148354371
0.0023898898898898897	0.2215720128818709	0.008794011523193422	0.23036602440506432
0.0023923923923923926	0.22134202231868047	0.008550176570513058	0.22989219888919352
0.002394894894894895	0.22110992724782252	0.008304034208952295	0.2294139614567748
0.0023973973973973974	0.22087574552457978	0.008055489154981593	0.22893123467956136
0.0023998998998999	0.2206394963267192	0.0078044391248830135	0.22844393545160221
0.0024024024024024023	0.2204012009376318	0.007550778552221275	0.22795197948985307
0.0024049049049049047	0.2201608745422273	0.007294397446296019	0.2274552719885233
0.0024074074074074076	0.2199185385073872	0.007035180882651333	0.22695371939003856
0.00240990990990991	0.21967421057699274	0.006773007407974182	0.22644721798496692
0.0024124124124124124	0.2194279100121459	0.006507750505739763	0.22593566051788566
0.002414914914914915	0.21917965437594406	0.006239277359329961	0.22541893173527403
0.0024174174174174173	0.2189294643036223	0.005967448648664515	0.22489691295228684
0.0024199199199199197	0.21867735756363557	0.005692119883517484	0.22436947744715305
0.0024224224224224226	0.21842335265026572	0.005413136453359542	0.22383648910362525
0.002424924924924925	0.21816746894259414	0.005130337404096326	0.22329780634669047
0.0024274274274274274	0.21790972565397576	0.004843553837316699	0.22275327949129245
0.00242992992992993	0.21765014050194925	0.00455260895259646	0.2222027494545457
0.0024324324324324323	0.21738873380161083	0.004257314491693146	0.22164604829330398
0.0024349349349349347	0.21712552326902768	0.003957473140700015	0.2210829964097277
0.0024374374374374376	0.21686052741601003	0.0036528770661130748	0.22051340448212312
0.00243993993993994	0.21659376685646675	0.0033433079068831664	0.21993707476334992
0.0024424424424424425	0.21632525795343957	0.0030285340492929576	0.21935379200273253
0.002444944944944945	0.21605502121201867	0.0027083104936497116	0.2187633317056684
0.0024474474474474473	0.21578307473136646	0.0023823787513358383	0.2181654534827023
0.0024499499499499497	0.2155094373386244	0.002050467031422284	0.2175599043700467
0.0024524524524524526	0.2152341278836312	0.0017122855583852335	0.21694641344201643
0.002454954954954955	0.2149571649236046	0.0013683672420214362	0.21632553216562603
0.0024574574574574575	0.21467856731881024	0.0010145779255805786	0.21569314524439082
0.00245995995995996	0.21439835354089642	0.0006400362509772204	0.21503838979187365
0.0024624624624624623	0.2141165423149729	0.0002847183018221939	0.2144012606167951
0.0024649649649649647	0.21383315233616648	0	0.21383315233616648
0.0024674674674674676	0.2135482022599666	0	0.2135482022599666
0.00246996996996997	0.21326171026419463	0	0.21326171026419463
0.0024724724724724725	0.21297369519872725	0	0.21297369519872725
0.002474974974974975	0.2126841754207009	0	0.2126841754207009
0.0024774774774774773	0.21239316952732742	0	0.21239316952732742
0.00247997997997998	0.21210069580132138	0	0.21210069580132138
0.0024824824824824826	0.21180677274185908	0	0.21180677274185908
0.002484984984984985	0.21151141867140452	0	0.21151141867140452
0.0024874874874874875	0.21121465188354413	0	0.21121465188354413
0.00248998998998999	0.2109164907144032	0	0.2109164907144032
0.0024924924924924923	0.21061695334194153	0	0.21061695334194153
0.002494994994994995	0.21031605795020974	0	0.21031605795020974
0.0024974974974974976	0.21001382273311897	0	0.21001382273311897
0.0025	0.20971026576587287	0	0.20971026576587287