2.786977574885019e-6	0.4023270061853946
7.162087657391207e-6	0.4022572023059963
0.000011537356233411383	0.40218642252639103
0.000015912788868353087	0.4021146681766019
0.000020288391127656595	0.40204193978196495
0.000024664168576939175	0.4019682383555153
0.00002904012678158795	0.4018935646984313
0.00003341627131038527	0.4018179196250134
0.00003779260772815502	0.4017413043226445
0.00004216914161137453	0.40166371931452666
0.0000465458785098171	0.4015851656750002
0.000050922824006367945	0.40150564415186163
0.00005529998367160981	0.4014251558610897
0.00005967736307448497	0.4013437016786845
0.00006405496777556286	0.40126128237919495
0.00006843280335709775	0.40117789864423115
0.0000728108753897791	0.40109355173939304
0.0000771891894486689	0.40100824240401445
0.00008156775112709631	0.40092197163365495
0.00008594656597095831	0.4008347400952786
0.00009032563957059128	0.4007465490662767
0.0000947049775087726	0.40065739923191335
0.00009908458536761213	0.40056729148736175
0.00010346446873156781	0.40047622665394494
0.0001078446331814729	0.4003842058751661
0.00011222508428796405	0.40029122998855865
0.00011660582771007713	0.4001972997584683
0.00012098686896766445	0.40010241622796444
0.00012536821370597763	0.4000065805197068
0.00012974986746135806	0.399909793347505
0.0001341318358622565	0.39981205533950404
0.0001385141245076994	0.39971336793714046
0.00014289673900932031	0.39961373178335136
0.00014727968496312493	0.399513148051429
0.00015166296797989017	0.3994116171800779
0.00015604659368251826	0.3993091405431143
0.00016043056766678308	0.3992057192207135
0.00016481489555906983	0.3991013535946787
0.0001691995829997627	0.39899604487240814
0.00017358463558650705	0.3988897941727108
0.0001779700589486321	0.398782602089074
0.00018235585871956045	0.39867447002037726
0.0001867420405344198	0.3985653983966147
0.0001911286100413973	0.398455388476798
0.00019551557286669465	0.39834444121567664
0.00019990293470640118	0.39823255746893
0.00020429070112482368	0.39811973801863365
0.00020867887780939463	0.3980059842054118
0.00021306747043052393	0.39789129678856294
0.0002174564846318281	0.3977756767355882
0.0002218459260935141	0.3976591248769525
0.00022623580047613368	0.3975416425920168
0.0002306261134524453	0.3974232301924631
0.00023501687074121508	0.3973038874627661
0.00023940807795766114	0.3971836206209446
0.0002437997408371796	0.3970624237013968
0.00024819186505851005	0.3969403030079639
0.00025258445630605043	0.396817255789476
0.00025697752029959966	0.3966932847789633
0.0002613710627560397	0.39656839029690594
0.0002657650893626895	0.3964425757941722
0.0002701596058578864	0.3963158388794784
0.0002745546179435731	0.3961881822957506
0.00027895013137975384	0.39605960569983917
0.0002833461518906183	0.39593011217895085
0.00028774268518425017	0.39579970176759877
0.0002921397370442541	0.39566837379566205
0.00029653731322733034	0.39553613098870827
0.0003009354194479567	0.395402975116573
0.0003053340615349421	0.3952689030913194
0.00030973324520051926	0.39513392315288787
0.0003141329763136656	0.39499802920371635
0.0003185332605231391	0.3948612263811062
0.0003229341036741485	0.3947235133660403
0.0003273355115852751	0.39458489222701687
0.00033173749002914565	0.39444536438542627
0.00033614004484586315	0.3943049291849523
0.00034054318183864815	0.3941635907814947
0.00034494690682990197	0.3940213451242542
0.00034935122563395707	0.39387819941084773
0.0003537561441162014	0.39373414895151915
0.00035816166811737925	0.39358919819676924
0.0003625678034748265	0.39344334824929594
0.0003669745560582776	0.39329659713407206
0.00037138193173351304	0.39314894896966235
0.0003757899363619972	0.39300040486687154
0.00038019857587528983	0.3928509621912579
0.00038460785610944226	0.3927006240355478
0.00038901778298189483	0.3925493942104247
0.00039342836238721895	0.3923972701171882
0.0003978396002957561	0.3922442524807009
0.0004022515025440741	0.39209034648281793
0.00040666407514609545	0.39193554678819903
0.00041107732399228047	0.391779861937678
0.0004154912550577306	0.3916232866284154
0.0004199058742508519	0.3914658256901773
0.000424321187611819	0.3913074758251988
0.00042873720106903653	0.39114824456601655
0.00043315392064596135	0.39098812627984736
0.00043757135227027647	0.390827128833096
0.00044198950200730275	0.3906652452678768
0.00044640837585731974	0.39050248274323135
0.0004508279798291793	0.3903388403715399
0.0004552483199502331	0.3901743199625828
0.00045966940229675993	0.3900089196173864
0.00046409123298032207	0.3898426434707322
0.0004685138178856189	0.3896754933387518
0.00047293716318049607	0.3895074670198101
0.00047736127495249316	0.38933856528379823
0.0004817861592812612	0.38916879463883847
0.000486211822278514	0.38899815054592146
0.00049063827004114	0.3888266361503216
0.0004950655087121293	0.3886542512530055
0.0004994935444238682	0.3884809983372579
0.0005039223833342721	0.388306877875775
0.0005083520315737177	0.3881318933682235
0.0005127824953134233	0.3879560413078284
0.000517213780760391	0.3877793238230437
0.0005216458941072842	0.38760174607765946
0.0005260788414963353	0.387423304911217
0.0005305126291973913	0.3872440021435019
0.0005349472634253755	0.38706383959580304
0.0005393827503862862	0.3868828187759177
0.000543819096362032	0.38670093851563253
0.000548256307604165	0.3865182026446504
0.000552694390393915	0.386334609671952
0.0005571333510017536	0.38615016408997666
0.0005615731957365481	0.38596486343995046
0.0005660139309247273	0.38577870854196256
0.000570455562849772	0.3855917052257603
0.0005748980978878553	0.38540384804936345
0.0005793415423944163	0.3852151428158299
0.0005837859027017191	0.38502559005387577
0.0005882311851805287	0.38483519029598046
0.0005926773962163815	0.3846439424198771
0.0005971245422608435	0.384451848912047
0.0006015726297192304	0.3842589146149628
0.0006060216649755273	0.3840651331327683
0.0006104716544870003	0.38387051158378516
0.0006149226047404192	0.383675491889848
0.0006193745068288211	0.3834798677571857
0.0006238273977829539	0.38328140989924564
0.0006282812690249625	0.3830836493664839
0.0006327361268634357	0.38288483431308656
0.0006371919779436012	0.3826851837856363
0.000641648828796616	0.382484695359756
0.0006461066859751005	0.38228337779332183
0.0006505655560604184	0.3820812264057537
0.0006550254456204133	0.381878243722945
0.0006594863613083821	0.3816744286579722
0.0006639483097208406	0.3814697870006804
0.0006684112974877206	0.3812643183570967
0.0006728753312638817	0.3810580190342759
0.0006773404177170506	0.38085089580037534
0.0006818065635414894	0.3806429472727989
0.0006862737754271715	0.38043417500174437
0.0006907420601126066	0.38022458086370464
0.0006952114242772902	0.3800141657743505
0.0006996818747232556	0.3798029276976858
0.0007041534181946564	0.3795908724226404
0.0007086260615004622	0.3793779976077336
0.0007130998114056095	0.37916430611375457
0.0007175746747249055	0.3789497978765609
0.0007220506583809939	0.3787344754356465
0.000726527769071078	0.3785183380869078
0.0007310060138237993	0.37830138803960717
0.0007354853994385547	0.3780836268688089
0.0007399659328085251	0.3778650541935032
0.0007444476207293955	0.37764567418455547
0.0007489304704562146	0.37742548194489417
0.0007534144888294229	0.37720448388336364
0.0007578996829615353	0.37698268094030823
0.0007623860593037174	0.3767600714654936
0.0007668736256342498	0.37653665832678884
0.0007713623882204685	0.3763124408480225
0.0007758523549180769	0.37608742188938193
0.0007803435319721795	0.37586160400963364
0.0007848359273131278	0.37563498364689074
0.0007893295474548251	0.37540756526967023
0.0007938243996988571	0.37517935079056264
0.0007983204910492675	0.3749503395541937
0.000802817828990929	0.37472053251010146
0.0008073164205957943	0.3744899306008186
0.0008118162730529854	0.374258536706638
0.0008163173938006964	0.37402634857334804
0.0008208197896913238	0.37379337195525253
0.0008253234682283161	0.37355960461518534
0.000829828436726542	0.3733250494293027
0.0008343347024303432	0.3730897051274905
0.0008388422727291618	0.3728535736170681
0.0008433511550005783	0.3726166593752359
0.0008478613566437115	0.37237895859239034
0.0008523728850257609	0.3721404750958445
0.0008568857475473884	0.3719012098556951
0.0008613999517499604	0.3716611641616328
0.000865915505099986	0.3714203380394579
0.0008704324150082773	0.37117873150214564
0.0008749506890687826	0.37093634996794256
0.0008794703347906722	0.3706931906168731
0.0008839913597392084	0.37044925600702777
0.0008885137715365626	0.37020454775780465
0.0008930375778001476	0.36995906432098297
0.0008975627861230425	0.3697128098348409
0.0009020894042538797	0.36946578560856014
0.0009066174397972949	0.36921798947734774
0.0009111469005326903	0.3689694246292588
0.0009156777941502732	0.36872009426596425
0.0009202101283874253	0.36846999592192564
0.0009247439112181948	0.36821913153290425
0.0009292791503332233	0.36796750303482895
0.0009338158534279731	0.36771511268505347
0.0009383540285425086	0.36746195929134284
0.0009428936835019756	0.36720804416256964
0.0009474348261994614	0.36695337081197693
0.0009519774646249173	0.3666979374270294
0.0009565216067386402	0.3664417468915491
0.0009610672605468728	0.3661847992743996
0.0009656144340928844	0.36592709777110577
0.000970163135356375	0.36566864152961565
0.0009747133724934307	0.36540942968232437
0.0009792651534927441	0.36514946947677346
0.0009838184866537384	0.3648887566462854
0.0009883733800572167	0.3646272925089034
0.0009929298419089226	0.3643650827533761
0.0009974878804328308	0.36410212311894113
0.0010020475038152515	0.3638384189765358
0.0010066087205386435	0.3635739673179378
0.0010111715386217856	0.3633087728864617
0.0010157359665347808	0.3630428348542632
0.0010203020124956647	0.36277615486875725
0.0010248696852030662	0.36250873427004204
0.001029438992974327	0.3622405743998421
0.0010340099441557553	0.36197167598650026
0.0010385825473171097	0.36170203883259683
0.0010431568109865383	0.3614316658181734
0.001047732743634344	0.3611605589140255
0.0010523103539306735	0.3608887151567237
0.0010568896504280945	0.3606161420415497
0.0010614706418135336	0.36034283601343176
0.0010660533367175065	0.36006879750308163
0.0010706377438225011	0.3597940293902878
0.0010752238720855968	0.35951853487056723
0.0010798117300540673	0.35924231224089925
0.0010844013265700855	0.3589653637786593
0.0010889926705206663	0.3586876887011233
0.0010935857707940818	0.3584092908113926
0.0010981806362680988	0.35813016902894507
0.0011027772758921493	0.35785032776309705
0.0011073756986232101	0.35756976503561705
0.0011119759135413305	0.35728848129309143
0.0011165779296727716	0.3570064812474002
0.0011211817560367948	0.3567237626200119
0.0011257874017844753	0.35644032981831325
0.0011303948761207014	0.3561561790577996
0.0011350041881678808	0.35587131625152996
0.0011396153472508943	0.35558574065088866
0.0011442283625002897	0.35529945575351357
0.0011488432432685063	0.3550124562895046
0.00115345999907023	0.35472474906285656
0.0011580786390285478	0.35443633424308524
0.0011626991726176397	0.35414721411936384
0.001167321609324682	0.35385738465558375
0.0011719459586830173	0.3535668520369386
0.0011765722301641862	0.35327561675110714
0.001181200433379307	0.3529836765797249
0.0011858305779166335	0.35269103680193525
0.001190462673418837	0.3523976970116216
0.0011950967295731422	0.352103656798407
0.0011997327561342178	0.3518089199439616
0.0012043707628672925	0.3515134848515382
0.0012090107595772923	0.3512173549991938
0.0012136527561093034	0.3509205308871168
0.0012182967624440755	0.350623012420309
0.0012229427883423344	0.3503248012903582
0.0012275908439161587	0.3500258994853593
0.0012322409391348189	0.34972630870222265
0.001236893084094049	0.34942602707759735
0.0012415472889043798	0.34912505778452885
0.0012462035636861724	0.34882340400209727
0.001250861918648074	0.34852106358442164
0.0012555223640104978	0.3482180379356847
0.001260184910139144	0.3479143281614196
0.00126484956730228	0.34760993832115056
0.001269516345878884	0.3473048671723566
0.0012741852563111558	0.34699822170722444
0.0012788563448178326	0.34669044051850595
0.0012835295506603865	0.3463859999799632
0.0012882049197866278	0.3460777728315021
0.0012928824629185045	0.34576931159456276
0.0012975621907250396	0.3454601786771545
0.001302244113892825	0.3451503719870719
0.0013069282434504516	0.3448398914762905
0.0013116145896911765	0.3445287420636149
0.001316303163689515	0.34421692342008686
0.0013209939763842605	0.3439044346332404
0.0013256870387176672	0.3435912785794509
0.0013303823617058321	0.3432774560956272
0.0013350799563538178	0.3429619922481139
0.0013397798736731986	0.3426453592949541
0.0013444820454535408	0.34233256672500856
0.0013491865179527866	0.34201577493407553
0.0013538933113265792	0.3416983064872516
0.0013586024324562002	0.34138056580734083
0.0013633138926996554	0.34106211156515714
0.0013680277035119173	0.34074299855172996
0.001372743876340948	0.3404232310794851
0.0013774624227357265	0.34010280799269915
0.00138218335429579	0.33978173014933466
0.00138690668265672	0.3394600007062318
0.0013916324194787725	0.33913756131761463
0.0013963605790185487	0.33881443539238026
0.0014010911684200675	0.3384909162782341
0.0014058242017857712	0.33816655964239783
0.0014105596910893125	0.3378415842778384
0.001415297648182056	0.33751596108974674
0.0014200380852127292	0.3371896929406173
0.0014247810142265286	0.33686278384231044
0.0014295264474628343	0.3365352278428355
0.0014342743971201013	0.3362070332056088
0.001439024875482256	0.3358781982569985
0.0014437778949149837	0.33554872387703
0.0014485334677984448	0.3352186115185917
0.0014532916066704277	0.3348878603653108
0.0014580523240195977	0.33455647667291305
0.001462815632453923	0.33422445709544985
0.0014675815446368774	0.3338918036542528
0.0014723500734152627	0.3335585155479067
0.0014771212321021303	0.3332252883775725
0.00148189500294791	0.3328917944399207
0.0014866714575022864	0.3325538745310716
0.0014914506108736796	0.33221730558878887
0.0014962324153840187	0.33188299106397806
0.0015010169141516224	0.33154558478117707
0.0015058041204132615	0.33120790360538493
0.001510594047415897	0.33086959889559675
0.001515386708051625	0.33053067127574015
0.001520182116653947	0.3301911255553822
0.0015249802862557645	0.32985095624891864
0.001529781230501656	0.3295101695441801
0.0015345849628216712	0.3291687660794744
0.0015393914970249114	0.32882674399833767
0.0015442008468779108	0.3284841078166523
0.0015490130262269983	0.32814085762189094
0.0015538280489575099	0.3277969943388808
0.0015586459291463232	0.32745251640427103
0.0015634666808005484	0.3271074310801752
0.0015682903180977636	0.3267617335138201
0.0015731168552633409	0.3264154276562437
0.0015779463066107257	0.32606943055984167
0.0015827786462108476	0.3257233016927309
0.0015876139685648697	0.32537246481111387
0.001592452248546735	0.32502418729679833
0.0015972935006500902	0.3246748553343733
0.0016021377396291286	0.3243249225934106
0.0016069849803135993	0.3239743870149074
0.0016118352375584554	0.3236230837185542
0.0016166885338642027	0.3232710952114648
0.0016215448692386896	0.3229192695959668
0.0016264042663144188	0.32256625905928465
0.0016312667409422053	0.32221273841918624
0.0016361323071258664	0.3218586209051305
0.0016410009809046003	0.32150391260277766
0.0016458727777412534	0.32114861230651487
0.0016507477132967799	0.320792798907658
0.0016556257995324916	0.32043643468597105
0.0016605070593808647	0.3200791282598623
0.001665391505109466	0.319721510843525
0.0016702791526480903	0.3193632681637475
0.001675170018015451	0.3190044392542367
0.001680064117360739	0.3186450261485633
0.0016849614668468943	0.31828503301989974
0.0016898620827996303	0.31792445603616026
0.0016947659816642353	0.3175632972348193
0.0016996731799103241	0.3172015605159131
0.0017045836941440352	0.31683924552369164
0.001709497541166771	0.31647635350033926
0.001714414737576138	0.3161128841003773
0.0017193353004139962	0.3157487765284573
0.0017242592495458266	0.3153840666826552
0.0017291865962494413	0.31501906639088517
0.001734117360660266	0.3146532731144582
0.0017390515601558246	0.3142869389841279
0.0017439892120966274	0.3139200383889835
0.0017489303340470707	0.3135526244315951
0.0017538749409916853	0.31318467025027513
0.0017588230560365095	0.31281589386898756
0.0017637746944270095	0.31244675423745605
0.0017687298739302308	0.31207702253084446
0.0017736886127785302	0.31170672561402873
0.0017786509291105588	0.31133586970165694
0.0017836168412704487	0.3109644518912718
0.001788586367669837	0.3105924752682513
0.0017935595268485436	0.31021994031861616
0.0017985363374619734	0.30984684857115047
0.001803516818317288	0.30947319896452896
0.0018085009883162682	0.3090989966472425
0.0018134888664216324	0.30872423979220487
0.0018184804718182008	0.3083489299324704
0.0018234758238581802	0.3079730678282113
0.0018284749417548422	0.3075966565542417
0.001833477845098029	0.3072196963612158
0.0018384845535446132	0.3068421535015667
0.0018434950884620846	0.30646404835215724
0.0018485094665063426	0.3060855480973546
0.0018535277093344922	0.30570638462278893
0.0018585498371352378	0.30532669291286774
0.0018635758702122177	0.3049464843413319
0.0018686058277208855	0.30456575998399504
0.001873639732154261	0.30418438308253415
0.001878677604329246	0.3038025027821255
0.0018837194642039217	0.30342011600604635
0.001888765332886545	0.3030371850948774
0.0018938152315147213	0.30265371791586276
0.0018988691813187361	0.30226971727921537
0.001903927203747043	0.301885180959827
0.0019089893203547037	0.30150011302281904
0.001914055552808963	0.30111451451843785
0.0019191259230079039	0.3007283834928897
0.001924200452954466	0.300341724004288
0.0019292791647766347	0.2999545371090265
0.0019343620805694318	0.2995668213700721
0.0019394492232980758	0.2991785805907656
0.0019445406153100937	0.29878981433851554
0.0019496362793715578	0.29840052566584424
0.001954736238457767	0.29801071241405225
0.0019598405156654175	0.29762037862387564
0.00196494913422476	0.2972295248710888
0.0019700621176228484	0.29683816527091594
0.0019751794886018886	0.2964462979743338
0.001980301272542081	0.2960538411021539
0.0019854274925958414	0.2956609233729867
0.0019905581729288933	0.2952674832014295
0.001995693337658394	0.2948735280535161
0.0020008330113722487	0.2944790621973375
0.0020059772186448417	0.29408408718894713
0.002011125983979498	0.2936886082765215
0.00201627933290676	0.293292928915281
0.0020214372729313664	0.2928969314094055
0.00202659986419486	0.2924989194159476
0.002031767114946493	0.29210122002350614
0.0020369390689658796	0.29170267133623634
0.0020421157161392423	0.29130516661882333
0.0020472971006696666	0.29090493207203605
0.002052483303259312	0.2905038406900764
0.002057674241619003	0.290106886843294
0.0020628699967569553	0.28970584027216345
0.0020680705955459914	0.28930480785311397
0.0020732760651562764	0.288903276477825
0.0020784864328687136	0.28850125108715907
0.0020837017263705283	0.288098729691812
0.002088921973128418	0.28769571365044116
0.002094147201219255	0.2872922050371561
0.002099377438816628	0.28688820425981165
0.002104612714337407	0.2864841195873021
0.002109853034336636	0.28607974850245077
0.0021150984714138356	0.28567307467537745
0.0021203490328770714	0.2852673174290085
0.0021256047479896764	0.2848608751106632
0.0021308656462359016	0.28445380895547645
0.0021361317650104785	0.28404618596805625
0.0021414031191395195	0.2836387036458791
0.0021466797463266206	0.28323025811268787
0.002151961677545375	0.28282139960133246
0.002157248942536187	0.2824120614228267
0.0021625415727940093	0.2820022451907829
0.0021678395993421206	0.2815919511264378
0.0021731430537641466	0.2811811792221099
0.0021784519676826077	0.2807699345760826
0.0021837663731006053	0.2803582137132941
0.002189086302257206	0.2799460203389017
0.0021944117875776535	0.2795333549226102
0.0021997428618313326	0.2791202177078205
0.0022050795580838708	0.2787066121611317
0.0022104219095616046	0.2782925371539473
0.0022157699498726886	0.2778779943183531
0.0022211237128689004	0.2774629841433041
0.002226483232779338	0.2770475089472306
0.002231848543837554	0.2766315687717267
0.002237219680916395	0.27621516320323114
0.002242596678778777	0.2757983036467
0.002247979572352034	0.27538097812169854
0.0022533683983847774	0.27496319077101417
0.0022587631921565476	0.2745449477602832
0.002264163989783009	0.27412624395968244
0.0022695708279634524	0.2737070848504822
0.0022749837434721206	0.27328746960364747
0.002280402773445445	0.2728674009909862
0.002285827955370548	0.2724468784216654
0.002291259327215742	0.27202590287827394
0.00229669692681944	0.27160447758011014
0.0023021407928485974	0.271182599723534
0.0023075909640786355	0.2707602751981045
0.00231304747967024	0.2703386755503033
0.002318510308800645	0.26991722170735793
0.002323979631668195	0.2694900557457263
0.002329455418429009	0.2690665261199868
0.0023349377098571206	0.2686419718252788
0.0023404265467220926	0.26821689055633047
0.002345921975512527	0.2677913233362319
0.002351424027638943	0.2673657008741136
0.00235693275257841	0.2669393419750206
0.0023624481883217844	0.2665125862643164
0.002367970379990919	0.2660853934189051
0.0023734993707865064	0.26565776555353854
0.002379035204329576	0.26522970369698295
0.0023845779247388924	0.2648012058462282
0.0023901275764721757	0.2643722767239864
0.0023956842026076845	0.26394291671828757
0.0024012478520752823	0.26350960348862196
0.002406818789292122	0.2630740658561488
0.002412396621973446	0.2626538652096966
0.0024179816146832323	0.2622210541335295
0.002423573814395935	0.2617895534310258
0.002429173268880526	0.261357623024527
0.0024347800257026224	0.2609252793482858
0.00244039413371815	0.2604962425623945
0.002446015402155913	0.260068706852853
0.0024516443559197505	0.25962398119232016
0.0024572808095124307	0.25919178637084056
0.0024629248122004003	0.2587573494090673
0.002468576415366258	0.25832246439002604
0.0024742356704816598	0.2578871773035612
0.0024799026286426683	0.2574514919268023
0.00248557734309246	0.2570153659127917
0.00249125986595413	0.25657885546622505
0.002496950251283433	0.2561419058604409
0.0025026485529695617	0.25570455434124884
0.0025083548252888784	0.25526680053093875
0.0025140691235858706	0.2548286316097944
0.002519791503198449	0.25438997080366554
0.0025255220269130396	0.2539508427257804
0.0025312607391297782	0.2535117402561931
0.0025370077028228424	0.25307191620006725
0.002542762976763587	0.2526317105691558
0.0025485266199547912	0.25219112500954216
0.0025542986899416776	0.25175013867742463
0.0025600792474731846	0.25130874516868723
0.0025658683531740983	0.25086645583064837
0.002571666101900388	0.2504235236719217
0.002577472486767136	0.24998241777892535
0.00258328760592669	0.2495392026856288
0.0025891115214294797	0.24909583052803896
0.0025949442973965636	0.2486520578599667
0.0026007859981029	0.24820790461408843
0.002606636689335922	0.24776335845920155
0.002612496435726192	0.24731842319762284
0.0026183653045291824	0.2468731006171031
0.0026242433630946737	0.24642739250500914
0.002630130679490704	0.24598133647033799
0.0026360273199930546	0.24553542869669454
0.0026419333227909168	0.24508922305962055
0.002647848829405572	0.24464044539433047
0.002653773873707786	0.24419308568215004
0.0026597085284557876	0.24374506844716715
0.0026656528657961623	0.24329669207747828
0.0026716069601366195	0.2428478680202744
0.0026775708890506	0.2423986669233801
0.0026835447207706805	0.24194929596211404
0.002689528535733717	0.24149936962089671
0.002695522410553814	0.24104911454949185
0.0027015264234558135	0.24059848184492838
0.0027075406534254184	0.24014750824055733
0.002713565179390098	0.2396961761512354
0.002719600084594267	0.23924432713106072
0.00272564544869103	0.23879242200527165
0.0027317013417098353	0.2383395799197598
0.0027377679258927213	0.2378851579899216
0.002743845171476337	0.23743403320642964
0.002749933214316846	0.23698013139737828
0.002756032141453818	0.2365261937736723
0.0027621420408410788	0.23607190293811134
0.002768263001424589	0.23561725505020584
0.002774395113567586	0.23516224252837953
0.0027805384687145563	0.23470687296871778
0.00278669315914887	0.23425115392793458
0.002792859278669129	0.23379507599918298
0.002799036922059493	0.2333386467438966
0.002805226185187422	0.2328818699442667
0.002811427165632092	0.2324247306899972
0.002817639961971349	0.23196724401781593
0.002823864673944966	0.23150941370429184
0.0028301014024154415	0.23105123981291464
0.002836350250245117	0.2305927094548568
0.0028426113206009456	0.23013318450646159
0.0028488847730763545	0.22967295874218088
0.002855170606910211	0.2292153857874388
0.002861468983185083	0.22875516494351167
0.0028677800109600136	0.22829492628895298
0.0028741038022846903	0.22783434858965915
0.002880440468862993	0.22737343930144616
0.0028867901247042523	0.22691218948424619
0.0028931528857723304	0.22645060660251715
0.0028995288681209317	0.2259886944667649
0.002905918188178263	0.22552643882812234
0.002912320972347366	0.22506385797579606
0.0029187373392893317	0.22460095390807602
0.0029251674131070817	0.22413771249818118
0.002931611319260474	0.2236741447859322
0.0029380691853112613	0.2232102492497251
0.002944541139985737	0.2227467656653889
0.002951027251943499	0.22228331643731322
0.002957527778597408	0.2218162995981824
0.0029640427928283816	0.22135147613501638
0.0029705724315814267	0.22088597082973097
0.002977116833781142	0.22042014845161842
0.002983676140113797	0.21995401637019785
0.0029902504936891155	0.21948756616932774
0.002996840039644596	0.21902406605301478
0.0030034446334439367	0.2185618901928223
0.003010065006209123	0.21808478175223656
0.003016701020083195	0.21761869942575704
0.0030233528295554707	0.21714848401152154
0.003030020791684987	0.21667907598238034
0.003036704463519875	0.2162203415534566
0.0030434046087732293	0.21574373729019844
0.003050121190333865	0.21527561309499924
0.0030568543756278486	0.21480607509046917
0.003063604333466258	0.21433625154289945
0.0030703712363103135	0.21386611913478062
0.00307715525871737	0.21339569883552773
0.003083956578454086	0.2129249776580237
0.003090775376331027	0.21245396129694802
0.0030976118353085486	0.21198266551862358
0.0031044661425752838	0.21151106069240924
0.0031113384877842405	0.2110391726909766
0.003118229063751538	0.21056700048139332
0.003125138068296702	0.21009453974804873
0.0031320656978914545	0.20962178624191277
0.0031390121567211487	0.20914876393398865
0.003145977651342946	0.20867536125951966
0.0031529624010497867	0.20820161088826047
0.003159966603243756	0.20772796585918885
0.003166990482628301	0.207253783687901
0.0031740342602298794	0.20677953104596414
0.003181098144997448	0.2063050966813981
0.003188182397317801	0.20582968751796898
0.003195287236404068	0.20535451407274832
0.003202412899894381	0.20487900932526992
0.0032095596294323806	0.20440066214885108
0.003216727940800628	0.20392073459443563
0.003223917551043158	0.20345209266205633
0.003231128981464791	0.2029742565820774
0.0032383624929077847	0.20249743055361966
0.0032456183511528013	0.20202034598757052
0.0032528968270513483	0.2015430087738661
0.0032601981963270472	0.20106542004559919
0.0032675227411361656	0.20058756991768636
0.003274870747612026	0.20010948171449366
0.00328224250940678	0.1996316084028529
0.00328963827143061	0.1991537478140886
0.003297058443802548	0.1986734810272493
0.0033045032854038775	0.1981946461837967
0.0033119731117321914	0.19771533161322305
0.0033194682478258045	0.19723576971621362
0.0033269890229553688	0.19675598826804386
0.0033345357754625917	0.19627595168316614
0.003342108848961389	0.19579570464593293
0.0033497085957584576	0.1953152210084187
0.003357335374402779	0.19483450091309523
0.0033649895520972226	0.1943535674025151
0.0033726715040973236	0.19387240387104926
0.003380381613285599	0.19339101969182565
0.003388120272436889	0.19290942269852546
0.0033958878822875713	0.1924276071667013
0.0034036848507871687	0.19194558101403036
0.0034115115985026714	0.19146334616574645
0.003419368554057155	0.1909808941553826
0.003427256155446066	0.1904982509148933
0.003435174852217568	0.1900153902482389
0.003443125103812878	0.18953233662895944
0.003451107380649257	0.1890490907481884
0.0034591221644328014	0.18856564750100804
0.0034671699496512842	0.18808200339641346
0.003475251241113044	0.1875981887085333
0.00348336655792938	0.18711417224680477
0.003491516431084715	0.1866299814126642
0.0034997014057426197	0.18614560717591017
0.0035079220402254732	0.18566106528107648
0.0035161789079166577	0.18517634547907644
0.0035244725968480335	0.1846914564272404
0.0035328037112370442	0.18420639821222443
0.003541172870032462	0.1837211896067583
0.0035495807092872115	0.1832358037523972
0.0035580278844558446	0.18275028234668805
0.00356651506799266	0.18226608791466095
0.003575042739722854	0.18178246547138016
0.0035836120292476376	0.18129053140945303
0.003592223658310397	0.1808030651606043
0.0036008779708950663	0.18032116120064448
0.0036095759449360264	0.17983405830604623
0.0036183183762144777	0.17934772550446168
0.003627106058735641	0.17886118991092076
0.003635939911904007	0.17837360228560403
0.0036448207417305203	0.17788724265917102
0.0036537494458332813	0.17740044950921904
0.0036627269618244337	0.17691334127654168
0.003671754243550654	0.17642618372996294
0.00368083227526807	0.1759389366604019
0.003689962073572291	0.17545159716366318
0.0036991446888575115	0.17496417477523243
0.0037083812051379446	0.17447669263454185
0.0037176727442420824	0.1739891376561028
0.003727020465670634	0.17350151325477534
0.0037364255699724727	0.17301383376945167
0.003745889298782738	0.1725261176626793
0.0037554129380403664	0.17203835834094597
0.003764997821678297	0.17155055492625093
0.003774645331423841	0.17106273060048643
0.0037843568996383313	0.17057489552405844
0.003794134014549955	0.17008704053171517
0.003803978219428841	0.16959919347878352
0.0038138911202625363	0.16911133946817355
0.0038238743836777615	0.16862334911324914
0.003833929775165365	0.16813531708569407
0.0038440590358443903	0.16764809569807518
0.0038542640848649693	0.16716022050028195
0.00386454687800168	0.1666725683957559
0.0038749094596725723	0.1661849744720667
0.003885353961764865	0.16569746311969893
0.0038958826125161886	0.16521004773188427
0.003906497739965702	0.16472273723126776
0.003917201780381801	0.16423554121736994
0.003927997282583056	0.16374848877465253
0.0039388869184990806	0.16326157333221175
0.003949873490145953	0.16277482292619178
0.003960959936557608	0.16228826623494721
0.003972149347422907	0.16180189931713698
0.0039834449717938165	0.1613157477513696
0.00399485022944418	0.16082983557124816
0.0040063687247507964	0.16034417927988184
0.004018004259844599	0.15985880147250045
0.004029760852241749	0.1593737162934621
0.0040416427484415395	0.15888896959548793
0.00405365444656899	0.15840456504753675
0.0040658007156335356	0.15792053705027928
0.004078086618806977	0.15743691687377842
0.00409051754083123	0.156953732905482
0.004103099213798756	0.1564710310961348
0.004115837755434447	0.15598881690053926
0.0041287396998845914	0.15550715768051676
0.0041418120418290055	0.15502608201116175
0.004155062283047847	0.15454562988999068
0.004168498484603147	0.15406585291325395
0.004182129326265662	0.1535868063563323
0.004195964176459937	0.15310853917241538
0.004210013170182399	0.15263111082683675
0.0042242873004009	0.15215458370255763
0.004238798521720241	0.15167903410154854
0.004253559873666815	0.151204533442613
0.004268585622525315	0.15073117324971944
0.004283891427917847	0.1502590478141746
0.004299494545804307	0.1497882442516035
0.004315414057005389	0.14931890391432004
0.00433167115872608	0.14885112132847672
0.0043482895003614085	0.1483850636262149
0.004365295602087233	0.1479208863583328
0.004382719368040733	0.14745876385693799
0.004400594722402914	0.14699890320460104
0.0044189604056560335	0.1465415490782392
0.004437860992470436	0.14608696143839026
0.004457348197479906	0.14563546019647455
0.004477482585113129	0.1451874225904995
0.004498335842661573	0.14474329308799327
0.004519993872976283	0.14430358338985508
0.004542561072252062	0.1438689558467834
0.004566166437467035	0.1434402097253625
0.0045909725137151195	0.14301835091211032
0.004617189073137166	0.14260359669990938
0.004645095500369054	0.1421981285409322
0.0046750749041035745	0.14180964991850545
0.004707684054273007	0.14143513291362822
0.0047437812797677895	0.14108324692393748
0.004784830909525496	0.14075524993569058
0.0048337338943285225	0.14048086720174688
0.004898279186684832	0.1403255605104204
0.005185699000621628	0.14216242643529584
0.00525003922529249	0.14314659636893232
0.005298737446557919	0.14405276724241278
0.005339582534355184	0.14491422133202633
0.0053754754395521475	0.14573767030589643
0.005407880491079644	0.1465405565658542
0.005437656103361295	0.14732492063878438
0.005465358873600827	0.14810102380799586
0.005491371997753361	0.1488657812766962
0.005515974860507874	0.14962047945669454
0.005539377227055685	0.1503675572559791
0.00556174165663346	0.15110802888099806
0.005583197138970752	0.1518426932179419
0.005603848070573117	0.1525721765097813
0.005623780354017237	0.1532970256275482
0.0056430656766773305	0.15401767577085365
0.0056617646029844225	0.15473449027048827
0.00567992884763216	0.1554477794905783
0.005697602985348957	0.1561578257264527
0.0057148257565574866	0.15686485282328227
0.005731631085520685	0.15756906286141323
0.005748048876387333	0.15827064134252997
0.0057641056494395085	0.15896975058134616
0.0057798250539992085	0.15966650394241477
0.0057952282873638536	0.1603610608975637
0.005810334430396682	0.1610535041090291
0.005825160739066811	0.16174395091634045
0.0058397228729563265	0.16243249077677527
0.005854035098589317	0.16311919843569112
0.005868110455447438	0.16380415463955902
0.005881960898143239	0.16448742118771706
0.005895597419719018	0.16516906267178671
0.00590903015526779	0.16584913600776102
0.005922268473135626	0.16652769977793963
0.005935321053205577	0.16720479710544478
0.005948195956595942	0.16788046729163103
0.005960900685117484	0.1685547551352013
0.005973442233505085	0.16922771145016258
0.0059858271360123515	0.16989933935007112
0.005998061510331094	0.1705697037067652
0.006010151088628861	0.17123882078408012
0.006022101255704796	0.1719067215349394
0.006033917074641651	0.17257342979313106
0.006045603314822015	0.17323896233515956
0.006057164474313086	0.17390336598742517
0.006068604799572662	0.1745666386147944
0.006079928308235515	0.17522880973216856
0.0060911388024744205	0.17588989701512392
0.00610223988675035	0.17654992235242534
0.006113234980887338	0.17720889715670568
0.006124127333995153	0.17786682904673096
0.006134920035557727	0.17852375594911518
0.0061456160252264256	0.17917967832845838
0.006156218104806453	0.17983459564299745
0.006166728946297007	0.18048854365547276
0.006177151098564336	0.18114151760460442
0.006187486997825537	0.18179353270249282
0.0061977389724856445	0.18244460361151016
0.006207909249583311	0.1830947388827169
0.00621799996327442	0.18374393383896132
0.006228013156991462	0.1843923909111795
0.006237950786563836	0.1850391653829901
0.006247814771175184	0.1856858881257626
0.006257606852073608	0.18633163899121258
0.006267328794747541	0.18697633126265473
0.006276982266276495	0.18762012398524835
0.006286568872143463	0.18826304946974995
0.0062960901559525615	0.1889050921380065
0.0063055476059919345	0.1895462766213108
0.006314942654745226	0.19018660557225547
0.006324276684388224	0.19082606664525084
0.0063335510281022885	0.19146467352012986
0.006342766972427573	0.1921024456730373
0.006351925758936358	0.19273937433635027
0.006361028587772857	0.19337545480983678
0.006370076619816419	0.19401069402637622
0.006379070976171171	0.19464511678519633
0.006388012740984187	0.19527870729021338
0.006396902964732758	0.19591146443143
0.006405742664131576	0.1965434005257392
0.0064145328236203955	0.19717456900314867
0.006423274397034508	0.19780468280205538
0.006431968322070061	0.19843361806683663
0.006440615496495458	0.19906323127663444
0.006449216726363697	0.19969099241424426
0.006457772931172691	0.20031785417322528
0.006466284904987025	0.20094490718950056
0.0064747534437879445	0.20156550486721506
0.006483179525490324	0.20219165096448644
0.006491563494266459	0.20282213341685956
0.006499906071924726	0.20344269995750275
0.00650820838563891	0.20406327002948094
0.006516470920251202	0.20468469098712647
0.006524694348534874	0.2053053356957051
0.006532879320486694	0.20592516264377855
0.006541026475571934	0.2065442067641929
0.006549136432431604	0.20716245178513132
0.006557209795415582	0.20777990216798037
0.006565247152580004	0.20839655261028095
0.006573249077542271	0.20901241882084373
0.006581216128672692	0.20962748724732333
0.006589148851217534	0.21024177194522978
0.006597047776264893	0.21085524599620836
0.006604913423096876	0.21146794803104427
0.006612746296532811	0.2120798476270239
0.0066205468912272705	0.21269095210797467
0.006628315688988351	0.21330127048525682
0.006636053160290082	0.213910805156986
0.006643759764695975	0.21451953169854093
0.006651435951935298	0.21512748248774644
0.0066590821598692795	0.21573463123305137
0.0066666988187844035	0.21634099020089784
0.006674286345614982	0.2169465598771721
0.006681845152007302	0.2175513339185458
0.006689375638763414	0.21815532123574893
0.006696878196429842	0.2187585153988151
0.006704353209190174	0.21936090815820067
0.0067118010523909526	0.21996252043223702
0.006719222092048098	0.22056332841332513
0.006726616689457022	0.22116333400930036
0.006733985195698718	0.22176256868215136
0.006741327954549969	0.2223609839942031
0.006748645304379597	0.22295862192864968
0.006755937574663418	0.2235554529551895
0.0067632050892131755	0.22415121660439594
0.006770448166289122	0.22474807169761388
0.006777667063560004	0.22534168819432088
0.006784862191259488	0.225934798156882
0.006792033794418721	0.22652763102363424
0.006799182166707541	0.2271196769597512
0.006806307594586222	0.2277109110127781
0.0068134103602197835	0.2283013457034528
0.006820490739454852	0.22889098105114916
0.0068275490032688735	0.22947981165535325
0.006834585417560879	0.2300692732831048
0.006841600243283951	0.23064782638764425
0.006848594001788478	0.2312386374316298
0.006855566410427498	0.23182715153863886
0.006862517985013755	0.2324119433852089
0.006869448967311727	0.23299585477110332
0.006876359595082288	0.23357952860935094
0.0068832500876576915	0.23416159519988153
0.006890120705463983	0.23474295358754255
0.00689697165774469	0.2353237305608431
0.006903803165597484	0.2359033983198113
0.006910615453825519	0.23648268568802605
0.006917408719966095	0.2370610800033376
0.006924183183430585	0.2376385450342358
0.00693093905089579	0.23821520794123732
0.006937676523162916	0.2387910422363656
0.0069443958039077346	0.239366053406413
0.006951097087532857	0.23994024698592803
0.006957780566973816	0.24051362476470606
0.006964446432008	0.2410861579789124
0.006971094869980718	0.24165788082435416
0.0069777260638642525	0.24222877595226164
0.0069843401948044125	0.24279883742664113
0.006990937440583137	0.24336808049687364
0.006997517975919917	0.2439364818370419
0.007004081973389389	0.24450406839555822
0.007010629601925643	0.24506955899066415
0.007017161029106892	0.24564419380903893
0.0070236762175593685	0.24619803556184425
0.007030175931900539	0.24676351911862066
0.007036659728898921	0.24732943040230904
0.007043127965823953	0.2478901565919997
0.007049580797238077	0.24846292952287533
0.007056018085443607	0.24901823768578024
0.007062440561585501	0.24957456657477645
0.0070688480813829455	0.25013376315724095
0.007075240790203113	0.25069211195553065
0.007081618831191441	0.25124962282003127
0.007087982345138553	0.25180628763303975
0.0070943314711393824	0.25236169164922767
0.007100666346274195	0.25291910647385024
0.007106987043429209	0.2534719769523658
0.0071132938203945124	0.2540244026386869
0.0071195867458352085	0.25457681301919616
0.007125865948645508	0.25512836646986303
0.0071321315564983724	0.2556790649147977
0.007138383695021978	0.2562288959663544
0.007144622488340957	0.25677787588113293
0.007150848061409413	0.2573260025464275
0.007157060528714391	0.2578732552925482
0.007163260012051309	0.2584196504946862
0.007169446629176767	0.2589651839518931
0.007175620495396511	0.25950984729607457
0.00718178172488511	0.2600536508367686
0.007187930430496804	0.26059658619940834
0.007194066722370492	0.2611390194716817
0.007200190710720233	0.26167795425534757
0.007206302556807345	0.2622194303802884
0.007212402259982174	0.26275962614922943
0.007218489979997577	0.26329820730781467
0.0072245658200524926	0.2638359010264585
0.0072306298833693895	0.2643727220779697
0.00723668227078659	0.2649086704635323
0.007242723082299542	0.2654437419508426
0.007248752416552728	0.2659779194677005
0.007254770371308504	0.2665112200753572
0.007260777042440052	0.2670436395204443
0.007266772525111519	0.2675751692398587
0.0072727569131328645	0.268105820011391
0.007278730298946793	0.2686355832684851
0.0072846927741623815	0.2691644503983714
0.007290644429250149	0.26969243009050065
0.0072965853533354	0.27021952676496
0.007302515634394973	0.2707461023891861
0.007308435359795046	0.27126903113546713
0.007314344665482644	0.2717952400405476
0.007320243521826948	0.2723191667480637
0.007326132093447521	0.2728415450481324
0.0073320104460003815	0.2733633793648079
0.007337878659057841	0.27388414416823
0.007343736821078722	0.27440402022703214
0.007349585008581644	0.2749230276051338
0.007355423300794421	0.27544112443456303
0.0073612517758972614	0.27595836651753064
0.0073670705107605075	0.27647449536453284
0.007372879585808276	0.27698995074308025
0.0073786790697030116	0.2775044963189624
0.007384469040046537	0.27801805155941445
0.007390249571366473	0.27853071749679276
0.007396020735970481	0.2790421538008004
0.007401782606779987	0.27955472783700847
0.007407535217686622	0.2800638882441474
0.00741327871057384	0.28057222961760775
0.00741901312368476	0.28108026057515195
0.007424738523434359	0.2815874151601193
0.007430454978044617	0.2820936505001742
0.007436162554989911	0.28259896458292283
0.007441861320395659	0.2831033553965743
0.007447551341591075	0.28360681863272325
0.007453232683349099	0.28410936838562617
0.007458905410018295	0.28461098194925355
0.007464569585862829	0.2851119370158274
0.0074702252753205845	0.2856100071783597
0.007475872572208854	0.2861096812006799
0.007481511471940785	0.28660814251530214
0.007487142069700378	0.2871051029121907
0.00749276442620548	0.28760111973414865
0.007498378600809737	0.28809620032744176
0.007503984654295507	0.28859036850353664
0.007509582644233825	0.28908362242533026
0.007515172629453881	0.2895755744343267
0.00752075467333068	0.2900670766453278
0.007526328820268105	0.29055756697686025
0.007531895133216147	0.2910470174783877
0.007537453667661173	0.2915355157456753
0.0075430044790823865	0.2920230764554075
0.007548547621843606	0.2925097000957293
0.007554083150176376	0.292995344268774
0.007559611118185055	0.2934800714339471
0.007565131578131308	0.2939638175819669
0.0075706445834128975	0.29444663106353586
0.007576150185287066	0.29492850763884054
0.007581648435279572	0.2954093949666122
0.0075871393851103	0.29588724846277054
0.007592623084925727	0.2963789040726751
0.007598099347721563	0.2968504892077728
0.0076035686994056825	0.2973233089811227
0.007609030949343998	0.29779941892125344
0.007614486146526984	0.2982745797871954
0.007619934338708007	0.29874877294817215
0.007625375573790852	0.2992239808620972
0.007630809898838311	0.2996843451995626
0.007636237578689278	0.30016170496437394
0.0076416582209945655	0.3006360508499623
0.007647072094134218	0.30110541595766743
0.0076524792399806	0.30157381267568395
0.0076578797053292805	0.3020412406830406
0.007663273534786519	0.30250769472628847
0.007668660772605393	0.3029731772153915
0.0076740414625336975	0.3034376871104959
0.007679415648015029	0.3039012221393828
0.007684783369803783	0.30436382834444836
0.007690144675027291	0.30482511926476225
0.007695499608804386	0.3052858705019875
0.0077008482025215114	0.30574559183326
0.007706190502935689	0.3062042367767623
0.007711526551248144	0.30666123917105936
0.0077168563879989015	0.3071219028080229
0.007722179983926973	0.30757559006885044
0.0077274975190119504	0.3080289678617726
0.0077328089626674335	0.3084826944207738
0.007738114354243203	0.3089354370063562
0.007743413732649842	0.30938718910111257
0.007748707136460292	0.30983795408086046
0.00775399460416278	0.3102877284742931
0.007759276173632936	0.3107365113590742
0.007764551882489046	0.3111843036056831
0.00776982176802241	0.3116311022653748
0.007775085867321796	0.3120769084878248
0.007780344216836151	0.3125217162536783
0.007785596853153288	0.3129655316098589
0.007790843812787661	0.31340834776810766
0.007796085130511737	0.313850160246515
0.007801320842233799	0.31429098288695917
0.007806550982982906	0.31473080296196715
0.00781177558768733	0.3151696211800534
0.007816994691041565	0.31560743773563005
0.007822208327244265	0.3160442502417015
0.007827416530325404	0.3164800583939465
0.007832619333967053	0.3169148605943295
0.007837816771700172	0.3173486583839248
0.00784300887658593	0.3177814480908036
0.007848195681565405	0.31821322970771987
0.007853377219305815	0.3186440029745727
0.007858553522152575	0.31907376396423115
0.007863724622236778	0.3195025169027822
0.007868890551366886	0.3199302562916022
0.007874051341106986	0.3203569824316927
0.007879207022941691	0.3207826953681633
0.007884357627405083	0.3212073935714246
0.007889503186312445	0.3216311529685418
0.007894643729777948	0.3220533499835543
0.007899779295750418	0.3224752366071994
0.007904909899145362	0.32289602217096347
0.007910035577529338	0.3233156311353635
0.007915156360533209	0.32373399449533036
0.007920272277567298	0.3241529274817544
0.007925383336089751	0.3245687823865818
0.007930489608691643	0.32498384469976255
0.007935591102384202	0.3253983439261703
0.007940687845553717	0.32581181787534924
0.00794577986656625	0.32622426644323255
0.007950867193369777	0.3266356876435535
0.007955949854165695	0.3270460803057533
0.007961027876480448	0.327455447053796
0.007966101287746044	0.3278637826715175
0.007971170115263817	0.3282716681514265
0.007976234386089505	0.3286744571367713
0.007981294181358699	0.3290814624102171
0.00798634941873378	0.3294870325054876
0.007991400179587192	0.3298890501227672
0.007996446507843013	0.330291784064943
0.008001488393539827	0.33069309328793683
0.008006525880824521	0.33109429190271744
0.008011558977983904	0.33149274964079145
0.008016587745418505	0.3318903848797137
0.008021612190564745	0.33228733083981027
0.008026632339209794	0.3326832449784437
0.008031648215900617	0.3330781218024782
0.008036659845630735	0.3334719599990279
0.00804166725273886	0.33386475519738434
0.008046670461901589	0.334256499424192
0.008051669497264487	0.33464726266499495
0.008056664382099187	0.33503690006848474
0.008061655141956411	0.33542550455350306
0.008066641799721058	0.3358130786712326
0.008071624379028013	0.33619960697077456
0.008076602903253875	0.33658508928731184
0.008081577395648363	0.33696952155328413
0.008086547879325204	0.3373529066991173
0.008091514377152631	0.3377352417824803
0.00809647691221658	0.3381165277965006
0.008101435506587132	0.3384967609640817
0.008106390183009715	0.33887594342077904
0.00811134096375486	0.3392540744958497
0.008116287870979367	0.33963115014254325
0.008121230926708847	0.3400071730928379
0.008126170152767051	0.3403821426984348
0.008131105570859817	0.34075605492194777
0.008136037202572178	0.34112891281458574
0.008140965069283485	0.34150071376257807
0.008145889192293818	0.3418714494682849
0.008150809592613923	0.34224116286709316
0.008155726290847062	0.34260985796326127
0.0081606393076191	0.34297736755966657
0.008165548665637939	0.3433438460948642
0.008170454384185927	0.3437092929178369
0.008175356483724631	0.34407369581303004
0.008180254984577433	0.344436903651537
0.008185149908565911	0.3447992183896648
0.008190041272462733	0.34516045268840356
0.008194929097788482	0.3455205842809166
0.008199813404361541	0.34587965170034435
0.008204694211727703	0.3462376552802779
0.008209571539571062	0.34659459218827726
0.008214445407250127	0.34695046219702
0.008219315834007703	0.3473052642166892
0.008224182839077266	0.3476590009332952
0.008229046441425558	0.3480116672100437
0.008233906660034805	0.34836326488417146
0.008238763513666512	0.3487137928914608
0.008243617021024479	0.34906325134255717
0.008248467200671133	0.34941163743893927
0.008253314071067289	0.34975895510001254
0.008258157650515768	0.3501051980306559
0.008262997957208001	0.3504503368112746
0.00826783500939237	0.35079462844492726
0.008272668822288444	0.3511375595086134
0.008277499419120801	0.3514794465995518
0.008282326815051089	0.3518203204533603
0.008287151027751405	0.352160122301393
0.008291972074748882	0.3524988815048012
0.008296789973549141	0.3528363166824914
0.008301604744415629	0.35317299081433906
0.0083064163987853	0.3535085556874562
0.008311224956657206	0.3538429719218236
0.0083160304349928	0.3541763082504672
0.008320832850957995	0.35450856579550216
0.008325632221277015	0.3548397439087972
0.008330428562681997	0.35516984373269334
0.008335221891807323	0.3554988616599086
0.008340012225225162	0.3558267961710561
0.008344799579396309	0.356153652305811
0.008349583970617998	0.3564794261685037
0.008354365415168286	0.35680411625958286
0.008359143929229873	0.3571276798026258
0.008363919528850277	0.3574504681800857
0.008368692226436584	0.35777177798869464
0.008373462044899957	0.3580920467025895
0.008378228996655681	0.3584113171246654
0.008382993097333915	0.3587295020694805
0.00838775436254683	0.3590466036844348
0.008392512807115768	0.35936261599673275
0.008397268447877991	0.3596776364699748
0.008402021299467134	0.35999091439123204
0.008406771384646175	0.3603039516225586
0.00841151870356286	0.36061580435560603
0.008416263278848656	0.36092638169691243
0.008421005125495375	0.3612358680551322
0.008425744258460656	0.36154426656491
0.008430480692478471	0.3618510735407447
0.008435214442486709	0.36216030824602097
0.008439945483341642	0.3624638904930965
0.008444673909672741	0.3627669103873759
0.008449399695695735	0.36306985777547895
0.008454122855833569	0.3633717141195803
0.00845884340445088	0.363672475907552
0.008463561355863045	0.3639721494106654
0.008468276724219898	0.3642707274500642
0.008472989523699185	0.3645682126535511
0.008477699768336764	0.36486460489003275
0.00848240747211552	0.36515990496224876
0.008487112648911374	0.36545410876535084
0.008491815312515997	0.3657472192689876
0.008496515476819901	0.36603923667888694
0.008501213155411882	0.36633015505478006
0.008505908362454117	0.3666199814015528
0.008510601110435997	0.3669087113169392
0.008515291413348124	0.36719634504353077
0.00851997928459999	0.3674832695579463
0.008524664737529669	0.3677663672427537
0.00852934781540198	0.36805155792683786
0.008534028470645388	0.36833784044016465
0.008538706718524658	0.3686188236425372
0.008543382629347389	0.3688991115657711
0.008548056188089142	0.3691790671294482
0.008552727407067657	0.36945792182176396
0.008557396299135857	0.3697356775050918
0.008562062877066217	0.37001233292561897
0.008566727153614664	0.3702878927642529
0.00857138914139494	0.370562351098178
0.008576048853044431	0.37083570982341957
0.008580706301098699	0.37110796833373016
0.0085853614980397	0.3713791266603274
0.008590014456268929	0.37164918765630456
0.008594665188112183	0.37191814321597794
0.008599313705931574	0.37218600092218723
0.008603960021886658	0.37245275736981975
0.008608604148112585	0.3727184104288156
0.008613246096884438	0.37298299318949474
0.008617885880151195	0.3732462656343484
0.0086225235121265	0.37350871832981114
0.008627159000132592	0.37377002909590656
0.008631792358443786	0.3740301732481632
0.008636423598895729	0.3742892160970515
0.008641052733244298	0.37454715522421084
0.008645679773225152	0.37480399074702103
0.00865030473047444	0.37505972500163737
0.008654927616580195	0.3753143543146232
0.008659548443116968	0.37556781953884893
0.008664167221561547	0.3758206067488306
0.008668783958750977	0.37607227240534197
0.008673398675298523	0.37631916853910385
0.008678011417391754	0.3765699069972176
0.008682622117000473	0.3768189858738449
0.008687230825169113	0.37706588853544104
0.008691837553049293	0.3773116865572986
0.008696442311781408	0.3775563801297654
0.008701045112438839	0.3777999672109921
0.008705645966052554	0.37804244991944247
0.008710244883331436	0.37828382973619246
0.008714841875674242	0.37852410239520135
0.008719436953747835	0.37876326908025204
0.008724030128377002	0.3790013332168678
0.008728621410267954	0.3792387750358498
0.008733210810126521	0.3794717068665315
0.008737798374359632	0.37970793175776063
0.008742384042154295	0.3799425501486553
0.008746967859872713	0.38017508399752253
0.008751549838059779	0.3804065116514813
0.008756129987191769	0.3806368356319657
0.008760708317724583	0.38086605266794177
0.008765284840026973	0.381094162723654
0.008769859564483215	0.3813211654415244
0.008774432501407156	0.38154706434514163
0.008779003661025755	0.3817718571456672
0.008783573053588668	0.3819955415677852
0.008788140689280119	0.38221812083790657
0.008792706578237641	0.382439594299858
0.008797270730423905	0.3826599609850478
0.008801833156074662	0.3828792202535091
0.008806393865128012	0.38309737341741473
0.008810952867533962	0.38331442114328484
0.008815510173206342	0.3835303608575638
0.008820065792069634	0.38374519552010883
0.008824619733890317	0.38395892223647826
0.008829172008521178	0.38417154268224396
0.008833722625692235	0.38438305853067767
0.008838271595114622	0.38459346527331556
0.008842818926497149	0.38480276656422735
0.008847364629476098	0.38501096311567395
0.008851908713601035	0.3852180494510944
0.008856451188489866	0.3854240312102614
0.008860992063516641	0.38562890715993164
0.008865531348429852	0.3858326783743726
0.008870069052470505	0.3860353387282181
0.008874605185112744	0.38623689521145466
0.008879139755751629	0.38643734529722534
0.008883672773659888	0.38663669107182835
0.008888204248152561	0.38683492739931974
0.008892734188535128	0.38703205966703724
0.008897262603914833	0.38722808438187994
0.008901789503604688	0.3874230053031234
0.00890631489670629	0.38761681861791747
0.008910838792342352	0.3878095251407998
0.00891536119960177	0.3880011283144612
0.008919882127471128	0.3881916246687978
0.008924401585038585	0.38838101668158687
0.008928919581226536	0.3885693015495009
0.008933436124989464	0.3887564814353885
0.008937951225172465	0.3889425551956229
0.00894246489090096	0.3891275259936543
0.008946977130737386	0.3893113917009504
0.008951487953551487	0.38949415053660114
0.008955997368205447	0.38967580337025415
0.008960505383399637	0.38985635537704716
0.008965012007817665	0.39003579980519665
0.008969517250152638	0.3902141411980976
0.008974021119054707	0.3903913787761159
0.008978523623151593	0.39056751078427404
0.008983024770972651	0.3907425387908063
0.008987524571168167	0.39091646336851305
0.008992023032361577	0.3910892844327534
0.00899652016273968	0.391261001904727
0.009001015970914917	0.3914316153788409
0.009005510465193179	0.39160112711808526
0.009010003654231429	0.39176953339221365
0.009014495546261688	0.39193683881750047
0.009018986149620399	0.39210303899805854
0.009023475472692062	0.39226813990164955
0.009027963523642456	0.39243213679985767
0.009032450310894946	0.39259502966979726
0.009036935842510453	0.39275682449088417
0.009041420126717334	0.3929175148757613
0.00904590317171028	0.3930771031598092
0.009050384985671756	0.393235591662722
0.009054865576670793	0.3933929783630606
0.009059344952810038	0.3935492645989695
0.00906382312214293	0.3937044486927374
0.0090683000926906	0.3938585340062583
0.009072775872430654	0.3940115181945224
0.009077250469452795	0.39416340128052507
0.009081723891538229	0.3943141859693757
0.009086196146719613	0.39446387127375965
0.009090667243033673	0.3946124565553736
0.009095137188187313	0.3947599411806489
0.009099605990078068	0.394906329228085
0.00910407365651307	0.39505161871528055
0.009108540195256913	0.3951958076806056
0.009113005614204013	0.3953388998886226
0.009117469920968357	0.39548089539183584
0.009121933123321243	0.3956217912251012
0.00912639522901171	0.3957615905016862
0.009130856245648716	0.3959002929539179
0.009135316180900927	0.3960378973166138
0.009139775042450298	0.3961744080663263
0.009144232837759841	0.39630982089316996
0.00914868957457124	0.3964441372582682
0.00915314526043698	0.3965773586108943
0.009157599902793313	0.3967094850557185
0.009162053509176128	0.3968405170412913
0.009166506087114059	0.39697045197721004
0.009170957644109232	0.3970992954082906
0.009175408187507806	0.39722704405867265
0.009179857724741792	0.397353697393786
0.009184306263303074	0.3974792582620607
0.009188753810528114	0.39760372510431724
0.009193200373571844	0.3977271018008605
0.009197645960110254	0.39784938374073725
0.009202090577332721	0.39797057482775267
0.0092065342325026	0.3980906735129383
0.00921097693305443	0.39820968030953535
0.009215418685926891	0.39832759572620596
0.009219859498502623	0.3984444219768462
0.009224299377784444	0.39856015855301374
0.009228738331572322	0.3986748022409701
0.009233176366259513	0.39878835834453036
0.009237613489751753	0.39890082568007634
0.009242049708400242	0.39901220274974125
0.009246485030109466	0.3991224918050254
0.009250919461192523	0.39923169134701264
0.009255353009300828	0.39933980466254776
0.009259785681298946	0.3994468322975722
0.009264217484335303	0.3995527690183881
0.009268648425201389	0.39965762155237605
0.009273078510932179	0.3997613870393832
0.009277507748569041	0.3998640674348605
0.00928193614512312	0.3999656626293724
0.009286363707389477	0.400066171847444
0.00929079044246242	0.40016559739264873
0.0092952163571333	0.400263938146771
0.009299641458315274	0.4003611957424432
0.009304065752894422	0.4004573687295079
0.00930848924772727	0.40055246114638976
0.009312911949613223	0.4006464684625149
0.009317333865399928	0.4007393943989729
0.00932175500189062	0.4008312395670953
0.009326175365845067	0.4009220035692301
0.009330594964041818	0.40101168635484624
0.00933501380322566	0.4011002909620741
0.009339431890093147	0.4011878118562808
0.00934384923146129	0.40127425451147786
0.00934826583396126	0.40135962093051164
0.009352681704274718	0.4014439066196459
0.009357096849089332	0.40152711431705085
0.009361511275059294	0.40160924296703693
0.009365924988843054	0.40169029908279485
0.00937033799696395	0.4017702750709074
0.00937475030616696	0.4018491750809595
0.009379161922874149	0.40192677101544694
0.009383572853863008	0.40200490117657695
0.009387983090415504	0.4020798651731605
0.009392392669612996	0.40215400213046265
0.009396801582646589	0.402227529462707
0.00940120983601122	0.40229998566427344
0.009405617436160444	0.40237136490055925
0.009410024389732095	0.40244167548708354
0.009414430703090573	0.4025109139770028
0.009418836382710929	0.4025790793943991
0.00942324143506426	0.4026461745396469
0.009427645866566742	0.4027122004833785
0.00943204968364898	0.40277715830172434
0.00943645289269457	0.4028410435647435
0.009440855500133502	0.4029038635897916
0.009445257512283587	0.4029656139249829
0.009449658935578	0.4030262953533072
0.009454059776353807	0.40308591207902256
0.009458460040918415	0.40314446105696683
0.009462859735636691	0.40320194548471366
0.00946725886679022	0.4032583630151534
0.009471657440698888	0.40331371651244496
0.009476055463645982	0.40336800605367046
0.009480452941929604	0.4034212313923611
0.00948484988177155	0.4034733922867545
0.00948924628950006	0.40352449367831084
0.00949364217128137	0.40357453184931597
0.009498037533382585	0.4036235062448192
0.009502432382040751	0.40367142216894236
0.00950682672342285	0.40371827764354457
0.009511220563738845	0.4037640738391104
0.00951561390915904	0.4038088098401611
0.009520006765868753	0.4038524875186796
0.00952439914003465	0.4038951052775272
0.009528791037834598	0.4039366694933271
0.009533182465323666	0.4039771750843425
0.009537573428711277	0.4040166229251242
0.009541963934017359	0.40405501697025153
0.00954635398748131	0.40409235701061313
0.00955074359514271	0.40412864043944713
0.009555132763103621	0.40416387090091616
0.009559521497406734	0.4041980481997096
0.009563909804140857	0.404231174933286
0.00956829768934072	0.4042632453783556
0.009572685159094471	0.4042942684132064
0.009577072219384742	0.40432423758941827
0.009581458876307682	0.4043531604133178
0.00958584513581178	0.40438103078952903
0.009590231003943376	0.4044078538127306
0.009594616486683515	0.4044336261865859
0.009599001590066103	0.4044583550738875
0.009603386320013065	0.4044820333547342
0.009607770682533169	0.4045046682255448
0.009612154683571107	0.40452625603746556
0.009616538329103308	0.40454679774042174
0.009620921625076495	0.4045662977081571
0.009625304577354448	0.4045847537126576
0.009629687191958012	0.4046021642701713
0.009634069474797995	0.40461853379335494
0.009638451431750631	0.4046338628395463
0.009642833068718885	0.40464814887542666
0.009647214391632953	0.4046613956361299
0.009651595406351372	0.40467360369202304
0.009655976118760833	0.404684770176625
0.009660356534755147	0.40469490161407995
0.009664736660130516	0.4047039923211683
0.009669116500842642	0.4047120481657923
0.009673496062672968	0.4047190665927441
0.009677875351488837	0.4047250499866632
0.009682254373122298	0.4047299986015764
0.009686633133392294	0.40473391203033937
0.009691011638079002	0.40473679333840995
0.009695389893101997	0.40473863897831314
0.009699767904239112	0.40473945690969576
0.009704145677232875	0.4047392404125294
0.00970852321792341	0.40473799436556207
0.0097129005320735	0.40473571867564295
0.009717277625482874	0.40473241227490553
0.009721654503913485	0.40472807756904877
0.009726031173147007	0.4047227162428133
0.009730407638938485	0.40471632686335135
0.00973478390704191	0.40470891150371513
0.009739159983214072	0.4047004690868537
0.009743535873210455	0.4046910037769461
0.009747911582737549	0.40468051377664843
0.00975228711755284	0.40466900048441273
0.009756662483356318	0.40465646284011314
0.00976103768591915	0.40464290537425096
0.009765412730918875	0.4046283233912235
0.009769787624102643	0.40461272469516285
0.009774162371130673	0.40459610468174856
0.009778536977744822	0.4045784653003344
0.009782911449620856	0.4045598079633542
0.009787285792461003	0.4045401329977163
0.009791660011939712	0.40451944128966383
0.009796034113755594	0.4044977335868863
0.009800408103572703	0.40447501084939463
0.00980478198702594	0.40445127344751325
0.009809155769874928	0.404426522319824
0.009813529457731231	0.40440075833077954
0.009817903056269202	0.404373982244984
0.009822276571134273	0.40434619451929443
0.009826650007982671	0.404317396452031
0.009831023372452244	0.40428758835978296
0.00983539667019198	0.40425677137626365
0.009839769906862812	0.4042249461034578
0.009844143088085799	0.40419211305459035
0.009848516219490103	0.40415827357930767
0.009852889306716208	0.4041234283206873
0.00985726235538085	0.4040875776256915
0.009861635371111992	0.40405072278773885
0.009866008359533551	0.40401286435783984
0.009870381326257734	0.4039740034236421
0.009874754276895385	0.4039341402666028
0.009879127217036666	0.4038932759904059
0.009883500152345709	0.4038514116123879
0.00988787308837329	0.4038085477376406
0.009892246030795762	0.40376468505226715
0.009896618985146209	0.4037198245239731
0.009900991957037612	0.4036739670469344
0.009905364952068967	0.4036271132073985
0.009909737975836485	0.4035792639167847
0.009914111033930752	0.4035304200124257
0.009918484131938375	0.40348058254324376
0.00992285727543075	0.40342975196250036
0.00992723047002968	0.4033779293382009
0.009931603721297732	0.4033251154079798
0.009935977034817575	0.4032713111674031
0.009940350416169206	0.4032165170833716
0.009944723870927754	0.4031607342100613
0.009949097404678768	0.4031039635082865
0.009953471022997469	0.4030462058370996
0.009957844731455525	0.4029874618149666
0.009962218535615165	0.4029277324301188
0.009966592441065519	0.40286701834337146
0.009970966453372367	0.40280532076833503
0.00997534057810273	0.4027426402528024
0.009979714820828111	0.40267897771877426
0.009984089187117526	0.40261433410139913
0.009988463682539146	0.4025487101237531
0.009992838312661895	0.4024821069971383
0.00999721308304472	0.402414525127568