0.	0.2209727580575856	0	0.2209727580575856
2.5025025025025024e-6	0.22064126715031446	0	0.22064126715031446
5.005005005005005e-6	0.2203083919169633	0	0.2203083919169633
7.507507507507507e-6	0.21997415227405284	0	0.21997415227405284
0.00001001001001001001	0.21963856791070252	0	0.21963856791070252
0.000012512512512512513	0.21930165871647714	0	0.21930165871647714
0.000015015015015015015	0.21896344437348209	0	0.21896344437348209
0.000017517517517517516	0.21862394436826663	0	0.21862394436826663
0.00002002002002002002	0.21828317844154824	0	0.21828317844154824
0.000022522522522522523	0.2179411660317213	0	0.2179411660317213
0.000025025025025025026	0.21759792651871923	0	0.21759792651871923
0.000027527527527527526	0.21725347928530755	0	0.21725347928530755
0.00003003003003003003	0.21690784358688836	0	0.21690784358688836
0.00003253253253253253	0.2165610387671166	0	0.2165610387671166
0.00003503503503503503	0.21621308386322968	0	0.21621308386322968
0.000037537537537537536	0.21586399791739982	0	0.21586399791739982
0.00004004004004004004	0.2155138000218199	0	0.2155138000218199
0.00004254254254254254	0.2151625090746591	0	0.2151625090746591
0.000045045045045045046	0.21481014381893648	0	0.21481014381893648
0.00004754754754754755	0.21445672316538236	0	0.21445672316538236
0.00005005005005005005	0.21410226576147176	0	0.21410226576147176
0.000052552552552552556	0.21374679014897843	0	0.21374679014897843
0.00005505505505505505	0.21339031496519056	0	0.21339031496519056
0.000057557557557557555	0.21303285866276062	0	0.21303285866276062
0.00006006006006006006	0.21267443947819437	0	0.21267443947819437
0.00006256256256256256	0.21231507589719692	0	0.21231507589719692
0.00006506506506506506	0.21195478604675483	0	0.21195478604675483
0.00006756756756756757	0.21159358799129954	0	0.21159358799129954
0.00007007007007007007	0.21123149963774573	0	0.21123149963774573
0.00007257257257257258	0.21086853936031794	0	0.21086853936031794
0.00007507507507507507	0.21050472426017322	0	0.21050472426017322
0.00007757757757757758	0.21014007358971182	0	0.21014007358971182
0.00008008008008008008	0.20977460304695406	0	0.20977460304695406
0.00008258258258258259	0.2094083323010184	0	0.2094083323010184
0.00008508508508508508	0.20904127711344778	0	0.20904127711344778
0.00008758758758758758	0.2086734562662034	0	0.2086734562662034
0.00009009009009009009	0.2083048858997468	0	0.2083048858997468
0.00009259259259259259	0.20793558400518133	0	0.20793558400518133
0.0000950950950950951	0.2075655685742295	0	0.2075655685742295
0.0000975975975975976	0.20719485461370088	0	0.20719485461370088
0.0001001001001001001	0.2068234609675286	0	0.2068234609675286
0.0001026026026026026	0.20645140349516394	0	0.20645140349516394
0.00010510510510510511	0.20607869897785308	0	0.20607869897785308
0.00010760760760760761	0.20570536522444474	0	0.20570536522444474
0.0001101101101101101	0.20533141773888045	0	0.20533141773888045
0.00011261261261261261	0.20495687293737974	0	0.20495687293737974
0.00011511511511511511	0.20458174898430342	0	0.20458174898430342
0.00011761761761761762	0.20420605955744955	0	0.20420605955744955
0.00012012012012012012	0.20382982348646145	0	0.20382982348646145
0.00012262262262262261	0.20345305536483999	0	0.20345305536483999
0.00012512512512512512	0.2030757713601549	0	0.2030757713601549
0.00012762762762762763	0.20269798740707254	0	0.20269798740707254
0.00013013013013013012	0.20231972044873245	0	0.20231972044873245
0.00013263263263263263	0.2019409853546314	0	0.2019409853546314
0.00013513513513513514	0.20156179805801344	0	0.20156179805801344
0.00013763763763763765	0.20118217312731984	0	0.20118217312731984
0.00014014014014014013	0.20080212860776725	0	0.20080212860776725
0.00014264264264264264	0.20042167685264248	0	0.20042167685264248
0.00014514514514514515	0.20004083539709158	0	0.20004083539709158
0.00014764764764764766	0.19965961793990977	0	0.19965961793990977
0.00015015015015015014	0.199278041367425	0	0.199278041367425
0.00015265265265265265	0.19889611929650935	0	0.19889611929650935
0.00015515515515515516	0.19851386584939298	0	0.19851386584939298
0.00015765765765765765	0.19813129837848278	0	0.19813129837848278
0.00016016016016016016	0.1977484295200428	0	0.1977484295200428
0.00016266266266266267	0.19736527508972856	0	0.19736527508972856
0.00016516516516516518	0.19698184863779644	0	0.19698184863779644
0.00016766766766766766	0.19659816544199618	0	0.19659816544199618
0.00017017017017017017	0.19621423902904012	0	0.19621423902904012
0.00017267267267267268	0.19583008471342564	0	0.19583008471342564
0.00017517517517517516	0.19544571593220986	0	0.19544571593220986
0.00017767767767767767	0.19506114628156393	0	0.19506114628156393
0.00018018018018018018	0.194676391225694	0	0.194676391225694
0.0001826826826826827	0.19429146299665787	0	0.19429146299665787
0.00018518518518518518	0.19390637612090655	0	0.19390637612090655
0.00018768768768768769	0.19352114488291006	0	0.19352114488291006
0.0001901901901901902	0.1931357820041465	0	0.1931357820041465
0.0001926926926926927	0.19275030059506704	0	0.19275030059506704
0.0001951951951951952	0.19236471517965753	0	0.19236471517965753
0.0001976976976976977	0.19197903858545978	0	0.19197903858545978
0.0002002002002002002	0.19159328378545648	0	0.19159328378545648
0.0002027027027027027	0.1912074645177111	0	0.1912074645177111
0.0002052052052052052	0.1908215923022619	0	0.1908215923022619
0.0002077077077077077	0.19043568207061318	0	0.19043568207061318
0.00021021021021021022	0.19004974525705157	0	0.19004974525705157
0.0002127127127127127	0.18966379464824148	0	0.18966379464824148
0.00021521521521521522	0.1892778441730119	0	0.1892778441730119
0.00021771771771771773	0.18889190432527134	0	0.18889190432527134
0.0002202202202202202	0.18850598981671482	0	0.18850598981671482
0.00022272272272272272	0.18812011081085458	0	0.18812011081085458
0.00022522522522522523	0.18773428150192079	0	0.18773428150192079
0.00022772772772772774	0.18734851249814904	0	0.18734851249814904
0.00023023023023023022	0.18696281719539376	0	0.18696281719539376
0.00023273273273273273	0.1865772062273701	0	0.1865772062273701
0.00023523523523523524	0.18619169302888783	0	0.18619169302888783
0.00023773773773773772	0.1858062880866088	0	0.1858062880866088
0.00024024024024024023	0.18542100407898984	0	0.18542100407898984
0.00024274274274274274	0.18503585237654208	0	0.18503585237654208
0.00024524524524524523	0.1846508432249847	0	0.1846508432249847
0.00024774774774774777	0.18426599034719904	0	0.18426599034719904
0.00025025025025025025	0.18388130372978648	0	0.18388130372978648
0.00025275275275275273	0.1834967946861213	0	0.1834967946861213
0.00025525525525525527	0.18311247477084736	0	0.18311247477084736
0.00025775775775775775	0.18272835450522906	0	0.18272835450522906
0.00026026026026026023	0.1823444459517249	0	0.1823444459517249
0.00026276276276276277	0.18196075863069	0	0.18196075863069
0.00026526526526526525	0.18157730490153323	0	0.18157730490153323
0.0002677677677677678	0.18119409468204234	0	0.18119409468204234
0.0002702702702702703	0.18081113835115942	0	0.18081113835115942
0.00027277277277277276	0.1804284468138303	0	0.1804284468138303
0.0002752752752752753	0.18004603064050717	0	0.18004603064050717
0.0002777777777777778	0.17966390068565674	0	0.17966390068565674
0.00028028028028028026	0.1792820660801463	0	0.1792820660801463
0.0002827827827827828	0.17890053880518272	0	0.17890053880518272
0.0002852852852852853	0.1785193266746084	0	0.1785193266746084
0.00028778778778778776	0.17813844170250853	0	0.17813844170250853
0.0002902902902902903	0.1777578937284629	0	0.1777578937284629
0.0002927927927927928	0.17737769127320702	0	0.17737769127320702
0.0002952952952952953	0.176997846084499	0	0.176997846084499
0.0002977977977977978	0.1766183659217333	0	0.1766183659217333
0.0003003003003003003	0.17623926220544295	0	0.17623926220544295
0.0003028028028028028	0.17586054319990718	0	0.17586054319990718
0.0003053053053053053	0.17548221901403036	0	0.17548221901403036
0.0003078078078078078	0.17510429965433932	0	0.17510429965433932
0.00031031031031031033	0.1747267933543401	0	0.1747267933543401
0.0003128128128128128	0.17434970987738824	0.000817312684452779	0.17516702256184102
0.0003153153153153153	0.17397305894006093	0.0018391541466766183	0.17581221308673756
0.00031781781781781783	0.17359684842467207	0.002844867598921254	0.17644171602359332
0.0003203203203203203	0.1732210882382866	0.0038351852907013663	0.17705627352898798
0.0003228228228228228	0.17284578787109323	0.004810790514581021	0.17765657838567425
0.00032532532532532533	0.17247095506448926	0.005772329022147054	0.1782432840866363
0.0003278278278278278	0.17209659927252952	0.006720401764247129	0.17881700103677664
0.00033033033033033035	0.17172272880303982	0.0076555797425314435	0.17937830854557127
0.00033283283283283284	0.17134935274533167	0.008578379359325032	0.1799277321046567
0.0003353353353353353	0.17097647981424782	0.009489327416912153	0.18046580723115999
0.00033783783783783786	0.1706041182953107	0.01038895571082175	0.18099307400613243
0.00034034034034034034	0.17023227634130828	0.011277405450518026	0.1815096817918263
0.0003428428428428428	0.16986096280484972	0.012155596673782357	0.18201655947863207
0.00034534534534534536	0.16949018605338456	0.01302383107500951	0.18251401712839407
0.00034784784784784784	0.16911995331621466	0.013882103078951233	0.1830020563951659
0.0003503503503503503	0.16875027463738537	0.014730877982979458	0.18348115262036482
0.00035285285285285286	0.16838115586738656	0.015570857951315721	0.18395201381870227
0.00035535535535535535	0.1680126072664002	0.016402134546323024	0.18441474181272322
0.0003578578578578579	0.16764463501819651	0.01722493562970034	0.18486957064789686
0.00036036036036036037	0.1672772478722421	0.018039681909366584	0.18531692978160869
0.00036286286286286285	0.16691045308392702	0.01884663789130746	0.1857570909752345
0.0003653653653653654	0.16654425980770146	0.019646061061473465	0.18619032086917492
0.00036786786786786787	0.16617867412227255	0.020438209850648505	0.18661688397292106
0.00037037037037037035	0.16581370407419638	0.02122333094766406	0.18703703502186045
0.0003728728728728729	0.16544935754531798	0.022001658885904784	0.18745101643122275
0.00037537537537537537	0.1650856424213909	0.022773417300724887	0.18785905972211578
0.00037787787787787786	0.16472256535685764	0.023538822980605313	0.18826138833746295
0.0003803803803803804	0.16436013359614424	0.02429810838825546	0.1886582419843997
0.0003828828828828829	0.16399835573474744	0.02505138463678755	0.189049740371535
0.0003853853853853854	0.1636372363184706	0.025798939742247336	0.18943617606071794
0.0003878878878878879	0.16327678702083434	0.026540920371343073	0.1898177073921774
0.0003903903903903904	0.162917011035025	0.02727748311353778	0.1901944941485628
0.0003928928928928929	0.16255791668516373	0.028008778171618568	0.1905666948567823
0.0003953953953953954	0.16219951067527474	0.028735046302720137	0.19093455697799488
0.0003978978978978979	0.16184180106552007	0.029456337307061473	0.19129813837258153
0.0004004004004004004	0.1614847934148334	0.030172838043111914	0.19165763145794532
0.0004029029029029029	0.16112849510459942	0.030884742764857087	0.1920132378694565
0.0004054054054054054	0.1607729127996844	0.03159210046918578	0.19236501326887018
0.0004079079079079079	0.16041805375055054	0.03229507333585735	0.1927131270864079
0.0004104104104104104	0.16006392367837102	0.03299379064041253	0.19305771431878355
0.0004129129129129129	0.15971053006015473	0.03368837346198879	0.1933989035221435
0.0004154154154154154	0.1593578786966097	0.03437891810008253	0.19373679679669223
0.0004179179179179179	0.15900597658981497	0.03506552327333111	0.1940714998631461
0.00042042042042042044	0.15865483026860921	0.03574834186659293	0.19440317213520214
0.00042292292292292293	0.15830444576832958	0.03642743529569136	0.19473188106402095
0.0004254254254254254	0.15795482970487396	0.03710290753944724	0.19505773724432118
0.00042792792792792795	0.15760598781329696	0.03777484854921229	0.19538083636250925
0.00043043043043043043	0.157257927101558	0.03844334538064899	0.19570127248220698
0.0004329329329329329	0.1569106534486475	0.03910848505940609	0.19601913850805358
0.00043543543543543545	0.15656417262829123	0.039770346799312226	0.19633451942760344
0.00043793793793793793	0.1562184907482943	0.040429008343717425	0.19664749909201173
0.0004404404404404404	0.15587361486988058	0.0410845384174434	0.19695815328732397
0.00044294294294294295	0.15552954958176352	0.04173716662783834	0.19726671620960184
0.00044544544544544544	0.15518630174462705	0.04238622452559147	0.19757252627021854
0.000447947947947948	0.1548438764258563	0.043028420336232956	0.19787229676208928
0.00045045045045045046	0.15450228077181138	0.04368046255095928	0.19818274332277067
0.00045295295295295294	0.15416151922988242	0.04431843553798819	0.19847995476787061
0.0004554554554554555	0.15382159870657264	0.04495567671875471	0.19877727542532736
0.00045795795795795796	0.15348252342571073	0.04559131354937617	0.1990738369750869
0.00046046046046046044	0.15314430047793284	0.046224127263658904	0.19936842774159175
0.000462962962962963	0.15280693509865237	0.04685436717338212	0.1996613022720345
0.00046546546546546546	0.15247043206314373	0.047482053007992485	0.19995248507113622
0.00046796796796796795	0.15213479816205677	0.048107254021472756	0.20024205218352953
0.0004704704704704705	0.15180003756506463	0.04873000245489881	0.20053004001996344
0.00047297297297297297	0.15146615739935998	0.04935031387104892	0.2008164712704089
0.00047547547547547545	0.15113316114222985	0.049968260356173765	0.20110142149840363
0.000477977977977978	0.15080105547230427	0.050583875255485605	0.20138493072778987
0.00048048048048048047	0.15046984510888356	0.0511972108764586	0.20166705598534215
0.000482982982982983	0.1501395362010053	0.05180816455002175	0.20194770075102705
0.0004854854854854855	0.14981013274472932	0.052417018136887136	0.20222715088161647
0.000487987987987988	0.1494816407527777	0.05302364068110791	0.2025052814338856
0.0004904904904904905	0.14915406517089277	0.05362812540867371	0.20278219057956648
0.000492992992992993	0.14882741078843975	0.05423036245687707	0.20305777324531682
0.0004954954954954955	0.1485016839233978	0.054830460657609346	0.20333214458100715
0.000497997997997998	0.1481768881091282	0.05542848984654719	0.2036053779556754
0.0005005005005005005	0.14785302908346595	0.056024439814904445	0.20387746889837038
0.000503003003003003	0.14753011232448093	0.05661832972858296	0.2041484420530639
0.0005055055055055055	0.14720814159876044	0.05721017861179215	0.2044183202105526
0.000508008008008008	0.1468871228160965	0.05780000822486944	0.20468713104096595
0.0005105105105105105	0.1465670607283153	0.05838783440971888	0.20495489513803417
0.000513013013013013	0.14624795962583753	0.058973500258862076	0.20522145988469961
0.0005155155155155155	0.14592982501648394	0.05955817527960055	0.2054880002960845
0.000518018018018018	0.14561266146917093	0.0601400174883749	0.20575267895754584
0.0005205205205205205	0.14529647351964653	0.060716730489557315	0.20601320400920384
0.000523023023023023	0.14498126575764378	0.06129922303809746	0.20628048879574123
0.0005255255255255255	0.14466704409298445	0.061873986878333405	0.20654103097131785
0.0005280280280280281	0.14435381159131336	0.062447619333360904	0.20680143092467426
0.0005305305305305305	0.14404157348214247	0.06301993824854693	0.2070615117306894
0.000533033033033033	0.14373033483405054	0.06359030919509476	0.2073206440291453
0.0005355355355355356	0.14342010021949697	0.06415878573301272	0.20757888595250967
0.000538038038038038	0.14311087325387747	0.06472537547192166	0.20783624872579914
0.0005405405405405405	0.1428026596622584	0.06529008067484196	0.20809274033710037
0.0005430430430430431	0.14249546296179294	0.06585292735709992	0.20834839031889285
0.0005455455455455455	0.14218928833260452	0.06641388109242442	0.20860316942502893
0.000548048048048048	0.14188414017608458	0.06697295579415738	0.20885709597024196
0.0005505505505505506	0.1415800224600474	0.06753017022948679	0.20911019268953418
0.000553053053053053	0.14127694020448794	0.06808551710824726	0.2093624573127352
0.0005555555555555556	0.14097489720947765	0.06863899611603308	0.20961389332551073
0.0005580580580580581	0.14067389788736842	0.06919061266191617	0.2098645105492846
0.0005605605605605605	0.14037394694790936	0.06974032891958519	0.21011427586749454
0.0005630630630630631	0.14007504916809457	0.07028821067208105	0.21036325984017562
0.0005655655655655656	0.13977720765007967	0.07083421656429884	0.2106114242143785
0.000568068068068068	0.13948042741720493	0.0713783377104454	0.21085876512765034
0.0005705705705705706	0.13918471239297509	0.07192058067936236	0.21110529307233744
0.0005730730730730731	0.13889006750852215	0.07246093979362124	0.2113510073021434
0.0005755755755755755	0.13859649656865397	0.07299941368626313	0.21159591025491709
0.0005780780780780781	0.13830400290671993	0.07353599275657531	0.21183999566329526
0.0005805805805805806	0.13801259214026745	0.07407067528848482	0.21208326742875228
0.000583083083083083	0.13772226782435085	0.07460342755723556	0.2123256953815864
0.0005855855855855856	0.1374330342709076	0.07513476136531515	0.21256779563622274
0.0005880880880880881	0.13714489461181947	0.07566139653857776	0.21280629115039723
0.0005905905905905906	0.13685785484061508	0.07618955177468331	0.2130474066152984
0.0005930930930930931	0.1365719173002656	0.07671557928129837	0.21328749658156398
0.0005955955955955956	0.13628708718244759	0.07723951593232717	0.21352660311477475
0.0005980980980980981	0.1360033680580592	0.07775928548686116	0.21376265354492036
0.0006006006006006006	0.13572076401682387	0.07827848914796841	0.2139992531647923
0.0006031031031031031	0.1354392797462532	0.07879629995843615	0.21423557970468934
0.0006056056056056056	0.1351589181660063	0.07931158364374669	0.214470501809753
0.0006081081081081081	0.13487968375296355	0.07982496261346667	0.21470464636643022
0.0006106106106106106	0.1346015814462834	0.08033635413055165	0.21493793557683505
0.0006131131131131132	0.1343246138004509	0.08084554573826683	0.21517015953871774
0.0006156156156156156	0.1340487856112943	0.08135282255641867	0.21540160816771298
0.0006181181181181181	0.13377410089977804	0.08185808049800326	0.2156321813977813
0.0006206206206206207	0.1335005632700421	0.0823612959203668	0.2158618591904089
0.0006231231231231231	0.13322817691945552	0.08286245741244411	0.21609063433189962
0.0006256256256256256	0.1329569455091474	0.08336155228589705	0.21631849779504447
0.0006281281281281282	0.1326868732938611	0.08385856965020394	0.21654544294406505
0.0006306306306306306	0.1324179643861594	0.08435349393444129	0.21677145832060069
0.0006331331331331331	0.13215022208302454	0.08484631609226434	0.21699653817528888
0.0006356356356356357	0.13188365108927394	0.08533702144936794	0.21722067253864188
0.0006381381381381381	0.1316182547087655	0.0858255961580244	0.2174438508667899
0.0006406406406406406	0.13135403657752068	0.08631202717068744	0.21766606374820813
0.0006431431431431432	0.1310910019687167	0.08679630177186341	0.21788730374058013
0.0006456456456456456	0.13082915302801834	0.0872784043651128	0.21810755739313115
0.0006481481481481481	0.13056849463425257	0.08775832403975474	0.21832681867400733
0.0006506506506506507	0.1303090311596031	0.08823604298257735	0.21854507414218044
0.0006531531531531532	0.13005076513849123	0.08871155140618642	0.21876231654467765
0.0006556556556556556	0.12979370148755937	0.08918483112597474	0.21897853261353412
0.0006581581581581582	0.12953784362349685	0.08965586843873184	0.2191937120622287
0.0006606606606606607	0.12928319585164003	0.09012465065705182	0.21940784650869183
0.0006631631631631631	0.1290297612352272	0.09059115968478682	0.219620920920014
0.0006656656656656657	0.12877754590179744	0.09105538643086572	0.21983293233266316
0.0006681681681681682	0.12852655013704103	0.09151731133051619	0.22004386146755722
0.0006706706706706706	0.12827677892784406	0.09197691797657498	0.22025369690441904
0.0006731731731731732	0.12802823938819646	0.09243419759968106	0.22046243698787754
0.0006756756756756757	0.12778092956167347	0.09288913096438248	0.22067006052605595
0.0006781781781781781	0.1275348594257633	0.09334170270567266	0.22087656213143594
0.0006806806806806807	0.1272900313383715	0.09379189758652909	0.22108192892490058
0.0006831831831831832	0.12704644352521924	0.0942397048820803	0.22128614840729954
0.0006856856856856856	0.12680411048021922	0.09468510332619978	0.221489213806419
0.0006881881881881882	0.12656302125260838	0.09512808033402459	0.22169110158663297
0.0006906906906906907	0.12632319494578192	0.09556862103481847	0.2218918159806004
0.0006931931931931931	0.1260846283764792	0.09600670971714637	0.22209133809362558
0.0006956956956956957	0.12584732071932564	0.0964423315300911	0.22228965224941674
0.0006981981981981982	0.12561128719042775	0.09687546684027071	0.22248675403069845
0.0007007007007007007	0.12537652329214638	0.09730610902823625	0.22268263232038263
0.0007032032032032032	0.12514303505360638	0.09773423622886578	0.22287727128247214
0.0007057057057057057	0.1249108257806828	0.0981598354883086	0.2230706612689914
0.0007082082082082082	0.12467990114187058	0.09858288878978176	0.22326278993165233
0.0007107107107107107	0.12445026498625088	0.09900338587069603	0.2234536508569469
0.0007132132132132132	0.1242219164550661	0.09942130685105889	0.223643223306125
0.0007157157157157158	0.1239948685855151	0.09983664290996368	0.22383151149547878
0.0007182182182182182	0.12376911513842846	0.1002493694189438	0.22401848455737228
0.0007207207207207207	0.1235446675477947	0.1006594788675677	0.2242041464153624
0.0007232232232232233	0.12332152572867605	0.10106697788243042	0.22438850361110646
0.0007257257257257257	0.12309969895193697	0.10147131344595225	0.22457101239788924
0.0007282282282282282	0.12287918305793574	0.10187651403107721	0.22475569708901294
0.0007307307307307308	0.12265998915557028	0.10227401776656138	0.22493400692213167
0.0007332332332332332	0.12244211527233109	0.1026701277504847	0.2251122430228158
0.0007357357357357357	0.12222556848604026	0.10306427960694528	0.22528984809298552
0.0007382382382382383	0.12201035804113486	0.10345564776632088	0.22546600580745574
0.0007407407407407407	0.12179648035515839	0.10384427523842193	0.22564075559358032
0.0007432432432432432	0.12158393954968441	0.10423015498248454	0.22581409453216894
0.0007457457457457458	0.12137274376569548	0.10461326854874618	0.22598601231444165
0.0007482482482482482	0.12116289501615626	0.104993606501164	0.22615650151732025
0.0007507507507507507	0.12095439782884879	0.10537115452138951	0.2263255523502383
0.0007532532532532533	0.12074725684422076	0.10574589330803429	0.22649315015225505
0.0007557557557557557	0.12054147670074584	0.10611781455486631	0.22665929125561216
0.0007582582582582582	0.12033705874148891	0.10648694303779023	0.22682400177927914
0.0007607607607607608	0.12013400761762061	0.10685309780419752	0.22698710542181813
0.0007632632632632632	0.119932331593207	0.10721453616433367	0.22714686775754067
0.0007657657657657658	0.11973202818292347	0.10757667759298561	0.2273087057759091
0.0007682682682682683	0.11953310836994524	0.10793474561162557	0.22746785398157082
0.0007707707707707708	0.11933556905005813	0.10828942955873046	0.2276249986087886
0.0007732732732732733	0.11913942308144687	0.1086412478678799	0.22778067094932677
0.0007757757757757758	0.11894466805879725	0.10899014539607615	0.2279348134548734
0.0007782782782782783	0.11875131289577423	0.10933610946764351	0.22808742236341772
0.0007807807807807808	0.11855935245952108	0.10967912918917458	0.22823848164869565
0.0007832832832832833	0.11836880549332218	0.11001918690788698	0.22838799240120916
0.0007857857857857858	0.11817966645443607	0.11035627812178031	0.2285359445762164
0.0007882882882882883	0.11799193919984752	0.11069038525934434	0.22868232445919184
0.0007907907907907908	0.11780563423020808	0.11102150177304593	0.228827136003254
0.0007932932932932933	0.11762074845334065	0.11134961466665988	0.22897036312000052
0.0007957957957957958	0.11743729513919023	0.11167471268403807	0.2291120078232283
0.0007982982982982983	0.11725527117138945	0.11199678435716993	0.22925205552855937
0.0008008008008008008	0.11707468056130471	0.1123158192626918	0.2293904998239965
0.0008033033033033033	0.11689553424807149	0.11263181064584771	0.22952734489391918
0.0008058058058058058	0.11671783269638947	0.11294474552697707	0.22966257822336655
0.0008083083083083083	0.11654157943118569	0.11325461403079076	0.22979619346197644
0.0008108108108108108	0.11636678284141923	0.11356140766297056	0.22992819050438978
0.0008133133133133133	0.11619344430177571	0.11386511089506166	0.23005855519683738
0.0008158158158158158	0.11602156780686064	0.11416572394351823	0.2301872917503789
0.0008183183183183183	0.11585115830881827	0.11446323134776654	0.2303143896565848
0.0008208208208208208	0.11568222238540547	0.11475762687945519	0.23043984926486066
0.0008233233233233233	0.11551476276435657	0.11504890232474407	0.23056366508910064
0.0008258258258258258	0.1153487851983462	0.1153370464952516	0.2306858316935978
0.0008283283283283283	0.11518429267342689	0.11562205268820074	0.23080634536162764
0.0008308308308308308	0.11502129376103533	0.11590391210647702	0.23092520586751236
0.0008333333333333334	0.11485978851936322	0.11618262059954913	0.23104240911891236
0.0008358358358358358	0.1146997812125479	0.11645816366961276	0.23115794488216065
0.0008383383383383384	0.1145412826710342	0.11673054180004612	0.2312718244710803
0.0008408408408408409	0.1143842949857126	0.11699974463908902	0.23138403962480164
0.0008433433433433433	0.11422881871447997	0.11726576278421885	0.23149458149869884
0.0008458458458458459	0.11407486076003542	0.11752859045043683	0.23160345121047227
0.0008483483483483484	0.11392242868700955	0.11778821915033724	0.2317106478373468
0.0008508508508508508	0.11377152880129107	0.11804475152455411	0.23181628032584517
0.0008533533533533534	0.11362215725546652	0.11829750493553993	0.23191966219100646
0.0008558558558558559	0.11347432852560244	0.11854769371799949	0.2320220222436019
0.0008583583583583583	0.11332804197514289	0.11879467904721547	0.23212272102235837
0.0008608608608608609	0.11318330653440525	0.1190382444454034	0.23222155097980865
0.0008633633633633634	0.11304012370691922	0.11927838308280475	0.232318506789724
0.0008658658658658658	0.11289849560882798	0.11951706800305013	0.2324155636118781
0.0008683683683683684	0.11275843667320776	0.11975002225183226	0.23250845892504002
0.0008708708708708709	0.11261994357480828	0.1199801394520804	0.23260008302688867
0.0008733733733733733	0.11248302865060282	0.12020754089214379	0.2326905695427466
0.0008758758758758759	0.11234768955949065	0.12043167197057052	0.23277936153006118
0.0008783783783783784	0.11221393563093625	0.12065251033098529	0.23286644596192152
0.0008808808808808808	0.11208177204516877	0.12087017809532351	0.23295195014049228
0.0008833833833833834	0.11195119880803399	0.1210850031854159	0.23303620199344988
0.0008858858858858859	0.11182223171403803	0.12129577864378084	0.23311801035781887
0.0008883883883883883	0.11169486799279968	0.12150345346597217	0.23319832145877184
0.0008908908908908909	0.1115691141033792	0.12170802692178243	0.23327714102516162
0.0008933933933933934	0.11144497325389864	0.12190931973469252	0.23335429298859117
0.000895895895895896	0.11132245549181788	0.12210733695111645	0.23342979244293433
0.0008983983983983984	0.11120156995806897	0.12230208834313118	0.23350365830120015
0.0009009009009009009	0.1110823116167809	0.122493560886769	0.2335758725035499
0.0009034034034034035	0.11096468895251353	0.12268175777097304	0.23364644672348656
0.0009059059059059059	0.11084870991078359	0.12286667880048399	0.23371538871126757
0.0009084084084084084	0.11073438200192573	0.12304832634703641	0.23378270834896214
0.000910910910910911	0.11062170642525694	0.12322669002093001	0.23384839644618693
0.0009134134134134134	0.11051069181009546	0.1234017817292958	0.23391247353939126
0.0009159159159159159	0.11040134272799434	0.12357359201160324	0.23397493473959757
0.0009184184184184185	0.11029366337525479	0.12374212720083554	0.2340357905760903
0.0009209209209209209	0.11018765779950435	0.1239073855302345	0.23409504332973885
0.0009234234234234234	0.1100833363494151	0.12406936990591529	0.23415270625533038
0.000925925925925926	0.10998070431383242	0.1242280757991549	0.23420878011298732
0.0009284284284284284	0.10987976399626269	0.12438350971716963	0.2342632737134323
0.0009309309309309309	0.10978052525569056	0.12453567644198184	0.2343162016976724
0.0009334334334334335	0.10968299027676544	0.12468456930142607	0.2343675595781915
0.0009359359359359359	0.10958716295128978	0.12483019219240288	0.23441735514369266
0.0009384384384384384	0.1094930591334873	0.12497255379617875	0.23446561292966606
0.000940940940940941	0.10940067306421873	0.12511165156531695	0.2345123246295357
0.0009434434434434434	0.10931001506704821	0.12524748696369603	0.23455750203074424
0.0009459459459459459	0.10922109304301471	0.12538006677601884	0.23460115981903357
0.0009484484484484485	0.1091339130071956	0.12550938881807885	0.23464330182527446
0.0009509509509509509	0.10904847965325036	0.12563546131558836	0.2346839409688387
0.0009534534534534534	0.10896479734311469	0.12575828892575386	0.23472308626886856
0.000955955955955956	0.10888287344546496	0.12587787207474588	0.23476074552021084
0.0009584584584584585	0.10880271676894678	0.12599421638576944	0.23479693315471623
0.0009609609609609609	0.10872432683437497	0.12610732512181483	0.2348316519561898
0.0009634634634634635	0.1086477169310459	0.1262172014298368	0.2348649183608827
0.000965965965965966	0.1085728907537146	0.1263238539259732	0.2348967446796878
0.0009684684684684684	0.10849985125223242	0.12642728429842043	0.23492713555065287
0.000970970970970971	0.1084286095651853	0.1265274989323427	0.234956108497528
0.0009734734734734735	0.10835916853476418	0.1266245071210484	0.23498367565581257
0.000975975975975976	0.10829153782414726	0.12671830762213127	0.2350098454462785
0.0009784784784784785	0.10822571929818085	0.12680890778903972	0.23503462708722056
0.000980980980980981	0.10816172147131954	0.1268963189888116	0.23505804046013112
0.0009834834834834836	0.10809955496747044	0.12698054124269217	0.23508009621016263
0.000985985985985986	0.10803921791812524	0.12706158372349172	0.23510080164161695
0.0009884884884884884	0.10798072277712305	0.12713945406929006	0.23512017684641312
0.000990990990990991	0.10792407389312311	0.12721415693207946	0.23513823082520258
0.0009934934934934935	0.10786927738696771	0.1272856986928888	0.23515497607985653
0.000995995995995996	0.10781634215317257	0.12735408892219138	0.23517043107536395
0.0009984984984984986	0.10776527285318843	0.12741933774987088	0.2351846106030593
0.001001001001001001	0.10771607665601685	0.12748144914741474	0.2351975258034316
0.0010035035035035034	0.10766875928493949	0.12754042836309007	0.23520918764802956
0.001006006006006006	0.10762332627540852	0.127596285650974	0.23521961192638252
0.0010085085085085085	0.10757978570321777	0.12764903471082023	0.235228820414038
0.001011011011011011	0.10753814752644593	0.12769867528638376	0.2352368228128297
0.0010135135135135136	0.10749841569370848	0.12774521994818078	0.23524363564188927
0.001016016016016016	0.10746059180299695	0.12778867856563741	0.23524927036863436
0.0010185185185185184	0.10742469075015358	0.1278290590270901	0.23525374977724367
0.001021021021021021	0.10739071723735322	0.12786637364748696	0.23525709088484018
0.0010235235235235235	0.10735867586503882	0.12790062615361525	0.23525930201865408
0.001026026026026026	0.107328572595985	0.12793182711983805	0.23526039971582305
0.0010285285285285286	0.10730041789544445	0.1279599909594551	0.23526040885489954
0.001031031031031031	0.10727421793829299	0.12798511991279704	0.23525933785109004
0.0010335335335335334	0.10724997620691072	0.12800722873381543	0.23525720494072616
0.001036036036036036	0.10722770084427463	0.12802633067892685	0.23525403152320148
0.0010385385385385385	0.10720740021241666	0.12804243431678852	0.23524983452920517
0.001041041041041041	0.10718908281333898	0.12805554673089337	0.23524462954423236
0.0010435435435435436	0.10717275250877219	0.12806567864855634	0.2352384311573285
0.001046046046046046	0.10715841745782631	0.12807284302425748	0.2352312604820838
0.0010485485485485487	0.10714608737876398	0.12807704966059213	0.2352231370393561
0.001051051051051051	0.10713576308125823	0.12807831105180625	0.2352140741330645
0.0010535535535535535	0.10712745258850953	0.12807664025372986	0.2352040928422394
0.0010560560560560562	0.1071211692019838	0.12807204596514404	0.23519321516712785
0.0010585585585585586	0.10711691771338971	0.12806454069525797	0.23518145840864768
0.001061061061061061	0.10711470389752376	0.1280541378954375	0.23516884179296124
0.0010635635635635637	0.10711453231865428	0.1280408452116105	0.23515537753026478
0.001066066066066066	0.10711641132962015	0.1280246746480737	0.23514108597769384
0.0010685685685685685	0.1071203497302885	0.12800564014467608	0.23512598987496458
0.0010710710710710712	0.10712635379191264	0.12798375566894032	0.23511010946085298
0.0010735735735735736	0.10713443089698844	0.12795903448171522	0.23509346537870368
0.001076076076076076	0.10714458983482472	0.12793148972840568	0.2350760795632304
0.0010785785785785787	0.10715683690846611	0.12790113060363636	0.23505796751210248
0.001081081081081081	0.10717117796410496	0.12786796612589243	0.23503914408999738
0.0010835835835835835	0.10718761958967211	0.12783201549059608	0.23501963508026819
0.0010860860860860862	0.10720616856343822	0.12779329268207107	0.2349994612455093
0.0010885885885885886	0.10722683431882218	0.1277518065777703	0.23497864089659248
0.001091091091091091	0.10724962474618557	0.12770757244469935	0.23495719719088493
0.0010935935935935937	0.10727454677981339	0.12766060768065682	0.2349351544604702
0.001096096096096096	0.10730160670627185	0.1276109209277771	0.23491252763404896
0.0010985985985985985	0.1073308092813924	0.12755852310905963	0.234889332390452
0.0011011011011011012	0.10736216301295627	0.12750343216452314	0.2348655951774794
0.0011036036036036036	0.10739567802004271	0.12744566303653548	0.2348413410565782
0.001106106106106106	0.10743136025379485	0.12738522795806229	0.23481658821185714
0.0011086086086086087	0.10746921482521098	0.12732214097248257	0.23479135579769356
0.0011111111111111111	0.10750925002541017	0.12725641722733197	0.23476566725274214
0.0011136136136136135	0.10755147475326841	0.12718807060556991	0.23473954535883834
0.0011161161161161162	0.10759589516618238	0.127117114117887	0.2347130092840694
0.0011186186186186186	0.10764251674598943	0.12704356257752997	0.2346860793235194
0.001121121121121121	0.10769134750538913	0.12696743132619787	0.23465877883158698
0.0011236236236236237	0.10774239635896479	0.12688873506348988	0.23463113142245468
0.0011261261261261261	0.10779567011763698	0.12680748821974247	0.23460315833737944
0.0011286286286286285	0.10785117447459878	0.1267237057580974	0.23457488023269618
0.0011311311311311312	0.10790891612809818	0.1266374031006563	0.23454631922875446
0.0011336336336336336	0.107968902807735	0.1265485949945088	0.2345174978022438
0.001136136136136136	0.10803114181158327	0.12645729518670912	0.2344884369982924
0.0011386386386386387	0.10809564066746767	0.12636351804048152	0.2344591587079492
0.0011411411411411411	0.10816240751083989	0.12626728034292897	0.23442968785376886
0.0011436436436436436	0.10823144853707803	0.12616859883214654	0.23440004736922457
0.0011461461461461462	0.10830276970728905	0.12606748751603808	0.23437025722332713
0.0011486486486486486	0.10837637757359059	0.1259639538152083	0.2343403313887989
0.001151151151151151	0.10845227999629123	0.12585802373572486	0.23431030373201608
0.0011536536536536537	0.10853048478201123	0.1257497482285413	0.2342802330105525
0.0011561561561561561	0.10861099846186091	0.12563918854802178	0.2342501870098827
0.0011586586586586586	0.10869382768890486	0.1255262092682445	0.23422003695714938
0.0011611611611611612	0.10877897919249012	0.12541058380710338	0.23418956299959348
0.0011636636636636636	0.1088664599207896	0.12529244742045811	0.23415890734124772
0.001166166166166166	0.1089562768543026	0.12517205884061836	0.23412833569492097
0.0011686686686686687	0.10904843684244352	0.12504983478958895	0.23409827163203245
0.0011711711711711711	0.10914294637236734	0.12492549901557395	0.2340684453879413
0.0011736736736736738	0.1092398121166891	0.12479895270502528	0.23403876482171437
0.0011761761761761762	0.10933904072234236	0.12467004455435164	0.234009085276694
0.0011786786786786786	0.10944063879506258	0.1245388802330359	0.2339795190280985
0.0011811811811811813	0.10954461310941613	0.12440546974451193	0.23395008285392804
0.0011836836836836837	0.10965097036753192	0.12426980318424416	0.2339207735517761
0.0011861861861861861	0.10975971665091791	0.1241319314353583	0.23389164808627622
0.0011886886886886888	0.10987085832800698	0.12399188262095545	0.23386274094896242
0.0011911911911911912	0.10998440190088152	0.12384970263169272	0.23383410453257425
0.0011936936936936936	0.11010035354566394	0.12370539765835036	0.2338057512040143
0.0011961961961961963	0.11021871955551597	0.12355897949199623	0.23377769904751222
0.0011986986986986987	0.11033950639755115	0.12341046426504496	0.23374997066259612
0.0012012012012012011	0.11046272048308056	0.12325986810320587	0.23372258858628642
0.0012037037037037038	0.11058836757202017	0.12310720730358286	0.23369557487560305
0.0012062062062062062	0.11071645375131037	0.12295249808291236	0.23366895183422273
0.0012087087087087087	0.1108469855355727	0.12279575653479856	0.23364274207037128
0.0012112112112112113	0.11097996944654738	0.12263699883055149	0.23361696827709888
0.0012137137137137137	0.11111541019730498	0.12247624149145733	0.2335916516887623
0.0012162162162162162	0.11125331342064042	0.12231350084685022	0.23356681426749065
0.0012187187187187188	0.11139368474934863	0.12214879322606426	0.2335424779754129
0.0012212212212212212	0.1115365307351267	0.12198213486694712	0.23351866560207382
0.0012237237237237237	0.11168185627144674	0.12181354220433291	0.23349539847577966
0.0012262262262262263	0.11182966637487313	0.12164303159569469	0.2334726979705678
0.0012287287287287287	0.11197996637841733	0.12147061939520652	0.23345058577362385
0.0012312312312312312	0.11213276161509082	0.1212963219570425	0.23342908357213332
0.0012337337337337338	0.11228805741790512	0.12112015563537662	0.23340821305328174
0.0012362362362362362	0.11244585911987169	0.12094213678438298	0.23338799590425469
0.0012387387387387387	0.11260617205400203	0.12076228175823564	0.23336845381223767
0.0012412412412412413	0.1127690015533076	0.12058060691110863	0.2333496084644162
0.0012437437437437437	0.11293435295079991	0.12039712859717604	0.23333148154797595
0.0012462462462462462	0.11310223157949043	0.12021186317061189	0.2333140947501023
0.0012487487487487488	0.11327264277239066	0.12002482698559025	0.2332974697579809
0.0012512512512512512	0.11344560212370552	0.11983603663476614	0.23328163875847166
0.0012537537537537537	0.11362114246495077	0.1196455076415548	0.23326665010650555
0.0012562562562562563	0.11379923341981288	0.11945325613008925	0.23325248954990213
0.0012587587587587587	0.11397987737579467	0.11925929822847675	0.23323917560427143
0.0012612612612612612	0.11416307672039902	0.11906365006482446	0.2332267267852235
0.0012637637637637638	0.1143488338411288	0.11886632776723956	0.23321516160836836
0.0012662662662662662	0.11453715112548687	0.11866734746382927	0.23320449858931613
0.0012687687687687687	0.11472803096097609	0.1184667252827008	0.2331947562436769
0.0012712712712712713	0.11492147573509932	0.1182644773519613	0.23318595308706064
0.0012737737737737737	0.11511748783535944	0.118060619799718	0.23317810763507746
0.0012762762762762762	0.11531606964925928	0.11785516875407809	0.23317123840333737
0.0012787787787787788	0.11551722356430173	0.11764814034314874	0.23316536390745046
0.0012812812812812813	0.11572095196798965	0.1174395506950372	0.23316050266302685
0.0012837837837837837	0.11592725724782589	0.11722941979405442	0.2331566770418803
0.0012862862862862863	0.11613614179131333	0.11701776064621974	0.2331539024375331
0.0012887887887887888	0.11634760798595481	0.11680458743041067	0.23315219541636548
0.0012912912912912912	0.1165616582192532	0.11658991593879117	0.23315157415804438
0.0012937937937937938	0.11677829487871139	0.11637376196352525	0.23315205684223664
0.0012962962962962963	0.11699752035183221	0.11615614129677697	0.23315366164860918
0.001298798798798799	0.11721933702611854	0.11593706973071027	0.2331564067568288
0.0013013013013013013	0.11744374728907322	0.11571656414332027	0.2331603114323935
0.0013038038038038038	0.11767075352819914	0.11549464619480933	0.23316539972300848
0.0013063063063063064	0.11790035813099917	0.11527132507938839	0.23317168321038756
0.0013088088088088088	0.11813256348497612	0.1150466161396584	0.23317917962463452
0.0013113113113113113	0.1183673719776329	0.1148205347182202	0.2331879066958531
0.001313813813813814	0.11860478599647238	0.11459309615767467	0.23319788215414705
0.0013163163163163163	0.11884480792899738	0.11436431580062274	0.2332091237296201
0.0013188188188188188	0.11908744016271078	0.1141342089896653	0.2332216491523761
0.0013213213213213214	0.11933268508511548	0.11390279106740318	0.23323547615251866
0.0013238238238238238	0.11958054508371428	0.11367007737643735	0.23325062246015163
0.0013263263263263263	0.11983102254601008	0.11343608325936864	0.23326710580537874
0.001328828828828829	0.12008411985950576	0.11320082405879796	0.23328494391830373
0.0013313313313313313	0.12033983941170413	0.11296431511732621	0.23330415452903036
0.0013338338338338338	0.12059821474023755	0.11272657177755428	0.23332478651779182
0.0013363363363363364	0.12085922299749978	0.11248760954473465	0.23334683254223443
0.0013388388388388388	0.12112285073113357	0.1122474448973831	0.2333702956285167
0.0013413413413413413	0.12138909605208888	0.1120060924880298	0.23339518854011868
0.001343843843843844	0.12165795707131566	0.11176356678463065	0.2334215238559463
0.0013463463463463464	0.12192943189976378	0.11151988225514159	0.23344931415490539
0.0013488488488488488	0.12220351864838319	0.11127505336751854	0.23347857201590172
0.0013513513513513514	0.12248021542812385	0.11102909458971742	0.23350931001784125
0.0013538538538538539	0.12275952034993563	0.11078202038969417	0.2335415407396298
0.0013563563563563563	0.12304143152476849	0.11053384523540472	0.2335752767601732
0.001358858858858859	0.12332594706357237	0.11028458359480493	0.2336105306583773
0.0013613613613613614	0.12361306507729716	0.1100342499358508	0.23364731501314795
0.0013638638638638638	0.12390278520992061	0.10978285872649822	0.23368564393641883
0.0013663663663663664	0.12419510550310231	0.10953042515139252	0.23372553065449483
0.0013688688688688689	0.12449002101208148	0.10927696322174847	0.23376698423382997
0.0013713713713713713	0.12478752891722839	0.10902248655930527	0.23381001547653366
0.001373873873873874	0.1250876263989133	0.10876700931568056	0.23385463571459386
0.0013763763763763764	0.12539031352044683	0.10851054568989328	0.2339008592103401
0.0013788788788788788	0.12569558342062104	0.10825311038019778	0.2339486938008188
0.0013813813813813814	0.12600343204138684	0.10799471665124645	0.2339981486926333
0.0013838838838838839	0.12631385552301452	0.10773537841824117	0.2340492339412557
0.0013863863863863863	0.12662685147976693	0.10747510964106023	0.23410196112082715
0.001388888888888889	0.12694241337333598	0.10721392475279007	0.23415633812612605
0.0013913913913913914	0.12726053643543508	0.1069518367708071	0.23421237320624216
0.0013938938938938938	0.12758121650113394	0.10668885932813638	0.2342700758292703
0.0013963963963963964	0.12790444842867404	0.10642501412101815	0.2343294625496922
0.0013988988988988989	0.12823022618097235	0.10616031248941266	0.234390538670385
0.0014014014014014013	0.1285585446973655	0.10589474792560695	0.23445329262297243
0.001403903903903904	0.12888939896423038	0.10562832291793435	0.23451772188216474
0.0014064064064064064	0.12922278161960596	0.10536102616158713	0.2345838077811931
0.0014089089089089088	0.1295586865413115	0.10509289365949655	0.23465158020080806
0.0014114114114114115	0.1298971076827473	0.10482394225996272	0.23472104994271
0.0014139139139139139	0.1302380375269513	0.10455411253742829	0.2347921500643796
0.0014164164164164163	0.1305814695737269	0.10428355197788705	0.23486502155161396
0.001418918918918919	0.1309273967873795	0.10401234164151875	0.23493973842889826
0.0014214214214214214	0.13127581080782408	0.10374076149537031	0.2350165723031944
0.001423923923923924	0.13162670420873787	0.1034685056150044	0.23509520982374227
0.0014264264264264265	0.13198006877727955	0.1031954354544895	0.23517550423176906
0.0014289289289289289	0.13233589642881918	0.10292137423082012	0.2352572706596393
0.0014314314314314315	0.13269417960205823	0.10264655355456853	0.23534073315662676
0.001433933933933934	0.13305490775839382	0.1023710846873752	0.235425992445769
0.0014364364364364364	0.1334180709905299	0.10209500078164156	0.23551307177217146
0.001438938938938939	0.13378366056897525	0.10181826851329724	0.2356019290822725
0.0014414414414414415	0.13415166850492327	0.10154088434716736	0.23569255285209062
0.001443943943943944	0.13452208558187526	0.1012628675341257	0.23578495311600095
0.0014464464464464465	0.134894900137323	0.10098423148802554	0.23587913162534854
0.001448948948948949	0.13527010158254593	0.10070498816617217	0.23597508974871811
0.0014514514514514514	0.1356476785760659	0.10042514836491782	0.23607282694098375
0.001453953953953954	0.13602761955982148	0.10014472310413812	0.2361723426639596
0.0014564564564564565	0.1364099146349944	0.09986372514288287	0.2362736397778773
0.001458958958958959	0.13679455487548775	0.09958216712983138	0.23637672200531912
0.0014614614614614615	0.13718152642634884	0.09930006030492661	0.23648158673127545
0.001463963963963964	0.1375708151735022	0.0990174159819038	0.236588231155406
0.0014664664664664664	0.1379624101463071	0.09873424558901998	0.2366966557353271
0.001468968968968969	0.13835630143960675	0.09845056068839625	0.236806862128003
0.0014714714714714715	0.13875247431172702	0.09816637256671305	0.23691884687844006
0.001473973973973974	0.13915091349711856	0.09788169185401839	0.23703260535113696
0.0014764764764764766	0.13955160788727755	0.09759652952317004	0.2371481374104476
0.001478978978978979	0.13995454673931854	0.09731089745753345	0.23726544419685197
0.0014814814814814814	0.14035971166670816	0.09702480721236807	0.23738451887907625
0.001483983983983984	0.14076708662261864	0.09673826900388625	0.23750535562650488
0.0014864864864864865	0.14117666065185266	0.09645129346366714	0.2376279541155198
0.001488988988988989	0.14158842020518067	0.09616389227274155	0.23775231247792222
0.0014914914914914916	0.14200235090393304	0.09587607661323894	0.23787842751717198
0.001493993993993994	0.1424184355165636	0.09558785459121107	0.2380062901077747
0.0014964964964964964	0.14283665550351468	0.09529923600290786	0.23813589150642256
0.001498998998998999	0.14325699641363618	0.09501023480094066	0.23826723121457682
0.0015015015015015015	0.14367944317792306	0.09472086201706587	0.23840030519498892
0.001504004004004004	0.14410398186090126	0.09443112508598299	0.23853510694688423
0.0015065065065065066	0.1445305947104444	0.09414103454492553	0.23867162925536994
0.001509009009009009	0.14495926299587436	0.09385060336966489	0.23880986636553925
0.0015115115115115114	0.1453899706616372	0.09355983972741488	0.23894981038905208
0.001514014014014014	0.14582269917174592	0.09326874992873369	0.2390914491004796
0.0015165165165165165	0.14625742722925314	0.09297734711675339	0.23923477434600654
0.001519019019019019	0.14669414044381757	0.0926856431609568	0.23937978360477435
0.0015215215215215216	0.14713282284026336	0.092393647352676	0.23952647019293935
0.001524024024024024	0.14757345930086918	0.09210136902466887	0.23967482832553805
0.0015265265265265264	0.1480160212600564	0.09180881681952356	0.23982483807957994
0.001529029029029029	0.1484604890636342	0.09151599943858034	0.23997648850221454
0.0015315315315315315	0.1489068523520279	0.09122292531590731	0.24012977766793522
0.001534034034034034	0.1493550854074141	0.09092960640588887	0.24028469181330298
0.0015365365365365366	0.14980516931074442	0.0906360526638499	0.24044122197459433
0.001539039039039039	0.15025708700645457	0.09034227165452842	0.24059935866098298
0.0015415415415415416	0.15071081427683808	0.09004827350011516	0.24075908777695323
0.001544044044044044	0.15116632821030523	0.08975406832517913	0.24092039653548436
0.0015465465465465465	0.1516236090589894	0.08945966348789122	0.2410832725468806
0.0015490490490490492	0.15208264116924713	0.08916506777022128	0.2412477089394684
0.0015515515515515516	0.1525433968168501	0.08887029075364027	0.24141368757049037
0.001554054054054054	0.15300585390603222	0.0885753397075008	0.24158119361353303
0.0015565565565565567	0.15346999343327014	0.08828022351994923	0.24175021695321935
0.001559059059059059	0.1539357974705716	0.08798495289833609	0.2419207503689077
0.0015615615615615615	0.15440323004121767	0.08768953732848024	0.24209276736969793
0.0015640640640640642	0.15487227735031864	0.08739398475725532	0.24226626210757396
0.0015665665665665666	0.15534291865109304	0.08709829938937615	0.2424412180404692
0.001569069069069069	0.15581512558890503	0.08680249309282113	0.24261761868172615
0.0015715715715715717	0.15628887232500188	0.0865065750295367	0.24279544735453856
0.001574074074074074	0.15676413815133883	0.08621054926113814	0.24297468741247696
0.0015765765765765765	0.15724089824596177	0.08591442719452907	0.24315532544049084
0.0015790790790790792	0.15771912961353524	0.08561821775109768	0.24333734736463292
0.0015815815815815816	0.1581988072696796	0.0853219272310908	0.2435207345007704
0.001584084084084084	0.15867990259003814	0.08502556474615072	0.24370546733618886
0.0015865865865865867	0.1591623966812412	0.08472913686034583	0.24389153354158705
0.001589089089089089	0.15964625392280854	0.08443264944607548	0.24407890336888402
0.0015915915915915915	0.16013146028844225	0.08413611516000412	0.24426757544844635
0.0015940940940940942	0.16061798367682203	0.08383953915607267	0.2444575228328947
0.0015965965965965966	0.16110579580273662	0.08354292689288963	0.24464872269562626
0.001599099099099099	0.16159487514280582	0.0832462871245412	0.24484116226734703
0.0016016016016016017	0.16208519180475967	0.08294962931313819	0.24503482111789787
0.001604104104104104	0.16257672273408683	0.08265296063646442	0.24522968337055123
0.0016066066066066065	0.1630694303257577	0.08235628703278194	0.24542571735853966
0.0016091091091091092	0.1635633035446804	0.08205961444944775	0.24562291799412816
0.0016116116116116116	0.16405830021429707	0.08176295164961511	0.24582125186391218
0.001614114114114114	0.16455439936172264	0.08146630618891312	0.24602070555063577
0.0016166166166166167	0.1650515726841372	0.08116968443424073	0.24622125711837795
0.0016191191191191191	0.16554978826815056	0.08087309184413304	0.24642288011228358
0.0016216216216216215	0.1660490200682628	0.08057653873723045	0.24662555880549325
0.0016241241241241242	0.16654924196200716	0.08028003001611243	0.2468292719781196
0.0016266266266266266	0.16705042503570716	0.07998356923543609	0.24703399427114325
0.001629129129129129	0.16755253329403375	0.07968716847465786	0.2472397017686916
0.0016316316316316317	0.16805554001333686	0.07939083240657265	0.24744637241990952
0.0016341341341341341	0.16855942316734024	0.07909456661699514	0.2476539897843354
0.0016366366366366365	0.16906414104334977	0.07879837790018955	0.24786251894353933
0.0016391391391391392	0.1695696711767974	0.07850227399773717	0.24807194517453457
0.0016416416416416416	0.17007598264099885	0.07820625827898667	0.24828224091998552
0.001644144144144144	0.17058304307820296	0.07791033917307653	0.24849338225127948
0.0016466466466466467	0.17109082890138408	0.07761452261699368	0.24870535151837775
0.0016491491491491491	0.17159929883202168	0.07731881399220288	0.24891811282422455
0.0016516516516516516	0.17210842482964314	0.07702322127159507	0.24913164610123822
0.0016541541541541542	0.17261817923474734	0.07672775016619227	0.2493459294009396
0.0016566566566566566	0.1731285297783536	0.07643240434214255	0.24956093412049615
0.001659159159159159	0.1736394443285654	0.07613719076691325	0.24977663509547865
0.0016616616616616617	0.1741508954045127	0.07584211599400144	0.24999301139851415
0.0016641641641641641	0.1746628464251777	0.0755471838326508	0.2502100302578285
0.0016666666666666668	0.17517525819040566	0.07525240201457987	0.2504276602049855
0.0016691691691691692	0.17568811102835574	0.07495777775620982	0.25064588878456556
0.0016716716716716716	0.1762013745565151	0.07466331227981099	0.2508646868363261
0.0016741741741741743	0.17671500589982536	0.07436901158111904	0.2510840174809444
0.0016766766766766767	0.17722897494437054	0.07407488478400819	0.2513038597283787
0.0016791791791791791	0.17774324863067512	0.07378093671344736	0.25152418534412246
0.0016816816816816818	0.1782578054572361	0.073487168443021	0.2517449739002571
0.0016841841841841842	0.17877259603516674	0.07319358852906747	0.2519661845642342
0.0016866866866866866	0.17928759743564787	0.07290020149170343	0.2521877989273513
0.0016891891891891893	0.1798027706633576	0.07260701304872576	0.25240978371208334
0.0016916916916916917	0.18031808734882515	0.07231402749958883	0.25263211484841397
0.0016941941941941941	0.18083351005583911	0.07202124892627462	0.25285475898211374
0.0016966966966966968	0.1813490144424169	0.07172868594196503	0.25307770038438193
0.0016991991991991992	0.1818645541956981	0.0714363373060032	0.2533008915017013
0.0017017017017017016	0.18238009811852457	0.07114421307905962	0.2535243111975842
0.0017042042042042043	0.1828956175140409	0.0708523169313781	0.253747934445419
0.0017067067067067067	0.18341107801146436	0.0705606529299713	0.25397173094143566
0.0017092092092092091	0.1839264413361118	0.0702692243454064	0.2541956656815182
0.0017117117117117118	0.18444167334698716	0.06997803723607644	0.2544197105830636
0.0017142142142142142	0.18495674563049105	0.06968709921198861	0.25464384484247965
0.0017167167167167166	0.1854716217640889	0.06939640811476933	0.25486802987885826
0.0017192192192192193	0.18598625925283177	0.0691059689317563	0.2550922281845881
0.0017217217217217217	0.18650062942525253	0.06881587752132079	0.2553165069465733
0.0017242242242242242	0.1870147052361477	0.0685261332292438	0.2555408384653915
0.0017267267267267268	0.18752844122568166	0.06823632040229648	0.2557647616279781
0.0017292292292292292	0.188041803769795	0.06794680588296327	0.25598860965275827
0.0017317317317317317	0.18855476445143085	0.06765776162781215	0.256212526079243
0.0017342342342342343	0.18906728315729615	0.067368941218377	0.25643622437567315
0.0017367367367367367	0.18957932771254074	0.06708039811629651	0.2566597258288372
0.0017392392392392392	0.19009086064158376	0.0667921820863002	0.256883042727884
0.0017417417417417418	0.19060185095641619	0.06650453267739441	0.2571063836338106
0.0017442442442442442	0.19111225783551888	0.06621732812405345	0.25732958595957234
0.0017467467467467467	0.19162204788456727	0.065929190396477	0.25755123828104426
0.0017492492492492493	0.19213119269031628	0.06564208658443371	0.25777327927475
0.0017517517517517517	0.19263964989707408	0.06535541915897802	0.2579950690560521
0.0017542542542542542	0.1931473862097235	0.06506891961369027	0.25821630582341376
0.0017567567567567568	0.19365437455261417	0.06478265568754775	0.2584370302401619
0.0017592592592592592	0.19416056230283466	0.06449693277318308	0.25865749507601776
0.0017617617617617617	0.19466593117599362	0.06421160342139483	0.25887753459738844
0.0017642642642642643	0.19517043098797807	0.06392639325612424	0.2590968242441023
0.0017667667667667667	0.19567404856591897	0.06364156420368008	0.259315612769599
0.0017692692692692692	0.19617672593268287	0.06335706384808693	0.2595337897807698
0.0017717717717717718	0.19667843519081046	0.06307289726242947	0.25975133245323995
0.0017742742742742742	0.19717915604636332	0.06278906760778734	0.2599682236541507
0.0017767767767767767	0.1976788305821715	0.06250557760340131	0.2601844081855728
0.0017792792792792793	0.19817743807679558	0.06222243308896807	0.26039987116576363
0.0017817817817817817	0.19867493810258266	0.06193963625195338	0.26061457435453605
0.0017842842842842842	0.19917130127924876	0.06165718637180555	0.2608284876510543
0.0017867867867867868	0.1996664914141975	0.0613750917618209	0.2610415831760184
0.0017892892892892893	0.2001604641211427	0.061093351848075836	0.26125381596921854
0.001791791791791792	0.20065319717540317	0.060811970321766336	0.2614651674971695
0.0017942942942942943	0.20114465104858098	0.06053094953287479	0.2616756005814558
0.0017967967967967968	0.2016347868419376	0.060250292687536705	0.2618850795294743
0.0017992992992992994	0.20212357541190729	0.059970003319794955	0.26209357873170225
0.0018018018018018018	0.2026109852984111	0.0596900821114512	0.2623010674098623
0.0018043043043043043	0.20309697643183222	0.0594105335872637	0.2625075100190959
0.001806806806806807	0.20358151336300248	0.05913136032612722	0.2627128736891297
0.0018093093093093093	0.20406457284378518	0.05885256167830369	0.26291713452208887
0.0018118118118118118	0.2045460992234203	0.058574142415434564	0.26312024163885483
0.0018143143143143144	0.20502608174736897	0.05829610543395704	0.263322187181326
0.0018168168168168168	0.20550447742681163	0.058018451173862104	0.2635229286006737
0.0018193193193193193	0.20598124720607336	0.057741184284208893	0.26372243149028224
0.001821821821821822	0.20645636589587169	0.05746430612961498	0.26392067202548664
0.0018243243243243243	0.20692978902520415	0.057187817808842356	0.2641176068340465
0.0018268268268268268	0.20740149762376345	0.05691172185059729	0.26431321947436076
0.0018293293293293294	0.2078714521676537	0.05663602037685631	0.26450747254451
0.0018318318318318318	0.20833960961016415	0.056360715124329865	0.264700324734494
0.0018343343343343343	0.2088059539041939	0.05608581074579274	0.26489176464998665
0.001836836836836837	0.2092704408591367	0.055811304051791515	0.26508174491092823
0.0018393393393393393	0.20973303995755996	0.055537201656231175	0.26527024161379115
0.0018418418418418418	0.21019372200997885	0.05526350345434121	0.26545722546432005
0.0018443443443443444	0.21065245148630435	0.054990209483891155	0.2656426609701955
0.0018468468468468468	0.21110919349591284	0.054717324614154454	0.2658265181100673
0.0018493493493493493	0.21156392058921694	0.05444484921078484	0.26600876980000177
0.001851851851851852	0.21201661049579862	0.054172786005809374	0.266189396501608
0.0018543543543543544	0.21246719894402707	0.05390113426428873	0.2663683332083158
0.0018568568568568568	0.21291569772280178	0.05362988832075376	0.26654558604355555
0.0018593593593593594	0.2133620379229259	0.053358612635622214	0.2667206505585481
0.0018618618618618619	0.21380621244872167	0.05308755719349834	0.26689376964222
0.0018643643643643643	0.21424817568095006	0.05281887733983049	0.26706705302078054
0.001866866866866867	0.21468790455524375	0.052549101747468824	0.2672370063027126
0.0018693693693693694	0.21512537316186078	0.05227994985976312	0.2674053230216239
0.0018718718718718718	0.21556053557369165	0.05201122600548423	0.2675717615791759
0.0018743743743743744	0.2159933806019044	0.05174292567966376	0.26773630628156814
0.0018768768768768769	0.2164238598305571	0.05147504782708351	0.2678989076576406
0.0018793793793793793	0.21685195544611063	0.05120759536024697	0.2680595508063576
0.001881881881881882	0.21727763382056117	0.05094057046613808	0.26821820428669924
0.0018843843843843844	0.21770086632487703	0.05067397370033773	0.2683748400252148
0.0018868868868868868	0.21812162372343677	0.050407804265297	0.26852942798873375
0.0018893893893893894	0.2185398775758633	0.050142065468536466	0.26868194304439974
0.0018918918918918919	0.21895559742325513	0.04987675426645137	0.2688323516897065
0.0018943943943943943	0.2193687574661214	0.04961187535982305	0.2689806328259444
0.001896896896896897	0.21977932792293078	0.04934742594546147	0.26912675386839224
0.0018993993993993994	0.2201872808858126	0.049083924728356036	0.2692712056141686
0.0019019019019019018	0.22059258902566167	0.0488211230239322	0.26941371204959386
0.0019044044044044044	0.22099522455150278	0.04855644791518721	0.26955167246669
0.0019069069069069069	0.22139516070748896	0.04829398550487933	0.2696891462123683
0.0019094094094094093	0.221792370285633	0.0480317042778282	0.2698240745634612
0.001911911911911912	0.22218682709788717	0.0477698584205051	0.26995668551839225
0.0019144144144144144	0.22257850462801332	0.04750845038271479	0.2700869550107281
0.001916916916916917	0.2229673758157401	0.04724747625164319	0.27021485206738327
0.0019194194194194195	0.22335341581862406	0.046986936516080616	0.27034035233470466
0.0019219219219219219	0.22373659923466607	0.04672683497365818	0.27046343420832425
0.0019244244244244245	0.2241168999260801	0.04646716842418071	0.27058406835026083
0.001926926926926927	0.22449429305653917	0.04620793948506736	0.2707022325416065
0.0019294294294294294	0.22486875464535416	0.04594914617645833	0.2708179008218125
0.001931931931931932	0.22524025973516212	0.04569078882113383	0.27093104855629596
0.0019344344344344345	0.22560878344754712	0.04543286835454744	0.27104165180209455
0.0019369369369369369	0.22597430345886158	0.045175383345165805	0.2711496868040274
0.0019394394394394395	0.22633679526946604	0.044918336494309735	0.2712551317637758
0.001941941941941942	0.22669623571808706	0.044661723826579604	0.2713579595446667
0.0019444444444444444	0.22705260227397042	0.04440554728416811	0.2714581495581385
0.001946946946946947	0.22740587137743887	0.044149805485068416	0.27155567686250726
0.0019494494494494495	0.22775602111871682	0.04389449964309117	0.27165052076180796
0.001951951951951952	0.2281030307657081	0.04363962781192931	0.2717426585776374
0.0019544544544544545	0.22844687682337178	0.043385190100089066	0.27183206692346085
0.001956956956956957	0.2287875392025896	0.0431311851182146	0.2719187243208042
0.0019594594594594594	0.22912499512466988	0.0428776144044234	0.2720026095290933
0.001961961961961962	0.22945922490305357	0.0426244759983493	0.2720837009014029
0.0019644644644644643	0.22979020896845653	0.04237176792693363	0.2721619768953902
0.001966966966966967	0.2301179259036938	0.04211949148088072	0.2722374173845745
0.0019694694694694695	0.23044235626240217	0.04186764467025151	0.2723100009326537
0.001971971971971972	0.23076348095586782	0.041616228296080214	0.27237970925194804
0.0019744744744744744	0.23108128040830722	0.04136523861622712	0.2724465190245343
0.001976976976976977	0.23139573582534423	0.041114675806789125	0.27251041163213335
0.0019794794794794797	0.23170682897630282	0.04086454096374502	0.2725713699400478
0.001981981981981982	0.23201454183309297	0.04061482991655067	0.27262937174964363
0.0019844844844844845	0.23231885622577655	0.040365543057081184	0.27268439928285776
0.001986986986986987	0.2326197547212988	0.04011667905071248	0.2727364337720113
0.0019894894894894894	0.2329172213502764	0.03986823591941168	0.27278545726968806
0.001991991991991992	0.23321123760878035	0.03962021239018588	0.27283144999896625
0.0019944944944944947	0.23350178777904515	0.039372608274248114	0.2728743960532933
0.001996996996996997	0.23378885631293964	0.039125421001382665	0.2729142773143223
0.0019994994994994996	0.23407242663881517	0.03887864878545217	0.27295107542426733
0.002002002002002002	0.23435248442878567	0.03863229117792907	0.27298477560671475
0.0020045045045045044	0.23462901247409348	0.03838634531795557	0.27301535779204905
0.002007007007007007	0.23490199921266824	0.03814081015239177	0.27304280936506004
0.0020095095095095097	0.2351714282062733	0.03789568354422174	0.27306711175049503
0.002012012012012012	0.23543728533308597	0.03765096351661019	0.2730882488496962
0.0020145145145145146	0.23569955796400377	0.03740664824734202	0.2731062062113458
0.002017017017017017	0.23595823311913194	0.037162736303145226	0.27312096942227715
0.0020195195195195194	0.23621329553044884	0.03691922500567438	0.27313252053612325
0.002022022022022022	0.23646473569001436	0.03667611159274584	0.2731408472827602
0.0020245245245245247	0.23671253878095824	0.03643339524866928	0.2731459340296275
0.002027027027027027	0.23695669480015988	0.03619107246222813	0.273147767262388
0.0020295295295295296	0.23719719180519824	0.035949141317537577	0.27314633312273584
0.002032032032032032	0.23743401700777458	0.035707599651554386	0.27314161665932896
0.0020345345345345344	0.2376671622615047	0.035466442528791706	0.2731336047902964
0.002037037037037037	0.23789661545603905	0.03522568852559499	0.27312230398163406
0.0020395395395395397	0.23812236628721123	0.03498534827147813	0.2731077145586894
0.002042042042042042	0.23834440607917529	0.03474529300237266	0.27308969908154795
0.0020445445445445446	0.2385627242645444	0.03450562559718811	0.2730683498617325
0.002047047047047047	0.23877731420632908	0.034266384489253954	0.27304369869558304
0.0020495495495495494	0.2389881641116565	0.03402738787504065	0.27301555198669714
0.002052052052052052	0.23919526644921502	0.03378857722952052	0.2729838436787355
0.0020545545545545547	0.2393986155981187	0.03355078388663741	0.2729493994847561
0.002057057057057057	0.23959820094154116	0.033313408010127867	0.27291160895166905
0.0020595595595595596	0.2397940177464332	0.03307565786638562	0.27286967561281883
0.002062062062062062	0.2399860570546389	0.03283819356219129	0.2728242506168302
0.0020645645645645644	0.24017431322871122	0.03260091847425075	0.272775231702962
0.002067067067067067	0.24035878127561563	0.0323650922963911	0.2727238735720067
0.0020695695695695697	0.24053945315172767	0.03212935938884056	0.27266881254056824
0.002072072072072072	0.24071632428831924	0.03189351979519279	0.272609844083512
0.0020745745745745746	0.2408893905951125	0.03165814832583568	0.2725475389209482
0.002077077077077077	0.24105864619645445	0.03142309830083216	0.2724817444972866
0.0020795795795795794	0.24122408683501936	0.031188375197682344	0.2724124620327017
0.002082082082082082	0.24138570819463312	0.030953974067904396	0.2723396822625375
0.0020845845845845847	0.24154350765244256	0.030719891094543258	0.2722633987469858
0.002087087087087087	0.2416974809787972	0.03048612224826507	0.27218360322706225
0.0020895895895895896	0.24184762477601843	0.030252662047215287	0.27210028682323373
0.002092092092092092	0.24199393650069365	0.03001950678448673	0.2720134432851804
0.0020945945945945945	0.24213641580501716	0.02978664882083758	0.27192306462585475
0.0020970970970970973	0.2422750572363371	0.02955408199944632	0.27182913923578345
0.0020995995995995997	0.24240986268308157	0.02932181615304322	0.2717316788361248
0.002102102102102102	0.24254082817740744	0.029089833882511292	0.2716306620599187
0.0021046046046046046	0.24266795413069647	0.0288581251120839	0.2715260792427804
0.002107107107107107	0.24279123917506537	0.028626692347001437	0.27141793152206684
0.0021096096096096095	0.24291068387146805	0.02839552824322114	0.2713062121146892
0.0021121121121121123	0.24302628721520644	0.028164627275202032	0.2711909144904085
0.0021146146146146147	0.24313805077435688	0.027933985510077818	0.2710720362844347
0.002117117117117117	0.24324597459296277	0.027703598181215865	0.27094957277417864
0.0021196196196196196	0.24335005979467356	0.027473448802293948	0.2708235085969675
0.002122122122122122	0.24345030724642674	0.02724353635324759	0.27069384359967436
0.0021246246246246245	0.24354671890422927	0.02701386330114473	0.270560582205374
0.0021271271271271273	0.24363929861568423	0.02678441539194967	0.2704237140076339
0.0021296296296296298	0.24372804223212782	0.02655518783760014	0.270283230069728
0.002132132132132132	0.2438129631273491	0.02632617297192433	0.2701391360992734
0.0021346346346346346	0.24389405619232754	0.026097364646871655	0.2699914208391992
0.002137137137137137	0.24397132802204863	0.025868733545697846	0.2698400615677465
0.0021396396396396395	0.2440447799105546	0.025640463503937866	0.26968524341449246
0.0021421421421421423	0.24411441711548698	0.025412743588484533	0.26952716070397154
0.0021446446446446448	0.2441802443860682	0.025184186943086107	0.26936443132915433
0.002147147147147147	0.24424226561021978	0.024954972095228747	0.2691972377054485
0.0021496496496496496	0.2443004860591339	0.024728885875626147	0.26902937193476006
0.002152152152152152	0.24435490882822744	0.024501117827269995	0.26885602665549746
0.0021546546546546545	0.2444055430749969	0.024273378528322925	0.26867892160331985
0.0021571571571571573	0.2444523917093878	0.02404615516791732	0.2684985468773051
0.0021596596596596598	0.2444954615620645	0.023818997553368252	0.2683144591154328
0.002162162162162162	0.24453475992604162	0.023591955892150122	0.26812671581819175
0.0021646646646646646	0.24457029122246135	0.023365025059934912	0.26793531628239625
0.002167167167167167	0.24460206514964453	0.023138195727880357	0.2677402608775249
0.0021696696696696695	0.24463008621851587	0.022911457573584235	0.2675415437921001
0.0021721721721721723	0.24465436376436686	0.022684801416838304	0.26733916518120515
0.0021746746746746748	0.2446749052594136	0.02245821657474793	0.26713312183416155
0.002177177177177177	0.24469171805472764	0.022231697919396772	0.2669234159741244
0.0021796796796796796	0.24470481062686075	0.022005244439491797	0.26671005506635254
0.002182182182182182	0.2447141923967703	0.021778817172246986	0.2664930095690173
0.0021846846846846845	0.24471987206876736	0.021552391892178294	0.26627226396094567
0.0021871871871871874	0.24472185812910432	0.021325996027029222	0.2660478541561335
0.0021896896896896898	0.24472016043927688	0.021099606909329396	0.2658197673486063
0.002192192192192192	0.2447147875884674	0.02087323693068835	0.26558802451915575
0.0021946946946946946	0.24470575180785128	0.020646857668288308	0.2653526094761396
0.002197197197197197	0.24469306144503022	0.02042042608468724	0.2651134875297175
0.0021996996996996995	0.24467672663307868	0.02019396035426029	0.26487068698733895
0.0022022022022022024	0.2446567602765976	0.01996743782214547	0.2646241980987431
0.002204704704704705	0.2446331705856068	0.01974086251178388	0.26437403309739066
0.002207207207207207	0.24460597093039385	0.019514192010810904	0.2641201629412048
0.0022097097097097096	0.24457517200248052	0.01928742848277037	0.2638626004852509
0.002212212212212212	0.24454078463155168	0.019060556451975727	0.2636013410835274
0.0022147147147147145	0.24450282239368423	0.018833565882053274	0.2633363882757375
0.0022172172172172174	0.2444612952354878	0.018606433577479917	0.2630677288129677
0.00221971971971972	0.24441621801434082	0.01837914815209801	0.26279536616643884
0.0022222222222222222	0.2443676010566864	0.018151705227077954	0.26251930628376435
0.0022247247247247246	0.24431545874014382	0.017923966112332202	0.26223942485247603
0.002227227227227227	0.24425980424754884	0.01769661149974913	0.26195641574729794
0.00222972972972973	0.24420064958151264	0.01746957901658165	0.2616702285980943
0.0022322322322322324	0.2441380085955912	0.017239222284383814	0.261377230879975
0.002234734734734735	0.24407189560697595	0.017009506625688408	0.26108140223266435
0.0022372372372372372	0.24400232430749938	0.016783031006224212	0.2607853553137236
0.0022397397397397397	0.2439293077857096	0.016553384600475788	0.2604826923861854
0.002242242242242242	0.24385286151000532	0.016323987657274892	0.26017684916728023
0.002244744744744745	0.24377299974417732	0.016094246814277093	0.2598672465584544
0.0022472472472472474	0.24368973795681997	0.01586415585527465	0.25955389381209465
0.00224974974974975	0.24360308910204534	0.015633696227110073	0.2592367853291554
0.0022522522522522522	0.24351307034965533	0.015402846423369714	0.25891591677302506
0.0022547547547547547	0.24341969530239896	0.015171584980277491	0.2585912802826765
0.002257257257257257	0.24332298062219399	0.014939889821404704	0.2582628704435987
0.00225975975975976	0.24322294157217575	0.014707736994191678	0.2579306785663674
0.0022622622622622624	0.24311959277476522	0.014475103164710689	0.2575946959394759
0.002264764764764765	0.2430129525194949	0.014241964876717594	0.2572549173962125
0.0022672672672672672	0.24290303591470705	0.014008295590336775	0.2569113315050438
0.0022697697697697697	0.24278985806413977	0.01377407145859555	0.2565639295227353
0.002272272272272272	0.24267343755679963	0.013539274857375954	0.2562127124141756
0.002274774774774775	0.24255378992236715	0.013303862376465537	0.25585765229883267
0.0022772772772772774	0.24243093121732953	0.01306781084607259	0.2554987420634021
0.00227977977977978	0.24230488080884402	0.012831097235180122	0.25513597804402416
0.0022822822822822822	0.24217565285520135	0.012593688463331639	0.25476934131853296
0.0022847847847847847	0.24204326769668497	0.012355560842906795	0.2543988285395918
0.002287287287287287	0.24190773939014398	0.012116671837730707	0.25402441122787467
0.00228978978978979	0.24176908954006587	0.01187698526947664	0.2536460748095425
0.0022922922922922924	0.24162733155532432	0.011636489198959585	0.2532638207542839
0.002294794794794795	0.24148248691012897	0.01139515145825136	0.25287763836838034
0.0022972972972972973	0.24133457153739873	0.011152903992265716	0.25248747552966444
0.0022997997997997997	0.24118360346162154	0.010909726826045336	0.2520933302876669
0.002302302302302302	0.2410296030925883	0.010665608047997953	0.25169521114058624
0.002304804804804805	0.24087258576822876	0.010420477732819082	0.25129306350104785
0.0023073073073073074	0.24071257150945385	0.010174299713656585	0.25088687122311043
0.00230980980980981	0.2405495799398541	0.009927043889428958	0.25047662382928304
0.0023123123123123123	0.2403836281256777	0.009678669126288925	0.2500622972519666
0.0023148148148148147	0.24021473541613014	0.009429134279299398	0.24964386969542954
0.002317317317317317	0.24004292057862023	0.009178367607255614	0.24922128818587586
0.00231981981981982	0.2398682034558756	0.008926352348041353	0.24879455580391693
0.0023223223223223224	0.23969060228278433	0.008673032131649154	0.2483636344144335
0.002324824824824825	0.23951013725652773	0.008418355477079923	0.24792849273360765
0.0023273273273273273	0.2393268264551078	0.008162272005221126	0.24748909846032893
0.0023298298298298297	0.23914069085730771	0.00790472927061691	0.24704542012792463
0.002332332332332332	0.23895174812535033	0.007645672565089262	0.2465974206904396
0.002334834834834835	0.2387600194713938	0.007385045304984261	0.24614506477637807
0.0023373373373373374	0.2385655242839022	0.007122789364459107	0.24568831364836133
0.00233983983983984	0.23836828248816322	0.006858842886214054	0.24522712537437727
0.0023423423423423423	0.23816831272704525	0.006593153415694677	0.24476146614273991
0.0023448448448448447	0.23796563655705158	0.00632565072631718	0.24429128728336877
0.0023473473473473476	0.23776027270656344	0.006056234810148928	0.24381650751671236
0.00234984984984985	0.2375522432809186	0.005784836600438921	0.2433370798813575
0.0023523523523523524	0.23734156567007764	0.005511503552121113	0.24285306922219874
0.002354854854854855	0.23712826126019532	0.005236054095658692	0.242364315355854
0.0023573573573573573	0.23691235176936581	0.00495837488561784	0.24187072665498366
0.0023598598598598597	0.23669385545290733	0.004678363444335566	0.2413722188972429
0.0023623623623623626	0.2364727947638986	0.004396048910299056	0.24086884367419764
0.002364864864864865	0.2362491873276627	0.004111417189162367	0.24036060451682506
0.0023673673673673674	0.23602305689651634	0.003824148017732861	0.2398472049142492
0.00236986986986987	0.2357944220054635	0.003534261695773804	0.2393286837012373
0.0023723723723723723	0.2355633036471122	0.0032416569977672034	0.2388049606448794
0.0023748748748748747	0.23532972263771948	0.002946214717107758	0.23827593735482724
0.0023773773773773776	0.2350936998985773	0.0026478203444632266	0.23774152024304054
0.00237987987987988	0.23485525591595327	0.0023463631787097685	0.23720161909466303
0.0023823823823823824	0.2346144114825721	0.002041718898498792	0.2366561303810709
0.002384884884884885	0.23437118754378922	0.0017337606232261445	0.23610494816701535
0.0023873873873873873	0.23412560469785476	0.0014223526344479957	0.23554795733230274
0.0023898898898898897	0.23387768422101207	0.0011073526778306022	0.23498503689884268
0.0023923923923923926	0.23362744590876028	0.0007886116221498284	0.2344160575309101
0.002394894894894895	0.23337491274407704	0.00046597272562832104	0.23384088546970536
0.0023973973973973974	0.23312010387534218	0.00013926935987812478	0.2332593732352203
0.0023998998998999	0.23286304078285566	0	0.23286304078285566
0.0024024024024024023	0.23260374415199528	0	0.23260374415199528
0.0024049049049049047	0.23234223627080364	0	0.23234223627080364
0.0024074074074074076	0.23207853656612693	0	0.23207853656612693
0.00240990990990991	0.23181266698022118	0	0.23181266698022118
0.0024124124124124124	0.23154464820435602	0	0.23154464820435602
0.002414914914914915	0.2312745011902761	0	0.2312745011902761
0.0024174174174174173	0.2310022480242759	0	0.2310022480242759
0.0024199199199199197	0.23072790740685709	0	0.23072790740685709
0.0024224224224224226	0.2304515023210624	0	0.2304515023210624
0.002424924924924925	0.2301730538493167	0	0.2301730538493167
0.0024274274274274274	0.2298925818734918	0	0.2298925818734918
0.00242992992992993	0.2296101085871591	0	0.2296101085871591
0.0024324324324324323	0.2293256538588575	0	0.2293256538588575
0.0024349349349349347	0.2290392390445382	0	0.2290392390445382
0.0024374374374374376	0.22875088537630778	0	0.22875088537630778
0.00243993993993994	0.22846061389814595	0	0.22846061389814595
0.0024424424424424425	0.22816844547879156	0	0.22816844547879156
0.002444944944944945	0.2278744008758757	0	0.2278744008758757
0.0024474474474474473	0.22757850115977835	0	0.22757850115977835
0.0024499499499499497	0.22728076715526818	0	0.22728076715526818
0.0024524524524524526	0.2269812196460123	0	0.2269812196460123
0.002454954954954955	0.22667987953383673	0	0.22667987953383673
0.0024574574574574575	0.22637676769635784	0	0.22637676769635784
0.00245995995995996	0.22607190468338917	0	0.22607190468338917
0.0024624624624624623	0.22576531143536704	0	0.22576531143536704
0.0024649649649649647	0.22545700858281298	0	0.22545700858281298
0.0024674674674674676	0.22514701677739718	0	0.22514701677739718
0.00246996996996997	0.22483535663233167	0	0.22483535663233167
0.0024724724724724725	0.22452204886504742	0	0.22452204886504742
0.002474974974974975	0.22420711387180928	0	0.22420711387180928
0.0024774774774774773	0.2238905722251364	0	0.2238905722251364
0.00247997997997998	0.22357244433688653	0	0.22357244433688653
0.0024824824824824826	0.22325275069302933	0	0.22325275069302933
0.002484984984984985	0.22293151170805567	0	0.22293151170805567
0.0024874874874874875	0.22260874752279525	0	0.22260874752279525
0.00248998998998999	0.22228447855380754	0	0.22228447855380754
0.0024924924924924923	0.22195872502974412	0	0.22195872502974412
0.002494994994994995	0.22163150698125286	0	0.22163150698125286
0.0024974974974974976	0.22130284465133682	0	0.22130284465133682
0.0025	0.2209727580575856	0	0.2209727580575856