2.400000e+14 6.459924e+32 6.558613e+32 1.490180e+06 2.425824e+44
2.411184e+14 6.531874e+32 6.633637e+32 1.487218e+06 2.464745e+44
2.422419e+14 6.603836e+32 6.708700e+32 1.484293e+06 2.503836e+44
2.433707e+14 6.675913e+32 6.783892e+32 1.481437e+06 2.543000e+44
2.445048e+14 6.748819e+32 6.859999e+32 1.478684e+06 2.582868e+44
2.456441e+14 6.822481e+32 6.936937e+32 1.476024e+06 2.623399e+44
2.467888e+14 6.896622e+32 7.014400e+32 1.473430e+06 2.664329e+44
2.479388e+14 6.971407e+32 7.092604e+32 1.470980e+06 2.705997e+44
2.490941e+14 7.046337e+32 7.170972e+32 1.468561e+06 2.747775e+44
2.502549e+14 7.121999e+32 7.250152e+32 1.466201e+06 2.790195e+44
2.514210e+14 7.198182e+32 7.329909e+32 1.463911e+06 2.833065e+44
2.525926e+14 7.275273e+32 7.410671e+32 1.461704e+06 2.876736e+44
2.537696e+14 7.352058e+32 7.491123e+32 1.459580e+06 2.920288e+44
2.549521e+14 7.429201e+32 7.571991e+32 1.457453e+06 2.964183e+44
2.561402e+14 7.507955e+32 7.654639e+32 1.455560e+06 3.009601e+44
2.573337e+14 7.586677e+32 7.737263e+32 1.453578e+06 3.054916e+44
2.585329e+14 7.666084e+32 7.820643e+32 1.451721e+06 3.100871e+44
2.597376e+14 7.744143e+32 7.902618e+32 1.449827e+06 3.146006e+44
2.609479e+14 7.822913e+32 7.985427e+32 1.448132e+06 3.192067e+44
2.621639e+14 7.902285e+32 8.068916e+32 1.446493e+06 3.238692e+44
2.633855e+14 7.981660e+32 8.152411e+32 1.444823e+06 3.285256e+44
2.646129e+14 8.062336e+32 8.237359e+32 1.443323e+06 3.333095e+44
2.658459e+14 8.142636e+32 8.321955e+32 1.441827e+06 3.380862e+44
2.670847e+14 8.222514e+32 8.406120e+32 1.440362e+06 3.428393e+44
2.683293e+14 8.303174e+32 8.491164e+32 1.438948e+06 3.476682e+44
2.695796e+14 8.384405e+32 8.576855e+32 1.437579e+06 3.525511e+44
2.708358e+14 8.466297e+32 8.663296e+32 1.436273e+06 3.574973e+44
2.720979e+14 8.548180e+32 8.749763e+32 1.435024e+06 3.624598e+44
2.733658e+14 8.630009e+32 8.836218e+32 1.433769e+06 3.674326e+44
2.746396e+14 8.712367e+32 8.923271e+32 1.432584e+06 3.724568e+44
2.759194e+14 8.795450e+32 9.011146e+32 1.431479e+06 3.775552e+44
2.772051e+14 8.878534e+32 9.099023e+32 1.430278e+06 3.826433e+44
2.784969e+14 8.962767e+32 9.188252e+32 1.429279e+06 3.878671e+44
2.797946e+14 9.046401e+32 9.276838e+32 1.428237e+06 3.930475e+44
2.810984e+14 9.130292e+32 9.365713e+32 1.427190e+06 3.982490e+44
2.824083e+14 9.215448e+32 9.456055e+32 1.426301e+06 4.035846e+44
2.837242e+14 9.300622e+32 9.546412e+32 1.425325e+06 4.089138e+44
2.850463e+14 9.386294e+32 9.637363e+32 1.424428e+06 4.143011e+44
2.863746e+14 9.471896e+32 9.728282e+32 1.423558e+06 4.197016e+44
2.877091e+14 9.557560e+32 9.819273e+32 1.422634e+06 4.251013e+44
2.890497e+14 9.644547e+32 9.911792e+32 1.421861e+06 4.306428e+44
2.903967e+14 9.731580e+32 1.000436e+33 1.421054e+06 4.361830e+44
2.917498e+14 9.819368e+32 1.009783e+33 1.420307e+06 4.418056e+44
2.931094e+14 9.906984e+32 1.019114e+33 1.419587e+06 4.474323e+44
2.944752e+14 9.994908e+32 1.028482e+33 1.418835e+06 4.530873e+44
2.958474e+14 1.008349e+33 1.037928e+33 1.418159e+06 4.588108e+44
2.972260e+14 1.017246e+33 1.047416e+33 1.417509e+06 4.645730e+44
2.986110e+14 1.026219e+33 1.056994e+33 1.416854e+06 4.704121e+44
3.000025e+14 1.035155e+33 1.066537e+33 1.416231e+06 4.762357e+44
3.014004e+14 1.044185e+33 1.076189e+33 1.415694e+06 4.821635e+44
3.028049e+14 1.053211e+33 1.085838e+33 1.415068e+06 4.880753e+44
3.042159e+14 1.062311e+33 1.095573e+33 1.414516e+06 4.940693e+44
3.056335e+14 1.071474e+33 1.105381e+33 1.414001e+06 5.001284e+44
3.070577e+14 1.080621e+33 1.115177e+33 1.413470e+06 5.061866e+44
3.084885e+14 1.089814e+33 1.125028e+33 1.412964e+06 5.122958e+44
3.099260e+14 1.099077e+33 1.134961e+33 1.412559e+06 5.184844e+44
3.113702e+14 1.108358e+33 1.144917e+33 1.412061e+06 5.246834e+44
3.128212e+14 1.117687e+33 1.154929e+33 1.411590e+06 5.309291e+44
3.142789e+14 1.127051e+33 1.164988e+33 1.411177e+06 5.372314e+44
3.157433e+14 1.136444e+33 1.175083e+33 1.410750e+06 5.435697e+44
3.172147e+14 1.145877e+33 1.185226e+33 1.410377e+06 5.499478e+44
3.186928e+14 1.155370e+33 1.195441e+33 1.410001e+06 5.563934e+44
3.201779e+14 1.164895e+33 1.205694e+33 1.409592e+06 5.628646e+44
3.216698e+14 1.174484e+33 1.216026e+33 1.409267e+06 5.694214e+44
3.231688e+14 1.184083e+33 1.226374e+33 1.408945e+06 5.759948e+44
3.246747e+14 1.193696e+33 1.236739e+33 1.408589e+06 5.825759e+44
3.261876e+14 1.203406e+33 1.247220e+33 1.408340e+06 5.892722e+44
3.277076e+14 1.213088e+33 1.257668e+33 1.407944e+06 5.959178e+44
3.292346e+14 1.222897e+33 1.268273e+33 1.407706e+06 6.027287e+44
3.307688e+14 1.232638e+33 1.278798e+33 1.407343e+06 6.094572e+44
3.323101e+14 1.242491e+33 1.289462e+33 1.407153e+06 6.163259e+44
3.338586e+14 1.252403e+33 1.300195e+33 1.406926e+06 6.232558e+44
3.354143e+14 1.262303e+33 1.310916e+33 1.406635e+06 6.301620e+44
3.369773e+14 1.272295e+33 1.321748e+33 1.406458e+06 6.371812e+44
3.385476e+14 1.282263e+33 1.332557e+33 1.406209e+06 6.441770e+44
3.401251e+14 1.292276e+33 1.343420e+33 1.405977e+06 6.512209e+44
3.417101e+14 1.302378e+33 1.354392e+33 1.405806e+06 6.583725e+44
3.433024e+14 1.312502e+33 1.365393e+33 1.405607e+06 6.655419e+44
3.449021e+14 1.322683e+33 1.376464e+33 1.405425e+06 6.727749e+44
3.465093e+14 1.332859e+33 1.387535e+33 1.405226e+06 6.800130e+44
3.481240e+14 1.343100e+33 1.398686e+33 1.405080e+06 6.873293e+44
3.497461e+14 1.353361e+33 1.409862e+33 1.404933e+06 6.946615e+44
3.513759e+14 1.363672e+33 1.421101e+33 1.404763e+06 7.020465e+44
3.530132e+14 1.374046e+33 1.432417e+33 1.404633e+06 7.095060e+44
3.546582e+14 1.384426e+33 1.443747e+33 1.404473e+06 7.169802e+44
3.563109e+14 1.394857e+33 1.455141e+33 1.404364e+06 7.245182e+44
3.579712e+14 1.405321e+33 1.466576e+33 1.404232e+06 7.320896e+44
3.596393e+14 1.415817e+33 1.478054e+33 1.404080e+06 7.396923e+44
3.613151e+14 1.426377e+33 1.489611e+33 1.403975e+06 7.473708e+44
3.629988e+14 1.436963e+33 1.501204e+33 1.403903e+06 7.550903e+44
3.646903e+14 1.447573e+33 1.512830e+33 1.403764e+06 7.628348e+44
3.663897e+14 1.458245e+33 1.524536e+33 1.403690e+06 7.706588e+44
3.680970e+14 1.468933e+33 1.536263e+33 1.403586e+06 7.784922e+44
3.698123e+14 1.479680e+33 1.548063e+33 1.403510e+06 7.863944e+44
3.715355e+14 1.490448e+33 1.559894e+33 1.403405e+06 7.943201e+44
3.732668e+14 1.501253e+33 1.571776e+33 1.403330e+06 8.022977e+44
3.750062e+14 1.512108e+33 1.583718e+33 1.403266e+06 8.103314e+44
3.767537e+14 1.523004e+33 1.595717e+33 1.403198e+06 8.184124e+44
3.785093e+14 1.533945e+33 1.607773e+33 1.403134e+06 8.265450e+44
3.802730e+14 1.544907e+33 1.619858e+33 1.403048e+06 8.346972e+44
3.820450e+14 1.555907e+33 1.631996e+33 1.403009e+06 8.429125e+44
3.838253e+14 1.566929e+33 1.644165e+33 1.402921e+06 8.511452e+44
3.856139e+14 1.577998e+33 1.656396e+33 1.402879e+06 8.594359e+44
3.874108e+14 1.589118e+33 1.668691e+33 1.402828e+06 8.677848e+44
3.892160e+14 1.600285e+33 1.681050e+33 1.402798e+06 8.761919e+44
3.910297e+14 1.611458e+33 1.693422e+33 1.402754e+06 8.846116e+44
3.928518e+14 1.622669e+33 1.705843e+33 1.402695e+06 8.930729e+44
3.946824e+14 1.633899e+33 1.718292e+33 1.402624e+06 9.015514e+44
3.965216e+14 1.645230e+33 1.730871e+33 1.402633e+06 9.101654e+44
3.983693e+14 1.656578e+33 1.743475e+33 1.402601e+06 9.187930e+44
4.002256e+14 1.667907e+33 1.756061e+33 1.402531e+06 9.273891e+44
4.020906e+14 1.679334e+33 1.768772e+33 1.402540e+06 9.361223e+44
4.039643e+14 1.690722e+33 1.781434e+33 1.402405e+06 9.447810e+44
4.058467e+14 1.702242e+33 1.794278e+33 1.402468e+06 9.536347e+44
4.077379e+14 1.713758e+33 1.807114e+33 1.402436e+06 9.624626e+44
4.096378e+14 1.725311e+33 1.820003e+33 1.402416e+06 9.713408e+44
4.115467e+14 1.736887e+33 1.832925e+33 1.402381e+06 9.802488e+44
4.134644e+14 1.748498e+33 1.845898e+33 1.402372e+06 9.892004e+44
4.153911e+14 1.760131e+33 1.858898e+33 1.402310e+06 9.981663e+44
4.173267e+14 1.771821e+33 1.871978e+33 1.402277e+06 1.007209e+45
4.192714e+14 1.783556e+33 1.885120e+33 1.402269e+06 1.016311e+45
4.212251e+14 1.795295e+33 1.898276e+33 1.402233e+06 1.025422e+45
4.231880e+14 1.807070e+33 1.911480e+33 1.402227e+06 1.034577e+45
4.251599e+14 1.818882e+33 1.924733e+33 1.402195e+06 1.043772e+45
4.271411e+14 1.830743e+33 1.938060e+33 1.402180e+06 1.053034e+45
4.291315e+14 1.842615e+33 1.951400e+33 1.402123e+06 1.062295e+45
4.311312e+14 1.854536e+33 1.964815e+33 1.402123e+06 1.071641e+45
4.331402e+14 1.866460e+33 1.978237e+33 1.402078e+06 1.080978e+45
4.351585e+14 1.878455e+33 1.991756e+33 1.402110e+06 1.090417e+45
4.371863e+14 1.890453e+33 2.005285e+33 1.402054e+06 1.099844e+45
4.392235e+14 1.902504e+33 2.018885e+33 1.402016e+06 1.109340e+45
4.412702e+14 1.914572e+33 2.032515e+33 1.402002e+06 1.118862e+45
4.433264e+14 1.926663e+33 2.046183e+33 1.401973e+06 1.128415e+45
4.453923e+14 1.938752e+33 2.059849e+33 1.401886e+06 1.137948e+45
4.474677e+14 1.950947e+33 2.073663e+33 1.401894e+06 1.147641e+45
4.495528e+14 1.963152e+33 2.087493e+33 1.401867e+06 1.157335e+45
4.516477e+14 1.975375e+33 2.101354e+33 1.401829e+06 1.167050e+45
4.537523e+14 1.987623e+33 2.115254e+33 1.401794e+06 1.176803e+45
4.558667e+14 1.999898e+33 2.129197e+33 1.401757e+06 1.186588e+45
4.579909e+14 2.012188e+33 2.143168e+33 1.401711e+06 1.196387e+45
4.601251e+14 2.024539e+33 2.157222e+33 1.401663e+06 1.206268e+45
4.622692e+14 2.036925e+33 2.171328e+33 1.401635e+06 1.216194e+45
4.644233e+14 2.049297e+33 2.185428e+33 1.401579e+06 1.226109e+45
4.665874e+14 2.061693e+33 2.199566e+33 1.401525e+06 1.236053e+45
4.687616e+14 2.074134e+33 2.213770e+33 1.401484e+06 1.246059e+45
4.709460e+14 2.086599e+33 2.228014e+33 1.401432e+06 1.256091e+45
4.731405e+14 2.099098e+33 2.242308e+33 1.401377e+06 1.266166e+45
4.753452e+14 2.111622e+33 2.256643e+33 1.401306e+06 1.276278e+45
4.775602e+14 2.124169e+33 2.271019e+33 1.401272e+06 1.286426e+45
4.797856e+14 2.136727e+33 2.285414e+33 1.401199e+06 1.296579e+45
4.820213e+14 2.149288e+33 2.299813e+33 1.401051e+06 1.306718e+45
4.842674e+14 2.161956e+33 2.314378e+33 1.401071e+06 1.317035e+45
4.865240e+14 2.174611e+33 2.328926e+33 1.400991e+06 1.327320e+45
4.887911e+14 2.187263e+33 2.343483e+33 1.400918e+06 1.337604e+45
4.910688e+14 2.199908e+33 2.358029e+33 1.400764e+06 1.347861e+45
4.933571e+14 2.212650e+33 2.372729e+33 1.400757e+06 1.358280e+45
4.956561e+14 2.225373e+33 2.387404e+33 1.400654e+06 1.368650e+45
4.979657e+14 2.238139e+33 2.402146e+33 1.400575e+06 1.379083e+45
5.002862e+14 2.250894e+33 2.416886e+33 1.400477e+06 1.389511e+45
5.026174e+14 2.263675e+33 2.431670e+33 1.400384e+06 1.399977e+45
5.049595e+14 2.276478e+33 2.446492e+33 1.400286e+06 1.410470e+45
5.073125e+14 2.289306e+33 2.461360e+33 1.400198e+06 1.420995e+45
5.096765e+14 2.302165e+33 2.476275e+33 1.400092e+06 1.431562e+45
5.120515e+14 2.315022e+33 2.491199e+33 1.399968e+06 1.442125e+45
5.144376e+14 2.327905e+33 2.506171e+33 1.399859e+06 1.452732e+45
5.168348e+14 2.340804e+33 2.521173e+33 1.399743e+06 1.463358e+45
5.192431e+14 2.353737e+33 2.536229e+33 1.399639e+06 1.474031e+45
5.216627e+14 2.366680e+33 2.551308e+33 1.399497e+06 1.484713e+45
5.240936e+14 2.379656e+33 2.566447e+33 1.399394e+06 1.495448e+45
5.265358e+14 2.392598e+33 2.581551e+33 1.399241e+06 1.506138e+45
5.289893e+14 2.405597e+33 2.596746e+33 1.399136e+06 1.516923e+45
5.314543e+14 2.418573e+33 2.611919e+33 1.398978e+06 1.527658e+45
5.339308e+14 2.431595e+33 2.627166e+33 1.398838e+06 1.538463e+45
5.364188e+14 2.444625e+33 2.642436e+33 1.398699e+06 1.549279e+45
5.389184e+14 2.457656e+33 2.657721e+33 1.398552e+06 1.560107e+45
5.414297e+14 2.470687e+33 2.673018e+33 1.398380e+06 1.570936e+45
5.439527e+14 2.483745e+33 2.688365e+33 1.398233e+06 1.581809e+45
5.464874e+14 2.496808e+33 2.703730e+33 1.398057e+06 1.592680e+45
5.490339e+14 2.509894e+33 2.719141e+33 1.397893e+06 1.603590e+45
5.515923e+14 2.522984e+33 2.734567e+33 1.397714e+06 1.614504e+45
5.541626e+14 2.536068e+33 2.750001e+33 1.397523e+06 1.625419e+45
5.567449e+14 2.549173e+33 2.765477e+33 1.397356e+06 1.636368e+45
5.593393e+14 2.562285e+33 2.780974e+33 1.397145e+06 1.647319e+45
5.619457e+14 2.575430e+33 2.796532e+33 1.396972e+06 1.658329e+45
5.645642e+14 2.588571e+33 2.812095e+33 1.396772e+06 1.669325e+45
5.671950e+14 2.601702e+33 2.827664e+33 1.396575e+06 1.680327e+45
5.698380e+14 2.614830e+33 2.843242e+33 1.396366e+06 1.691327e+45
5.724934e+14 2.627970e+33 2.858852e+33 1.396153e+06 1.702347e+45
5.751611e+14 2.641120e+33 2.874481e+33 1.395904e+06 1.713373e+45
5.778412e+14 2.654297e+33 2.890175e+33 1.395729e+06 1.724455e+45
5.805339e+14 2.667452e+33 2.905847e+33 1.395496e+06 1.735498e+45
5.832391e+14 2.680598e+33 2.921527e+33 1.395252e+06 1.746546e+45
5.859568e+14 2.693749e+33 2.937225e+33 1.395010e+06 1.757598e+45
5.886873e+14 2.706852e+33 2.952875e+33 1.394545e+06 1.768550e+45
5.914305e+14 2.720088e+33 2.968725e+33 1.394534e+06 1.779768e+45
5.941864e+14 2.733264e+33 2.984503e+33 1.394286e+06 1.790863e+45
5.969552e+14 2.746417e+33 3.000270e+33 1.394024e+06 1.801941e+45
5.997369e+14 2.759561e+33 3.016041e+33 1.393751e+06 1.813009e+45
6.025316e+14 2.772715e+33 3.031845e+33 1.393491e+06 1.824096e+45
6.053393e+14 2.785869e+33 3.047661e+33 1.393197e+06 1.835181e+45
6.081601e+14 2.799032e+33 3.063506e+33 1.392916e+06 1.846286e+45
6.109940e+14 2.812186e+33 3.079355e+33 1.392632e+06 1.857384e+45
6.138411e+14 2.825319e+33 3.095197e+33 1.392349e+06 1.868472e+45
6.167015e+14 2.838461e+33 3.111070e+33 1.392069e+06 1.879579e+45
6.195752e+14 2.851602e+33 3.126957e+33 1.391761e+06 1.890683e+45
6.224623e+14 2.864731e+33 3.142840e+33 1.391445e+06 1.901768e+45
6.253629e+14 2.877871e+33 3.158761e+33 1.391145e+06 1.912879e+45
6.282770e+14 2.890976e+33 3.174651e+33 1.390832e+06 1.923952e+45
6.312046e+14 2.904063e+33 3.190539e+33 1.390502e+06 1.935007e+45
6.341459e+14 2.917155e+33 3.206450e+33 1.390165e+06 1.946072e+45
6.371009e+14 2.930244e+33 3.222373e+33 1.389832e+06 1.957139e+45
6.400697e+14 2.943325e+33 3.238302e+33 1.389488e+06 1.968197e+45
6.430523e+14 2.956400e+33 3.254242e+33 1.389155e+06 1.979255e+45
6.460488e+14 2.969429e+33 3.270144e+33 1.388805e+06 1.990268e+45
6.490593e+14 2.982461e+33 3.286070e+33 1.388450e+06 2.001291e+45
6.520838e+14 2.995495e+33 3.302016e+33 1.388098e+06 2.012328e+45
6.551224e+14 3.008496e+33 3.317929e+33 1.387717e+06 2.023307e+45
6.581751e+14 3.021515e+33 3.333893e+33 1.387363e+06 2.034329e+45
6.612421e+14 3.034475e+33 3.349789e+33 1.386958e+06 2.045263e+45
6.643234e+14 3.047428e+33 3.365701e+33 1.386570e+06 2.056213e+45
6.674190e+14 3.060374e+33 3.381627e+33 1.386178e+06 2.067157e+45
6.705290e+14 3.073303e+33 3.397542e+33 1.385785e+06 2.078078e+45
6.736536e+14 3.086222e+33 3.413461e+33 1.385368e+06 2.088987e+45
6.767927e+14 3.099138e+33 3.429400e+33 1.384970e+06 2.099901e+45
6.799464e+14 3.111992e+33 3.445279e+33 1.384543e+06 2.110750e+45
6.831149e+14 3.124847e+33 3.461183e+33 1.384146e+06 2.121617e+45
6.862980e+14 3.137672e+33 3.477057e+33 1.383706e+06 2.132434e+45
6.894961e+14 3.150485e+33 3.492935e+33 1.383272e+06 2.143243e+45
6.927090e+14 3.163250e+33 3.508761e+33 1.382697e+06 2.153960e+45
6.959369e+14 3.176060e+33 3.524688e+33 1.382395e+06 2.164808e+45
6.991798e+14 3.188786e+33 3.540516e+33 1.381949e+06 2.175536e+45
7.024379e+14 3.201483e+33 3.556319e+33 1.381485e+06 2.186221e+45
7.057111e+14 3.214171e+33 3.572132e+33 1.381024e+06 2.196902e+45
7.089996e+14 3.226838e+33 3.587935e+33 1.380562e+06 2.207560e+45
7.123034e+14 3.239491e+33 3.603742e+33 1.380085e+06 2.218198e+45
7.156226e+14 3.252099e+33 3.619517e+33 1.379602e+06 2.228797e+45
7.189573e+14 3.264667e+33 3.635251e+33 1.379121e+06 2.239350e+45
7.223075e+14 3.277207e+33 3.650965e+33 1.378615e+06 2.249865e+45
7.256733e+14 3.289734e+33 3.666679e+33 1.378123e+06 2.260370e+45
7.290548e+14 3.302238e+33 3.682388e+33 1.377613e+06 2.270848e+45
7.324521e+14 3.314735e+33 3.698116e+33 1.377115e+06 2.281323e+45
7.358652e+14 3.327153e+33 3.713753e+33 1.376602e+06 2.291714e+45
7.392942e+14 3.339544e+33 3.729371e+33 1.376078e+06 2.302072e+45
7.427392e+14 3.351914e+33 3.744981e+33 1.375550e+06 2.312405e+45
7.462002e+14 3.364255e+33 3.760571e+33 1.375016e+06 2.322702e+45
7.496774e+14 3.376577e+33 3.776159e+33 1.374474e+06 2.332978e+45
7.531707e+14 3.388874e+33 3.791742e+33 1.373944e+06 2.343237e+45
7.566804e+14 3.401089e+33 3.807228e+33 1.373393e+06 2.353402e+45
7.602064e+14 3.413281e+33 3.822703e+33 1.372839e+06 2.363543e+45
7.637488e+14 3.425440e+33 3.838154e+33 1.372274e+06 2.373639e+45
7.673077e+14 3.437572e+33 3.853590e+33 1.371706e+06 2.383701e+45
7.708832e+14 3.449680e+33 3.869018e+33 1.371128e+06 2.393734e+45
7.744754e+14 3.461736e+33 3.884398e+33 1.370548e+06 2.403717e+45
7.780843e+14 3.473723e+33 3.899701e+33 1.369966e+06 2.413624e+45
7.817100e+14 3.485678e+33 3.914980e+33 1.369368e+06 2.423485e+45
7.853527e+14 3.497610e+33 3.930251e+33 1.368779e+06 2.433327e+45
7.890123e+14 3.509508e+33 3.945498e+33 1.368170e+06 2.443122e+45
7.926889e+14 3.521388e+33 3.960747e+33 1.367570e+06 2.452903e+45
7.963827e+14 3.533187e+33 3.975897e+33 1.366949e+06 2.462587e+45
8.000937e+14 3.544936e+33 3.991004e+33 1.366332e+06 2.472216e+45
8.038220e+14 3.556661e+33 4.006105e+33 1.365733e+06 2.481826e+45
8.075677e+14 3.568335e+33 4.021144e+33 1.365078e+06 2.491353e+45
8.113308e+14 3.579982e+33 4.036175e+33 1.364432e+06 2.500850e+45
8.151115e+14 3.591602e+33 4.051192e+33 1.363785e+06 2.510320e+45
8.189097e+14 3.603133e+33 4.066109e+33 1.363144e+06 2.519700e+45
8.227257e+14 3.614614e+33 4.080973e+33 1.362484e+06 2.529013e+45
8.265594e+14 3.626062e+33 4.095815e+33 1.361828e+06 2.538287e+45
8.304111e+14 3.637476e+33 4.110634e+33 1.361166e+06 2.547523e+45
8.342806e+14 3.648853e+33 4.125421e+33 1.360495e+06 2.556708e+45
8.381682e+14 3.660194e+33 4.140182e+33 1.359812e+06 2.565848e+45
8.420739e+14 3.671429e+33 4.154815e+33 1.359135e+06 2.574877e+45
8.459979e+14 3.682632e+33 4.169430e+33 1.358456e+06 2.583871e+45
8.499400e+14 3.693790e+33 4.184000e+33 1.357761e+06 2.592804e+45
8.539006e+14 3.704909e+33 4.198537e+33 1.357064e+06 2.601688e+45
8.578796e+14 3.715982e+33 4.213033e+33 1.356344e+06 2.610503e+45
8.618772e+14 3.727018e+33 4.227500e+33 1.355634e+06 2.619284e+45
8.658934e+14 3.737955e+33 4.241851e+33 1.354924e+06 2.627962e+45
8.699283e+14 3.748845e+33 4.256151e+33 1.354204e+06 2.636573e+45
8.739820e+14 3.759697e+33 4.270422e+33 1.353477e+06 2.645139e+45
8.780546e+14 3.770519e+33 4.284684e+33 1.352753e+06 2.653676e+45
8.821462e+14 3.781290e+33 4.298889e+33 1.352017e+06 2.662139e+45
8.862568e+14 3.792032e+33 4.313088e+33 1.351344e+06 2.670596e+45
8.903866e+14 3.802614e+33 4.327048e+33 1.350523e+06 2.678812e+45
8.945357e+14 3.813187e+33 4.341034e+33 1.349769e+06 2.687046e+45
8.987040e+14 3.823718e+33 4.354987e+33 1.349016e+06 2.695229e+45
9.028918e+14 3.834209e+33 4.368910e+33 1.348257e+06 2.703363e+45
9.070991e+14 3.844646e+33 4.382769e+33 1.347489e+06 2.711422e+45
9.113261e+14 3.855031e+33 4.396580e+33 1.346721e+06 2.719423e+45
9.155727e+14 3.865309e+33 4.410259e+33 1.345938e+06 2.727307e+45
9.198391e+14 3.875543e+33 4.423899e+33 1.345162e+06 2.735136e+45
9.241254e+14 3.885732e+33 4.437497e+33 1.344369e+06 2.742904e+45
9.284316e+14 3.895873e+33 4.451047e+33 1.343575e+06 2.750612e+45
9.327580e+14 3.905965e+33 4.464547e+33 1.342776e+06 2.758255e+45
9.371044e+14 3.915998e+33 4.477987e+33 1.341980e+06 2.765827e+45
9.414712e+14 3.925925e+33 4.491294e+33 1.341166e+06 2.773285e+45
9.458583e+14 3.935807e+33 4.504562e+33 1.340352e+06 2.780687e+45
9.502658e+14 3.945648e+33 4.517794e+33 1.339549e+06 2.788040e+45
9.546939e+14 3.955430e+33 4.530956e+33 1.338728e+06 2.795312e+45
9.591426e+14 3.965167e+33 4.544078e+33 1.337895e+06 2.802526e+45
9.636120e+14 3.974844e+33 4.557132e+33 1.337061e+06 2.809664e+45
9.681022e+14 3.984411e+33 4.570050e+33 1.336222e+06 2.816681e+45
9.726134e+14 3.993939e+33 4.582934e+33 1.335395e+06 2.823657e+45
9.771456e+14 4.003413e+33 4.595764e+33 1.334545e+06 2.830556e+45
9.816989e+14 4.012835e+33 4.608536e+33 1.333702e+06 2.837392e+45
9.862735e+14 4.022206e+33 4.621254e+33 1.332845e+06 2.844157e+45
9.908693e+14 4.031517e+33 4.633904e+33 1.331984e+06 2.850845e+45
9.954866e+14 4.040713e+33 4.646414e+33 1.331123e+06 2.857416e+45
1.000125e+15 4.049856e+33 4.658865e+33 1.330256e+06 2.863916e+45
1.004786e+15 4.058947e+33 4.671265e+33 1.329378e+06 2.870348e+45
1.009468e+15 4.067983e+33 4.683597e+33 1.328504e+06 2.876707e+45
1.014172e+15 4.076978e+33 4.695900e+33 1.327629e+06 2.883021e+45
1.018898e+15 4.085912e+33 4.708125e+33 1.326745e+06 2.889250e+45
1.023646e+15 4.094754e+33 4.720261e+33 1.325919e+06 2.895416e+45
1.028416e+15 4.103497e+33 4.732238e+33 1.324970e+06 2.901406e+45
1.033208e+15 4.112197e+33 4.744182e+33 1.324062e+06 2.907355e+45
1.038022e+15 4.120856e+33 4.756089e+33 1.323169e+06 2.913262e+45
1.042859e+15 4.129470e+33 4.767961e+33 1.322266e+06 2.919112e+45
1.047719e+15 4.138004e+33 4.779718e+33 1.321350e+06 2.924844e+45
1.052601e+15 4.146447e+33 4.791374e+33 1.320440e+06 2.930493e+45
1.057506e+15 4.154818e+33 4.802940e+33 1.319527e+06 2.936057e+45
1.062434e+15 4.163125e+33 4.814428e+33 1.318606e+06 2.941529e+45
1.067385e+15 4.171384e+33 4.825863e+33 1.317679e+06 2.946945e+45
1.072358e+15 4.179595e+33 4.837260e+33 1.316752e+06 2.952298e+45
1.077355e+15 4.187743e+33 4.848575e+33 1.315816e+06 2.957568e+45
1.082376e+15 4.195795e+33 4.859763e+33 1.314882e+06 2.962730e+45
1.087419e+15 4.203762e+33 4.870846e+33 1.313946e+06 2.967799e+45
1.092487e+15 4.211694e+33 4.881906e+33 1.313056e+06 2.972837e+45
1.097577e+15 4.219544e+33 4.892852e+33 1.312061e+06 2.977745e+45
1.102692e+15 4.227348e+33 4.903751e+33 1.311112e+06 2.982602e+45
1.107830e+15 4.235095e+33 4.914585e+33 1.310155e+06 2.987384e+45
1.112992e+15 4.242761e+33 4.925309e+33 1.309198e+06 2.992065e+45
1.118179e+15 4.250327e+33 4.935907e+33 1.308235e+06 2.996643e+45
1.123389e+15 4.257852e+33 4.946473e+33 1.307277e+06 3.001176e+45
1.128624e+15 4.265313e+33 4.956955e+33 1.306314e+06 3.005621e+45
1.133883e+15 4.272714e+33 4.967365e+33 1.305342e+06 3.009985e+45
1.139167e+15 4.280058e+33 4.977704e+33 1.304363e+06 3.014273e+45
1.144475e+15 4.287338e+33 4.987962e+33 1.303381e+06 3.018476e+45
1.149808e+15 4.294504e+33 4.998072e+33 1.302401e+06 3.022569e+45
1.155166e+15 4.301621e+33 5.008130e+33 1.301420e+06 3.026603e+45
1.160549e+15 4.308674e+33 5.018106e+33 1.300434e+06 3.030551e+45
1.165957e+15 4.315669e+33 5.028014e+33 1.299442e+06 3.034426e+45
1.171390e+15 4.322608e+33 5.037851e+33 1.298452e+06 3.038225e+45
1.176849e+15 4.329488e+33 5.047620e+33 1.297454e+06 3.041948e+45
1.182333e+15 4.336268e+33 5.057253e+33 1.296457e+06 3.045564e+45
1.187842e+15 4.342984e+33 5.066817e+33 1.295465e+06 3.049121e+45
1.193377e+15 4.349628e+33 5.076275e+33 1.294461e+06 3.052574e+45
1.198938e+15 4.356219e+33 5.085674e+33 1.293454e+06 3.055961e+45
1.204525e+15 4.362751e+33 5.095000e+33 1.292447e+06 3.059273e+45
1.210138e+15 4.369222e+33 5.104247e+33 1.291434e+06 3.062502e+45
1.215777e+15 4.375621e+33 5.113400e+33 1.290416e+06 3.065642e+45
1.221442e+15 4.381938e+33 5.122466e+33 1.289402e+06 3.068720e+45
1.227134e+15 4.388179e+33 5.131411e+33 1.288380e+06 3.071687e+45
1.232852e+15 4.394370e+33 5.140299e+33 1.287364e+06 3.074593e+45
1.238597e+15 4.400502e+33 5.149114e+33 1.286337e+06 3.077422e+45
1.244369e+15 4.406576e+33 5.157856e+33 1.285306e+06 3.080177e+45
1.250167e+15 4.412589e+33 5.166518e+33 1.284274e+06 3.082851e+45
1.255993e+15 4.418509e+33 5.175060e+33 1.283247e+06 3.085435e+45
1.261845e+15 4.424347e+33 5.183481e+33 1.282214e+06 3.087921e+45
1.267725e+15 4.430137e+33 5.191851e+33 1.281179e+06 3.090350e+45
1.273633e+15 4.435868e+33 5.200149e+33 1.280138e+06 3.092705e+45
1.279568e+15 4.441544e+33 5.208375e+33 1.279098e+06 3.094989e+45
1.285530e+15 4.447157e+33 5.216517e+33 1.278056e+06 3.097190e+45
1.291520e+15 4.452705e+33 5.224577e+33 1.277007e+06 3.099312e+45
1.297539e+15 4.458155e+33 5.232495e+33 1.275970e+06 3.101346e+45
1.303585e+15 4.463543e+33 5.240333e+33 1.274921e+06 3.103296e+45
1.309659e+15 4.468881e+33 5.248109e+33 1.273870e+06 3.105183e+45
1.315762e+15 4.474161e+33 5.255813e+33 1.272818e+06 3.106999e+45
1.321893e+15 4.479387e+33 5.263451e+33 1.271762e+06 3.108745e+45
1.328053e+15 4.484549e+33 5.270997e+33 1.270703e+06 3.110409e+45
1.334242e+15 4.489621e+33 5.278415e+33 1.269644e+06 3.111976e+45
1.340459e+15 4.494614e+33 5.285719e+33 1.268584e+06 3.113459e+45
1.346705e+15 4.499574e+33 5.293004e+33 1.267525e+06 3.114911e+45
1.352981e+15 4.504469e+33 5.300195e+33 1.266462e+06 3.116277e+45
1.359285e+15 4.509297e+33 5.307287e+33 1.265398e+06 3.117554e+45
1.365619e+15 4.514063e+33 5.314294e+33 1.264330e+06 3.118749e+45
1.371983e+15 4.518776e+33 5.321231e+33 1.263255e+06 3.119877e+45
1.378376e+15 4.523393e+33 5.328035e+33 1.262192e+06 3.120924e+45
1.384799e+15 4.527974e+33 5.334814e+33 1.261122e+06 3.121939e+45
1.391252e+15 4.532482e+33 5.341473e+33 1.260052e+06 3.122852e+45
1.397735e+15 4.536938e+33 5.348066e+33 1.258981e+06 3.123701e+45
1.404248e+15 4.541323e+33 5.354552e+33 1.257901e+06 3.124455e+45
1.410792e+15 4.545659e+33 5.360975e+33 1.256824e+06 3.125149e+45
1.417366e+15 4.549923e+33 5.367290e+33 1.255738e+06 3.125757e+45
1.423970e+15 4.554114e+33 5.373522e+33 1.254669e+06 3.126319e+45
1.430606e+15 4.558253e+33 5.379683e+33 1.253591e+06 3.126815e+45
1.437272e+15 4.562330e+33 5.385746e+33 1.252509e+06 3.127228e+45
1.443970e+15 4.566356e+33 5.391752e+33 1.251429e+06 3.127583e+45
1.450698e+15 4.570310e+33 5.397633e+33 1.250341e+06 3.127837e+45
1.457458e+15 4.574223e+33 5.403481e+33 1.249256e+06 3.128047e+45
1.464250e+15 4.578051e+33 5.409191e+33 1.248168e+06 3.128163e+45
1.471073e+15 4.581827e+33 5.414844e+33 1.247091e+06 3.128247e+45
1.477928e+15 4.585560e+33 5.420450e+33 1.246007e+06 3.128284e+45
1.484815e+15 4.589210e+33 5.425910e+33 1.244916e+06 3.128201e+45
1.491734e+15 4.592815e+33 5.431324e+33 1.243826e+06 3.128070e+45
1.498685e+15 4.596367e+33 5.436662e+33 1.242738e+06 3.127875e+45
1.505669e+15 4.599868e+33 5.441929e+33 1.241644e+06 3.127614e+45
1.512685e+15 4.603291e+33 5.447076e+33 1.240557e+06 3.127282e+45
1.519734e+15 4.606659e+33 5.452160e+33 1.239464e+06 3.126904e+45
1.526815e+15 4.609970e+33 5.457152e+33 1.238371e+06 3.126452e+45
1.533930e+15 4.613220e+33 5.462055e+33 1.237278e+06 3.125923e+45
1.541078e+15 4.616408e+33 5.466860e+33 1.236186e+06 3.125314e+45
1.548259e+15 4.619559e+33 5.471629e+33 1.235086e+06 3.124666e+45
1.555474e+15 4.622656e+33 5.476322e+33 1.233988e+06 3.123953e+45
1.562722e+15 4.625681e+33 5.480903e+33 1.232900e+06 3.123182e+45
1.570004e+15 4.628663e+33 5.485444e+33 1.231805e+06 3.122382e+45
1.577320e+15 4.631584e+33 5.489886e+33 1.230714e+06 3.121501e+45
1.584670e+15 4.634440e+33 5.494217e+33 1.229621e+06 3.120534e+45
1.592054e+15 4.637243e+33 5.498477e+33 1.228520e+06 3.119503e+45
1.599473e+15 4.639999e+33 5.502671e+33 1.227423e+06 3.118416e+45
1.606926e+15 4.642704e+33 5.506791e+33 1.226318e+06 3.117267e+45
1.614414e+15 4.645355e+33 5.510845e+33 1.225223e+06 3.116094e+45
1.621937e+15 4.647942e+33 5.514797e+33 1.224128e+06 3.114850e+45
1.629495e+15 4.650480e+33 5.518681e+33 1.223033e+06 3.113550e+45
1.637088e+15 4.652969e+33 5.522492e+33 1.221937e+06 3.112190e+45
1.644716e+15 4.655388e+33 5.526190e+33 1.220835e+06 3.110737e+45
1.652380e+15 4.657772e+33 5.529844e+33 1.219735e+06 3.109250e+45
1.660080e+15 4.660106e+33 5.533424e+33 1.218632e+06 3.107703e+45
1.667816e+15 4.662386e+33 5.536919e+33 1.217539e+06 3.106127e+45
1.675588e+15 4.664608e+33 5.540342e+33 1.216447e+06 3.104497e+45
1.683396e+15 4.666778e+33 5.543680e+33 1.215346e+06 3.102801e+45
1.691240e+15 4.668902e+33 5.546956e+33 1.214253e+06 3.101055e+45
1.699121e+15 4.670958e+33 5.550113e+33 1.213149e+06 3.099215e+45
1.707038e+15 4.672982e+33 5.553235e+33 1.212050e+06 3.097349e+45
1.714993e+15 4.674969e+33 5.556312e+33 1.210951e+06 3.095445e+45
1.722984e+15 4.676897e+33 5.559301e+33 1.209854e+06 3.093497e+45
1.731013e+15 4.678757e+33 5.562165e+33 1.208761e+06 3.091476e+45
1.739079e+15 4.680578e+33 5.564986e+33 1.207665e+06 3.089416e+45
1.747183e+15 4.682355e+33 5.567743e+33 1.206571e+06 3.087307e+45
1.755325e+15 4.684078e+33 5.570416e+33 1.205475e+06 3.085133e+45
1.763504e+15 4.685758e+33 5.573020e+33 1.204374e+06 3.082909e+45
1.771722e+15 4.687388e+33 5.575550e+33 1.203275e+06 3.080626e+45
1.779978e+15 4.688989e+33 5.578053e+33 1.202179e+06 3.078341e+45
1.788272e+15 4.690514e+33 5.580418e+33 1.201090e+06 3.075980e+45
1.796605e+15 4.692000e+33 5.582734e+33 1.199998e+06 3.073579e+45
1.804977e+15 4.693443e+33 5.584986e+33 1.198903e+06 3.071131e+45
1.813388e+15 4.694843e+33 5.587171e+33 1.197811e+06 3.068633e+45
1.821838e+15 4.696194e+33 5.589286e+33 1.196716e+06 3.066079e+45
1.830327e+15 4.697501e+33 5.591323e+33 1.195623e+06 3.063474e+45
1.838856e+15 4.698769e+33 5.593308e+33 1.194529e+06 3.060837e+45
1.847425e+15 4.699986e+33 5.595223e+33 1.193443e+06 3.058181e+45
1.856034e+15 4.701153e+33 5.597054e+33 1.192357e+06 3.055464e+45
1.864683e+15 4.702280e+33 5.598824e+33 1.191272e+06 3.052705e+45
1.873372e+15 4.703359e+33 5.600510e+33 1.190182e+06 3.049888e+45
1.882101e+15 4.704397e+33 5.602138e+33 1.189091e+06 3.047027e+45
1.890872e+15 4.705397e+33 5.603710e+33 1.188000e+06 3.044127e+45
1.899683e+15 4.706350e+33 5.605199e+33 1.186907e+06 3.041169e+45
1.908535e+15 4.707263e+33 5.606643e+33 1.185827e+06 3.038213e+45
1.917428e+15 4.708127e+33 5.608007e+33 1.184746e+06 3.035206e+45
1.926363e+15 4.708959e+33 5.609326e+33 1.183666e+06 3.032168e+45
1.935340e+15 4.709747e+33 5.610572e+33 1.182583e+06 3.029080e+45
1.944358e+15 4.710487e+33 5.611744e+33 1.181501e+06 3.025938e+45
1.953418e+15 4.711193e+33 5.612860e+33 1.180415e+06 3.022760e+45
1.962521e+15 4.711863e+33 5.613926e+33 1.179333e+06 3.019548e+45
1.971666e+15 4.712485e+33 5.614909e+33 1.178255e+06 3.016297e+45
1.980853e+15 4.713068e+33 5.615834e+33 1.177182e+06 3.013033e+45
1.990084e+15 4.713613e+33 5.616704e+33 1.176108e+06 3.009728e+45
1.999357e+15 4.714113e+33 5.617494e+33 1.175031e+06 3.006370e+45
2.008674e+15 4.714582e+33 5.618252e+33 1.173955e+06 3.002987e+45
2.018034e+15 4.714999e+33 5.618904e+33 1.172874e+06 2.999538e+45
2.027438e+15 4.715389e+33 5.619525e+33 1.171798e+06 2.996068e+45
2.036885e+15 4.715760e+33 5.620132e+33 1.170722e+06 2.992590e+45
2.046377e+15 4.716059e+33 5.620599e+33 1.169655e+06 2.989060e+45
2.055912e+15 4.716338e+33 5.621056e+33 1.168591e+06 2.985524e+45
2.065493e+15 4.716580e+33 5.621446e+33 1.167528e+06 2.981947e+45
2.075117e+15 4.716771e+33 5.621742e+33 1.166458e+06 2.978308e+45
2.084787e+15 4.716931e+33 5.621997e+33 1.165395e+06 2.974644e+45
2.094502e+15 4.717063e+33 5.622213e+33 1.164326e+06 2.970954e+45
2.104262e+15 4.717154e+33 5.622362e+33 1.163259e+06 2.967221e+45
2.114067e+15 4.717214e+33 5.622458e+33 1.162198e+06 2.963487e+45
2.123919e+15 4.717223e+33 5.622463e+33 1.161145e+06 2.959732e+45
2.133816e+15 4.717227e+33 5.622491e+33 1.160101e+06 2.955992e+45
2.143759e+15 4.717175e+33 5.622408e+33 1.159051e+06 2.952183e+45
2.153748e+15 4.717082e+33 5.622245e+33 1.157999e+06 2.948325e+45
2.163784e+15 4.716967e+33 5.622064e+33 1.156950e+06 2.944457e+45
2.173867e+15 4.716819e+33 5.621828e+33 1.155898e+06 2.940556e+45
2.183997e+15 4.716642e+33 5.621551e+33 1.154851e+06 2.936630e+45
2.194174e+15 4.716425e+33 5.621198e+33 1.153825e+06 2.932745e+45
2.204399e+15 4.716181e+33 5.620814e+33 1.152804e+06 2.928858e+45
2.214671e+15 4.715917e+33 5.620398e+33 1.151787e+06 2.924959e+45
2.224991e+15 4.715605e+33 5.619896e+33 1.150769e+06 2.921004e+45
2.235359e+15 4.715265e+33 5.619344e+33 1.149747e+06 2.917023e+45
2.245775e+15 4.714911e+33 5.618776e+33 1.148725e+06 2.913038e+45
2.256240e+15 4.714514e+33 5.618142e+33 1.147706e+06 2.909010e+45
2.266754e+15 4.714079e+33 5.617442e+33 1.146711e+06 2.904951e+45
2.277316e+15 4.713613e+33 5.616678e+33 1.145699e+06 2.900942e+45
2.287928e+15 4.713131e+33 5.615896e+33 1.144706e+06 2.896930e+45
2.298589e+15 4.712624e+33 5.615077e+33 1.143716e+06 2.892897e+45
2.309300e+15 4.712088e+33 5.614214e+33 1.142725e+06 2.888840e+45
2.320061e+15 4.711536e+33 5.613331e+33 1.141737e+06 2.884778e+45
2.330872e+15 4.710945e+33 5.612377e+33 1.140748e+06 2.880671e+45
2.341734e+15 4.710318e+33 5.611359e+33 1.139759e+06 2.876527e+45
2.352646e+15 4.709646e+33 5.610255e+33 1.138772e+06 2.872356e+45
2.363609e+15 4.709001e+33 5.609224e+33 1.137815e+06 2.868308e+45
2.374623e+15 4.708301e+33 5.608090e+33 1.136852e+06 2.864190e+45
2.385688e+15 4.707571e+33 5.606890e+33 1.135887e+06 2.860041e+45
2.396805e+15 4.706849e+33 5.605739e+33 1.134931e+06 2.855927e+45
2.407974e+15 4.706078e+33 5.604487e+33 1.133968e+06 2.851754e+45
2.419194e+15 4.705268e+33 5.603167e+33 1.133020e+06 2.847539e+45
2.430467e+15 4.704454e+33 5.601849e+33 1.132047e+06 2.843335e+45
2.441793e+15 4.703597e+33 5.600450e+33 1.131095e+06 2.839115e+45
2.453171e+15 4.702739e+33 5.599038e+33 1.130159e+06 2.834946e+45
2.464603e+15 4.701856e+33 5.597616e+33 1.129223e+06 2.830766e+45
2.476087e+15 4.700947e+33 5.596134e+33 1.128290e+06 2.826557e+45
2.487625e+15 4.700007e+33 5.594587e+33 1.127355e+06 2.822317e+45
2.499217e+15 4.699044e+33 5.593022e+33 1.126422e+06 2.818062e+45
2.510863e+15 4.698047e+33 5.591385e+33 1.125486e+06 2.813771e+45
2.522563e+15 4.697051e+33 5.589766e+33 1.124554e+06 2.809499e+45
2.534318e+15 4.696018e+33 5.588076e+33 1.123628e+06 2.805221e+45
2.546128e+15 4.694988e+33 5.586394e+33 1.122720e+06 2.800995e+45
2.557992e+15 4.693930e+33 5.584662e+33 1.121809e+06 2.796743e+45
2.569912e+15 4.692849e+33 5.582896e+33 1.120900e+06 2.792475e+45
2.581887e+15 4.691741e+33 5.581080e+33 1.119993e+06 2.788181e+45
2.593918e+15 4.690596e+33 5.579193e+33 1.119084e+06 2.783847e+45
2.606005e+15 4.689451e+33 5.577323e+33 1.118178e+06 2.779531e+45
2.618149e+15 4.688271e+33 5.575386e+33 1.117271e+06 2.775177e+45
2.630349e+15 4.687089e+33 5.573453e+33 1.116378e+06 2.770864e+45
2.642606e+15 4.685872e+33 5.571434e+33 1.115489e+06 2.766540e+45
2.654920e+15 4.684657e+33 5.569441e+33 1.114604e+06 2.762238e+45
2.667291e+15 4.683419e+33 5.567408e+33 1.113718e+06 2.757917e+45
2.679721e+15 4.682162e+33 5.565348e+33 1.112838e+06 2.753584e+45
2.692208e+15 4.680868e+33 5.563214e+33 1.111954e+06 2.749211e+45
2.704753e+15 4.679555e+33 5.561044e+33 1.111071e+06 2.744824e+45
2.717356e+15 4.678242e+33 5.558901e+33 1.110193e+06 2.740457e+45
2.730019e+15 4.676880e+33 5.556637e+33 1.109315e+06 2.736045e+45
2.742740e+15 4.675549e+33 5.554449e+33 1.108454e+06 2.731729e+45
2.755521e+15 4.674185e+33 5.552193e+33 1.107594e+06 2.727379e+45
2.768361e+15 4.672798e+33 5.549905e+33 1.106732e+06 2.723010e+45
2.781261e+15 4.671396e+33 5.547591e+33 1.105873e+06 2.718635e+45
2.794221e+15 4.669973e+33 5.545245e+33 1.105016e+06 2.714245e+45
2.807242e+15 4.668516e+33 5.542828e+33 1.104156e+06 2.709816e+45
2.820323e+15 4.667057e+33 5.540423e+33 1.103301e+06 2.705402e+45
2.833465e+15 4.665605e+33 5.538043e+33 1.102449e+06 2.701025e+45
2.846669e+15 4.664132e+33 5.535608e+33 1.101611e+06 2.696664e+45
2.859934e+15 4.662640e+33 5.533139e+33 1.100775e+06 2.692288e+45
2.873261e+15 4.661113e+33 5.530598e+33 1.099933e+06 2.687873e+45
2.886649e+15 4.659580e+33 5.528058e+33 1.099097e+06 2.683467e+45
2.900101e+15 4.658030e+33 5.525487e+33 1.098260e+06 2.679048e+45
2.913615e+15 4.656446e+33 5.522859e+33 1.097425e+06 2.674596e+45
2.927192e+15 4.654860e+33 5.520229e+33 1.096589e+06 2.670155e+45
2.940832e+15 4.653273e+33 5.517614e+33 1.095764e+06 2.665729e+45
2.954536e+15 4.651689e+33 5.514990e+33 1.094948e+06 2.661359e+45
2.968303e+15 4.650078e+33 5.512315e+33 1.094131e+06 2.656963e+45
2.982135e+15 4.648444e+33 5.509599e+33 1.093314e+06 2.652547e+45
2.996031e+15 4.646806e+33 5.506884e+33 1.092501e+06 2.648141e+45
3.009992e+15 4.645144e+33 5.504124e+33 1.091689e+06 2.643713e+45
3.024018e+15 4.643453e+33 5.501314e+33 1.090875e+06 2.639256e+45
3.038109e+15 4.641752e+33 5.498482e+33 1.090060e+06 2.634797e+45
3.052266e+15 4.640019e+33 5.495581e+33 1.089249e+06 2.630303e+45
3.066489e+15 4.638336e+33 5.492810e+33 1.088455e+06 2.625929e+45
3.080779e+15 4.636621e+33 5.489959e+33 1.087659e+06 2.621528e+45
3.095135e+15 4.634892e+33 5.487082e+33 1.086867e+06 2.617120e+45
3.109557e+15 4.633144e+33 5.484171e+33 1.086073e+06 2.612696e+45
3.124047e+15 4.631375e+33 5.481226e+33 1.085282e+06 2.608257e+45
3.138605e+15 4.629582e+33 5.478231e+33 1.084488e+06 2.603795e+45
3.153230e+15 4.627782e+33 5.475223e+33 1.083697e+06 2.599335e+45
3.167924e+15 4.625962e+33 5.472179e+33 1.082904e+06 2.594859e+45
3.182686e+15 4.624155e+33 5.469182e+33 1.082124e+06 2.590433e+45
3.197516e+15 4.622356e+33 5.466192e+33 1.081353e+06 2.586049e+45
3.212416e+15 4.620529e+33 5.463142e+33 1.080577e+06 2.581635e+45
3.227386e+15 4.618689e+33 5.460068e+33 1.079804e+06 2.577215e+45
3.242425e+15 4.616810e+33 5.456912e+33 1.079029e+06 2.572750e+45
3.257534e+15 4.614955e+33 5.453834e+33 1.078262e+06 2.568338e+45
3.272713e+15 4.613047e+33 5.450634e+33 1.077490e+06 2.563859e+45
3.287963e+15 4.611150e+33 5.447465e+33 1.076718e+06 2.559410e+45
3.303285e+15 4.609241e+33 5.444274e+33 1.075953e+06 2.554956e+45
3.318677e+15 4.607349e+33 5.441108e+33 1.075198e+06 2.550564e+45
3.334142e+15 4.605426e+33 5.437899e+33 1.074444e+06 2.546147e+45
3.349678e+15 4.603505e+33 5.434686e+33 1.073692e+06 2.541741e+45
3.365287e+15 4.601568e+33 5.431447e+33 1.072940e+06 2.537325e+45
3.380969e+15 4.599609e+33 5.428166e+33 1.072185e+06 2.532891e+45
3.396724e+15 4.597639e+33 5.424871e+33 1.071437e+06 2.528454e+45
3.412552e+15 4.595682e+33 5.421606e+33 1.070689e+06 2.524048e+45
3.428454e+15 4.593665e+33 5.418219e+33 1.069939e+06 2.519568e+45
3.444430e+15 4.591707e+33 5.414957e+33 1.069201e+06 2.515198e+45
3.460480e+15 4.589709e+33 5.411605e+33 1.068466e+06 2.510795e+45
3.476605e+15 4.587710e+33 5.408254e+33 1.067732e+06 2.506401e+45
3.492806e+15 4.585699e+33 5.404884e+33 1.067000e+06 2.502004e+45
3.509081e+15 4.583659e+33 5.401456e+33 1.066267e+06 2.497576e+45
3.525433e+15 4.581638e+33 5.398078e+33 1.065536e+06 2.493189e+45
3.541861e+15 4.579569e+33 5.394604e+33 1.064805e+06 2.488745e+45
3.558365e+15 4.577504e+33 5.391138e+33 1.064076e+06 2.484319e+45
3.574947e+15 4.575450e+33 5.387692e+33 1.063347e+06 2.479919e+45
3.591605e+15 4.573408e+33 5.384273e+33 1.062633e+06 2.475570e+45
3.608342e+15 4.571331e+33 5.380786e+33 1.061918e+06 2.471186e+45
3.625156e+15 4.569246e+33 5.377280e+33 1.061201e+06 2.466800e+45
3.642048e+15 4.567150e+33 5.373753e+33 1.060489e+06 2.462411e+45
3.659020e+15 4.565058e+33 5.370249e+33 1.059777e+06 2.458039e+45
3.676070e+15 4.562936e+33 5.366685e+33 1.059063e+06 2.453639e+45
3.693200e+15 4.560800e+33 5.363082e+33 1.058353e+06 2.449225e+45
3.710410e+15 4.558664e+33 5.359505e+33 1.057646e+06 2.444830e+45
3.727699e+15 4.556560e+33 5.355970e+33 1.056940e+06 2.440493e+45
3.745070e+15 4.554423e+33 5.352380e+33 1.056243e+06 2.436137e+45
3.762521e+15 4.552288e+33 5.348790e+33 1.055546e+06 2.431792e+45
3.780054e+15 4.550146e+33 5.345181e+33 1.054850e+06 2.427447e+45
3.797668e+15 4.547977e+33 5.341533e+33 1.054150e+06 2.423079e+45
3.815365e+15 4.545805e+33 5.337878e+33 1.053460e+06 2.418718e+45
3.833143e+15 4.543626e+33 5.334229e+33 1.052769e+06 2.414361e+45
3.851005e+15 4.541428e+33 5.330529e+33 1.052083e+06 2.409986e+45
3.868950e+15 4.539217e+33 5.326794e+33 1.051384e+06 2.405602e+45
3.886979e+15 4.537066e+33 5.323182e+33 1.050704e+06 2.401326e+45
3.905091e+15 4.534863e+33 5.319468e+33 1.050023e+06 2.396995e+45
3.923288e+15 4.532669e+33 5.315775e+33 1.049345e+06 2.392687e+45
3.941570e+15 4.530459e+33 5.312052e+33 1.048667e+06 2.388367e+45
3.959937e+15 4.528240e+33 5.308315e+33 1.047990e+06 2.384046e+45
3.978390e+15 4.526015e+33 5.304577e+33 1.047318e+06 2.379731e+45
3.996928e+15 4.523776e+33 5.300805e+33 1.046642e+06 2.375404e+45
4.015553e+15 4.521525e+33 5.297012e+33 1.045968e+06 2.371071e+45
4.034265e+15 4.519284e+33 5.293237e+33 1.045300e+06 2.366765e+45
4.053064e+15 4.517068e+33 5.289507e+33 1.044637e+06 2.362517e+45
4.071951e+15 4.514815e+33 5.285706e+33 1.043973e+06 2.358229e+45
4.090925e+15 4.512567e+33 5.281913e+33 1.043311e+06 2.353957e+45
4.109988e+15 4.510301e+33 5.278100e+33 1.042653e+06 2.349674e+45
4.129140e+15 4.508033e+33 5.274275e+33 1.041992e+06 2.345397e+45
4.148381e+15 4.505746e+33 5.270421e+33 1.041338e+06 2.341106e+45
4.167712e+15 4.503460e+33 5.266562e+33 1.040682e+06 2.336824e+45
4.187133e+15 4.501163e+33 5.262686e+33 1.040028e+06 2.332539e+45
4.206644e+15 4.498877e+33 5.258824e+33 1.039370e+06 2.328283e+45
4.226246e+15 4.496614e+33 5.255021e+33 1.038731e+06 2.324080e+45
4.245940e+15 4.494323e+33 5.251155e+33 1.038087e+06 2.319847e+45
4.265725e+15 4.492027e+33 5.247281e+33 1.037444e+06 2.315618e+45
4.285602e+15 4.489710e+33 5.243367e+33 1.036798e+06 2.311370e+45
4.305573e+15 4.487394e+33 5.239461e+33 1.036160e+06 2.307136e+45
4.325636e+15 4.485065e+33 5.235529e+33 1.035519e+06 2.302893e+45
4.345792e+15 4.482737e+33 5.231598e+33 1.034878e+06 2.298660e+45
4.366043e+15 4.480398e+33 5.227644e+33 1.034241e+06 2.294423e+45
4.386388e+15 4.478092e+33 5.223756e+33 1.033611e+06 2.290247e+45
4.406828e+15 4.475758e+33 5.219817e+33 1.032981e+06 2.286051e+45
4.427363e+15 4.473438e+33 5.215898e+33 1.032354e+06 2.281882e+45
4.447993e+15 4.471105e+33 5.211964e+33 1.031730e+06 2.277705e+45
4.468720e+15 4.468772e+33 5.208033e+33 1.031103e+06 2.273540e+45
4.489544e+15 4.466411e+33 5.204036e+33 1.030482e+06 2.269344e+45
4.510464e+15 4.464029e+33 5.199999e+33 1.029856e+06 2.265130e+45
4.531482e+15 4.461664e+33 5.196003e+33 1.029233e+06 2.260950e+45
4.552598e+15 4.459298e+33 5.192013e+33 1.028612e+06 2.256779e+45
4.573812e+15 4.456972e+33 5.188095e+33 1.028002e+06 2.252679e+45
4.595125e+15 4.454603e+33 5.184089e+33 1.027389e+06 2.248533e+45
4.616538e+15 4.452228e+33 5.180058e+33 1.026775e+06 2.244385e+45
4.638050e+15 4.449862e+33 5.176068e+33 1.026166e+06 2.240263e+45
4.659663e+15 4.447488e+33 5.172060e+33 1.025559e+06 2.236141e+45
4.681376e+15 4.445099e+33 5.168020e+33 1.024950e+06 2.232007e+45
4.703190e+15 4.442694e+33 5.163948e+33 1.024345e+06 2.227860e+45
4.725106e+15 4.440308e+33 5.159919e+33 1.023739e+06 2.223748e+45
4.747124e+15 4.437921e+33 5.155892e+33 1.023139e+06 2.219646e+45
4.769245e+15 4.435553e+33 5.151892e+33 1.022541e+06 2.215584e+45
4.791469e+15 4.433151e+33 5.147825e+33 1.021945e+06 2.211489e+45
4.813796e+15 4.430784e+33 5.143847e+33 1.021354e+06 2.207452e+45
4.836228e+15 4.428365e+33 5.139738e+33 1.020757e+06 2.203350e+45
4.858764e+15 4.425962e+33 5.135677e+33 1.020164e+06 2.199282e+45
4.881405e+15 4.423550e+33 5.131611e+33 1.019577e+06 2.195212e+45
4.904151e+15 4.421136e+33 5.127530e+33 1.018986e+06 2.191147e+45
4.927004e+15 4.418708e+33 5.123423e+33 1.018391e+06 2.187073e+45
4.949962e+15 4.416300e+33 5.119347e+33 1.017809e+06 2.183031e+45
4.973028e+15 4.413890e+33 5.115269e+33 1.017225e+06 2.179007e+45
4.996202e+15 4.411484e+33 5.111201e+33 1.016646e+06 2.174997e+45
5.019483e+15 4.409069e+33 5.107118e+33 1.016067e+06 2.170984e+45
5.042873e+15 4.406654e+33 5.103047e+33 1.015492e+06 2.166983e+45
5.066372e+15 4.404233e+33 5.098947e+33 1.014916e+06 2.162979e+45
5.089980e+15 4.401777e+33 5.094781e+33 1.014340e+06 2.158939e+45
5.113699e+15 4.399347e+33 5.090680e+33 1.013765e+06 2.154943e+45
5.137528e+15 4.396906e+33 5.086543e+33 1.013193e+06 2.150941e+45
5.161468e+15 4.394478e+33 5.082435e+33 1.012618e+06 2.146962e+45
5.185519e+15 4.392061e+33 5.078364e+33 1.012055e+06 2.143020e+45
5.209683e+15 4.389631e+33 5.074255e+33 1.011495e+06 2.139066e+45
5.233959e+15 4.387200e+33 5.070145e+33 1.010933e+06 2.135119e+45
5.258348e+15 4.384767e+33 5.066032e+33 1.010372e+06 2.131180e+45
5.282851e+15 4.382325e+33 5.061899e+33 1.009806e+06 2.127236e+45
5.307468e+15 4.379863e+33 5.057727e+33 1.009249e+06 2.123274e+45
5.332200e+15 4.377421e+33 5.053601e+33 1.008692e+06 2.119348e+45
5.357047e+15 4.374961e+33 5.049437e+33 1.008132e+06 2.115406e+45
5.382010e+15 4.372538e+33 5.045366e+33 1.007582e+06 2.111524e+45
5.407089e+15 4.370096e+33 5.041220e+33 1.007033e+06 2.107628e+45
5.432285e+15 4.367634e+33 5.037040e+33 1.006477e+06 2.103713e+45
5.457599e+15 4.365204e+33 5.032950e+33 1.005935e+06 2.099854e+45
5.483030e+15 4.362754e+33 5.028806e+33 1.005387e+06 2.095975e+45
5.508580e+15 4.360281e+33 5.024618e+33 1.004840e+06 2.092074e+45
5.534249e+15 4.357841e+33 5.020500e+33 1.004321e+06 2.088225e+45
5.560038e+15 4.355379e+33 5.016335e+33 1.003758e+06 2.084355e+45
5.585947e+15 4.352912e+33 5.012165e+33 1.003219e+06 2.080487e+45
5.611976e+15 4.350472e+33 5.008048e+33 1.002680e+06 2.076661e+45
5.638127e+15 4.348023e+33 5.003906e+33 1.002144e+06 2.072839e+45
5.664399e+15 4.345541e+33 4.999689e+33 1.001607e+06 2.068979e+45
5.690795e+15 4.343121e+33 4.995623e+33 1.001081e+06 2.065213e+45
5.717313e+15 4.340638e+33 4.991407e+33 1.000544e+06 2.061369e+45
5.743954e+15 4.338176e+33 4.987255e+33 1.000016e+06 2.057565e+45
5.770720e+15 4.335713e+33 4.983080e+33 9.994841e+05 2.053762e+45
5.797611e+15 4.333259e+33 4.978946e+33 9.989617e+05 2.049984e+45
5.824626e+15 4.330795e+33 4.974784e+33 9.984353e+05 2.046198e+45
5.851768e+15 4.328312e+33 4.970572e+33 9.979063e+05 2.042393e+45
5.879036e+15 4.325867e+33 4.966456e+33 9.973921e+05 2.038657e+45
5.906431e+15 4.323414e+33 4.962312e+33 9.968747e+05 2.034913e+45
5.933954e+15 4.320950e+33 4.958145e+33 9.963563e+05 2.031165e+45
5.961606e+15 4.318494e+33 4.953998e+33 9.958414e+05 2.027434e+45
5.989386e+15 4.316001e+33 4.949773e+33 9.953213e+05 2.023665e+45
6.017295e+15 4.313547e+33 4.945625e+33 9.948096e+05 2.019950e+45
6.045335e+15 4.311088e+33 4.941476e+33 9.942984e+05 2.016240e+45
6.073505e+15 4.308624e+33 4.937324e+33 9.937891e+05 2.012531e+45
6.101806e+15 4.306135e+33 4.933107e+33 9.932760e+05 2.008795e+45
6.130239e+15 4.303663e+33 4.928927e+33 9.927688e+05 2.005095e+45
6.158805e+15 4.301226e+33 4.924818e+33 9.922719e+05 2.001447e+45
6.187504e+15 4.298757e+33 4.920637e+33 9.917658e+05 1.997763e+45
6.216337e+15 4.296297e+33 4.916488e+33 9.912634e+05 1.994103e+45
6.245304e+15 4.293824e+33 4.912302e+33 9.907656e+05 1.990432e+45
6.274406e+15 4.291379e+33 4.908188e+33 9.902685e+05 1.986806e+45
6.303643e+15 4.288884e+33 4.903959e+33 9.897697e+05 1.983121e+45
6.333017e+15 4.286439e+33 4.899846e+33 9.892756e+05 1.979508e+45
6.362528e+15 4.283934e+33 4.895604e+33 9.887752e+05 1.975825e+45
6.392176e+15 4.281465e+33 4.891431e+33 9.882845e+05 1.972200e+45
6.421963e+15 4.279035e+33 4.887341e+33 9.877986e+05 1.968632e+45
6.451888e+15 4.276586e+33 4.883211e+33 9.873095e+05 1.965048e+45
6.481952e+15 4.274105e+33 4.879015e+33 9.868228e+05 1.961428e+45
6.512157e+15 4.271655e+33 4.874885e+33 9.863364e+05 1.957858e+45
6.542503e+15 4.269185e+33 4.870707e+33 9.858497e+05 1.954267e+45
6.572989e+15 4.266722e+33 4.866562e+33 9.853707e+05 1.950696e+45
6.603618e+15 4.264239e+33 4.862362e+33 9.848874e+05 1.947103e+45
6.634390e+15 4.261777e+33 4.858217e+33 9.844063e+05 1.943546e+45
6.665305e+15 4.259323e+33 4.854077e+33 9.839319e+05 1.940009e+45
6.696364e+15 4.256867e+33 4.849923e+33 9.834561e+05 1.936474e+45
6.727568e+15 4.254441e+33 4.845841e+33 9.829836e+05 1.932986e+45
6.758917e+15 4.251971e+33 4.841674e+33 9.825094e+05 1.929452e+45
6.790413e+15 4.249516e+33 4.837529e+33 9.820393e+05 1.925942e+45
6.822055e+15 4.247059e+33 4.833374e+33 9.815709e+05 1.922434e+45
6.853844e+15 4.244590e+33 4.829222e+33 9.811004e+05 1.918923e+45
6.885782e+15 4.242131e+33 4.825074e+33 9.806335e+05 1.915428e+45
6.917869e+15 4.239670e+33 4.820924e+33 9.801658e+05 1.911938e+45
6.950105e+15 4.237252e+33 4.816862e+33 9.797043e+05 1.908511e+45
6.982491e+15 4.234781e+33 4.812678e+33 9.792432e+05 1.905023e+45
7.015028e+15 4.232336e+33 4.808566e+33 9.787888e+05 1.901580e+45
7.047717e+15 4.229880e+33 4.804420e+33 9.783274e+05 1.898126e+45
7.080558e+15 4.227434e+33 4.800297e+33 9.778696e+05 1.894692e+45
7.113552e+15 4.225001e+33 4.796204e+33 9.774148e+05 1.891281e+45
7.146700e+15 4.222525e+33 4.792020e+33 9.769586e+05 1.887823e+45
7.180002e+15 4.220088e+33 4.787920e+33 9.765065e+05 1.884420e+45
7.213460e+15 4.217633e+33 4.783780e+33 9.760528e+05 1.881001e+45
7.247073e+15 4.215224e+33 4.779735e+33 9.756069e+05 1.877648e+45
7.280843e+15 4.212761e+33 4.775578e+33 9.751571e+05 1.874235e+45
7.314770e+15 4.210323e+33 4.771474e+33 9.747114e+05 1.870862e+45
7.348856e+15 4.207889e+33 4.767375e+33 9.742691e+05 1.867498e+45
7.383100e+15 4.205447e+33 4.763260e+33 9.738258e+05 1.864131e+45
7.417504e+15 4.203024e+33 4.759186e+33 9.733848e+05 1.860795e+45
7.452068e+15 4.200596e+33 4.755099e+33 9.729456e+05 1.857458e+45
7.486794e+15 4.198162e+33 4.751007e+33 9.725077e+05 1.854121e+45
7.521681e+15 4.195725e+33 4.746908e+33 9.720684e+05 1.850786e+45
7.556731e+15 4.193275e+33 4.742776e+33 9.716308e+05 1.847441e+45
7.591944e+15 4.190871e+33 4.738740e+33 9.712018e+05 1.844163e+45
7.627321e+15 4.188431e+33 4.734632e+33 9.707647e+05 1.840847e+45
7.662863e+15 4.186019e+33 4.730575e+33 9.703372e+05 1.837571e+45
7.698570e+15 4.183608e+33 4.726523e+33 9.699127e+05 1.834303e+45
7.734444e+15 4.181177e+33 4.722427e+33 9.694816e+05 1.831014e+45
7.770485e+15 4.178753e+33 4.718344e+33 9.690521e+05 1.827741e+45
7.806694e+15 4.176325e+33 4.714267e+33 9.686287e+05 1.824472e+45
7.843072e+15 4.173928e+33 4.710247e+33 9.682076e+05 1.821247e+45
7.879619e+15 4.171485e+33 4.706131e+33 9.677831e+05 1.817970e+45
7.916337e+15 4.169087e+33 4.702104e+33 9.673645e+05 1.814756e+45
7.953226e+15 4.166685e+33 4.698070e+33 9.669494e+05 1.811543e+45
7.990286e+15 4.164261e+33 4.693993e+33 9.665299e+05 1.808311e+45
8.027519e+15 4.161867e+33 4.689969e+33 9.661169e+05 1.805117e+45
8.064926e+15 4.159474e+33 4.685955e+33 9.657025e+05 1.801935e+45
8.102507e+15 4.157065e+33 4.681913e+33 9.652915e+05 1.798739e+45
8.140264e+15 4.154665e+33 4.677878e+33 9.648772e+05 1.795556e+45
8.178196e+15 4.152251e+33 4.673825e+33 9.644685e+05 1.792367e+45
8.216305e+15 4.149835e+33 4.669761e+33 9.640559e+05 1.789179e+45
8.254591e+15 4.147443e+33 4.665753e+33 9.636515e+05 1.786028e+45
8.293056e+15 4.145054e+33 4.661742e+33 9.632455e+05 1.782886e+45
8.331700e+15 4.142671e+33 4.657742e+33 9.628449e+05 1.779759e+45
8.370524e+15 4.140280e+33 4.653733e+33 9.624427e+05 1.776627e+45
8.409530e+15 4.137927e+33 4.649789e+33 9.620466e+05 1.773546e+45
8.448716e+15 4.135536e+33 4.645780e+33 9.616468e+05 1.770426e+45
8.488086e+15 4.133148e+33 4.641774e+33 9.612449e+05 1.767315e+45
8.527639e+15 4.130751e+33 4.637753e+33 9.608476e+05 1.764199e+45
8.567376e+15 4.128372e+33 4.633755e+33 9.604543e+05 1.761110e+45
8.607299e+15 4.125994e+33 4.629779e+33 9.600625e+05 1.758030e+45
8.647407e+15 4.123639e+33 4.625824e+33 9.596712e+05 1.754979e+45
8.687702e+15 4.121279e+33 4.621877e+33 9.592813e+05 1.751933e+45
8.728185e+15 4.118910e+33 4.617914e+33 9.588964e+05 1.748882e+45
8.768857e+15 4.116544e+33 4.613941e+33 9.585085e+05 1.745836e+45
8.809719e+15 4.114161e+33 4.609938e+33 9.581194e+05 1.742777e+45
8.850770e+15 4.111820e+33 4.606035e+33 9.577411e+05 1.739776e+45
8.892013e+15 4.109459e+33 4.602073e+33 9.573544e+05 1.736753e+45
8.933448e+15 4.107101e+33 4.598122e+33 9.569737e+05 1.733741e+45
8.975077e+15 4.104731e+33 4.594150e+33 9.565895e+05 1.730721e+45
9.016899e+15 4.102386e+33 4.590230e+33 9.562132e+05 1.727736e+45
9.058916e+15 4.100031e+33 4.586285e+33 9.558363e+05 1.724746e+45
9.101129e+15 4.097691e+33 4.582372e+33 9.554620e+05 1.721778e+45
9.143539e+15 4.095372e+33 4.578496e+33 9.550928e+05 1.718839e+45
9.186146e+15 4.093009e+33 4.574534e+33 9.547164e+05 1.715854e+45
9.228952e+15 4.090661e+33 4.570606e+33 9.543442e+05 1.712894e+45
9.271957e+15 4.088345e+33 4.566734e+33 9.539789e+05 1.709974e+45
9.315162e+15 4.086004e+33 4.562817e+33 9.536076e+05 1.707033e+45
9.358569e+15 4.083674e+33 4.558932e+33 9.532423e+05 1.704111e+45
9.402179e+15 4.081337e+33 4.555013e+33 9.528765e+05 1.701181e+45
9.445991e+15 4.079016e+33 4.551136e+33 9.525122e+05 1.698280e+45
9.490008e+15 4.076704e+33 4.547279e+33 9.521501e+05 1.695394e+45
9.534229e+15 4.074397e+33 4.543427e+33 9.517938e+05 1.692518e+45
9.578657e+15 4.072090e+33 4.539577e+33 9.514357e+05 1.689648e+45
9.623292e+15 4.069779e+33 4.535716e+33 9.510750e+05 1.686778e+45
9.668135e+15 4.067457e+33 4.531833e+33 9.507165e+05 1.683900e+45
9.713187e+15 4.065150e+33 4.527978e+33 9.503617e+05 1.681045e+45
9.758448e+15 4.062851e+33 4.524151e+33 9.500112e+05 1.678206e+45
9.803921e+15 4.060534e+33 4.520277e+33 9.496576e+05 1.675349e+45
9.849605e+15 4.058237e+33 4.516436e+33 9.493064e+05 1.672520e+45
9.895503e+15 4.055965e+33 4.512662e+33 9.489617e+05 1.669729e+45
9.941614e+15 4.053647e+33 4.508781e+33 9.486093e+05 1.666885e+45
9.987940e+15 4.051371e+33 4.504990e+33 9.482663e+05 1.664097e+45
1.003448e+16 4.049096e+33 4.501203e+33 9.479253e+05 1.661315e+45
1.008124e+16 4.046794e+33 4.497360e+33 9.475782e+05 1.658506e+45
1.012822e+16 4.044549e+33 4.493628e+33 9.472409e+05 1.655768e+45
1.017541e+16 4.042231e+33 4.489745e+33 9.468923e+05 1.652951e+45
1.022283e+16 4.039954e+33 4.485950e+33 9.465527e+05 1.650185e+45
1.027047e+16 4.037685e+33 4.482169e+33 9.462170e+05 1.647434e+45
1.031832e+16 4.035432e+33 4.478424e+33 9.458839e+05 1.644708e+45
1.036641e+16 4.033165e+33 4.474648e+33 9.455468e+05 1.641969e+45
1.041471e+16 4.030923e+33 4.470919e+33 9.452170e+05 1.639263e+45
1.046324e+16 4.028643e+33 4.467120e+33 9.448851e+05 1.636520e+45
1.051200e+16 4.026390e+33 4.463365e+33 9.445526e+05 1.633811e+45
1.056098e+16 4.024162e+33 4.459662e+33 9.442269e+05 1.631136e+45
1.061019e+16 4.021900e+33 4.455893e+33 9.438991e+05 1.628427e+45
1.065964e+16 4.019658e+33 4.452167e+33 9.435718e+05 1.625745e+45
1.070931e+16 4.017413e+33 4.448431e+33 9.432473e+05 1.623064e+45
1.075921e+16 4.015177e+33 4.444713e+33 9.429239e+05 1.620400e+45
1.080935e+16 4.012939e+33 4.440991e+33 9.426023e+05 1.617736e+45
1.085972e+16 4.010734e+33 4.437329e+33 9.422843e+05 1.615115e+45
1.091032e+16 4.008493e+33 4.433600e+33 9.419645e+05 1.612456e+45
1.096116e+16 4.006282e+33 4.429930e+33 9.416473e+05 1.609839e+45
1.101224e+16 4.004064e+33 4.426247e+33 9.413317e+05 1.607218e+45
1.106355e+16 4.001822e+33 4.422510e+33 9.410143e+05 1.604571e+45
1.111511e+16 3.999606e+33 4.418834e+33 9.407025e+05 1.601960e+45
1.116690e+16 3.997411e+33 4.415199e+33 9.403920e+05 1.599379e+45
1.121894e+16 3.995194e+33 4.411511e+33 9.400834e+05 1.596775e+45
1.127122e+16 3.992979e+33 4.407824e+33 9.397696e+05 1.594177e+45
1.132374e+16 3.990811e+33 4.404246e+33 9.394694e+05 1.591640e+45
1.137651e+16 3.988590e+33 4.400548e+33 9.391563e+05 1.589045e+45
1.142952e+16 3.986417e+33 4.396950e+33 9.388546e+05 1.586509e+45
1.148278e+16 3.984216e+33 4.393292e+33 9.385487e+05 1.583946e+45
1.153628e+16 3.982010e+33 4.389632e+33 9.382496e+05 1.581381e+45
1.159004e+16 3.979850e+33 4.386058e+33 9.379489e+05 1.578874e+45
1.164405e+16 3.977667e+33 4.382432e+33 9.376486e+05 1.576343e+45
1.169831e+16 3.975492e+33 4.378833e+33 9.373511e+05 1.573826e+45
1.175282e+16 3.973326e+33 4.375242e+33 9.370530e+05 1.571324e+45
1.180759e+16 3.971146e+33 4.371626e+33 9.367538e+05 1.568809e+45
1.186261e+16 3.968987e+33 4.368042e+33 9.364626e+05 1.566321e+45
1.191789e+16 3.966846e+33 4.364509e+33 9.361735e+05 1.563861e+45
1.197342e+16 3.964668e+33 4.360898e+33 9.358804e+05 1.561361e+45
1.202921e+16 3.962526e+33 4.357358e+33 9.355956e+05 1.558908e+45
1.208527e+16 3.960364e+33 4.353769e+33 9.353064e+05 1.556433e+45
1.214158e+16 3.958227e+33 4.350244e+33 9.350217e+05 1.553994e+45
1.219816e+16 3.956087e+33 4.346701e+33 9.347317e+05 1.551552e+45
1.225500e+16 3.953951e+33 4.343163e+33 9.344476e+05 1.549119e+45
1.231211e+16 3.951813e+33 4.339623e+33 9.341640e+05 1.546688e+45
1.236948e+16 3.949689e+33 4.336113e+33 9.338851e+05 1.544278e+45
1.242712e+16 3.947575e+33 4.332629e+33 9.336087e+05 1.541883e+45
1.248503e+16 3.945437e+33 4.329084e+33 9.333272e+05 1.539464e+45
1.254321e+16 3.943329e+33 4.325611e+33 9.330529e+05 1.537084e+45
1.260166e+16 3.941196e+33 4.322071e+33 9.327722e+05 1.534677e+45
1.266038e+16 3.939090e+33 4.318596e+33 9.325002e+05 1.532307e+45
1.271937e+16 3.936991e+33 4.315137e+33 9.322291e+05 1.529949e+45
1.277864e+16 3.934878e+33 4.311638e+33 9.319550e+05 1.527576e+45
1.283819e+16 3.932800e+33 4.308222e+33 9.316896e+05 1.525247e+45
1.289801e+16 3.930709e+33 4.304774e+33 9.314223e+05 1.522909e+45
1.295811e+16 3.928611e+33 4.301308e+33 9.311529e+05 1.520565e+45
1.301850e+16 3.926507e+33 4.297826e+33 9.308827e+05 1.518218e+45
1.307916e+16 3.924447e+33 4.294441e+33 9.306244e+05 1.515925e+45
1.314011e+16 3.922365e+33 4.291009e+33 9.303605e+05 1.513611e+45
1.320134e+16 3.920282e+33 4.287571e+33 9.300955e+05 1.511299e+45
1.326285e+16 3.918205e+33 4.284146e+33 9.298351e+05 1.508998e+45
1.332466e+16 3.916132e+33 4.280726e+33 9.295738e+05 1.506704e+45
1.338675e+16 3.914080e+33 4.277349e+33 9.293168e+05 1.504436e+45
1.344913e+16 3.912025e+33 4.273958e+33 9.290586e+05 1.502168e+45
1.351180e+16 3.909980e+33 4.270594e+33 9.288034e+05 1.499916e+45
1.357476e+16 3.907919e+33 4.267199e+33 9.285493e+05 1.497651e+45
1.363801e+16 3.905883e+33 4.263849e+33 9.283004e+05 1.495416e+45
1.370157e+16 3.903835e+33 4.260473e+33 9.280519e+05 1.493172e+45
1.376541e+16 3.901794e+33 4.257117e+33 9.278015e+05 1.490939e+45
1.382956e+16 3.899760e+33 4.253771e+33 9.275524e+05 1.488717e+45
1.389400e+16 3.897730e+33 4.250433e+33 9.273030e+05 1.486502e+45
1.395874e+16 3.895700e+33 4.247088e+33 9.270586e+05 1.484290e+45
1.402379e+16 3.893680e+33 4.243765e+33 9.268144e+05 1.482092e+45
1.408914e+16 3.891669e+33 4.240461e+33 9.265713e+05 1.479908e+45
1.415479e+16 3.889644e+33 4.237127e+33 9.263279e+05 1.477712e+45
1.422075e+16 3.887638e+33 4.233832e+33 9.260889e+05 1.475542e+45
1.428701e+16 3.885656e+33 4.230592e+33 9.258562e+05 1.473402e+45
1.435359e+16 3.883656e+33 4.227306e+33 9.256186e+05 1.471243e+45
1.442047e+16 3.881649e+33 4.224004e+33 9.253813e+05 1.469080e+45
1.448767e+16 3.879645e+33 4.220703e+33 9.251412e+05 1.466922e+45
1.455518e+16 3.877662e+33 4.217455e+33 9.249070e+05 1.464794e+45
1.462301e+16 3.875674e+33 4.214189e+33 9.246754e+05 1.462660e+45
1.469115e+16 3.873696e+33 4.210940e+33 9.244435e+05 1.460542e+45
1.475960e+16 3.871725e+33 4.207710e+33 9.242150e+05 1.458435e+45
1.482838e+16 3.869760e+33 4.204489e+33 9.239873e+05 1.456338e+45
1.489748e+16 3.867789e+33 4.201254e+33 9.237571e+05 1.454238e+45
1.496690e+16 3.865822e+33 4.198027e+33 9.235358e+05 1.452144e+45
1.503664e+16 3.863877e+33 4.194845e+33 9.233119e+05 1.450077e+45
1.510671e+16 3.861924e+33 4.191635e+33 9.230857e+05 1.448003e+45
1.517710e+16 3.859984e+33 4.188466e+33 9.228675e+05 1.445949e+45
1.524783e+16 3.858022e+33 4.185251e+33 9.226441e+05 1.443874e+45
1.531888e+16 3.856089e+33 4.182078e+33 9.224250e+05 1.441832e+45
1.539026e+16 3.854159e+33 4.178926e+33 9.222095e+05 1.439798e+45
1.546198e+16 3.852229e+33 4.175758e+33 9.219928e+05 1.437764e+45
1.553403e+16 3.850295e+33 4.172596e+33 9.217752e+05 1.435733e+45
1.560641e+16 3.848373e+33 4.169451e+33 9.215624e+05 1.433715e+45
1.567914e+16 3.846454e+33 4.166313e+33 9.213503e+05 1.431705e+45
1.575220e+16 3.844562e+33 4.163228e+33 9.211425e+05 1.429725e+45
1.582560e+16 3.842658e+33 4.160116e+33 9.209300e+05 1.427735e+45
1.589935e+16 3.840731e+33 4.156958e+33 9.207219e+05 1.425724e+45
1.597343e+16 3.838830e+33 4.153851e+33 9.205147e+05 1.423744e+45
1.604787e+16 3.836942e+33 4.150764e+33 9.203102e+05 1.421780e+45
1.612265e+16 3.835062e+33 4.147702e+33 9.201283e+05 1.419830e+45
1.619778e+16 3.833170e+33 4.144606e+33 9.199005e+05 1.417867e+45
1.627325e+16 3.831297e+33 4.141554e+33 9.197039e+05 1.415928e+45
1.634909e+16 3.829424e+33 4.138495e+33 9.195044e+05 1.413993e+45
1.642527e+16 3.827542e+33 4.135417e+33 9.193006e+05 1.412048e+45
1.650181e+16 3.825684e+33 4.132391e+33 9.191003e+05 1.410134e+45
1.657870e+16 3.823818e+33 4.129350e+33 9.189071e+05 1.408214e+45
1.665596e+16 3.821960e+33 4.126315e+33 9.187076e+05 1.406304e+45
1.673357e+16 3.820092e+33 4.123260e+33 9.185100e+05 1.404386e+45
1.681155e+16 3.818256e+33 4.120272e+33 9.183195e+05 1.402506e+45
1.688989e+16 3.816411e+33 4.117265e+33 9.181286e+05 1.400619e+45
1.696859e+16 3.814574e+33 4.114272e+33 9.179397e+05 1.398744e+45
1.704766e+16 3.812736e+33 4.111275e+33 9.177507e+05 1.396868e+45
1.712710e+16 3.810908e+33 4.108295e+33 9.175666e+05 1.395006e+45
1.720691e+16 3.809082e+33 4.105321e+33 9.173824e+05 1.393149e+45
1.728709e+16 3.807258e+33 4.102350e+33 9.171953e+05 1.391297e+45
1.736764e+16 3.805440e+33 4.099391e+33 9.170093e+05 1.389454e+45
1.744857e+16 3.803618e+33 4.096419e+33 9.168218e+05 1.387609e+45
1.752988e+16 3.801810e+33 4.093479e+33 9.166431e+05 1.385782e+45
1.761157e+16 3.800024e+33 4.090579e+33 9.164668e+05 1.383981e+45
1.769363e+16 3.798232e+33 4.087667e+33 9.162884e+05 1.382177e+45
1.777608e+16 3.796436e+33 4.084743e+33 9.161087e+05 1.380369e+45
1.785892e+16 3.794646e+33 4.081835e+33 9.159278e+05 1.378571e+45
1.794214e+16 3.792858e+33 4.078925e+33 9.157571e+05 1.376777e+45
1.802574e+16 3.791094e+33 4.076068e+33 9.155852e+05 1.375012e+45
1.810974e+16 3.789313e+33 4.073173e+33 9.154143e+05 1.373230e+45
1.819413e+16 3.787537e+33 4.070281e+33 9.152382e+05 1.371455e+45
1.827891e+16 3.785779e+33 4.067433e+33 9.150719e+05 1.369704e+45
1.836408e+16 3.784022e+33 4.064577e+33 9.149021e+05 1.367955e+45
1.844966e+16 3.782260e+33 4.061712e+33 9.147341e+05 1.366202e+45
1.853563e+16 3.780521e+33 4.058895e+33 9.145686e+05 1.364477e+45
1.862200e+16 3.778769e+33 4.056045e+33 9.143998e+05 1.362738e+45
1.870878e+16 3.777029e+33 4.053223e+33 9.142320e+05 1.361016e+45
1.879596e+16 3.775298e+33 4.050425e+33 9.140740e+05 1.359307e+45
1.888354e+16 3.773558e+33 4.047595e+33 9.139156e+05 1.357589e+45
1.897154e+16 3.771828e+33 4.044789e+33 9.137527e+05 1.355885e+45
1.905994e+16 3.770106e+33 4.041998e+33 9.135924e+05 1.354190e+45
1.914876e+16 3.768405e+33 4.039251e+33 9.134382e+05 1.352522e+45
1.923799e+16 3.766699e+33 4.036489e+33 9.132825e+05 1.350849e+45
1.932763e+16 3.765005e+33 4.033749e+33 9.131310e+05 1.349191e+45
1.941770e+16 3.763287e+33 4.030957e+33 9.129750e+05 1.347508e+45
1.950818e+16 3.761601e+33 4.028235e+33 9.128212e+05 1.345864e+45
1.959908e+16 3.759900e+33 4.025476e+33 9.126689e+05 1.344204e+45
1.969041e+16 3.758218e+33 4.022759e+33 9.125224e+05 1.342568e+45
1.978217e+16 3.756536e+33 4.020037e+33 9.123716e+05 1.340933e+45
1.987435e+16 3.754869e+33 4.017345e+33 9.122257e+05 1.339316e+45
1.996696e+16 3.753175e+33 4.014589e+33 9.120715e+05 1.337670e+45
2.006000e+16 3.751537e+33 4.011958e+33 9.119365e+05 1.336089e+45
2.015348e+16 3.749858e+33 4.009231e+33 9.117873e+05 1.334465e+45
2.024739e+16 3.748198e+33 4.006548e+33 9.116426e+05 1.332863e+45
2.034174e+16 3.746560e+33 4.003910e+33 9.115052e+05 1.331287e+45
2.043653e+16 3.744906e+33 4.001231e+33 9.113636e+05 1.329694e+45
2.053176e+16 3.743259e+33 3.998570e+33 9.112236e+05 1.328112e+45
2.062743e+16 3.741621e+33 3.995925e+33 9.110866e+05 1.326542e+45
2.072355e+16 3.739991e+33 3.993295e+33 9.109497e+05 1.324981e+45
2.082012e+16 3.738363e+33 3.990667e+33 9.108128e+05 1.323424e+45
2.091714e+16 3.736745e+33 3.988057e+33 9.106778e+05 1.321880e+45
2.101461e+16 3.735130e+33 3.985453e+33 9.105421e+05 1.320340e+45
2.111253e+16 3.733521e+33 3.982862e+33 9.104128e+05 1.318809e+45
2.121091e+16 3.731914e+33 3.980272e+33 9.102848e+05 1.317283e+45
2.130975e+16 3.730312e+33 3.977687e+33 9.101533e+05 1.315762e+45
2.140905e+16 3.728714e+33 3.975112e+33 9.100243e+05 1.314248e+45
2.150881e+16 3.727119e+33 3.972542e+33 9.098967e+05 1.312739e+45
2.160904e+16 3.725530e+33 3.969980e+33 9.097714e+05 1.311237e+45
2.170973e+16 3.723947e+33 3.967430e+33 9.096461e+05 1.309744e+45
2.181090e+16 3.722371e+33 3.964893e+33 9.095223e+05 1.308260e+45
2.191253e+16 3.720796e+33 3.962354e+33 9.094011e+05 1.306777e+45
2.201464e+16 3.719241e+33 3.959858e+33 9.092820e+05 1.305319e+45
2.211722e+16 3.717676e+33 3.957339e+33 9.091626e+05 1.303852e+45
2.222029e+16 3.716115e+33 3.954825e+33 9.090420e+05 1.302389e+45
2.232383e+16 3.714569e+33 3.952340e+33 9.089267e+05 1.300944e+45
2.242785e+16 3.713017e+33 3.949841e+33 9.088095e+05 1.299495e+45
2.253236e+16 3.711481e+33 3.947376e+33 9.086946e+05 1.298065e+45
2.263736e+16 3.709940e+33 3.944895e+33 9.085788e+05 1.296630e+45
2.274285e+16 3.708426e+33 3.942470e+33 9.084699e+05 1.295225e+45
2.284882e+16 3.706879e+33 3.939974e+33 9.083539e+05 1.293787e+45
2.295530e+16 3.705360e+33 3.937532e+33 9.082446e+05 1.292380e+45
2.306226e+16 3.703857e+33 3.935127e+33 9.081371e+05 1.290992e+45
2.316973e+16 3.702345e+33 3.932700e+33 9.080299e+05 1.289596e+45
2.327770e+16 3.700841e+33 3.930284e+33 9.079213e+05 1.288208e+45
2.338617e+16 3.699341e+33 3.927877e+33 9.078159e+05 1.286827e+45
2.349514e+16 3.697848e+33 3.925486e+33 9.077161e+05 1.285456e+45
2.360462e+16 3.696354e+33 3.923084e+33 9.076055e+05 1.284083e+45
2.371462e+16 3.694869e+33 3.920698e+33 9.075161e+05 1.282721e+45
2.382512e+16 3.693384e+33 3.918318e+33 9.074011e+05 1.281362e+45
2.393614e+16 3.691905e+33 3.915947e+33 9.073018e+05 1.280011e+45
2.404768e+16 3.690436e+33 3.913592e+33 9.072033e+05 1.278670e+45
2.415974e+16 3.688972e+33 3.911245e+33 9.071030e+05 1.277337e+45
2.427232e+16 3.687514e+33 3.908910e+33 9.070070e+05 1.276010e+45
2.438542e+16 3.686059e+33 3.906578e+33 9.069108e+05 1.274689e+45
2.449906e+16 3.684610e+33 3.904258e+33 9.068165e+05 1.273375e+45
2.461322e+16 3.683169e+33 3.901952e+33 9.067239e+05 1.272070e+45
2.472791e+16 3.681744e+33 3.899675e+33 9.066348e+05 1.270783e+45
2.484314e+16 3.680295e+33 3.897352e+33 9.065402e+05 1.269474e+45
2.495890e+16 3.678866e+33 3.895063e+33 9.064514e+05 1.268186e+45
