2.800000e+14 3.386983e+32 3.399806e+32 1.768789e+06 8.164406e+43
2.806262e+14 3.402665e+32 3.415773e+32 1.761781e+06 8.208033e+43
2.812539e+14 3.418255e+32 3.431655e+32 1.754851e+06 8.250908e+43
2.818829e+14 3.433914e+32 3.447609e+32 1.747841e+06 8.294015e+43
2.825134e+14 3.449793e+32 3.463786e+32 1.741153e+06 8.338292e+43
2.831453e+14 3.465750e+32 3.480047e+32 1.734389e+06 8.382783e+43
2.837785e+14 3.481794e+32 3.496398e+32 1.727952e+06 8.427676e+43
2.844132e+14 3.497866e+32 3.512782e+32 1.721315e+06 8.472544e+43
2.850494e+14 3.514123e+32 3.529353e+32 1.714835e+06 8.518424e+43
2.856869e+14 3.530435e+32 3.545985e+32 1.708455e+06 8.564413e+43
2.863259e+14 3.546950e+32 3.562824e+32 1.702196e+06 8.611505e+43
2.869662e+14 3.563428e+32 3.579630e+32 1.696021e+06 8.658203e+43
2.876081e+14 3.579975e+32 3.596510e+32 1.689819e+06 8.705163e+43
2.882513e+14 3.596801e+32 3.613671e+32 1.683789e+06 8.753686e+43
2.888960e+14 3.613560e+32 3.630772e+32 1.677848e+06 8.801566e+43
2.895422e+14 3.630470e+32 3.648028e+32 1.671913e+06 8.850159e+43
2.901898e+14 3.647377e+32 3.665284e+32 1.666076e+06 8.898648e+43
2.908388e+14 3.664751e+32 3.683013e+32 1.660379e+06 8.949714e+43
2.914893e+14 3.682009e+32 3.700630e+32 1.654626e+06 8.999984e+43
2.921412e+14 3.699291e+32 3.718275e+32 1.649043e+06 9.050182e+43
2.927946e+14 3.716740e+32 3.736095e+32 1.643539e+06 9.101187e+43
2.934495e+14 3.734319e+32 3.754047e+32 1.638003e+06 9.152841e+43
2.941058e+14 3.752009e+32 3.772114e+32 1.632715e+06 9.205041e+43
2.947636e+14 3.769938e+32 3.790426e+32 1.627298e+06 9.258525e+43
2.954229e+14 3.787680e+32 3.808556e+32 1.621973e+06 9.310658e+43
2.960836e+14 3.805664e+32 3.826933e+32 1.616802e+06 9.364119e+43
2.967458e+14 3.823801e+32 3.845468e+32 1.611716e+06 9.418396e+43
2.974095e+14 3.841859e+32 3.863931e+32 1.606524e+06 9.471932e+43
2.980747e+14 3.860223e+32 3.882704e+32 1.601598e+06 9.527279e+43
2.987414e+14 3.878650e+32 3.901544e+32 1.596655e+06 9.582776e+43
2.994095e+14 3.897137e+32 3.920450e+32 1.591682e+06 9.638380e+43
3.000792e+14 3.915826e+32 3.939564e+32 1.586845e+06 9.695091e+43
3.007503e+14 3.934651e+32 3.958817e+32 1.582074e+06 9.752513e+43
3.014230e+14 3.953711e+32 3.978312e+32 1.577386e+06 9.811245e+43
3.020972e+14 3.972570e+32 3.997611e+32 1.572712e+06 9.868488e+43
3.027728e+14 3.991583e+32 4.017072e+32 1.568102e+06 9.926465e+43
3.034500e+14 4.010894e+32 4.036834e+32 1.563565e+06 9.986242e+43
3.041287e+14 4.030174e+32 4.056573e+32 1.559104e+06 1.004560e+44
3.048089e+14 4.049550e+32 4.076412e+32 1.554641e+06 1.010539e+44
3.054906e+14 4.069056e+32 4.096387e+32 1.550177e+06 1.016580e+44
3.061739e+14 4.089514e+32 4.117339e+32 1.545765e+06 1.022964e+44
3.068587e+14 4.110651e+32 4.138993e+32 1.541119e+06 1.029555e+44
3.075450e+14 4.132007e+32 4.160871e+32 1.536608e+06 1.036227e+44
3.082329e+14 4.153522e+32 4.182919e+32 1.532149e+06 1.042980e+44
3.089222e+14 4.175195e+32 4.205128e+32 1.527726e+06 1.049827e+44
3.096132e+14 4.197062e+32 4.227543e+32 1.523393e+06 1.056753e+44
3.103056e+14 4.218785e+32 4.249820e+32 1.519011e+06 1.063585e+44
3.109997e+14 4.240978e+32 4.272573e+32 1.514765e+06 1.070667e+44
3.116953e+14 4.262839e+32 4.295002e+32 1.510426e+06 1.077509e+44
3.123924e+14 4.285740e+32 4.318482e+32 1.506428e+06 1.085028e+44
3.130911e+14 4.308011e+32 4.341335e+32 1.502241e+06 1.092079e+44
3.137913e+14 4.330715e+32 4.364631e+32 1.498242e+06 1.099399e+44
3.144932e+14 4.353659e+32 4.388176e+32 1.494289e+06 1.106841e+44
3.151965e+14 4.376487e+32 4.411613e+32 1.490229e+06 1.114188e+44
3.159015e+14 4.399560e+32 4.435302e+32 1.486390e+06 1.121677e+44
3.166081e+14 4.422859e+32 4.459225e+32 1.482589e+06 1.129276e+44
3.173162e+14 4.446251e+32 4.483251e+32 1.478663e+06 1.136910e+44
3.180259e+14 4.469904e+32 4.507545e+32 1.474956e+06 1.144692e+44
3.187372e+14 4.493597e+32 4.531889e+32 1.471227e+06 1.152470e+44
3.194501e+14 4.517369e+32 4.556319e+32 1.467554e+06 1.160278e+44
3.201645e+14 4.541512e+32 4.581129e+32 1.463932e+06 1.168289e+44
3.208806e+14 4.565687e+32 4.605982e+32 1.460373e+06 1.176310e+44
3.215983e+14 4.589986e+32 4.630966e+32 1.456843e+06 1.184379e+44
3.223176e+14 4.614585e+32 4.656256e+32 1.453359e+06 1.192629e+44
3.230385e+14 4.639026e+32 4.681405e+32 1.449894e+06 1.200745e+44
3.237610e+14 4.663941e+32 4.707032e+32 1.446471e+06 1.209140e+44
3.244851e+14 4.689014e+32 4.732827e+32 1.443193e+06 1.217623e+44
3.252108e+14 4.714139e+32 4.758684e+32 1.439853e+06 1.226104e+44
3.259382e+14 4.739202e+32 4.784488e+32 1.436546e+06 1.234532e+44
3.266672e+14 4.764689e+32 4.810728e+32 1.433355e+06 1.243212e+44
3.273978e+14 4.790379e+32 4.837177e+32 1.430138e+06 1.251998e+44
3.281301e+14 4.816116e+32 4.863685e+32 1.426962e+06 1.260788e+44
3.288639e+14 4.841864e+32 4.890214e+32 1.423811e+06 1.269553e+44
3.295995e+14 4.868031e+32 4.917171e+32 1.420759e+06 1.278574e+44
3.303367e+14 4.894310e+32 4.944249e+32 1.417753e+06 1.287659e+44
3.310755e+14 4.920702e+32 4.971453e+32 1.414737e+06 1.296775e+44
3.318160e+14 4.947329e+32 4.998902e+32 1.411780e+06 1.306036e+44
3.325581e+14 4.973909e+32 5.026317e+32 1.408811e+06 1.315226e+44
3.333019e+14 5.001068e+32 5.054319e+32 1.406009e+06 1.324788e+44
3.340474e+14 5.028053e+32 5.082158e+32 1.403124e+06 1.334202e+44
3.347945e+14 5.055267e+32 5.110239e+32 1.400328e+06 1.343760e+44
3.355433e+14 5.082504e+32 5.138351e+32 1.397471e+06 1.353296e+44
3.362938e+14 5.110155e+32 5.166888e+32 1.394784e+06 1.363092e+44
3.370459e+14 5.137855e+32 5.195488e+32 1.392008e+06 1.372882e+44
3.377997e+14 5.165851e+32 5.224394e+32 1.389400e+06 1.382848e+44
3.385553e+14 5.194011e+32 5.253475e+32 1.386735e+06 1.392914e+44
3.393125e+14 5.222172e+32 5.282569e+32 1.384120e+06 1.402947e+44
3.400714e+14 5.250310e+32 5.311656e+32 1.381539e+06 1.412938e+44
3.408320e+14 5.278979e+32 5.341280e+32 1.378996e+06 1.423283e+44
3.415943e+14 5.307651e+32 5.370924e+32 1.376489e+06 1.433583e+44
3.423583e+14 5.336584e+32 5.400841e+32 1.374033e+06 1.444044e+44
3.431240e+14 5.365636e+32 5.430889e+32 1.371579e+06 1.454562e+44
3.438914e+14 5.394908e+32 5.461165e+32 1.369131e+06 1.465189e+44
3.446606e+14 5.424348e+32 5.491626e+32 1.366761e+06 1.475926e+44
3.454314e+14 5.454003e+32 5.522313e+32 1.364419e+06 1.486780e+44
3.462040e+14 5.483567e+32 5.552924e+32 1.362046e+06 1.497541e+44
3.469783e+14 5.513645e+32 5.584061e+32 1.359768e+06 1.508636e+44
3.477544e+14 5.543845e+32 5.615333e+32 1.357509e+06 1.519793e+44
3.485322e+14 5.573980e+32 5.646552e+32 1.355226e+06 1.530864e+44
3.493117e+14 5.604530e+32 5.678202e+32 1.353030e+06 1.542208e+44
3.500929e+14 5.635277e+32 5.710061e+32 1.350876e+06 1.553665e+44
3.508760e+14 5.666064e+32 5.741973e+32 1.348718e+06 1.565127e+44
3.516607e+14 5.697037e+32 5.774090e+32 1.346608e+06 1.576690e+44
3.524472e+14 5.728390e+32 5.806597e+32 1.344539e+06 1.588492e+44
3.532355e+14 5.759691e+32 5.839067e+32 1.342435e+06 1.600234e+44
3.540256e+14 5.791224e+32 5.871784e+32 1.340401e+06 1.612125e+44
3.548174e+14 5.823015e+32 5.904774e+32 1.338395e+06 1.624161e+44
3.556110e+14 5.855022e+32 5.937991e+32 1.336432e+06 1.636305e+44
3.564063e+14 5.887140e+32 5.971338e+32 1.334453e+06 1.648537e+44
3.572034e+14 5.919338e+32 6.004782e+32 1.332498e+06 1.660773e+44
3.580024e+14 5.951806e+32 6.038509e+32 1.330605e+06 1.673189e+44
3.588031e+14 5.984407e+32 6.072385e+32 1.328712e+06 1.685671e+44
3.596056e+14 6.017090e+32 6.106359e+32 1.326740e+06 1.698175e+44
3.604098e+14 6.050234e+32 6.140806e+32 1.324977e+06 1.710994e+44
3.612159e+14 6.083508e+32 6.175402e+32 1.323176e+06 1.723884e+44
3.620238e+14 6.116799e+32 6.210032e+32 1.321379e+06 1.736756e+44
3.628335e+14 6.150414e+32 6.245001e+32 1.319600e+06 1.749836e+44
3.636450e+14 6.184280e+32 6.280236e+32 1.317904e+06 1.763072e+44
3.644584e+14 6.218268e+32 6.315610e+32 1.316189e+06 1.776365e+44
3.652735e+14 6.252408e+32 6.351156e+32 1.314481e+06 1.789728e+44
3.660905e+14 6.286786e+32 6.386955e+32 1.312790e+06 1.803256e+44
3.669093e+14 6.321231e+32 6.422840e+32 1.311107e+06 1.816796e+44
3.677299e+14 6.356044e+32 6.459108e+32 1.309504e+06 1.830588e+44
3.685523e+14 6.391010e+32 6.495547e+32 1.307919e+06 1.844468e+44
3.693766e+14 6.426186e+32 6.532215e+32 1.306314e+06 1.858470e+44
3.702028e+14 6.461507e+32 6.569042e+32 1.304774e+06 1.872558e+44
3.710308e+14 6.496859e+32 6.605928e+32 1.303195e+06 1.886646e+44
3.718606e+14 6.532374e+32 6.642992e+32 1.301636e+06 1.900812e+44
3.726923e+14 6.568171e+32 6.680356e+32 1.300137e+06 1.915181e+44
3.735259e+14 6.604421e+32 6.718185e+32 1.298672e+06 1.929836e+44
3.743613e+14 6.640853e+32 6.756218e+32 1.297231e+06 1.944602e+44
3.751986e+14 6.677133e+32 6.794122e+32 1.295745e+06 1.959240e+44
3.760378e+14 6.715157e+32 6.833843e+32 1.294303e+06 1.974734e+44
3.768788e+14 6.754407e+32 6.874867e+32 1.292792e+06 1.990701e+44
3.777217e+14 6.794046e+32 6.916300e+32 1.291360e+06 2.006924e+44
3.785665e+14 6.833924e+32 6.957996e+32 1.289906e+06 2.023298e+44
3.794132e+14 6.873910e+32 6.999828e+32 1.288445e+06 2.039701e+44
3.802618e+14 6.914255e+32 7.042037e+32 1.287042e+06 2.056354e+44
3.811123e+14 6.954867e+32 7.084540e+32 1.285642e+06 2.073151e+44
3.819647e+14 6.995862e+32 7.127448e+32 1.284337e+06 2.090218e+44
3.828190e+14 7.036814e+32 7.170339e+32 1.282966e+06 2.107219e+44
3.836752e+14 7.078140e+32 7.213635e+32 1.281610e+06 2.124463e+44
3.845333e+14 7.119638e+32 7.257127e+32 1.280303e+06 2.141810e+44
3.853934e+14 7.161694e+32 7.301196e+32 1.279025e+06 2.159530e+44
3.862553e+14 7.203754e+32 7.345299e+32 1.277784e+06 2.177246e+44
3.871192e+14 7.246023e+32 7.389641e+32 1.276533e+06 2.195072e+44
3.879851e+14 7.288549e+32 7.434264e+32 1.275278e+06 2.213065e+44
3.888528e+14 7.331443e+32 7.479280e+32 1.274058e+06 2.231300e+44
3.897225e+14 7.374643e+32 7.524629e+32 1.272880e+06 2.249737e+44
3.905942e+14 7.418166e+32 7.570324e+32 1.271710e+06 2.268381e+44
3.914678e+14 7.461629e+32 7.615996e+32 1.270524e+06 2.286949e+44
3.923433e+14 7.505543e+32 7.662141e+32 1.269402e+06 2.305837e+44
3.932208e+14 7.549841e+32 7.708699e+32 1.268294e+06 2.324992e+44
3.941003e+14 7.594252e+32 7.755397e+32 1.267184e+06 2.344201e+44
3.949818e+14 7.638968e+32 7.802432e+32 1.266122e+06 2.363609e+44
3.958652e+14 7.683834e+32 7.849646e+32 1.265006e+06 2.383101e+44
3.967506e+14 7.729114e+32 7.897306e+32 1.263976e+06 2.402901e+44
3.976379e+14 7.774643e+32 7.945239e+32 1.262952e+06 2.422853e+44
3.985273e+14 7.820428e+32 7.993462e+32 1.261956e+06 2.442978e+44
3.994186e+14 7.866428e+32 8.041932e+32 1.260951e+06 2.463230e+44
4.003119e+14 7.912480e+32 8.090490e+32 1.259923e+06 2.483495e+44
4.012073e+14 7.959153e+32 8.139691e+32 1.258997e+06 2.504233e+44
4.021046e+14 8.005950e+32 8.189051e+32 1.258031e+06 2.525024e+44
4.030040e+14 8.053082e+32 8.238779e+32 1.257087e+06 2.546038e+44
4.039053e+14 8.100715e+32 8.289030e+32 1.256228e+06 2.567432e+44
4.048087e+14 8.148374e+32 8.339346e+32 1.255314e+06 2.588808e+44
4.057141e+14 8.196230e+32 8.389895e+32 1.254410e+06 2.610318e+44
4.066215e+14 8.244391e+32 8.440781e+32 1.253555e+06 2.632050e+44
4.075309e+14 8.292855e+32 8.492005e+32 1.252704e+06 2.653982e+44
4.084424e+14 8.341645e+32 8.543585e+32 1.251867e+06 2.676137e+44
4.093559e+14 8.390786e+32 8.595552e+32 1.251037e+06 2.698553e+44
4.102715e+14 8.440087e+32 8.647713e+32 1.250202e+06 2.721067e+44
4.111891e+14 8.489756e+32 8.700278e+32 1.249443e+06 2.743863e+44
4.121088e+14 8.539540e+32 8.752992e+32 1.248656e+06 2.766714e+44
4.130305e+14 8.589740e+32 8.806162e+32 1.247889e+06 2.789867e+44
4.139543e+14 8.640259e+32 8.859686e+32 1.247153e+06 2.813257e+44
4.148801e+14 8.690883e+32 8.913353e+32 1.246399e+06 2.836696e+44
4.158080e+14 8.741953e+32 8.967500e+32 1.245689e+06 2.860481e+44
4.167380e+14 8.793231e+32 9.021893e+32 1.244998e+06 2.884408e+44
4.176701e+14 8.844765e+32 9.076579e+32 1.244305e+06 2.908525e+44
4.186042e+14 8.896404e+32 9.131419e+32 1.243592e+06 2.932705e+44
4.195405e+14 8.948696e+32 9.186930e+32 1.242947e+06 2.957361e+44
4.204788e+14 9.001294e+32 9.242795e+32 1.242315e+06 2.982263e+44
4.214193e+14 9.054075e+32 9.298883e+32 1.241670e+06 3.007283e+44
4.223618e+14 9.106832e+32 9.354996e+32 1.241028e+06 3.032263e+44
4.233065e+14 9.160168e+32 9.411718e+32 1.240430e+06 3.057694e+44
4.242532e+14 9.213736e+32 9.468719e+32 1.239811e+06 3.083283e+44
4.252021e+14 9.267709e+32 9.526155e+32 1.239243e+06 3.109205e+44
4.261531e+14 9.321795e+32 9.583755e+32 1.238654e+06 3.135188e+44
4.271062e+14 9.376217e+32 9.641733e+32 1.238077e+06 3.161411e+44
4.280615e+14 9.431062e+32 9.700172e+32 1.237519e+06 3.187972e+44
4.290189e+14 9.486258e+32 9.759009e+32 1.237007e+06 3.214821e+44
4.299784e+14 9.541566e+32 9.817998e+32 1.236483e+06 3.241723e+44
4.309401e+14 9.597208e+32 9.877367e+32 1.235959e+06 3.268890e+44
4.319039e+14 9.653191e+32 9.937121e+32 1.235493e+06 3.296325e+44
4.328699e+14 9.709346e+32 9.997087e+32 1.234966e+06 3.323881e+44
4.338381e+14 9.765860e+32 1.005747e+33 1.234493e+06 3.351725e+44
4.348084e+14 9.822547e+32 1.011806e+33 1.234032e+06 3.379693e+44
4.357809e+14 9.879686e+32 1.017915e+33 1.233570e+06 3.408009e+44
4.367555e+14 9.937076e+32 1.024054e+33 1.233112e+06 3.436509e+44
4.377324e+14 9.994596e+32 1.030212e+33 1.232655e+06 3.465115e+44
4.387114e+14 1.005245e+33 1.036406e+33 1.232188e+06 3.493948e+44
4.396926e+14 1.011112e+33 1.042687e+33 1.231856e+06 3.523536e+44
4.406760e+14 1.016964e+33 1.048959e+33 1.231427e+06 3.552929e+44
4.416617e+14 1.022857e+33 1.055276e+33 1.231045e+06 3.582674e+44
4.426495e+14 1.028793e+33 1.061640e+33 1.230701e+06 3.612766e+44
4.436395e+14 1.034730e+33 1.068011e+33 1.230304e+06 3.642836e+44
4.446317e+14 1.040707e+33 1.074427e+33 1.229935e+06 3.673238e+44
4.456262e+14 1.046698e+33 1.080862e+33 1.229557e+06 3.703730e+44
4.466229e+14 1.052762e+33 1.087374e+33 1.229242e+06 3.734893e+44
4.476218e+14 1.058425e+33 1.093460e+33 1.228920e+06 3.763967e+44
4.486229e+14 1.064129e+33 1.099591e+33 1.228655e+06 3.793425e+44
4.496263e+14 1.069813e+33 1.105707e+33 1.228324e+06 3.822665e+44
4.506319e+14 1.075550e+33 1.111880e+33 1.228051e+06 3.852392e+44
4.516398e+14 1.081272e+33 1.118045e+33 1.227759e+06 3.881981e+44
4.526500e+14 1.087059e+33 1.124276e+33 1.227495e+06 3.912124e+44
4.536623e+14 1.092851e+33 1.130518e+33 1.227230e+06 3.942326e+44
4.546770e+14 1.098695e+33 1.136815e+33 1.226968e+06 3.972960e+44
4.556939e+14 1.104547e+33 1.143125e+33 1.226767e+06 4.003689e+44
4.567131e+14 1.110429e+33 1.149470e+33 1.226529e+06 4.034650e+44
4.577346e+14 1.116311e+33 1.155821e+33 1.226295e+06 4.065638e+44
4.587584e+14 1.122278e+33 1.162258e+33 1.226227e+06 4.097432e+44
4.597844e+14 1.128178e+33 1.168637e+33 1.225870e+06 4.128477e+44
4.608128e+14 1.134144e+33 1.175085e+33 1.225645e+06 4.160184e+44
4.618434e+14 1.140142e+33 1.181570e+33 1.225457e+06 4.192176e+44
4.628764e+14 1.146172e+33 1.188090e+33 1.225282e+06 4.224463e+44
4.639116e+14 1.152210e+33 1.194623e+33 1.225084e+06 4.256806e+44
4.649492e+14 1.158268e+33 1.201182e+33 1.224896e+06 4.289324e+44
4.659891e+14 1.164363e+33 1.207782e+33 1.224727e+06 4.322175e+44
4.670313e+14 1.170475e+33 1.214404e+33 1.224577e+06 4.355186e+44
4.680759e+14 1.176613e+33 1.221058e+33 1.224419e+06 4.388425e+44
4.691228e+14 1.182764e+33 1.227731e+33 1.224238e+06 4.421775e+44
4.701720e+14 1.188970e+33 1.234461e+33 1.224111e+06 4.455625e+44
4.712236e+14 1.195183e+33 1.241205e+33 1.223988e+06 4.489529e+44
4.722775e+14 1.201418e+33 1.247976e+33 1.223841e+06 4.523633e+44
4.733338e+14 1.207683e+33 1.254782e+33 1.223729e+06 4.558022e+44
4.743925e+14 1.213936e+33 1.261582e+33 1.223580e+06 4.592293e+44
4.754535e+14 1.220268e+33 1.268464e+33 1.223478e+06 4.627301e+44
4.765169e+14 1.226593e+33 1.275346e+33 1.223360e+06 4.662233e+44
4.775827e+14 1.232957e+33 1.282272e+33 1.223265e+06 4.697529e+44
4.786508e+14 1.239329e+33 1.289211e+33 1.223168e+06 4.732887e+44
4.797214e+14 1.245710e+33 1.296165e+33 1.223062e+06 4.768352e+44
4.807943e+14 1.252124e+33 1.303157e+33 1.222967e+06 4.804118e+44
4.818697e+14 1.258546e+33 1.310166e+33 1.222871e+06 4.839936e+44
4.829474e+14 1.265042e+33 1.317250e+33 1.222784e+06 4.876418e+44
4.840276e+14 1.271594e+33 1.324395e+33 1.222767e+06 4.913506e+44
4.851101e+14 1.278098e+33 1.331499e+33 1.222688e+06 4.950114e+44
4.861951e+14 1.284631e+33 1.338639e+33 1.222608e+06 4.986960e+44
4.872825e+14 1.291219e+33 1.345838e+33 1.222560e+06 5.024361e+44
4.883724e+14 1.297828e+33 1.353064e+33 1.222532e+06 5.061963e+44
4.894647e+14 1.304445e+33 1.360303e+33 1.222427e+06 5.099595e+44
4.905594e+14 1.311107e+33 1.367595e+33 1.222419e+06 5.137698e+44
4.916566e+14 1.317762e+33 1.374886e+33 1.222382e+06 5.175748e+44
4.927562e+14 1.324455e+33 1.382219e+33 1.222361e+06 5.214140e+44
4.938583e+14 1.331188e+33 1.389597e+33 1.222348e+06 5.252929e+44
4.949629e+14 1.337942e+33 1.397003e+33 1.222346e+06 5.291930e+44
4.960699e+14 1.344701e+33 1.404422e+33 1.222307e+06 5.330945e+44
4.971794e+14 1.351489e+33 1.411876e+33 1.222298e+06 5.370260e+44
4.982914e+14 1.358302e+33 1.419362e+33 1.222266e+06 5.409799e+44
4.994059e+14 1.365164e+33 1.426899e+33 1.222290e+06 5.449845e+44
5.005228e+14 1.372014e+33 1.434431e+33 1.222274e+06 5.489768e+44
5.016423e+14 1.378926e+33 1.442032e+33 1.222301e+06 5.530332e+44
5.027642e+14 1.385844e+33 1.449646e+33 1.222311e+06 5.570924e+44
5.038887e+14 1.392773e+33 1.457278e+33 1.222318e+06 5.611618e+44
5.050157e+14 1.399739e+33 1.464953e+33 1.222336e+06 5.652688e+44
5.061452e+14 1.406740e+33 1.472669e+33 1.222360e+06 5.694096e+44
5.072773e+14 1.413772e+33 1.480423e+33 1.222407e+06 5.735828e+44
5.084118e+14 1.420818e+33 1.488196e+33 1.222434e+06 5.777706e+44
5.095489e+14 1.427888e+33 1.495999e+33 1.222477e+06 5.819828e+44
5.106886e+14 1.434984e+33 1.503835e+33 1.222526e+06 5.862213e+44
5.118308e+14 1.442085e+33 1.511684e+33 1.222555e+06 5.904627e+44
5.129756e+14 1.449208e+33 1.519565e+33 1.222595e+06 5.947288e+44
5.141229e+14 1.456391e+33 1.527507e+33 1.222643e+06 5.990557e+44
5.152727e+14 1.463592e+33 1.535477e+33 1.222723e+06 6.034029e+44
5.164252e+14 1.470796e+33 1.543457e+33 1.222758e+06 6.077492e+44
5.175802e+14 1.478034e+33 1.551479e+33 1.222806e+06 6.121315e+44
5.187378e+14 1.485300e+33 1.559535e+33 1.222885e+06 6.165436e+44
5.198980e+14 1.492533e+33 1.567559e+33 1.222934e+06 6.209356e+44
5.210608e+14 1.499787e+33 1.575609e+33 1.223012e+06 6.253604e+44
5.222262e+14 1.507061e+33 1.583687e+33 1.223080e+06 6.298076e+44
5.233942e+14 1.514370e+33 1.591806e+33 1.223153e+06 6.342892e+44
5.245649e+14 1.521702e+33 1.599956e+33 1.223269e+06 6.388004e+44
5.257381e+14 1.529021e+33 1.608101e+33 1.223309e+06 6.432916e+44
5.269140e+14 1.536396e+33 1.616310e+33 1.223407e+06 6.478444e+44
5.280925e+14 1.543790e+33 1.624544e+33 1.223484e+06 6.524172e+44
5.292736e+14 1.551220e+33 1.632820e+33 1.223591e+06 6.570294e+44
5.304573e+14 1.558653e+33 1.641108e+33 1.223679e+06 6.616461e+44
5.316438e+14 1.566130e+33 1.649443e+33 1.223778e+06 6.663105e+44
5.328328e+14 1.573613e+33 1.657792e+33 1.223874e+06 6.709805e+44
5.340246e+14 1.581116e+33 1.666170e+33 1.223972e+06 6.756744e+44
5.352189e+14 1.588659e+33 1.674591e+33 1.224097e+06 6.804109e+44
5.364160e+14 1.596210e+33 1.683032e+33 1.224182e+06 6.851548e+44
5.376158e+14 1.603796e+33 1.691515e+33 1.224325e+06 6.899393e+44
5.388182e+14 1.611401e+33 1.700025e+33 1.224433e+06 6.947433e+44
5.400233e+14 1.619015e+33 1.708554e+33 1.224519e+06 6.995571e+44
5.412311e+14 1.626663e+33 1.717123e+33 1.224646e+06 7.044073e+44
5.424416e+14 1.634333e+33 1.725725e+33 1.224763e+06 7.092837e+44
5.436548e+14 1.642031e+33 1.734359e+33 1.224871e+06 7.141907e+44
5.448708e+14 1.649735e+33 1.743011e+33 1.224995e+06 7.191032e+44
5.460894e+14 1.657523e+33 1.751742e+33 1.225152e+06 7.241147e+44
5.473108e+14 1.665239e+33 1.760417e+33 1.225259e+06 7.290453e+44
5.485349e+14 1.673058e+33 1.769197e+33 1.225413e+06 7.340901e+44
5.497617e+14 1.680845e+33 1.777959e+33 1.225555e+06 7.391034e+44
5.509913e+14 1.688659e+33 1.786758e+33 1.225653e+06 7.441403e+44
5.522237e+14 1.696511e+33 1.795599e+33 1.225789e+06 7.492230e+44
5.534588e+14 1.704408e+33 1.804493e+33 1.225945e+06 7.543596e+44
5.546966e+14 1.712277e+33 1.813370e+33 1.226045e+06 7.594604e+44
5.559373e+14 1.720209e+33 1.822317e+33 1.226211e+06 7.646369e+44
5.571807e+14 1.728156e+33 1.831286e+33 1.226347e+06 7.698304e+44
5.584268e+14 1.736137e+33 1.840298e+33 1.226503e+06 7.750626e+44
5.596758e+14 1.744148e+33 1.849347e+33 1.226679e+06 7.803319e+44
5.609276e+14 1.752170e+33 1.858419e+33 1.226830e+06 7.856123e+44
5.621821e+14 1.760215e+33 1.867523e+33 1.226980e+06 7.909198e+44
5.634395e+14 1.768249e+33 1.876619e+33 1.227091e+06 7.962146e+44
5.646997e+14 1.776328e+33 1.885766e+33 1.227257e+06 8.015658e+44
5.659627e+14 1.784426e+33 1.894942e+33 1.227419e+06 8.069397e+44
5.672285e+14 1.792548e+33 1.904153e+33 1.227585e+06 8.123412e+44
5.684972e+14 1.800704e+33 1.913404e+33 1.227756e+06 8.177843e+44
5.697687e+14 1.808854e+33 1.922662e+33 1.227894e+06 8.232194e+44
5.710430e+14 1.817043e+33 1.931967e+33 1.228069e+06 8.287025e+44
5.723202e+14 1.825263e+33 1.941310e+33 1.228240e+06 8.342240e+44
5.736002e+14 1.833486e+33 1.950666e+33 1.228387e+06 8.397479e+44
5.748832e+14 1.841733e+33 1.960056e+33 1.228546e+06 8.453008e+44
5.761689e+14 1.849984e+33 1.969462e+33 1.228704e+06 8.508604e+44
5.774576e+14 1.858322e+33 1.978958e+33 1.228893e+06 8.565233e+44
5.787491e+14 1.866666e+33 1.988479e+33 1.229094e+06 8.621947e+44
5.800435e+14 1.874974e+33 1.997961e+33 1.229230e+06 8.678259e+44
5.813409e+14 1.883339e+33 2.007508e+33 1.229406e+06 8.735284e+44
5.826411e+14 1.891736e+33 2.017107e+33 1.229570e+06 8.792651e+44
5.839442e+14 1.900104e+33 2.026675e+33 1.229739e+06 8.849746e+44
5.852503e+14 1.908569e+33 2.036349e+33 1.229945e+06 8.908015e+44
5.865592e+14 1.917007e+33 2.046010e+33 1.230121e+06 8.965957e+44
5.878711e+14 1.925468e+33 2.055705e+33 1.230278e+06 9.024178e+44
5.891859e+14 1.933931e+33 2.065411e+33 1.230440e+06 9.082440e+44
5.905037e+14 1.942471e+33 2.075202e+33 1.230661e+06 9.141683e+44
5.918244e+14 1.950958e+33 2.084955e+33 1.230799e+06 9.200262e+44
5.931481e+14 1.959512e+33 2.094777e+33 1.230983e+06 9.259699e+44
5.944747e+14 1.968116e+33 2.104656e+33 1.231176e+06 9.319754e+44
5.958043e+14 1.976736e+33 2.114570e+33 1.231368e+06 9.379880e+44
5.971369e+14 1.985377e+33 2.124514e+33 1.231553e+06 9.440287e+44
5.984724e+14 1.994017e+33 2.134470e+33 1.231709e+06 9.500677e+44
5.998110e+14 2.002688e+33 2.144467e+33 1.231893e+06 9.561482e+44
6.011525e+14 2.011379e+33 2.154493e+33 1.232064e+06 9.622539e+44
6.024970e+14 2.020162e+33 2.164625e+33 1.232296e+06 9.684779e+44
6.038446e+14 2.028864e+33 2.174680e+33 1.232449e+06 9.746024e+44
6.051951e+14 2.037621e+33 2.184804e+33 1.232636e+06 9.807977e+44
6.065487e+14 2.046445e+33 2.194992e+33 1.232859e+06 9.870826e+44
6.079053e+14 2.055221e+33 2.205149e+33 1.233032e+06 9.933069e+44
6.092649e+14 2.064025e+33 2.215347e+33 1.233197e+06 9.995662e+44
6.106276e+14 2.072890e+33 2.225610e+33 1.233405e+06 1.005909e+45
6.119933e+14 2.081751e+33 2.235883e+33 1.233594e+06 1.012249e+45
6.133621e+14 2.090598e+33 2.246145e+33 1.233775e+06 1.018574e+45
6.147339e+14 2.099503e+33 2.256485e+33 1.233973e+06 1.024972e+45
6.161088e+14 2.108417e+33 2.266841e+33 1.234156e+06 1.031386e+45
6.174868e+14 2.117352e+33 2.277229e+33 1.234349e+06 1.037828e+45
6.188679e+14 2.126305e+33 2.287646e+33 1.234535e+06 1.044296e+45
6.202520e+14 2.135275e+33 2.298091e+33 1.234712e+06 1.050788e+45
6.216393e+14 2.144321e+33 2.308626e+33 1.234939e+06 1.057382e+45
6.230296e+14 2.153265e+33 2.319058e+33 1.235090e+06 1.063847e+45
6.244231e+14 2.162301e+33 2.329599e+33 1.235276e+06 1.070432e+45
6.258197e+14 2.171388e+33 2.340211e+33 1.235484e+06 1.077087e+45
6.272194e+14 2.180485e+33 2.350830e+33 1.235686e+06 1.083759e+45
6.286222e+14 2.189532e+33 2.361418e+33 1.235865e+06 1.090369e+45
6.300282e+14 2.198611e+33 2.372041e+33 1.236042e+06 1.097024e+45
6.314373e+14 2.207750e+33 2.382735e+33 1.236244e+06 1.103762e+45
6.328495e+14 2.216912e+33 2.393473e+33 1.236453e+06 1.110531e+45
6.342650e+14 2.226056e+33 2.404191e+33 1.236637e+06 1.117283e+45
6.356836e+14 2.235228e+33 2.414955e+33 1.236824e+06 1.124072e+45
6.371053e+14 2.244433e+33 2.425776e+33 1.237018e+06 1.130908e+45
6.385303e+14 2.253632e+33 2.436574e+33 1.237190e+06 1.137742e+45
6.399584e+14 2.262797e+33 2.447362e+33 1.237344e+06 1.144533e+45
6.413897e+14 2.272088e+33 2.458279e+33 1.237577e+06 1.151499e+45
6.428242e+14 2.281352e+33 2.469187e+33 1.237774e+06 1.158431e+45
6.442620e+14 2.290596e+33 2.480092e+33 1.237944e+06 1.165338e+45
6.457029e+14 2.299915e+33 2.491076e+33 1.238140e+06 1.172350e+45
6.471471e+14 2.309236e+33 2.502072e+33 1.238336e+06 1.179370e+45
6.485945e+14 2.318560e+33 2.513085e+33 1.238530e+06 1.186398e+45
6.500451e+14 2.327896e+33 2.524121e+33 1.238711e+06 1.193447e+45
6.514990e+14 2.337258e+33 2.535194e+33 1.238903e+06 1.200535e+45
6.529562e+14 2.346629e+33 2.546290e+33 1.239099e+06 1.207640e+45
6.544165e+14 2.356018e+33 2.557414e+33 1.239273e+06 1.214771e+45
6.558802e+14 2.365427e+33 2.568572e+33 1.239463e+06 1.221937e+45
6.573471e+14 2.374847e+33 2.579748e+33 1.239648e+06 1.229122e+45
6.588174e+14 2.384283e+33 2.590949e+33 1.239835e+06 1.236332e+45
6.602909e+14 2.393733e+33 2.602178e+33 1.240022e+06 1.243567e+45
6.617677e+14 2.403199e+33 2.613435e+33 1.240201e+06 1.250830e+45
6.632478e+14 2.412678e+33 2.624717e+33 1.240383e+06 1.258114e+45
6.647312e+14 2.422174e+33 2.636029e+33 1.240562e+06 1.265428e+45
6.662179e+14 2.431690e+33 2.647373e+33 1.240747e+06 1.272774e+45
6.677080e+14 2.441229e+33 2.658760e+33 1.240933e+06 1.280157e+45
6.692013e+14 2.450705e+33 2.670069e+33 1.241080e+06 1.287458e+45
6.706981e+14 2.460248e+33 2.681478e+33 1.241250e+06 1.294857e+45
6.721981e+14 2.469818e+33 2.692921e+33 1.241457e+06 1.302319e+45
6.737016e+14 2.479237e+33 2.704191e+33 1.241617e+06 1.309647e+45
6.752084e+14 2.488662e+33 2.715482e+33 1.241782e+06 1.316989e+45
6.767185e+14 2.498118e+33 2.726817e+33 1.241950e+06 1.324380e+45
6.782321e+14 2.507602e+33 2.738186e+33 1.242144e+06 1.331819e+45
6.797490e+14 2.517079e+33 2.749564e+33 1.242315e+06 1.339253e+45
6.812693e+14 2.526570e+33 2.760962e+33 1.242473e+06 1.346713e+45
6.827930e+14 2.536030e+33 2.772343e+33 1.242625e+06 1.354133e+45
6.843202e+14 2.545574e+33 2.783810e+33 1.242818e+06 1.361685e+45
6.858507e+14 2.555070e+33 2.795254e+33 1.242954e+06 1.369169e+45
6.873847e+14 2.564610e+33 2.806750e+33 1.243128e+06 1.376725e+45
6.889221e+14 2.574157e+33 2.818265e+33 1.243288e+06 1.384297e+45
6.904629e+14 2.583743e+33 2.829836e+33 1.243484e+06 1.391934e+45
6.920072e+14 2.593343e+33 2.841440e+33 1.243658e+06 1.399597e+45
6.935549e+14 2.602916e+33 2.853011e+33 1.243819e+06 1.407228e+45
6.951061e+14 2.612488e+33 2.864589e+33 1.243961e+06 1.414865e+45
6.966608e+14 2.622092e+33 2.876214e+33 1.244130e+06 1.422555e+45
6.982189e+14 2.631696e+33 2.887855e+33 1.244296e+06 1.430253e+45
6.997806e+14 2.641297e+33 2.899507e+33 1.244433e+06 1.437951e+45
7.013457e+14 2.650927e+33 2.911195e+33 1.244597e+06 1.445702e+45
7.029143e+14 2.660560e+33 2.922899e+33 1.244759e+06 1.453464e+45
7.044864e+14 2.670220e+33 2.934638e+33 1.244921e+06 1.461275e+45
7.060621e+14 2.679855e+33 2.946372e+33 1.245056e+06 1.469052e+45
7.076412e+14 2.689524e+33 2.958144e+33 1.245218e+06 1.476892e+45
7.092239e+14 2.699217e+33 2.969972e+33 1.245365e+06 1.484770e+45
7.108102e+14 2.708880e+33 2.981744e+33 1.245523e+06 1.492619e+45
7.124000e+14 2.718537e+33 2.993523e+33 1.245655e+06 1.500463e+45
7.139933e+14 2.728244e+33 3.005374e+33 1.245813e+06 1.508391e+45
7.155902e+14 2.737937e+33 3.017231e+33 1.245935e+06 1.516303e+45
7.171907e+14 2.747647e+33 3.029111e+33 1.246086e+06 1.524251e+45
7.187948e+14 2.757360e+33 3.041008e+33 1.246231e+06 1.532212e+45
7.204024e+14 2.767085e+33 3.052924e+33 1.246374e+06 1.540200e+45
7.220137e+14 2.776808e+33 3.064852e+33 1.246513e+06 1.548193e+45
7.236285e+14 2.786543e+33 3.076805e+33 1.246650e+06 1.556213e+45
7.252470e+14 2.796265e+33 3.088758e+33 1.246766e+06 1.564222e+45
7.268691e+14 2.806010e+33 3.100748e+33 1.246908e+06 1.572275e+45
7.284948e+14 2.815766e+33 3.112762e+33 1.247043e+06 1.580353e+45
7.301241e+14 2.825510e+33 3.124774e+33 1.247149e+06 1.588420e+45
7.317571e+14 2.835290e+33 3.136833e+33 1.247301e+06 1.596554e+45
7.333937e+14 2.845079e+33 3.148918e+33 1.247432e+06 1.604711e+45
7.350340e+14 2.854850e+33 3.160981e+33 1.247549e+06 1.612849e+45
7.366780e+14 2.864633e+33 3.173074e+33 1.247682e+06 1.621015e+45
7.383256e+14 2.874415e+33 3.185178e+33 1.247804e+06 1.629191e+45
7.399770e+14 2.884199e+33 3.197297e+33 1.247923e+06 1.637378e+45
7.416320e+14 2.893989e+33 3.209429e+33 1.248023e+06 1.645584e+45
7.432907e+14 2.903806e+33 3.221600e+33 1.248161e+06 1.653843e+45
7.449532e+14 2.913619e+33 3.233783e+33 1.248279e+06 1.662104e+45
7.466193e+14 2.923433e+33 3.245979e+33 1.248398e+06 1.670379e+45
7.482892e+14 2.933251e+33 3.258192e+33 1.248526e+06 1.678672e+45
7.499628e+14 2.943069e+33 3.270422e+33 1.248621e+06 1.686972e+45
7.516402e+14 2.952898e+33 3.282681e+33 1.248737e+06 1.695300e+45
7.533213e+14 2.962536e+33 3.294677e+33 1.248838e+06 1.703458e+45
7.550061e+14 2.971806e+33 3.306241e+33 1.248934e+06 1.711325e+45
7.566948e+14 2.981053e+33 3.317788e+33 1.249012e+06 1.719169e+45
7.583872e+14 2.990339e+33 3.329397e+33 1.249114e+06 1.727084e+45
7.600834e+14 2.999625e+33 3.341021e+33 1.249216e+06 1.735013e+45
7.617834e+14 3.008868e+33 3.352594e+33 1.249287e+06 1.742884e+45
7.634872e+14 3.018176e+33 3.364287e+33 1.249402e+06 1.750872e+45
7.651948e+14 3.027410e+33 3.375842e+33 1.249475e+06 1.758756e+45
7.669062e+14 3.036670e+33 3.387477e+33 1.249566e+06 1.766690e+45
7.686215e+14 3.045955e+33 3.399159e+33 1.249647e+06 1.774679e+45
7.703406e+14 3.055230e+33 3.410838e+33 1.249732e+06 1.782662e+45
7.720635e+14 3.064477e+33 3.422461e+33 1.249823e+06 1.790616e+45
7.737903e+14 3.073726e+33 3.434110e+33 1.249893e+06 1.798584e+45
7.755209e+14 3.082974e+33 3.445738e+33 1.249980e+06 1.806564e+45
7.772554e+14 3.092215e+33 3.457404e+33 1.250045e+06 1.814543e+45
7.789938e+14 3.101465e+33 3.469079e+33 1.250124e+06 1.822552e+45
7.807361e+14 3.110693e+33 3.480750e+33 1.250183e+06 1.830535e+45
7.824823e+14 3.119937e+33 3.492442e+33 1.250252e+06 1.838556e+45
7.842324e+14 3.129183e+33 3.504153e+33 1.250326e+06 1.846594e+45
7.859864e+14 3.138398e+33 3.515824e+33 1.250388e+06 1.854598e+45
7.877443e+14 3.147624e+33 3.527530e+33 1.250440e+06 1.862630e+45
7.895062e+14 3.156864e+33 3.539255e+33 1.250520e+06 1.870697e+45
7.912720e+14 3.166081e+33 3.550968e+33 1.250576e+06 1.878744e+45
7.930418e+14 3.175277e+33 3.562661e+33 1.250628e+06 1.886765e+45
7.948155e+14 3.184488e+33 3.574382e+33 1.250680e+06 1.894825e+45
7.965931e+14 3.193684e+33 3.586102e+33 1.250732e+06 1.902873e+45
7.983748e+14 3.202884e+33 3.597839e+33 1.250780e+06 1.910945e+45
8.001604e+14 3.212109e+33 3.609627e+33 1.250843e+06 1.919069e+45
8.019501e+14 3.221284e+33 3.621347e+33 1.250881e+06 1.927120e+45
8.037437e+14 3.230466e+33 3.633063e+33 1.250932e+06 1.935199e+45
8.055413e+14 3.239629e+33 3.644782e+33 1.250956e+06 1.943265e+45
8.073430e+14 3.248833e+33 3.656594e+33 1.251017e+06 1.951407e+45
8.091487e+14 3.257981e+33 3.668300e+33 1.251055e+06 1.959473e+45
8.109584e+14 3.267139e+33 3.680033e+33 1.251089e+06 1.967569e+45
8.127722e+14 3.276295e+33 3.691795e+33 1.251117e+06 1.975671e+45
8.145900e+14 3.285424e+33 3.703510e+33 1.251145e+06 1.983748e+45
8.164119e+14 3.294543e+33 3.715216e+33 1.251157e+06 1.991821e+45
8.182379e+14 3.303674e+33 3.726974e+33 1.251190e+06 1.999927e+45
8.200680e+14 3.312794e+33 3.738737e+33 1.251210e+06 2.008028e+45
8.219021e+14 3.321930e+33 3.750526e+33 1.251233e+06 2.016167e+45
8.237404e+14 3.331030e+33 3.762267e+33 1.251249e+06 2.024261e+45
8.255828e+14 3.340133e+33 3.774016e+33 1.251264e+06 2.032380e+45
8.274292e+14 3.349223e+33 3.785765e+33 1.251289e+06 2.040493e+45
8.292799e+14 3.358310e+33 3.797524e+33 1.251298e+06 2.048610e+45
8.311346e+14 3.367379e+33 3.809274e+33 1.251305e+06 2.056714e+45
8.329935e+14 3.376452e+33 3.821039e+33 1.251314e+06 2.064837e+45
8.348566e+14 3.385518e+33 3.832807e+33 1.251322e+06 2.072962e+45
8.367238e+14 3.394575e+33 3.844574e+33 1.251320e+06 2.081087e+45
8.385952e+14 3.403310e+33 3.855937e+33 1.251325e+06 2.088946e+45
8.404708e+14 3.411778e+33 3.866956e+33 1.251327e+06 2.096555e+45
8.423506e+14 3.420220e+33 3.877932e+33 1.251316e+06 2.104131e+45
8.442346e+14 3.428678e+33 3.888956e+33 1.251313e+06 2.111754e+45
8.461228e+14 3.437099e+33 3.899913e+33 1.251298e+06 2.119328e+45
8.480152e+14 3.445492e+33 3.910899e+33 1.251266e+06 2.126864e+45
8.499119e+14 3.453929e+33 3.921896e+33 1.251278e+06 2.134513e+45
8.518128e+14 3.462327e+33 3.932887e+33 1.251273e+06 2.142094e+45
8.537179e+14 3.470750e+33 3.943948e+33 1.251268e+06 2.149734e+45
8.556274e+14 3.479092e+33 3.954846e+33 1.251234e+06 2.157253e+45
8.575411e+14 3.487493e+33 3.965897e+33 1.251230e+06 2.164888e+45
8.594590e+14 3.495797e+33 3.976747e+33 1.251190e+06 2.172373e+45
8.613813e+14 3.504147e+33 3.987719e+33 1.251172e+06 2.179952e+45
8.633078e+14 3.512486e+33 3.998689e+33 1.251145e+06 2.187525e+45
8.652387e+14 3.520772e+33 4.009570e+33 1.251109e+06 2.195029e+45
8.671739e+14 3.529068e+33 4.020482e+33 1.251075e+06 2.202558e+45
8.691134e+14 3.537348e+33 4.031401e+33 1.251038e+06 2.210086e+45
8.710572e+14 3.545639e+33 4.042359e+33 1.251009e+06 2.217643e+45
8.730054e+14 3.553866e+33 4.053195e+33 1.250960e+06 2.225105e+45
8.749580e+14 3.562112e+33 4.064074e+33 1.250926e+06 2.232620e+45
8.769149e+14 3.570343e+33 4.074989e+33 1.250863e+06 2.240113e+45
8.788762e+14 3.578573e+33 4.085886e+33 1.250818e+06 2.247620e+45
8.808419e+14 3.586776e+33 4.096727e+33 1.250788e+06 2.255111e+45
8.828120e+14 3.594963e+33 4.107606e+33 1.250727e+06 2.262577e+45
8.847865e+14 3.603117e+33 4.118373e+33 1.250676e+06 2.270015e+45
8.867654e+14 3.611273e+33 4.129242e+33 1.250620e+06 2.277466e+45
8.887487e+14 3.619413e+33 4.140056e+33 1.250558e+06 2.284904e+45
8.907365e+14 3.627536e+33 4.150856e+33 1.250496e+06 2.292329e+45
8.927287e+14 3.635650e+33 4.161684e+33 1.250434e+06 2.299752e+45
8.947253e+14 3.643749e+33 4.172465e+33 1.250360e+06 2.307163e+45
8.967265e+14 3.651862e+33 4.183278e+33 1.250310e+06 2.314613e+45
8.987321e+14 3.659932e+33 4.194054e+33 1.250238e+06 2.322010e+45
9.007422e+14 3.667970e+33 4.204770e+33 1.250162e+06 2.329372e+45
9.027567e+14 3.676027e+33 4.215583e+33 1.250090e+06 2.336769e+45
9.047758e+14 3.684047e+33 4.226313e+33 1.250008e+06 2.344125e+45
9.067995e+14 3.692062e+33 4.237053e+33 1.249930e+06 2.351486e+45
9.088276e+14 3.700024e+33 4.247707e+33 1.249830e+06 2.358776e+45
9.108603e+14 3.708019e+33 4.258419e+33 1.249770e+06 2.366148e+45
9.128975e+14 3.715947e+33 4.269024e+33 1.249675e+06 2.373405e+45
9.149393e+14 3.723896e+33 4.279715e+33 1.249581e+06 2.380715e+45
9.169856e+14 3.731847e+33 4.290426e+33 1.249490e+06 2.388043e+45
9.190365e+14 3.739802e+33 4.301172e+33 1.249414e+06 2.395393e+45
9.210920e+14 3.747636e+33 4.311693e+33 1.249297e+06 2.402555e+45
9.231521e+14 3.755597e+33 4.322499e+33 1.249220e+06 2.409948e+45
9.252168e+14 3.763412e+33 4.332971e+33 1.249111e+06 2.417106e+45
9.272862e+14 3.771132e+33 4.343408e+33 1.249002e+06 2.424222e+45
9.293601e+14 3.778574e+33 4.353543e+33 1.248910e+06 2.431104e+45
9.314387e+14 3.785979e+33 4.363555e+33 1.248817e+06 2.437930e+45
9.335220e+14 3.793345e+33 4.373501e+33 1.248702e+06 2.444708e+45
9.356099e+14 3.800707e+33 4.383478e+33 1.248599e+06 2.451496e+45
9.377024e+14 3.808050e+33 4.393439e+33 1.248482e+06 2.458264e+45
9.397997e+14 3.815388e+33 4.403429e+33 1.248370e+06 2.465038e+45
9.419016e+14 3.822700e+33 4.413342e+33 1.248263e+06 2.471783e+45
9.440083e+14 3.830028e+33 4.423341e+33 1.248152e+06 2.478568e+45
9.461197e+14 3.837341e+33 4.433300e+33 1.248044e+06 2.485343e+45
9.482357e+14 3.844561e+33 4.443125e+33 1.247908e+06 2.491977e+45
9.503565e+14 3.851735e+33 4.452832e+33 1.247757e+06 2.498541e+45
9.524821e+14 3.858992e+33 4.462765e+33 1.247649e+06 2.505270e+45
9.546124e+14 3.866227e+33 4.472679e+33 1.247530e+06 2.511971e+45
9.567475e+14 3.873412e+33 4.482482e+33 1.247481e+06 2.518615e+45
9.588873e+14 3.880516e+33 4.492156e+33 1.247245e+06 2.525110e+45
9.610320e+14 3.887718e+33 4.502099e+33 1.247136e+06 2.531806e+45
9.631814e+14 3.894810e+33 4.511737e+33 1.246986e+06 2.538318e+45
9.653356e+14 3.901932e+33 4.521507e+33 1.246845e+06 2.544898e+45
9.674947e+14 3.909023e+33 4.531243e+33 1.246702e+06 2.551443e+45
9.696586e+14 3.916103e+33 4.540980e+33 1.246570e+06 2.557990e+45
9.718273e+14 3.923154e+33 4.550700e+33 1.246421e+06 2.564496e+45
9.740009e+14 3.930223e+33 4.560492e+33 1.246284e+06 2.571042e+45
9.761793e+14 3.937198e+33 4.570017e+33 1.246121e+06 2.577448e+45
9.783626e+14 3.944224e+33 4.579716e+33 1.245988e+06 2.583957e+45
9.805508e+14 3.951202e+33 4.589322e+33 1.245825e+06 2.590387e+45
9.827439e+14 3.958127e+33 4.598882e+33 1.245659e+06 2.596748e+45
9.849419e+14 3.965073e+33 4.608485e+33 1.245489e+06 2.603157e+45
9.871448e+14 3.972010e+33 4.618126e+33 1.245341e+06 2.609565e+45
9.893527e+14 3.978908e+33 4.627699e+33 1.245189e+06 2.615932e+45
9.915654e+14 3.985780e+33 4.637218e+33 1.245018e+06 2.622257e+45
9.937832e+14 3.992659e+33 4.646761e+33 1.244857e+06 2.628609e+45
9.960058e+14 3.999470e+33 4.656168e+33 1.244674e+06 2.634858e+45
9.982335e+14 4.006316e+33 4.665647e+33 1.244506e+06 2.641182e+45
1.000466e+15 4.013099e+33 4.675114e+33 1.244329e+06 2.647411e+45
1.002704e+15 4.019883e+33 4.684561e+33 1.244150e+06 2.653656e+45
1.004946e+15 4.026673e+33 4.694038e+33 1.243982e+06 2.659930e+45
1.007194e+15 4.033408e+33 4.703430e+33 1.243791e+06 2.666115e+45
1.009447e+15 4.040153e+33 4.712835e+33 1.243621e+06 2.672339e+45
1.011704e+15 4.046846e+33 4.722109e+33 1.243426e+06 2.678479e+45
1.013967e+15 4.053536e+33 4.731473e+33 1.243229e+06 2.684634e+45
1.016235e+15 4.060190e+33 4.740796e+33 1.243046e+06 2.690741e+45
1.018508e+15 4.066802e+33 4.750012e+33 1.242849e+06 2.696791e+45
1.020786e+15 4.073317e+33 4.759137e+33 1.242657e+06 2.702766e+45
1.023069e+15 4.079498e+33 4.767822e+33 1.242478e+06 2.708443e+45
1.025357e+15 4.085649e+33 4.776444e+33 1.242284e+06 2.714077e+45
1.027650e+15 4.091813e+33 4.785121e+33 1.242102e+06 2.719749e+45
1.029949e+15 4.097979e+33 4.793816e+33 1.241924e+06 2.725438e+45
1.032252e+15 4.104022e+33 4.802284e+33 1.241720e+06 2.730933e+45
1.034561e+15 4.110156e+33 4.810963e+33 1.241535e+06 2.736587e+45
1.036875e+15 4.116125e+33 4.819320e+33 1.241331e+06 2.741986e+45
1.039194e+15 4.122176e+33 4.827806e+33 1.241132e+06 2.747529e+45
1.041518e+15 4.128237e+33 4.836428e+33 1.240942e+06 2.753109e+45
1.043848e+15 4.134174e+33 4.844747e+33 1.240729e+06 2.758480e+45
1.046183e+15 4.140161e+33 4.853238e+33 1.240529e+06 2.763953e+45
1.048522e+15 4.146102e+33 4.861602e+33 1.240308e+06 2.769359e+45
1.050868e+15 4.152026e+33 4.869968e+33 1.240096e+06 2.774745e+45
1.053218e+15 4.157960e+33 4.878404e+33 1.239907e+06 2.780173e+45
1.055573e+15 4.163847e+33 4.886753e+33 1.239693e+06 2.785529e+45
1.057934e+15 4.169709e+33 4.895056e+33 1.239472e+06 2.790847e+45
1.060301e+15 4.175571e+33 4.903382e+33 1.239269e+06 2.796187e+45
1.062672e+15 4.181385e+33 4.911635e+33 1.239046e+06 2.801452e+45
1.065049e+15 4.187201e+33 4.919991e+33 1.238835e+06 2.806740e+45
1.067431e+15 4.192984e+33 4.928204e+33 1.238611e+06 2.811976e+45
1.069818e+15 4.198729e+33 4.936345e+33 1.238384e+06 2.817161e+45
1.072211e+15 4.204439e+33 4.944430e+33 1.238148e+06 2.822293e+45
1.074609e+15 4.210172e+33 4.952627e+33 1.237929e+06 2.827487e+45
1.077013e+15 4.215902e+33 4.960896e+33 1.237698e+06 2.832678e+45
1.079421e+15 4.221519e+33 4.968803e+33 1.237457e+06 2.837691e+45
1.081836e+15 4.227208e+33 4.976969e+33 1.237234e+06 2.842845e+45
1.084255e+15 4.232829e+33 4.985065e+33 1.236983e+06 2.847885e+45
1.086680e+15 4.238453e+33 4.993087e+33 1.236757e+06 2.852947e+45
1.089111e+15 4.244056e+33 5.001161e+33 1.236517e+06 2.857986e+45
1.091547e+15 4.249635e+33 5.009185e+33 1.236271e+06 2.862990e+45
1.093988e+15 4.255201e+33 5.017156e+33 1.236040e+06 2.867992e+45
1.096435e+15 4.260711e+33 5.025067e+33 1.235791e+06 2.872907e+45
1.098887e+15 4.266170e+33 5.032858e+33 1.235530e+06 2.877737e+45
1.101345e+15 4.271649e+33 5.040787e+33 1.235284e+06 2.882623e+45
1.103808e+15 4.277168e+33 5.048677e+33 1.235036e+06 2.887585e+45
1.106277e+15 4.282621e+33 5.056567e+33 1.234794e+06 2.892448e+45
1.108751e+15 4.287984e+33 5.064309e+33 1.234526e+06 2.897168e+45
1.111231e+15 4.293387e+33 5.072084e+33 1.234263e+06 2.901962e+45
1.113716e+15 4.298775e+33 5.079868e+33 1.234012e+06 2.906747e+45
1.116207e+15 4.304124e+33 5.087601e+33 1.233745e+06 2.911477e+45
1.118704e+15 4.309456e+33 5.095338e+33 1.233483e+06 2.916187e+45
1.121206e+15 4.314595e+33 5.102839e+33 1.233256e+06 2.920822e+45
1.123713e+15 4.319513e+33 5.109918e+33 1.232992e+06 2.925115e+45
1.126227e+15 4.324407e+33 5.117041e+33 1.232733e+06 2.929379e+45
1.128746e+15 4.329308e+33 5.124111e+33 1.232482e+06 2.933680e+45
1.131270e+15 4.334223e+33 5.131235e+33 1.232222e+06 2.938000e+45
1.133800e+15 4.339115e+33 5.138332e+33 1.231971e+06 2.942303e+45
1.136336e+15 4.343950e+33 5.145433e+33 1.231715e+06 2.946518e+45
1.138878e+15 4.348797e+33 5.152464e+33 1.231445e+06 2.950755e+45
1.141425e+15 4.353616e+33 5.159455e+33 1.231184e+06 2.954962e+45
1.143978e+15 4.358393e+33 5.166383e+33 1.230915e+06 2.959099e+45
1.146536e+15 4.363215e+33 5.173476e+33 1.230666e+06 2.963339e+45
1.149101e+15 4.367977e+33 5.180380e+33 1.230399e+06 2.967482e+45
1.151671e+15 4.372677e+33 5.187310e+33 1.230123e+06 2.971518e+45
1.154247e+15 4.377373e+33 5.194167e+33 1.229847e+06 2.975571e+45
1.156828e+15 4.382054e+33 5.200977e+33 1.229580e+06 2.979600e+45
1.159416e+15 4.386725e+33 5.207760e+33 1.229298e+06 2.983617e+45
1.162009e+15 4.391465e+33 5.214778e+33 1.229048e+06 2.987776e+45
1.164608e+15 4.396054e+33 5.221509e+33 1.228761e+06 2.991681e+45
1.167212e+15 4.400652e+33 5.228262e+33 1.228489e+06 2.995612e+45
1.169823e+15 4.405227e+33 5.234993e+33 1.228201e+06 2.999509e+45
1.172439e+15 4.409738e+33 5.241519e+33 1.227902e+06 3.003300e+45
1.175062e+15 4.414384e+33 5.248441e+33 1.227646e+06 3.007355e+45
1.177690e+15 4.418891e+33 5.255060e+33 1.227358e+06 3.011166e+45
1.180324e+15 4.423332e+33 5.261500e+33 1.227048e+06 3.014864e+45
1.182964e+15 4.427839e+33 5.268173e+33 1.226768e+06 3.018695e+45
1.185609e+15 4.432292e+33 5.274795e+33 1.226480e+06 3.022449e+45
1.188261e+15 4.436717e+33 5.281343e+33 1.226181e+06 3.026153e+45
1.190919e+15 4.441131e+33 5.287826e+33 1.225888e+06 3.029858e+45
1.193582e+15 4.445540e+33 5.294326e+33 1.225600e+06 3.033567e+45
1.196252e+15 4.449879e+33 5.300681e+33 1.225297e+06 3.037152e+45
1.198927e+15 4.454210e+33 5.307089e+33 1.224990e+06 3.040737e+45
1.201609e+15 4.458595e+33 5.313678e+33 1.224695e+06 3.044429e+45
1.204296e+15 4.462918e+33 5.320011e+33 1.224399e+06 3.048021e+45
1.206990e+15 4.467258e+33 5.326467e+33 1.224092e+06 3.051651e+45
1.209690e+15 4.471466e+33 5.332698e+33 1.223785e+06 3.055061e+45
1.212395e+15 4.475691e+33 5.338906e+33 1.223470e+06 3.058509e+45
1.215107e+15 4.479981e+33 5.345376e+33 1.223161e+06 3.062081e+45
1.217824e+15 4.484168e+33 5.351629e+33 1.222858e+06 3.065490e+45
1.220548e+15 4.488297e+33 5.357735e+33 1.222528e+06 3.068804e+45
1.223278e+15 4.492497e+33 5.363957e+33 1.222228e+06 3.072249e+45
1.226014e+15 4.496433e+33 5.369827e+33 1.221934e+06 3.075474e+45
1.228756e+15 4.500330e+33 5.375665e+33 1.221645e+06 3.078632e+45
1.231504e+15 4.504175e+33 5.381377e+33 1.221340e+06 3.081706e+45
1.234259e+15 4.508028e+33 5.387133e+33 1.221030e+06 3.084803e+45
1.237019e+15 4.511867e+33 5.392909e+33 1.220727e+06 3.087890e+45
1.239786e+15 4.515675e+33 5.398596e+33 1.220420e+06 3.090930e+45
1.242559e+15 4.519435e+33 5.404152e+33 1.220116e+06 3.093893e+45
1.245338e+15 4.523252e+33 5.409901e+33 1.219817e+06 3.096975e+45
1.248123e+15 4.526952e+33 5.415421e+33 1.219501e+06 3.099850e+45
1.250915e+15 4.530717e+33 5.421078e+33 1.219187e+06 3.102853e+45
1.253713e+15 4.534457e+33 5.426759e+33 1.218883e+06 3.105822e+45
1.256517e+15 4.538154e+33 5.432241e+33 1.218575e+06 3.108723e+45
1.259327e+15 4.541790e+33 5.437698e+33 1.218256e+06 3.111526e+45
1.262143e+15 4.545464e+33 5.443279e+33 1.217942e+06 3.114405e+45
1.264966e+15 4.549041e+33 5.448546e+33 1.217614e+06 3.117118e+45
1.267796e+15 4.552712e+33 5.454164e+33 1.217311e+06 3.120018e+45
1.270631e+15 4.556329e+33 5.459640e+33 1.216999e+06 3.122826e+45
1.273473e+15 4.559876e+33 5.464951e+33 1.216669e+06 3.125517e+45
1.276321e+15 4.563421e+33 5.470287e+33 1.216347e+06 3.128212e+45
1.279176e+15 4.566983e+33 5.475687e+33 1.216030e+06 3.130952e+45
1.282037e+15 4.570516e+33 5.481047e+33 1.215703e+06 3.133642e+45
1.284904e+15 4.574008e+33 5.486298e+33 1.215377e+06 3.136274e+45
1.287778e+15 4.577495e+33 5.491568e+33 1.215051e+06 3.138906e+45
1.290658e+15 4.580895e+33 5.496677e+33 1.214707e+06 3.141389e+45
1.293545e+15 4.584384e+33 5.502014e+33 1.214395e+06 3.144047e+45
1.296438e+15 4.587799e+33 5.507200e+33 1.214054e+06 3.146573e+45
1.299338e+15 4.591233e+33 5.512385e+33 1.213731e+06 3.149147e+45
1.302244e+15 4.594599e+33 5.517510e+33 1.213385e+06 3.151607e+45
1.305156e+15 4.597994e+33 5.522668e+33 1.213065e+06 3.154127e+45
1.308075e+15 4.601331e+33 5.527746e+33 1.212720e+06 3.156550e+45
1.311001e+15 4.604660e+33 5.532788e+33 1.212389e+06 3.158971e+45
1.313933e+15 4.607877e+33 5.537602e+33 1.212029e+06 3.161199e+45
1.316872e+15 4.611158e+33 5.542634e+33 1.211685e+06 3.163560e+45
1.319817e+15 4.614350e+33 5.547442e+33 1.211337e+06 3.165758e+45
1.322769e+15 4.617618e+33 5.552473e+33 1.210998e+06 3.168108e+45
1.325728e+15 4.620815e+33 5.557260e+33 1.210643e+06 3.170331e+45
1.328693e+15 4.624103e+33 5.562380e+33 1.210307e+06 3.172738e+45
1.331664e+15 4.627231e+33 5.567095e+33 1.209957e+06 3.174865e+45
1.334643e+15 4.630389e+33 5.571970e+33 1.209615e+06 3.177123e+45
1.337628e+15 4.633369e+33 5.576514e+33 1.209288e+06 3.179174e+45
1.340620e+15 4.636345e+33 5.581064e+33 1.208946e+06 3.181223e+45
1.343618e+15 4.639257e+33 5.585474e+33 1.208602e+06 3.183163e+45
1.346623e+15 4.642278e+33 5.590203e+33 1.208279e+06 3.185320e+45
1.349635e+15 4.645129e+33 5.594480e+33 1.207938e+06 3.187170e+45
1.352654e+15 4.648033e+33 5.598985e+33 1.207595e+06 3.189123e+45
1.355679e+15 4.650939e+33 5.603399e+33 1.207248e+06 3.191089e+45
1.358711e+15 4.653823e+33 5.607827e+33 1.206909e+06 3.193019e+45
1.361750e+15 4.656665e+33 5.612192e+33 1.206577e+06 3.194892e+45
1.364796e+15 4.659474e+33 5.616499e+33 1.206235e+06 3.196711e+45
1.367848e+15 4.662283e+33 5.620870e+33 1.205880e+06 3.198537e+45
1.370907e+15 4.665080e+33 5.625159e+33 1.205536e+06 3.200349e+45
1.373974e+15 4.667887e+33 5.629460e+33 1.205202e+06 3.202191e+45
1.377047e+15 4.670641e+33 5.633726e+33 1.204857e+06 3.203948e+45
1.380126e+15 4.673352e+33 5.637895e+33 1.204489e+06 3.205625e+45
1.383213e+15 4.676078e+33 5.642118e+33 1.204145e+06 3.207343e+45
1.386307e+15 4.678793e+33 5.646272e+33 1.203786e+06 3.209048e+45
1.389407e+15 4.681524e+33 5.650519e+33 1.203451e+06 3.210798e+45
1.392515e+15 4.684149e+33 5.654538e+33 1.203094e+06 3.212352e+45
1.395629e+15 4.686806e+33 5.658664e+33 1.202735e+06 3.213983e+45
1.398751e+15 4.689472e+33 5.662814e+33 1.202388e+06 3.215638e+45
1.401879e+15 4.692051e+33 5.666762e+33 1.202017e+06 3.217131e+45
1.405015e+15 4.694668e+33 5.670823e+33 1.201664e+06 3.218709e+45
1.408157e+15 4.697293e+33 5.674952e+33 1.201313e+06 3.220323e+45
1.411307e+15 4.699837e+33 5.678885e+33 1.200954e+06 3.221788e+45
1.414463e+15 4.702333e+33 5.682717e+33 1.200571e+06 3.223166e+45
1.417627e+15 4.704847e+33 5.686593e+33 1.200219e+06 3.224589e+45
1.420797e+15 4.707408e+33 5.690627e+33 1.199864e+06 3.226117e+45
1.423975e+15 4.709862e+33 5.694395e+33 1.199492e+06 3.227442e+45
1.427160e+15 4.712364e+33 5.698308e+33 1.199130e+06 3.228873e+45
1.430352e+15 4.714813e+33 5.702135e+33 1.198757e+06 3.230209e+45
1.433551e+15 4.717305e+33 5.706025e+33 1.198402e+06 3.231640e+45
1.436757e+15 4.719753e+33 5.709851e+33 1.198032e+06 3.232993e+45
1.439971e+15 4.722180e+33 5.713649e+33 1.197664e+06 3.234314e+45
1.443191e+15 4.724480e+33 5.717145e+33 1.197275e+06 3.235404e+45
1.446419e+15 4.726950e+33 5.721079e+33 1.196923e+06 3.236838e+45
1.449654e+15 4.729250e+33 5.724652e+33 1.196546e+06 3.237971e+45
1.452897e+15 4.731401e+33 5.727986e+33 1.196174e+06 3.238958e+45
1.456146e+15 4.733616e+33 5.731424e+33 1.195811e+06 3.240075e+45
1.459403e+15 4.735782e+33 5.734785e+33 1.195448e+06 3.241104e+45
1.462667e+15 4.737999e+33 5.738320e+33 1.195092e+06 3.242242e+45
1.465938e+15 4.740187e+33 5.741728e+33 1.194734e+06 3.243331e+45
1.469217e+15 4.742297e+33 5.744987e+33 1.194360e+06 3.244282e+45
1.472503e+15 4.744507e+33 5.748523e+33 1.194015e+06 3.245437e+45
1.475796e+15 4.746633e+33 5.751862e+33 1.193647e+06 3.246434e+45
1.479097e+15 4.748737e+33 5.755171e+33 1.193286e+06 3.247402e+45
1.482405e+15 4.750838e+33 5.758464e+33 1.192929e+06 3.248373e+45
1.485721e+15 4.752923e+33 5.761729e+33 1.192558e+06 3.249318e+45
1.489044e+15 4.754966e+33 5.764950e+33 1.192187e+06 3.250197e+45
1.492374e+15 4.756969e+33 5.768094e+33 1.191810e+06 3.251020e+45
1.495712e+15 4.758982e+33 5.771236e+33 1.191440e+06 3.251851e+45
1.499057e+15 4.760986e+33 5.774432e+33 1.191073e+06 3.252688e+45
1.502410e+15 4.763006e+33 5.777600e+33 1.190699e+06 3.253557e+45
1.505770e+15 4.765000e+33 5.780755e+33 1.190338e+06 3.254389e+45
1.509138e+15 4.766909e+33 5.783670e+33 1.189949e+06 3.255055e+45
1.512513e+15 4.768899e+33 5.786885e+33 1.189583e+06 3.255900e+45
1.515896e+15 4.770832e+33 5.789949e+33 1.189213e+06 3.256638e+45
1.519287e+15 4.772701e+33 5.792865e+33 1.188830e+06 3.257270e+45
1.522685e+15 4.774608e+33 5.795920e+33 1.188453e+06 3.257976e+45
1.526090e+15 4.776484e+33 5.798870e+33 1.188072e+06 3.258633e+45
1.529504e+15 4.778417e+33 5.801951e+33 1.187704e+06 3.259405e+45
1.532925e+15 4.780217e+33 5.804762e+33 1.187317e+06 3.259931e+45
1.536353e+15 4.782113e+33 5.807785e+33 1.186942e+06 3.260647e+45
1.539789e+15 4.783898e+33 5.810604e+33 1.186554e+06 3.261161e+45
1.543233e+15 4.785677e+33 5.813431e+33 1.186172e+06 3.261680e+45
1.546685e+15 4.787493e+33 5.816298e+33 1.185791e+06 3.262268e+45
1.550144e+15 4.789208e+33 5.818969e+33 1.185402e+06 3.262696e+45
1.553611e+15 4.791026e+33 5.821869e+33 1.185021e+06 3.263296e+45
1.557086e+15 4.792748e+33 5.824638e+33 1.184638e+06 3.263748e+45
1.560568e+15 4.794402e+33 5.827183e+33 1.184237e+06 3.264065e+45
1.564059e+15 4.796167e+33 5.830073e+33 1.183859e+06 3.264601e+45
1.567557e+15 4.797839e+33 5.832706e+33 1.183464e+06 3.264972e+45
1.571063e+15 4.799503e+33 5.835304e+33 1.183076e+06 3.265335e+45
1.574577e+15 4.801232e+33 5.838152e+33 1.182722e+06 3.265959e+45
1.578098e+15 4.802742e+33 5.840515e+33 1.182344e+06 3.266180e+45
1.581628e+15 4.804321e+33 5.843044e+33 1.181973e+06 3.266541e+45
1.585165e+15 4.805900e+33 5.845594e+33 1.181610e+06 3.266914e+45
1.588711e+15 4.807488e+33 5.848144e+33 1.181241e+06 3.267299e+45
1.592264e+15 4.808883e+33 5.850349e+33 1.180844e+06 3.267343e+45
1.595825e+15 4.810386e+33 5.852735e+33 1.180463e+06 3.267582e+45
1.599394e+15 4.811810e+33 5.854935e+33 1.180086e+06 3.267691e+45
1.602972e+15 4.813313e+33 5.857381e+33 1.179711e+06 3.267951e+45
1.606557e+15 4.814865e+33 5.859951e+33 1.179353e+06 3.268323e+45
1.610150e+15 4.816277e+33 5.862167e+33 1.178962e+06 3.268427e+45
1.613751e+15 4.817673e+33 5.864412e+33 1.178583e+06 3.268516e+45
1.617361e+15 4.819110e+33 5.866691e+33 1.178205e+06 3.268679e+45
1.620978e+15 4.820453e+33 5.868775e+33 1.177813e+06 3.268677e+45
1.624603e+15 4.821907e+33 5.871175e+33 1.177435e+06 3.268894e+45
1.628237e+15 4.823291e+33 5.873396e+33 1.177063e+06 3.268987e+45
1.631879e+15 4.824582e+33 5.875425e+33 1.176669e+06 3.268910e+45
1.635528e+15 4.825960e+33 5.877661e+33 1.176282e+06 3.269003e+45
1.639186e+15 4.827319e+33 5.879834e+33 1.175909e+06 3.269072e+45
1.642853e+15 4.828594e+33 5.881870e+33 1.175515e+06 3.268984e+45
1.646527e+15 4.830076e+33 5.884385e+33 1.175165e+06 3.269304e+45
1.650210e+15 4.831372e+33 5.886409e+33 1.174781e+06 3.269274e+45
1.653901e+15 4.832536e+33 5.888244e+33 1.174375e+06 3.269010e+45
1.657600e+15 4.833787e+33 5.890243e+33 1.173983e+06 3.268911e+45
1.661307e+15 4.834971e+33 5.892123e+33 1.173579e+06 3.268687e+45
1.665023e+15 4.836264e+33 5.894254e+33 1.173205e+06 3.268691e+45
1.668747e+15 4.837484e+33 5.896210e+33 1.172811e+06 3.268552e+45
1.672479e+15 4.838720e+33 5.898216e+33 1.172425e+06 3.268449e+45
1.676220e+15 4.839889e+33 5.900068e+33 1.172028e+06 3.268242e+45
1.679969e+15 4.841115e+33 5.902067e+33 1.171639e+06 3.268128e+45
1.683726e+15 4.842315e+33 5.904032e+33 1.171262e+06 3.267989e+45
1.687492e+15 4.843397e+33 5.905767e+33 1.170855e+06 3.267632e+45
1.691266e+15 4.844556e+33 5.907609e+33 1.170461e+06 3.267420e+45
1.695049e+15 4.845702e+33 5.909476e+33 1.170067e+06 3.267196e+45
1.698840e+15 4.846918e+33 5.911487e+33 1.169696e+06 3.267119e+45
1.702639e+15 4.847854e+33 5.912929e+33 1.169283e+06 3.266595e+45
1.706447e+15 4.848910e+33 5.914656e+33 1.168913e+06 3.266335e+45
1.710264e+15 4.849978e+33 5.916429e+33 1.168544e+06 3.266100e+45
1.714089e+15 4.850948e+33 5.917984e+33 1.168158e+06 3.265693e+45
1.717923e+15 4.851999e+33 5.919712e+33 1.167788e+06 3.265450e+45
1.721765e+15 4.852935e+33 5.921183e+33 1.167395e+06 3.264987e+45
1.725616e+15 4.853944e+33 5.922838e+33 1.167022e+06 3.264672e+45
1.729476e+15 4.854965e+33 5.924544e+33 1.166651e+06 3.264388e+45
1.733344e+15 4.855865e+33 5.925942e+33 1.166259e+06 3.263876e+45
1.737221e+15 4.856798e+33 5.927454e+33 1.165874e+06 3.263439e+45
1.741106e+15 4.857766e+33 5.929066e+33 1.165493e+06 3.263073e+45
1.745000e+15 4.858762e+33 5.930726e+33 1.165128e+06 3.262768e+45
1.748903e+15 4.859593e+33 5.932023e+33 1.164733e+06 3.262162e+45
1.752815e+15 4.860578e+33 5.933683e+33 1.164361e+06 3.261844e+45
1.756735e+15 4.861450e+33 5.935109e+33 1.163977e+06 3.261333e+45
1.760664e+15 4.862301e+33 5.936486e+33 1.163588e+06 3.260783e+45
1.764602e+15 4.863155e+33 5.937848e+33 1.163206e+06 3.260242e+45
1.768549e+15 4.863953e+33 5.939132e+33 1.162799e+06 3.259600e+45
1.772504e+15 4.864844e+33 5.940633e+33 1.162430e+06 3.259150e+45
1.776468e+15 4.865671e+33 5.941977e+33 1.162047e+06 3.258579e+45
1.780442e+15 4.866450e+33 5.943211e+33 1.161648e+06 3.257926e+45
1.784424e+15 4.867255e+33 5.944520e+33 1.161264e+06 3.257328e+45
1.788415e+15 4.868050e+33 5.945820e+33 1.160877e+06 3.256719e+45
1.792415e+15 4.868731e+33 5.946897e+33 1.160466e+06 3.255893e+45
1.796424e+15 4.869592e+33 5.948349e+33 1.160094e+06 3.255426e+45
1.800441e+15 4.870312e+33 5.949505e+33 1.159703e+06 3.254691e+45
1.804468e+15 4.871136e+33 5.950900e+33 1.159326e+06 3.254164e+45
1.808504e+15 4.871732e+33 5.951805e+33 1.158912e+06 3.253220e+45
1.812549e+15 4.872437e+33 5.952954e+33 1.158518e+06 3.252480e+45
1.816603e+15 4.873147e+33 5.954119e+33 1.158129e+06 3.251756e+45
1.820666e+15 4.873826e+33 5.955228e+33 1.157734e+06 3.250983e+45
1.824738e+15 4.874553e+33 5.956448e+33 1.157341e+06 3.250307e+45
1.828819e+15 4.875216e+33 5.957538e+33 1.156954e+06 3.249513e+45
1.832910e+15 4.875967e+33 5.958838e+33 1.156574e+06 3.248891e+45
1.837009e+15 4.876538e+33 5.959686e+33 1.156175e+06 3.247990e+45
1.841118e+15 4.877132e+33 5.960670e+33 1.155800e+06 3.247198e+45
1.845235e+15 4.877720e+33 5.961666e+33 1.155428e+06 3.246394e+45
1.849362e+15 4.878275e+33 5.962547e+33 1.155047e+06 3.245537e+45
1.853499e+15 4.878859e+33 5.963490e+33 1.154668e+06 3.244735e+45
1.857644e+15 4.879400e+33 5.964378e+33 1.154285e+06 3.243863e+45
1.861799e+15 4.879997e+33 5.965387e+33 1.153917e+06 3.243095e+45
1.865963e+15 4.880523e+33 5.966255e+33 1.153534e+06 3.242210e+45
1.870137e+15 4.881073e+33 5.967179e+33 1.153166e+06 3.241372e+45
1.874319e+15 4.881564e+33 5.967950e+33 1.152775e+06 3.240431e+45
1.878511e+15 4.882067e+33 5.968794e+33 1.152402e+06 3.239520e+45
1.882713e+15 4.882578e+33 5.969623e+33 1.152020e+06 3.238625e+45
1.886924e+15 4.883070e+33 5.970433e+33 1.151648e+06 3.237704e+45
1.891144e+15 4.883590e+33 5.971322e+33 1.151274e+06 3.236839e+45
1.895374e+15 4.884044e+33 5.972067e+33 1.150891e+06 3.235856e+45
1.899613e+15 4.884564e+33 5.972959e+33 1.150518e+06 3.235003e+45
1.903861e+15 4.884977e+33 5.973615e+33 1.150134e+06 3.233957e+45
1.908120e+15 4.885391e+33 5.974327e+33 1.149748e+06 3.232920e+45
1.912387e+15 4.885815e+33 5.974995e+33 1.149367e+06 3.231909e+45
1.916664e+15 4.886276e+33 5.975789e+33 1.148990e+06 3.230966e+45
1.920951e+15 4.886623e+33 5.976320e+33 1.148603e+06 3.229833e+45
1.925248e+15 4.887031e+33 5.976985e+33 1.148211e+06 3.228799e+45
1.929554e+15 4.887401e+33 5.977589e+33 1.147830e+06 3.227711e+45
1.933869e+15 4.887842e+33 5.978395e+33 1.147461e+06 3.226761e+45
1.938195e+15 4.888133e+33 5.978800e+33 1.147058e+06 3.225537e+45
1.942529e+15 4.888518e+33 5.979450e+33 1.146677e+06 3.224491e+45
1.946874e+15 4.888889e+33 5.980074e+33 1.146292e+06 3.223424e+45
1.951228e+15 4.889273e+33 5.980729e+33 1.145918e+06 3.222386e+45
1.955593e+15 4.889641e+33 5.981380e+33 1.145547e+06 3.221324e+45
1.959966e+15 4.889962e+33 5.981923e+33 1.145162e+06 3.220184e+45
1.964350e+15 4.890250e+33 5.982360e+33 1.144762e+06 3.218988e+45
1.968743e+15 4.890349e+33 5.982450e+33 1.144341e+06 3.217447e+45
1.973147e+15 4.890755e+33 5.983217e+33 1.143989e+06 3.216490e+45
1.977560e+15 4.890972e+33 5.983518e+33 1.143586e+06 3.215205e+45
1.981983e+15 4.891248e+33 5.983963e+33 1.143233e+06 3.214109e+45
1.986416e+15 4.891545e+33 5.984503e+33 1.142880e+06 3.213061e+45
1.990859e+15 4.891754e+33 5.984856e+33 1.142512e+06 3.211858e+45
1.995311e+15 4.891960e+33 5.985178e+33 1.142143e+06 3.210652e+45
1.999774e+15 4.892174e+33 5.985507e+33 1.141776e+06 3.209461e+45
2.004247e+15 4.892382e+33 5.985857e+33 1.141405e+06 3.208269e+45
2.008729e+15 4.892598e+33 5.986223e+33 1.141036e+06 3.207093e+45
2.013222e+15 4.892809e+33 5.986577e+33 1.140681e+06 3.205919e+45
2.017725e+15 4.892974e+33 5.986888e+33 1.140316e+06 3.204670e+45
2.022238e+15 4.893109e+33 5.987031e+33 1.139941e+06 3.203361e+45
2.026760e+15 4.893273e+33 5.987329e+33 1.139573e+06 3.202116e+45
2.031294e+15 4.893463e+33 5.987708e+33 1.139213e+06 3.200923e+45
2.035837e+15 4.893606e+33 5.987949e+33 1.138849e+06 3.199650e+45
2.040390e+15 4.893711e+33 5.988085e+33 1.138472e+06 3.198311e+45
2.044954e+15 4.893859e+33 5.988375e+33 1.138112e+06 3.197058e+45
2.049527e+15 4.893966e+33 5.988478e+33 1.137733e+06 3.195731e+45
2.054111e+15 4.894085e+33 5.988726e+33 1.137369e+06 3.194433e+45
2.058705e+15 4.894185e+33 5.988862e+33 1.136993e+06 3.193103e+45
2.063310e+15 4.894262e+33 5.989011e+33 1.136630e+06 3.191740e+45
2.067925e+15 4.894366e+33 5.989179e+33 1.136257e+06 3.190426e+45
2.072550e+15 4.894445e+33 5.989314e+33 1.135895e+06 3.189079e+45
2.077185e+15 4.894501e+33 5.989404e+33 1.135521e+06 3.187692e+45
2.081831e+15 4.894550e+33 5.989494e+33 1.135148e+06 3.186298e+45
2.086487e+15 4.894643e+33 5.989637e+33 1.134781e+06 3.184984e+45
2.091154e+15 4.894649e+33 5.989660e+33 1.134410e+06 3.183522e+45
2.095831e+15 4.894734e+33 5.989830e+33 1.134053e+06 3.182216e+45
2.100518e+15 4.894730e+33 5.989814e+33 1.133671e+06 3.180735e+45
2.105216e+15 4.894746e+33 5.989807e+33 1.133300e+06 3.179306e+45
2.109925e+15 4.894779e+33 5.989867e+33 1.132932e+06 3.177911e+45
2.114644e+15 4.894775e+33 5.989886e+33 1.132562e+06 3.176452e+45
2.119373e+15 4.894780e+33 5.989897e+33 1.132190e+06 3.175014e+45
2.124114e+15 4.894837e+33 5.989984e+33 1.131818e+06 3.173671e+45
2.128864e+15 4.894758e+33 5.989864e+33 1.131457e+06 3.172148e+45
2.133626e+15 4.894661e+33 5.989679e+33 1.131095e+06 3.170618e+45
2.138398e+15 4.894707e+33 5.989784e+33 1.130752e+06 3.169341e+45
2.143181e+15 4.894660e+33 5.989718e+33 1.130399e+06 3.167907e+45
2.147974e+15 4.894597e+33 5.989599e+33 1.130042e+06 3.166450e+45
2.152778e+15 4.894561e+33 5.989507e+33 1.129686e+06 3.165041e+45
2.157593e+15 4.894472e+33 5.989358e+33 1.129332e+06 3.163546e+45
2.162419e+15 4.894343e+33 5.989129e+33 1.128969e+06 3.161982e+45
2.167255e+15 4.894241e+33 5.988955e+33 1.128610e+06 3.160468e+45
2.172102e+15 4.894222e+33 5.988936e+33 1.128267e+06 3.159111e+45
2.176960e+15 4.894075e+33 5.988682e+33 1.127897e+06 3.157528e+45
2.181829e+15 4.893890e+33 5.988350e+33 1.127528e+06 3.155877e+45
2.186709e+15 4.893841e+33 5.988251e+33 1.127184e+06 3.154476e+45
2.191600e+15 4.893823e+33 5.988301e+33 1.126844e+06 3.153138e+45
2.196502e+15 4.893620e+33 5.987935e+33 1.126480e+06 3.151474e+45
2.201414e+15 4.893441e+33 5.987575e+33 1.126110e+06 3.149856e+45
2.206338e+15 4.893383e+33 5.987494e+33 1.125762e+06 3.148454e+45
2.211273e+15 4.893203e+33 5.987222e+33 1.125414e+06 3.146858e+45
2.216218e+15 4.892991e+33 5.986841e+33 1.125039e+06 3.145184e+45
2.221175e+15 4.892830e+33 5.986554e+33 1.124686e+06 3.143618e+45
2.226143e+15 4.892666e+33 5.986273e+33 1.124329e+06 3.142046e+45
2.231122e+15 4.892463e+33 5.985950e+33 1.123969e+06 3.140412e+45
2.236112e+15 4.892290e+33 5.985662e+33 1.123609e+06 3.138831e+45
2.241113e+15 4.892081e+33 5.985299e+33 1.123251e+06 3.137200e+45
2.246126e+15 4.891869e+33 5.984946e+33 1.122894e+06 3.135560e+45
2.251149e+15 4.891654e+33 5.984525e+33 1.122527e+06 3.133920e+45
2.256184e+15 4.891449e+33 5.984228e+33 1.122175e+06 3.132302e+45
2.261231e+15 4.891233e+33 5.983843e+33 1.121818e+06 3.130674e+45
2.266288e+15 4.890988e+33 5.983392e+33 1.121454e+06 3.128993e+45
2.271357e+15 4.890744e+33 5.983014e+33 1.121089e+06 3.127320e+45
2.276437e+15 4.890517e+33 5.982660e+33 1.120741e+06 3.125682e+45
2.281528e+15 4.890267e+33 5.982193e+33 1.120382e+06 3.124012e+45
2.286631e+15 4.890017e+33 5.981776e+33 1.120038e+06 3.122398e+45
2.291745e+15 4.889804e+33 5.981453e+33 1.119698e+06 3.120852e+45
2.296871e+15 4.889496e+33 5.980918e+33 1.119344e+06 3.119130e+45
2.302008e+15 4.889265e+33 5.980509e+33 1.119004e+06 3.117554e+45
2.307157e+15 4.888982e+33 5.980073e+33 1.118661e+06 3.115894e+45
2.312317e+15 4.888701e+33 5.979583e+33 1.118315e+06 3.114240e+45
2.317489e+15 4.888398e+33 5.979011e+33 1.117963e+06 3.112547e+45
2.322672e+15 4.888170e+33 5.978690e+33 1.117627e+06 3.110994e+45
2.327867e+15 4.887823e+33 5.978098e+33 1.117275e+06 3.109239e+45
2.333073e+15 4.887572e+33 5.977651e+33 1.116941e+06 3.107655e+45
2.338291e+15 4.887252e+33 5.977163e+33 1.116597e+06 3.105962e+45
2.343521e+15 4.886896e+33 5.976495e+33 1.116242e+06 3.104189e+45
2.348763e+15 4.886628e+33 5.976073e+33 1.115904e+06 3.102589e+45
2.354016e+15 4.886269e+33 5.975438e+33 1.115553e+06 3.100823e+45
2.359281e+15 4.885844e+33 5.974715e+33 1.115190e+06 3.098955e+45
2.364558e+15 4.885514e+33 5.974161e+33 1.114852e+06 3.097253e+45
2.369846e+15 4.885248e+33 5.973739e+33 1.114518e+06 3.095669e+45
2.375147e+15 4.884796e+33 5.972932e+33 1.114149e+06 3.093758e+45
2.380459e+15 4.884466e+33 5.972389e+33 1.113814e+06 3.092069e+45
2.385783e+15 4.884073e+33 5.971660e+33 1.113461e+06 3.090268e+45
2.391119e+15 4.883671e+33 5.971015e+33 1.113115e+06 3.088469e+45
2.396467e+15 4.883302e+33 5.970371e+33 1.112768e+06 3.086722e+45
2.401827e+15 4.882890e+33 5.969690e+33 1.112418e+06 3.084902e+45
2.407199e+15 4.882497e+33 5.969022e+33 1.112066e+06 3.083125e+45
2.412583e+15 4.882183e+33 5.968519e+33 1.111735e+06 3.081487e+45
2.417979e+15 4.881706e+33 5.967679e+33 1.111376e+06 3.079563e+45
2.423387e+15 4.881316e+33 5.967042e+33 1.111032e+06 3.077804e+45
2.428807e+15 4.880877e+33 5.966246e+33 1.110680e+06 3.075952e+45
2.434239e+15 4.880478e+33 5.965614e+33 1.110339e+06 3.074187e+45
2.439683e+15 4.880006e+33 5.964756e+33 1.109984e+06 3.072286e+45
2.445140e+15 4.879583e+33 5.964072e+33 1.109644e+06 3.070504e+45
2.450609e+15 4.879180e+33 5.963362e+33 1.109309e+06 3.068759e+45
2.456090e+15 4.878711e+33 5.962575e+33 1.108962e+06 3.066911e+45
2.461583e+15 4.878266e+33 5.961820e+33 1.108626e+06 3.065101e+45
2.467088e+15 4.877784e+33 5.960968e+33 1.108276e+06 3.063235e+45
2.472606e+15 4.877323e+33 5.960169e+33 1.107943e+06 3.061416e+45
2.478136e+15 4.876885e+33 5.959405e+33 1.107602e+06 3.059629e+45
2.483679e+15 4.876378e+33 5.958567e+33 1.107263e+06 3.057734e+45
2.489234e+15 4.875953e+33 5.957862e+33 1.106929e+06 3.055985e+45
2.494801e+15 4.875445e+33 5.956983e+33 1.106586e+06 3.054089e+45
2.500381e+15 4.875003e+33 5.956254e+33 1.106247e+06 3.052310e+45
2.505974e+15 4.874450e+33 5.955289e+33 1.105898e+06 3.050348e+45
2.511578e+15 4.874025e+33 5.954615e+33 1.105574e+06 3.048622e+45
2.517196e+15 4.873541e+33 5.953774e+33 1.105241e+06 3.046789e+45
2.522826e+15 4.873014e+33 5.952857e+33 1.104892e+06 3.044867e+45
2.528468e+15 4.872491e+33 5.951946e+33 1.104544e+06 3.042969e+45
2.534123e+15 4.871920e+33 5.950962e+33 1.104200e+06 3.040999e+45
2.539791e+15 4.871448e+33 5.950141e+33 1.103865e+06 3.039192e+45
2.545472e+15 4.870870e+33 5.949137e+33 1.103520e+06 3.037213e+45
2.551165e+15 4.870323e+33 5.948204e+33 1.103178e+06 3.035291e+45
2.556871e+15 4.869798e+33 5.947306e+33 1.102839e+06 3.033406e+45
2.562589e+15 4.869321e+33 5.946506e+33 1.102504e+06 3.031610e+45
2.568321e+15 4.868798e+33 5.945683e+33 1.102169e+06 3.029743e+45
2.574065e+15 4.868230e+33 5.944674e+33 1.101832e+06 3.027795e+45
2.579822e+15 4.867639e+33 5.943652e+33 1.101487e+06 3.025813e+45
2.585592e+15 4.866962e+33 5.942457e+33 1.101132e+06 3.023693e+45
2.591375e+15 4.866457e+33 5.941626e+33 1.100796e+06 3.021859e+45
2.597171e+15 4.865909e+33 5.940688e+33 1.100464e+06 3.019968e+45
2.602980e+15 4.865273e+33 5.939577e+33 1.100108e+06 3.017913e+45
2.608802e+15 4.864677e+33 5.938588e+33 1.099773e+06 3.015955e+45
