2.800000e+14 3.474792e+32 3.477253e+32 1.807964e+06 8.527487e+43
2.807656e+14 3.492470e+32 3.495196e+32 1.799785e+06 8.577257e+43
2.815332e+14 3.510332e+32 3.513329e+32 1.791800e+06 8.628007e+43
2.823030e+14 3.528281e+32 3.531552e+32 1.783788e+06 8.678979e+43
2.830748e+14 3.546388e+32 3.549938e+32 1.776016e+06 8.730894e+43
2.838488e+14 3.564406e+32 3.568239e+32 1.768202e+06 8.781871e+43
2.846249e+14 3.582645e+32 3.586765e+32 1.760585e+06 8.833979e+43
2.854031e+14 3.601031e+32 3.605443e+32 1.753072e+06 8.886955e+43
2.861834e+14 3.619518e+32 3.624227e+32 1.745642e+06 8.940120e+43
2.869659e+14 3.638230e+32 3.643241e+32 1.738432e+06 8.994617e+43
2.877505e+14 3.656929e+32 3.662245e+32 1.731138e+06 9.048751e+43
2.885372e+14 3.675673e+32 3.681300e+32 1.723980e+06 9.102940e+43
2.893262e+14 3.694715e+32 3.700658e+32 1.717067e+06 9.158896e+43
2.901172e+14 3.713795e+32 3.720060e+32 1.710152e+06 9.214768e+43
2.909104e+14 3.733098e+32 3.739688e+32 1.703379e+06 9.271830e+43
2.917058e+14 3.752369e+32 3.759289e+32 1.696642e+06 9.328354e+43
2.925034e+14 3.772121e+32 3.779379e+32 1.690099e+06 9.387847e+43
2.933031e+14 3.790826e+32 3.798416e+32 1.683066e+06 9.439850e+43
2.941051e+14 3.811162e+32 3.819105e+32 1.676916e+06 9.502939e+43
2.949092e+14 3.831117e+32 3.839412e+32 1.670750e+06 9.563039e+43
2.957155e+14 3.851109e+32 3.859762e+32 1.664501e+06 9.623145e+43
2.965241e+14 3.871119e+32 3.880135e+32 1.658299e+06 9.683030e+43
2.973348e+14 3.891624e+32 3.901010e+32 1.652370e+06 9.745927e+43
2.981478e+14 3.911712e+32 3.921468e+32 1.646168e+06 9.805672e+43
2.989629e+14 3.932285e+32 3.942420e+32 1.640319e+06 9.868485e+43
2.997803e+14 3.952844e+32 3.963364e+32 1.634434e+06 9.930883e+43
3.006000e+14 3.973696e+32 3.984608e+32 1.628740e+06 9.995023e+43
3.014219e+14 3.994313e+32 4.005620e+32 1.622956e+06 1.005733e+44
3.022460e+14 4.015252e+32 4.026962e+32 1.617350e+06 1.012151e+44
3.030724e+14 4.036415e+32 4.048535e+32 1.611875e+06 1.018698e+44
3.039010e+14 4.057664e+32 4.070199e+32 1.606435e+06 1.025261e+44
3.047319e+14 4.079192e+32 4.092150e+32 1.601213e+06 1.031996e+44
3.055651e+14 4.100710e+32 4.114092e+32 1.595714e+06 1.038667e+44
3.064006e+14 4.122330e+32 4.136145e+32 1.590581e+06 1.045408e+44
3.072383e+14 4.143959e+32 4.158214e+32 1.585258e+06 1.052115e+44
3.080784e+14 4.165830e+32 4.180531e+32 1.580202e+06 1.058962e+44
3.089207e+14 4.187743e+32 4.202896e+32 1.575102e+06 1.065807e+44
3.097653e+14 4.209972e+32 4.225587e+32 1.570146e+06 1.072843e+44
3.106123e+14 4.232219e+32 4.248301e+32 1.565296e+06 1.079871e+44
3.114615e+14 4.254680e+32 4.271236e+32 1.560437e+06 1.087003e+44
3.123131e+14 4.277318e+32 4.294354e+32 1.555780e+06 1.094224e+44
3.131670e+14 4.299975e+32 4.317495e+32 1.551007e+06 1.101425e+44
3.140233e+14 4.322820e+32 4.340838e+32 1.546377e+06 1.108740e+44
3.148819e+14 4.345769e+32 4.364285e+32 1.541727e+06 1.116079e+44
3.157428e+14 4.368833e+32 4.387858e+32 1.537196e+06 1.123478e+44
3.166061e+14 4.392061e+32 4.411603e+32 1.532743e+06 1.130964e+44
3.174717e+14 4.415649e+32 4.435716e+32 1.528481e+06 1.138671e+44
3.183397e+14 4.438806e+32 4.459400e+32 1.523939e+06 1.146034e+44
3.192101e+14 4.462575e+32 4.483710e+32 1.519683e+06 1.153807e+44
3.200829e+14 4.486327e+32 4.508009e+32 1.515501e+06 1.161537e+44
3.209581e+14 4.510224e+32 4.532459e+32 1.511242e+06 1.169325e+44
3.218356e+14 4.534346e+32 4.557142e+32 1.507160e+06 1.177240e+44
3.227156e+14 4.558535e+32 4.581900e+32 1.503071e+06 1.185179e+44
3.235979e+14 4.582873e+32 4.606816e+32 1.499046e+06 1.193182e+44
3.244827e+14 4.607412e+32 4.631941e+32 1.495096e+06 1.201303e+44
3.253699e+14 4.631972e+32 4.657094e+32 1.491118e+06 1.209400e+44
3.262595e+14 4.656755e+32 4.682479e+32 1.487184e+06 1.217628e+44
3.271515e+14 4.681724e+32 4.708061e+32 1.483457e+06 1.225962e+44
3.280460e+14 4.706831e+32 4.733790e+32 1.479696e+06 1.234358e+44
3.289429e+14 4.731934e+32 4.759520e+32 1.475966e+06 1.242718e+44
3.298423e+14 4.757182e+32 4.785407e+32 1.472284e+06 1.251156e+44
3.307441e+14 4.782551e+32 4.811424e+32 1.468644e+06 1.259651e+44
3.316484e+14 4.808343e+32 4.837870e+32 1.465108e+06 1.268401e+44
3.325552e+14 4.834261e+32 4.864450e+32 1.461537e+06 1.277193e+44
3.334645e+14 4.859979e+32 4.890842e+32 1.458002e+06 1.285833e+44
3.343762e+14 4.886028e+32 4.917574e+32 1.454571e+06 1.294676e+44
3.352904e+14 4.912278e+32 4.944515e+32 1.451121e+06 1.303620e+44
3.362072e+14 4.938932e+32 4.971875e+32 1.447911e+06 1.312840e+44
3.371264e+14 4.965212e+32 4.998862e+32 1.444488e+06 1.321733e+44
3.380482e+14 4.991862e+32 5.026235e+32 1.441245e+06 1.330878e+44
3.389724e+14 5.018522e+32 5.053624e+32 1.437882e+06 1.339987e+44
3.398992e+14 5.045477e+32 5.081320e+32 1.434745e+06 1.349279e+44
3.408286e+14 5.072408e+32 5.109001e+32 1.431489e+06 1.358521e+44
3.417604e+14 5.099824e+32 5.137180e+32 1.428428e+06 1.368085e+44
3.426949e+14 5.127530e+32 5.165668e+32 1.425298e+06 1.377690e+44
3.436318e+14 5.155405e+32 5.194338e+32 1.422158e+06 1.387345e+44
3.445714e+14 5.183678e+32 5.223418e+32 1.419163e+06 1.397256e+44
3.455135e+14 5.212037e+32 5.252594e+32 1.416149e+06 1.407196e+44
3.464582e+14 5.240524e+32 5.281906e+32 1.413151e+06 1.417176e+44
3.474055e+14 5.269157e+32 5.311379e+32 1.410211e+06 1.427239e+44
3.483553e+14 5.297947e+32 5.341020e+32 1.407262e+06 1.437378e+44
3.493078e+14 5.327033e+32 5.370967e+32 1.404467e+06 1.447694e+44
3.502628e+14 5.356101e+32 5.400908e+32 1.401568e+06 1.457959e+44
3.512205e+14 5.385420e+32 5.431112e+32 1.398797e+06 1.468375e+44
3.521808e+14 5.415129e+32 5.461718e+32 1.396105e+06 1.479045e+44
3.531437e+14 5.444668e+32 5.492165e+32 1.393354e+06 1.489547e+44
3.541092e+14 5.474406e+32 5.522826e+32 1.390624e+06 1.500164e+44
3.550774e+14 5.504429e+32 5.553781e+32 1.387978e+06 1.510949e+44
3.560483e+14 5.534469e+32 5.584765e+32 1.385329e+06 1.521711e+44
3.570218e+14 5.564835e+32 5.616092e+32 1.382798e+06 1.532691e+44
3.579979e+14 5.595129e+32 5.647359e+32 1.380087e+06 1.543567e+44
3.589767e+14 5.625899e+32 5.679110e+32 1.377650e+06 1.554759e+44
3.599582e+14 5.656655e+32 5.710862e+32 1.375125e+06 1.565904e+44
3.609424e+14 5.687534e+32 5.742751e+32 1.372623e+06 1.577104e+44
3.619293e+14 5.718617e+32 5.774857e+32 1.370172e+06 1.588424e+44
3.629188e+14 5.750089e+32 5.807362e+32 1.367790e+06 1.599979e+44
3.639111e+14 5.781579e+32 5.839901e+32 1.365423e+06 1.611524e+44
3.649061e+14 5.813204e+32 5.872589e+32 1.363040e+06 1.623131e+44
3.659038e+14 5.845134e+32 5.905596e+32 1.360752e+06 1.634928e+44
3.669042e+14 5.877114e+32 5.938665e+32 1.358462e+06 1.646724e+44
3.679074e+14 5.909313e+32 5.971969e+32 1.356210e+06 1.658648e+44
3.689133e+14 5.941702e+32 6.005475e+32 1.353937e+06 1.670676e+44
3.699220e+14 5.973799e+32 6.038697e+32 1.351533e+06 1.682422e+44
3.709334e+14 6.006779e+32 6.072829e+32 1.349500e+06 1.694838e+44
3.719476e+14 6.039878e+32 6.107095e+32 1.347434e+06 1.707306e+44
3.729646e+14 6.072849e+32 6.141237e+32 1.345258e+06 1.719607e+44
3.739843e+14 6.106223e+32 6.175805e+32 1.343219e+06 1.732201e+44
3.750068e+14 6.139533e+32 6.210321e+32 1.341128e+06 1.744696e+44
3.760321e+14 6.173102e+32 6.245111e+32 1.339040e+06 1.757347e+44
3.770603e+14 6.206929e+32 6.280175e+32 1.337015e+06 1.770163e+44
3.780912e+14 6.240801e+32 6.315299e+32 1.334963e+06 1.782967e+44
3.791250e+14 6.275035e+32 6.350801e+32 1.333044e+06 1.796017e+44
3.801616e+14 6.309295e+32 6.386345e+32 1.331059e+06 1.809043e+44
3.812010e+14 6.343971e+32 6.422326e+32 1.329209e+06 1.822366e+44
3.822432e+14 6.378371e+32 6.458022e+32 1.327081e+06 1.835374e+44
3.832883e+14 6.413542e+32 6.494534e+32 1.325346e+06 1.849010e+44
3.843363e+14 6.448572e+32 6.530915e+32 1.323510e+06 1.862480e+44
3.853871e+14 6.483873e+32 6.567583e+32 1.321694e+06 1.876117e+44
3.864408e+14 6.519222e+32 6.604313e+32 1.319868e+06 1.889743e+44
3.874974e+14 6.554960e+32 6.641453e+32 1.318145e+06 1.903644e+44
3.885569e+14 6.590674e+32 6.678584e+32 1.316355e+06 1.917477e+44
3.896193e+14 6.626643e+32 6.715985e+32 1.314529e+06 1.931468e+44
3.906846e+14 6.662824e+32 6.753619e+32 1.312856e+06 1.945589e+44
3.917527e+14 6.699207e+32 6.791471e+32 1.311173e+06 1.959828e+44
3.928239e+14 6.735828e+32 6.829582e+32 1.309538e+06 1.974221e+44
3.938979e+14 6.772545e+32 6.867806e+32 1.307836e+06 1.988640e+44
3.949749e+14 6.809462e+32 6.906250e+32 1.306189e+06 2.003181e+44
3.960548e+14 6.846491e+32 6.944825e+32 1.304563e+06 2.017766e+44
3.971377e+14 6.883570e+32 6.983472e+32 1.302928e+06 2.032358e+44
3.982235e+14 6.921259e+32 7.022736e+32 1.301390e+06 2.047377e+44
3.993123e+14 6.958862e+32 7.061941e+32 1.299807e+06 2.062293e+44
4.004041e+14 6.996758e+32 7.101457e+32 1.298270e+06 2.077402e+44
4.014988e+14 7.034604e+32 7.140934e+32 1.296611e+06 2.092407e+44
4.025966e+14 7.072988e+32 7.180995e+32 1.295268e+06 2.107861e+44
4.036974e+14 7.111586e+32 7.221267e+32 1.293787e+06 2.123395e+44
4.048011e+14 7.150121e+32 7.261508e+32 1.292291e+06 2.138855e+44
4.059079e+14 7.188984e+32 7.302090e+32 1.290897e+06 2.154533e+44
4.070177e+14 7.228022e+32 7.342869e+32 1.289433e+06 2.170306e+44
4.081306e+14 7.267191e+32 7.383798e+32 1.287992e+06 2.186138e+44
4.092465e+14 7.306622e+32 7.425012e+32 1.286618e+06 2.202146e+44
4.103654e+14 7.346311e+32 7.466508e+32 1.285294e+06 2.218326e+44
4.114874e+14 7.386071e+32 7.508093e+32 1.283892e+06 2.234511e+44
4.126125e+14 7.426087e+32 7.549959e+32 1.282574e+06 2.250869e+44
4.137406e+14 7.466305e+32 7.592050e+32 1.281232e+06 2.267349e+44
4.148718e+14 7.506698e+32 7.634337e+32 1.279946e+06 2.283927e+44
4.160062e+14 7.547412e+32 7.676958e+32 1.278642e+06 2.300714e+44
4.171436e+14 7.588225e+32 7.719711e+32 1.277411e+06 2.317560e+44
4.182841e+14 7.629067e+32 7.762518e+32 1.276114e+06 2.334376e+44
4.194278e+14 7.670440e+32 7.805872e+32 1.274892e+06 2.351587e+44
4.205745e+14 7.711928e+32 7.849361e+32 1.273667e+06 2.368840e+44
4.217245e+14 7.753565e+32 7.893030e+32 1.272477e+06 2.386186e+44
4.228775e+14 7.795334e+32 7.936854e+32 1.271287e+06 2.403594e+44
4.240337e+14 7.837244e+32 7.980846e+32 1.270064e+06 2.421074e+44
4.251931e+14 7.879483e+32 8.025194e+32 1.268949e+06 2.438794e+44
4.263556e+14 7.922055e+32 8.069897e+32 1.267832e+06 2.456750e+44
4.275214e+14 7.964742e+32 8.114735e+32 1.266697e+06 2.474745e+44
4.286903e+14 8.007601e+32 8.159769e+32 1.265608e+06 2.492841e+44
4.298624e+14 8.050444e+32 8.204811e+32 1.264418e+06 2.510864e+44
4.310377e+14 8.093258e+32 8.249831e+32 1.263322e+06 2.528979e+44
4.322162e+14 8.136231e+32 8.295030e+32 1.262263e+06 2.547243e+44
4.333979e+14 8.179427e+32 8.340478e+32 1.261203e+06 2.565655e+44
4.345829e+14 8.222782e+32 8.386111e+32 1.260175e+06 2.584160e+44
4.357711e+14 8.266364e+32 8.432000e+32 1.259173e+06 2.602821e+44
4.369626e+14 8.310063e+32 8.478028e+32 1.258130e+06 2.621529e+44
4.381573e+14 8.353988e+32 8.524315e+32 1.257144e+06 2.640398e+44
4.393553e+14 8.398107e+32 8.570816e+32 1.256170e+06 2.659382e+44
4.405566e+14 8.442493e+32 8.617613e+32 1.255222e+06 2.678557e+44
4.417611e+14 8.487059e+32 8.664614e+32 1.254255e+06 2.697840e+44
4.429689e+14 8.531750e+32 8.711768e+32 1.253299e+06 2.717187e+44
4.441801e+14 8.576748e+32 8.759245e+32 1.252395e+06 2.736753e+44
4.453945e+14 8.621788e+32 8.806797e+32 1.251435e+06 2.756305e+44
4.466123e+14 8.667333e+32 8.854885e+32 1.250588e+06 2.776271e+44
4.478334e+14 8.712504e+32 8.902635e+32 1.249591e+06 2.795846e+44
4.490579e+14 8.758360e+32 8.951089e+32 1.248740e+06 2.815989e+44
4.502857e+14 8.804410e+32 8.999759e+32 1.247883e+06 2.836247e+44
4.515168e+14 8.850543e+32 9.048545e+32 1.247008e+06 2.856534e+44
4.527513e+14 8.896732e+32 9.097428e+32 1.246139e+06 2.876838e+44
4.539892e+14 8.943349e+32 9.146749e+32 1.245281e+06 2.897452e+44
4.552305e+14 8.990145e+32 9.196292e+32 1.244475e+06 2.918193e+44
4.564751e+14 9.037100e+32 9.246010e+32 1.243635e+06 2.939022e+44
4.577232e+14 9.084288e+32 9.296005e+32 1.242827e+06 2.960019e+44
4.589747e+14 9.131636e+32 9.346185e+32 1.242049e+06 2.981110e+44
4.602296e+14 9.179184e+32 9.396589e+32 1.241240e+06 3.002325e+44
4.614879e+14 9.226987e+32 9.447277e+32 1.240483e+06 3.023730e+44
4.627497e+14 9.274918e+32 9.498128e+32 1.239688e+06 3.045200e+44
4.640149e+14 9.323015e+32 9.549183e+32 1.238932e+06 3.066777e+44
4.652836e+14 9.371458e+32 9.600605e+32 1.238181e+06 3.088607e+44
4.665558e+14 9.420187e+32 9.652335e+32 1.237450e+06 3.110648e+44
4.678314e+14 9.468920e+32 9.704121e+32 1.236707e+06 3.132658e+44
4.691105e+14 9.518023e+32 9.756294e+32 1.236011e+06 3.154945e+44
4.703932e+14 9.567359e+32 9.808742e+32 1.235344e+06 3.177406e+44
4.716793e+14 9.616732e+32 9.861262e+32 1.234635e+06 3.199844e+44
4.729689e+14 9.666420e+32 9.914134e+32 1.233983e+06 3.222541e+44
4.742621e+14 9.716122e+32 9.967043e+32 1.233221e+06 3.245178e+44
4.755588e+14 9.766098e+32 1.002027e+33 1.232551e+06 3.268028e+44
4.768590e+14 9.816509e+32 1.007397e+33 1.231962e+06 3.291246e+44
4.781628e+14 9.866826e+32 1.012760e+33 1.231235e+06 3.314299e+44
4.794702e+14 9.917706e+32 1.018181e+33 1.230603e+06 3.337822e+44
4.807811e+14 9.968609e+32 1.023611e+33 1.230020e+06 3.361358e+44
4.820957e+14 1.001973e+33 1.029061e+33 1.229359e+06 3.384994e+44
4.834138e+14 1.007105e+33 1.034537e+33 1.228746e+06 3.408792e+44
4.847355e+14 1.012244e+33 1.040026e+33 1.228081e+06 3.432604e+44
4.860609e+14 1.017425e+33 1.045558e+33 1.227507e+06 3.456755e+44
4.873898e+14 1.022627e+33 1.051116e+33 1.226919e+06 3.481059e+44
4.887224e+14 1.027845e+33 1.056693e+33 1.226340e+06 3.505463e+44
4.900587e+14 1.033080e+33 1.062290e+33 1.225746e+06 3.529974e+44
4.913986e+14 1.038337e+33 1.067914e+33 1.225186e+06 3.554650e+44
4.927421e+14 1.043614e+33 1.073562e+33 1.224616e+06 3.579465e+44
4.940893e+14 1.048911e+33 1.079233e+33 1.224054e+06 3.604408e+44
4.954403e+14 1.054237e+33 1.084938e+33 1.223519e+06 3.629583e+44
4.967949e+14 1.059582e+33 1.090666e+33 1.222971e+06 3.654890e+44
4.981532e+14 1.064948e+33 1.096418e+33 1.222453e+06 3.680343e+44
4.995152e+14 1.070331e+33 1.102189e+33 1.221932e+06 3.705910e+44
5.008809e+14 1.075739e+33 1.107992e+33 1.221410e+06 3.731671e+44
5.022504e+14 1.081177e+33 1.113827e+33 1.220904e+06 3.757659e+44
5.036237e+14 1.086630e+33 1.119680e+33 1.220403e+06 3.783736e+44
5.050006e+14 1.092104e+33 1.125559e+33 1.219905e+06 3.809972e+44
5.063814e+14 1.097603e+33 1.131467e+33 1.219436e+06 3.836393e+44
5.077659e+14 1.103115e+33 1.137393e+33 1.218928e+06 3.862892e+44
5.091542e+14 1.108657e+33 1.143353e+33 1.218472e+06 3.889634e+44
5.105463e+14 1.114217e+33 1.149334e+33 1.218007e+06 3.916500e+44
5.119422e+14 1.119796e+33 1.155338e+33 1.217537e+06 3.943492e+44
5.133419e+14 1.125396e+33 1.161368e+33 1.217078e+06 3.970644e+44
5.147455e+14 1.131022e+33 1.167429e+33 1.216641e+06 3.998007e+44
5.161529e+14 1.136677e+33 1.173522e+33 1.216234e+06 4.025594e+44
5.175641e+14 1.142343e+33 1.179632e+33 1.215788e+06 4.053242e+44
5.189792e+14 1.148023e+33 1.185760e+33 1.215336e+06 4.080964e+44
5.203982e+14 1.153718e+33 1.191907e+33 1.214910e+06 4.108845e+44
5.218210e+14 1.159328e+33 1.197966e+33 1.214489e+06 4.136367e+44
5.232478e+14 1.164963e+33 1.204051e+33 1.214097e+06 4.164098e+44
5.246784e+14 1.170626e+33 1.210170e+33 1.213715e+06 4.192058e+44
5.261130e+14 1.176286e+33 1.216290e+33 1.213304e+06 4.219941e+44
5.275514e+14 1.181977e+33 1.222447e+33 1.212923e+06 4.248086e+44
5.289938e+14 1.187686e+33 1.228625e+33 1.212548e+06 4.276374e+44
5.304402e+14 1.193415e+33 1.234826e+33 1.212165e+06 4.304806e+44
5.318905e+14 1.199140e+33 1.241029e+33 1.211771e+06 4.333155e+44
5.333447e+14 1.204928e+33 1.247296e+33 1.211432e+06 4.362085e+44
5.348030e+14 1.210709e+33 1.253564e+33 1.211029e+06 4.390900e+44
5.362652e+14 1.216518e+33 1.259863e+33 1.210694e+06 4.419960e+44
5.377315e+14 1.222356e+33 1.266195e+33 1.210364e+06 4.449265e+44
5.392017e+14 1.228205e+33 1.272541e+33 1.210007e+06 4.478638e+44
5.406759e+14 1.234072e+33 1.278913e+33 1.209694e+06 4.508163e+44
5.421542e+14 1.239940e+33 1.285288e+33 1.209303e+06 4.537617e+44
5.436366e+14 1.245856e+33 1.291716e+33 1.209003e+06 4.567544e+44
5.451229e+14 1.251788e+33 1.298164e+33 1.208666e+06 4.597570e+44
5.466134e+14 1.257735e+33 1.304633e+33 1.208353e+06 4.627711e+44
5.481079e+14 1.263688e+33 1.311114e+33 1.208022e+06 4.657867e+44
5.496065e+14 1.269684e+33 1.317642e+33 1.207731e+06 4.688421e+44
5.511092e+14 1.275691e+33 1.324187e+33 1.207413e+06 4.719031e+44
5.526160e+14 1.281713e+33 1.330747e+33 1.207131e+06 4.749784e+44
5.541270e+14 1.287746e+33 1.337330e+33 1.206804e+06 4.780560e+44
5.556420e+14 1.293819e+33 1.343951e+33 1.206519e+06 4.811721e+44
5.571612e+14 1.299876e+33 1.350564e+33 1.206192e+06 4.842677e+44
5.586846e+14 1.305987e+33 1.357233e+33 1.205928e+06 4.874156e+44
5.602121e+14 1.312129e+33 1.363940e+33 1.205699e+06 4.905915e+44
5.617438e+14 1.318252e+33 1.370635e+33 1.205382e+06 4.937406e+44
5.632797e+14 1.324420e+33 1.377375e+33 1.205112e+06 4.969316e+44
5.648198e+14 1.330602e+33 1.384135e+33 1.204849e+06 5.001346e+44
5.663641e+14 1.336796e+33 1.390918e+33 1.204569e+06 5.033461e+44
5.679126e+14 1.343010e+33 1.397719e+33 1.204296e+06 5.065726e+44
5.694654e+14 1.349257e+33 1.404560e+33 1.204053e+06 5.098291e+44
5.710224e+14 1.355512e+33 1.411417e+33 1.203796e+06 5.130898e+44
5.725837e+14 1.361795e+33 1.418303e+33 1.203561e+06 5.163755e+44
5.741492e+14 1.368092e+33 1.425211e+33 1.203296e+06 5.196717e+44
5.757190e+14 1.374400e+33 1.432135e+33 1.203039e+06 5.229758e+44
5.772931e+14 1.380736e+33 1.439090e+33 1.202807e+06 5.263041e+44
5.788715e+14 1.387086e+33 1.446067e+33 1.202563e+06 5.296429e+44
5.804542e+14 1.393460e+33 1.453072e+33 1.202328e+06 5.330025e+44
5.820413e+14 1.399859e+33 1.460110e+33 1.202111e+06 5.363861e+44
5.836327e+14 1.406269e+33 1.467160e+33 1.201880e+06 5.397750e+44
5.852284e+14 1.412688e+33 1.474227e+33 1.201641e+06 5.431705e+44
5.868285e+14 1.419139e+33 1.481331e+33 1.201414e+06 5.465946e+44
5.884330e+14 1.425604e+33 1.488457e+33 1.201205e+06 5.500296e+44
5.900418e+14 1.432095e+33 1.495613e+33 1.200979e+06 5.534872e+44
5.916551e+14 1.438605e+33 1.502793e+33 1.200790e+06 5.569617e+44
5.932728e+14 1.445129e+33 1.509995e+33 1.200575e+06 5.604478e+44
5.948949e+14 1.451679e+33 1.517230e+33 1.200393e+06 5.639584e+44
5.965214e+14 1.458242e+33 1.524484e+33 1.200191e+06 5.674773e+44
5.981524e+14 1.464827e+33 1.531764e+33 1.199989e+06 5.710144e+44
5.997878e+14 1.471424e+33 1.539058e+33 1.199780e+06 5.745612e+44
6.014277e+14 1.478042e+33 1.546379e+33 1.199579e+06 5.781264e+44
6.030721e+14 1.484683e+33 1.553731e+33 1.199393e+06 5.817130e+44
6.047210e+14 1.491343e+33 1.561110e+33 1.199199e+06 5.853151e+44
6.063744e+14 1.498016e+33 1.568501e+33 1.199007e+06 5.889275e+44
6.080323e+14 1.504706e+33 1.575917e+33 1.198819e+06 5.925553e+44
6.096948e+14 1.511422e+33 1.583366e+33 1.198630e+06 5.962065e+44
6.113618e+14 1.518152e+33 1.590834e+33 1.198435e+06 5.998675e+44
6.130333e+14 1.524852e+33 1.598275e+33 1.198432e+06 6.035203e+44
6.147094e+14 1.531458e+33 1.605616e+33 1.198085e+06 6.071295e+44
6.163901e+14 1.538081e+33 1.612977e+33 1.197922e+06 6.107544e+44
6.180755e+14 1.544715e+33 1.620357e+33 1.197766e+06 6.143896e+44
6.197654e+14 1.551366e+33 1.627760e+33 1.197612e+06 6.180397e+44
6.214599e+14 1.558032e+33 1.635183e+33 1.197448e+06 6.217030e+44
6.231591e+14 1.564701e+33 1.642617e+33 1.197244e+06 6.253649e+44
6.248629e+14 1.571412e+33 1.650094e+33 1.197130e+06 6.290728e+44
6.265713e+14 1.578111e+33 1.657570e+33 1.196908e+06 6.327616e+44
6.282845e+14 1.584840e+33 1.665079e+33 1.196770e+06 6.364823e+44
6.300023e+14 1.591585e+33 1.672610e+33 1.196597e+06 6.402155e+44
6.317248e+14 1.598352e+33 1.680167e+33 1.196460e+06 6.439736e+44
6.334520e+14 1.605141e+33 1.687755e+33 1.196342e+06 6.477534e+44
6.351840e+14 1.611918e+33 1.695330e+33 1.196185e+06 6.515162e+44
6.369207e+14 1.618718e+33 1.702939e+33 1.196018e+06 6.552998e+44
6.386621e+14 1.625537e+33 1.710575e+33 1.195870e+06 6.591028e+44
6.404083e+14 1.632374e+33 1.718232e+33 1.195713e+06 6.629237e+44
6.421593e+14 1.639240e+33 1.725926e+33 1.195601e+06 6.667753e+44
6.439150e+14 1.646085e+33 1.733609e+33 1.195417e+06 6.705973e+44
6.456756e+14 1.652977e+33 1.741336e+33 1.195275e+06 6.744695e+44
6.474410e+14 1.659882e+33 1.749088e+33 1.195145e+06 6.783542e+44
6.492112e+14 1.666798e+33 1.756856e+33 1.195011e+06 6.822479e+44
6.509862e+14 1.673718e+33 1.764634e+33 1.194868e+06 6.861460e+44
6.527661e+14 1.680662e+33 1.772442e+33 1.194726e+06 6.900662e+44
6.545509e+14 1.687623e+33 1.780274e+33 1.194608e+06 6.940050e+44
6.563405e+14 1.694596e+33 1.788124e+33 1.194473e+06 6.979530e+44
6.581350e+14 1.701585e+33 1.795995e+33 1.194335e+06 7.019167e+44
6.599345e+14 1.708574e+33 1.803870e+33 1.194187e+06 7.058771e+44
6.617388e+14 1.715597e+33 1.811780e+33 1.194087e+06 7.098758e+44
6.635481e+14 1.722636e+33 1.819721e+33 1.193939e+06 7.138868e+44
6.653624e+14 1.729676e+33 1.827680e+33 1.193815e+06 7.178986e+44
6.671816e+14 1.736734e+33 1.835652e+33 1.193668e+06 7.219267e+44
6.690057e+14 1.743814e+33 1.843646e+33 1.193554e+06 7.259778e+44
6.708349e+14 1.750916e+33 1.851677e+33 1.193442e+06 7.300518e+44
6.726691e+14 1.757997e+33 1.859694e+33 1.193282e+06 7.340991e+44
6.745082e+14 1.765117e+33 1.867749e+33 1.193178e+06 7.381913e+44
6.763524e+14 1.772234e+33 1.875813e+33 1.193041e+06 7.422758e+44
6.782017e+14 1.779384e+33 1.883916e+33 1.192917e+06 7.463958e+44
6.800560e+14 1.786561e+33 1.892051e+33 1.192837e+06 7.505469e+44
6.819154e+14 1.793722e+33 1.900182e+33 1.192691e+06 7.546727e+44
6.837798e+14 1.800907e+33 1.908344e+33 1.192562e+06 7.588241e+44
6.856494e+14 1.808096e+33 1.916510e+33 1.192430e+06 7.629793e+44
6.875240e+14 1.815303e+33 1.924702e+33 1.192298e+06 7.671538e+44
6.894038e+14 1.822546e+33 1.932943e+33 1.192206e+06 7.713686e+44
6.912888e+14 1.829791e+33 1.941189e+33 1.192098e+06 7.755818e+44
6.931789e+14 1.837037e+33 1.949446e+33 1.191930e+06 7.797927e+44
6.950741e+14 1.844318e+33 1.957744e+33 1.191854e+06 7.840451e+44
6.969745e+14 1.851601e+33 1.966051e+33 1.191737e+06 7.882961e+44
6.988802e+14 1.858884e+33 1.974363e+33 1.191612e+06 7.925473e+44
7.007910e+14 1.866186e+33 1.982699e+33 1.191505e+06 7.968185e+44
7.027071e+14 1.873500e+33 1.991053e+33 1.191404e+06 8.011015e+44
7.046284e+14 1.880828e+33 1.999420e+33 1.191269e+06 8.053980e+44
7.065549e+14 1.888177e+33 2.007817e+33 1.191160e+06 8.097159e+44
7.084868e+14 1.895438e+33 2.016125e+33 1.191072e+06 8.139936e+44
7.104239e+14 1.902606e+33 2.024336e+33 1.190927e+06 8.182064e+44
7.123663e+14 1.909798e+33 2.032575e+33 1.190846e+06 8.224519e+44
7.143140e+14 1.916984e+33 2.040822e+33 1.190711e+06 8.266864e+44
7.162670e+14 1.924202e+33 2.049100e+33 1.190611e+06 8.309560e+44
7.182254e+14 1.931417e+33 2.057383e+33 1.190482e+06 8.352227e+44
7.201892e+14 1.938657e+33 2.065702e+33 1.190391e+06 8.395192e+44
7.221583e+14 1.945879e+33 2.073997e+33 1.190269e+06 8.437946e+44
7.241327e+14 1.953143e+33 2.082359e+33 1.190165e+06 8.481150e+44
7.261126e+14 1.960394e+33 2.090697e+33 1.190061e+06 8.524227e+44
7.280979e+14 1.967646e+33 2.099047e+33 1.189930e+06 8.567322e+44
7.300887e+14 1.974930e+33 2.107441e+33 1.189822e+06 8.610748e+44
7.320848e+14 1.982203e+33 2.115822e+33 1.189712e+06 8.654088e+44
7.340865e+14 1.989501e+33 2.124247e+33 1.189598e+06 8.697692e+44
7.360936e+14 1.996804e+33 2.132688e+33 1.189486e+06 8.741345e+44
7.381061e+14 2.004116e+33 2.141125e+33 1.189381e+06 8.785108e+44
7.401242e+14 2.011434e+33 2.149579e+33 1.189262e+06 8.828949e+44
7.421478e+14 2.018766e+33 2.158061e+33 1.189190e+06 8.872918e+44
7.441770e+14 2.026108e+33 2.166556e+33 1.189032e+06 8.917011e+44
7.462117e+14 2.033457e+33 2.175074e+33 1.188948e+06 8.961228e+44
7.482519e+14 2.040798e+33 2.183569e+33 1.188808e+06 9.005325e+44
7.502978e+14 2.048168e+33 2.192119e+33 1.188698e+06 9.049742e+44
7.523492e+14 2.055533e+33 2.200654e+33 1.188578e+06 9.094121e+44
7.544062e+14 2.062915e+33 2.209227e+33 1.188461e+06 9.138677e+44
7.564689e+14 2.070303e+33 2.217810e+33 1.188352e+06 9.183325e+44
7.585372e+14 2.077700e+33 2.226406e+33 1.188251e+06 9.228074e+44
7.606111e+14 2.085097e+33 2.235010e+33 1.188123e+06 9.272823e+44
7.626908e+14 2.092510e+33 2.243637e+33 1.188007e+06 9.317763e+44
7.647761e+14 2.099927e+33 2.252272e+33 1.187877e+06 9.362732e+44
7.668671e+14 2.107343e+33 2.260910e+33 1.187756e+06 9.407714e+44
7.689638e+14 2.114776e+33 2.269576e+33 1.187642e+06 9.452894e+44
7.710663e+14 2.122229e+33 2.278279e+33 1.187546e+06 9.498326e+44
7.731745e+14 2.129658e+33 2.286943e+33 1.187398e+06 9.543457e+44
7.752884e+14 2.137109e+33 2.295650e+33 1.187274e+06 9.588863e+44
7.774082e+14 2.144573e+33 2.304378e+33 1.187151e+06 9.634406e+44
7.795338e+14 2.152043e+33 2.313120e+33 1.187019e+06 9.680033e+44
7.816651e+14 2.159520e+33 2.321881e+33 1.186902e+06 9.725745e+44
7.838023e+14 2.167006e+33 2.330660e+33 1.186768e+06 9.771564e+44
7.859453e+14 2.174533e+33 2.339470e+33 1.186695e+06 9.817934e+44
7.880942e+14 2.182032e+33 2.348271e+33 1.186559e+06 9.863905e+44
7.902490e+14 2.189546e+33 2.357089e+33 1.186453e+06 9.910086e+44
7.924096e+14 2.197018e+33 2.365874e+33 1.186273e+06 9.955738e+44
7.945762e+14 2.204577e+33 2.374752e+33 1.186219e+06 1.000252e+45
7.967487e+14 2.212096e+33 2.383596e+33 1.186077e+06 1.004877e+45
7.989271e+14 2.219609e+33 2.392433e+33 1.185958e+06 1.009499e+45
8.011115e+14 2.227144e+33 2.401309e+33 1.185817e+06 1.014144e+45
8.033019e+14 2.234659e+33 2.410149e+33 1.185678e+06 1.018767e+45
8.054982e+14 2.242178e+33 2.419020e+33 1.185543e+06 1.023412e+45
8.077006e+14 2.249525e+33 2.427695e+33 1.185414e+06 1.027954e+45
8.099089e+14 2.256869e+33 2.436364e+33 1.185277e+06 1.032493e+45
8.121234e+14 2.264230e+33 2.445054e+33 1.185159e+06 1.037054e+45
8.143438e+14 2.271591e+33 2.453760e+33 1.185027e+06 1.041617e+45
8.165704e+14 2.278946e+33 2.462469e+33 1.184893e+06 1.046175e+45
8.188030e+14 2.286305e+33 2.471186e+33 1.184720e+06 1.050735e+45
8.210417e+14 2.293686e+33 2.479937e+33 1.184630e+06 1.055330e+45
8.232866e+14 2.301044e+33 2.488653e+33 1.184458e+06 1.059895e+45
8.255375e+14 2.308418e+33 2.497394e+33 1.184360e+06 1.064486e+45
8.277947e+14 2.315783e+33 2.506147e+33 1.184215e+06 1.069064e+45
8.300580e+14 2.323173e+33 2.514935e+33 1.184085e+06 1.073677e+45
8.323275e+14 2.330544e+33 2.523703e+33 1.183942e+06 1.078267e+45
8.346032e+14 2.337936e+33 2.532494e+33 1.183807e+06 1.082885e+45
8.368851e+14 2.345317e+33 2.541272e+33 1.183664e+06 1.087490e+45
8.391733e+14 2.352712e+33 2.550084e+33 1.183525e+06 1.092115e+45
8.414677e+14 2.360098e+33 2.558889e+33 1.183381e+06 1.096732e+45
8.437684e+14 2.367488e+33 2.567698e+33 1.183245e+06 1.101356e+45
8.460754e+14 2.374872e+33 2.576523e+33 1.183084e+06 1.105973e+45
8.483887e+14 2.382258e+33 2.585345e+33 1.182927e+06 1.110594e+45
8.507083e+14 2.389656e+33 2.594190e+33 1.182792e+06 1.115235e+45
8.530343e+14 2.397029e+33 2.602986e+33 1.182632e+06 1.119847e+45
8.553666e+14 2.404427e+33 2.611850e+33 1.182473e+06 1.124489e+45
8.577053e+14 2.411849e+33 2.620757e+33 1.182337e+06 1.129164e+45
8.600504e+14 2.419238e+33 2.629604e+33 1.182188e+06 1.133803e+45
8.624019e+14 2.426638e+33 2.638474e+33 1.182024e+06 1.138453e+45
8.647598e+14 2.434038e+33 2.647366e+33 1.181887e+06 1.143111e+45
8.671242e+14 2.441423e+33 2.656225e+33 1.181719e+06 1.147750e+45
8.694951e+14 2.448826e+33 2.665123e+33 1.181555e+06 1.152415e+45
8.718724e+14 2.456226e+33 2.674023e+33 1.181389e+06 1.157076e+45
8.742562e+14 2.463630e+33 2.682937e+33 1.181224e+06 1.161745e+45
8.766466e+14 2.471041e+33 2.691871e+33 1.181057e+06 1.166424e+45
8.790435e+14 2.478422e+33 2.700754e+33 1.180898e+06 1.171072e+45
8.814469e+14 2.485833e+33 2.709699e+33 1.180735e+06 1.175758e+45
8.838569e+14 2.493247e+33 2.718657e+33 1.180567e+06 1.180449e+45
8.862735e+14 2.500657e+33 2.727612e+33 1.180399e+06 1.185138e+45
8.886967e+14 2.508062e+33 2.736565e+33 1.180229e+06 1.189823e+45
8.911265e+14 2.515461e+33 2.745520e+33 1.180062e+06 1.194505e+45
8.935630e+14 2.522840e+33 2.754439e+33 1.179890e+06 1.199167e+45
8.960061e+14 2.530203e+33 2.763349e+33 1.179682e+06 1.203808e+45
8.984559e+14 2.537602e+33 2.772312e+33 1.179515e+06 1.208498e+45
9.009125e+14 2.545019e+33 2.781312e+33 1.179367e+06 1.213216e+45
9.033757e+14 2.552405e+33 2.790294e+33 1.179170e+06 1.217890e+45
9.058456e+14 2.559800e+33 2.799265e+33 1.178998e+06 1.222586e+45
9.083224e+14 2.567011e+33 2.808027e+33 1.178810e+06 1.227154e+45
9.108059e+14 2.574231e+33 2.816822e+33 1.178652e+06 1.231760e+45
9.132961e+14 2.581431e+33 2.825590e+33 1.178492e+06 1.236342e+45
9.157932e+14 2.588587e+33 2.834323e+33 1.178267e+06 1.240871e+45
9.182971e+14 2.595770e+33 2.843064e+33 1.178108e+06 1.245444e+45
9.208079e+14 2.602946e+33 2.851819e+33 1.177920e+06 1.250009e+45
9.233255e+14 2.610098e+33 2.860562e+33 1.177723e+06 1.254546e+45
9.258500e+14 2.617286e+33 2.869338e+33 1.177553e+06 1.259135e+45
9.283814e+14 2.624464e+33 2.878127e+33 1.177371e+06 1.263713e+45
9.309198e+14 2.631607e+33 2.886853e+33 1.177183e+06 1.268253e+45
9.334650e+14 2.638752e+33 2.895607e+33 1.176966e+06 1.272794e+45
9.360173e+14 2.645925e+33 2.904401e+33 1.176791e+06 1.277379e+45
9.385765e+14 2.653064e+33 2.913153e+33 1.176590e+06 1.281921e+45
9.411427e+14 2.660216e+33 2.921933e+33 1.176402e+06 1.286488e+45
9.437159e+14 2.667332e+33 2.930658e+33 1.176208e+06 1.291013e+45
9.462962e+14 2.674472e+33 2.939438e+33 1.176000e+06 1.295569e+45
9.488835e+14 2.681593e+33 2.948193e+33 1.175796e+06 1.300107e+45
9.514779e+14 2.688710e+33 2.956954e+33 1.175586e+06 1.304642e+45
9.540794e+14 2.695816e+33 2.965697e+33 1.175379e+06 1.309169e+45
9.566879e+14 2.702928e+33 2.974460e+33 1.175166e+06 1.313706e+45
9.593037e+14 2.710031e+33 2.983218e+33 1.174952e+06 1.318237e+45
9.619266e+14 2.717130e+33 2.991973e+33 1.174749e+06 1.322768e+45
9.645566e+14 2.724233e+33 3.000761e+33 1.174545e+06 1.327307e+45
9.671938e+14 2.731314e+33 3.009504e+33 1.174325e+06 1.331821e+45
9.698383e+14 2.738407e+33 3.018287e+33 1.174109e+06 1.336356e+45
9.724900e+14 2.745490e+33 3.027055e+33 1.173889e+06 1.340882e+45
9.751489e+14 2.752569e+33 3.035829e+33 1.173678e+06 1.345405e+45
9.778151e+14 2.759639e+33 3.044594e+33 1.173460e+06 1.349922e+45
9.804886e+14 2.766700e+33 3.053353e+33 1.173221e+06 1.354430e+45
9.831694e+14 2.773751e+33 3.062106e+33 1.173016e+06 1.358935e+45
9.858575e+14 2.780803e+33 3.070875e+33 1.172784e+06 1.363441e+45
9.885530e+14 2.787830e+33 3.079597e+33 1.172557e+06 1.367921e+45
9.912559e+14 2.794876e+33 3.088369e+33 1.172318e+06 1.372428e+45
9.939661e+14 2.801893e+33 3.097092e+33 1.172086e+06 1.376904e+45
9.966838e+14 2.808904e+33 3.105840e+33 1.171861e+06 1.381378e+45
9.994088e+14 2.815919e+33 3.114586e+33 1.171621e+06 1.385859e+45
1.002141e+15 2.822928e+33 3.123323e+33 1.171389e+06 1.390337e+45
1.004881e+15 2.829923e+33 3.132061e+33 1.171136e+06 1.394801e+45
1.007629e+15 2.836921e+33 3.140820e+33 1.170899e+06 1.399275e+45
1.010384e+15 2.843910e+33 3.149551e+33 1.170668e+06 1.403740e+45
1.013146e+15 2.850730e+33 3.158081e+33 1.170402e+06 1.408084e+45
1.015916e+15 2.857537e+33 3.166611e+33 1.170192e+06 1.412443e+45
1.018694e+15 2.864326e+33 3.175138e+33 1.169934e+06 1.416783e+45
1.021479e+15 2.871073e+33 3.183591e+33 1.169682e+06 1.421077e+45
1.024272e+15 2.877827e+33 3.192061e+33 1.169439e+06 1.425381e+45
1.027073e+15 2.884599e+33 3.200585e+33 1.169193e+06 1.429716e+45
1.029881e+15 2.891341e+33 3.209065e+33 1.168946e+06 1.434017e+45
1.032697e+15 2.898060e+33 3.217495e+33 1.168701e+06 1.438294e+45
1.035520e+15 2.904780e+33 3.225961e+33 1.168436e+06 1.442574e+45
1.038352e+15 2.911508e+33 3.234436e+33 1.168204e+06 1.446874e+45
1.041191e+15 2.918209e+33 3.242893e+33 1.167923e+06 1.451140e+45
1.044037e+15 2.924916e+33 3.251356e+33 1.167689e+06 1.455425e+45
1.046892e+15 2.931587e+33 3.259772e+33 1.167421e+06 1.459666e+45
1.049754e+15 2.938248e+33 3.268190e+33 1.167145e+06 1.463898e+45
1.052625e+15 2.944911e+33 3.276616e+33 1.166874e+06 1.468136e+45
1.055503e+15 2.951610e+33 3.285117e+33 1.166639e+06 1.472433e+45
1.058388e+15 2.958258e+33 3.293536e+33 1.166384e+06 1.476663e+45
1.061282e+15 2.964880e+33 3.301921e+33 1.166097e+06 1.480866e+45
1.064184e+15 2.971498e+33 3.310318e+33 1.165826e+06 1.485072e+45
1.067094e+15 2.978098e+33 3.318691e+33 1.165536e+06 1.489253e+45
1.070011e+15 2.984749e+33 3.327164e+33 1.165294e+06 1.493514e+45
1.072937e+15 2.991351e+33 3.335563e+33 1.165021e+06 1.497712e+45
1.075870e+15 2.997919e+33 3.343904e+33 1.164742e+06 1.501870e+45
1.078812e+15 3.004493e+33 3.352281e+33 1.164454e+06 1.506043e+45
1.081762e+15 3.011073e+33 3.360678e+33 1.164176e+06 1.510231e+45
1.084719e+15 3.017600e+33 3.368988e+33 1.163890e+06 1.514354e+45
1.087685e+15 3.024128e+33 3.377316e+33 1.163606e+06 1.518486e+45
1.090659e+15 3.030648e+33 3.385638e+33 1.163320e+06 1.522610e+45
1.093641e+15 3.037165e+33 3.393964e+33 1.163020e+06 1.526736e+45
1.096631e+15 3.043644e+33 3.402233e+33 1.162718e+06 1.530816e+45
1.099629e+15 3.050133e+33 3.410522e+33 1.162426e+06 1.534917e+45
1.102636e+15 3.056629e+33 3.418857e+33 1.162136e+06 1.539030e+45
1.105651e+15 3.063112e+33 3.427178e+33 1.161839e+06 1.543132e+45
1.108674e+15 3.069550e+33 3.435423e+33 1.161548e+06 1.547185e+45
1.111705e+15 3.076031e+33 3.443772e+33 1.161238e+06 1.551294e+45
1.114745e+15 3.082445e+33 3.452004e+33 1.160939e+06 1.555329e+45
1.117792e+15 3.088869e+33 3.460256e+33 1.160636e+06 1.559377e+45
1.120849e+15 3.095187e+33 3.468385e+33 1.160326e+06 1.563351e+45
1.123913e+15 3.101401e+33 3.476396e+33 1.160028e+06 1.567264e+45
1.126986e+15 3.107585e+33 3.484369e+33 1.159724e+06 1.571144e+45
1.130068e+15 3.113778e+33 3.492342e+33 1.159422e+06 1.575039e+45
1.133157e+15 3.119950e+33 3.500315e+33 1.159113e+06 1.578915e+45
1.136256e+15 3.126130e+33 3.508333e+33 1.158810e+06 1.582808e+45
1.139362e+15 3.132262e+33 3.516241e+33 1.158493e+06 1.586641e+45
1.142477e+15 3.138392e+33 3.524169e+33 1.158195e+06 1.590481e+45
1.145601e+15 3.144515e+33 3.532091e+33 1.157879e+06 1.594317e+45
1.148733e+15 3.150605e+33 3.539990e+33 1.157547e+06 1.598118e+45
1.151874e+15 3.156695e+33 3.547877e+33 1.157242e+06 1.601924e+45
1.155024e+15 3.162786e+33 3.555783e+33 1.156929e+06 1.605737e+45
1.158182e+15 3.168836e+33 3.563645e+33 1.156602e+06 1.609502e+45
1.161348e+15 3.174911e+33 3.571555e+33 1.156283e+06 1.613305e+45
1.164524e+15 3.180923e+33 3.579351e+33 1.155953e+06 1.617031e+45
1.167708e+15 3.186942e+33 3.587182e+33 1.155627e+06 1.620774e+45
1.170900e+15 3.192951e+33 3.595007e+33 1.155299e+06 1.624508e+45
1.174102e+15 3.198948e+33 3.602831e+33 1.154977e+06 1.628236e+45
1.177312e+15 3.204936e+33 3.610644e+33 1.154709e+06 1.631959e+45
1.180531e+15 3.210876e+33 3.618381e+33 1.154318e+06 1.635622e+45
1.183758e+15 3.216846e+33 3.626202e+33 1.153982e+06 1.639330e+45
1.186995e+15 3.222788e+33 3.633987e+33 1.153648e+06 1.643011e+45
1.190240e+15 3.228671e+33 3.641649e+33 1.153304e+06 1.646618e+45
1.193495e+15 3.234564e+33 3.649356e+33 1.152953e+06 1.650243e+45
1.196758e+15 3.240462e+33 3.657093e+33 1.152617e+06 1.653882e+45
1.200030e+15 3.246327e+33 3.664766e+33 1.152281e+06 1.657486e+45
1.203311e+15 3.252198e+33 3.672490e+33 1.151922e+06 1.661101e+45
1.206601e+15 3.258061e+33 3.680194e+33 1.151606e+06 1.664715e+45
1.209900e+15 3.263893e+33 3.687860e+33 1.151241e+06 1.668291e+45
1.213208e+15 3.269717e+33 3.695527e+33 1.150904e+06 1.671866e+45
1.216525e+15 3.275530e+33 3.703192e+33 1.150549e+06 1.675432e+45
1.219851e+15 3.281266e+33 3.710713e+33 1.150173e+06 1.678898e+45
1.223187e+15 3.287058e+33 3.718379e+33 1.149840e+06 1.682455e+45
1.226531e+15 3.292796e+33 3.725934e+33 1.149473e+06 1.685938e+45
1.229885e+15 3.298546e+33 3.733541e+33 1.149118e+06 1.689447e+45
1.233247e+15 3.304246e+33 3.741087e+33 1.148762e+06 1.692924e+45
1.236619e+15 3.309802e+33 3.748423e+33 1.148403e+06 1.696290e+45
1.240000e+15 3.315351e+33 3.755779e+33 1.148050e+06 1.699659e+45
1.243391e+15 3.320843e+33 3.763015e+33 1.147690e+06 1.702953e+45
1.246790e+15 3.326377e+33 3.770375e+33 1.147331e+06 1.706316e+45
1.250199e+15 3.331881e+33 3.777687e+33 1.146970e+06 1.709644e+45
1.253617e+15 3.337331e+33 3.784876e+33 1.146592e+06 1.712898e+45
1.257045e+15 3.342795e+33 3.792131e+33 1.146225e+06 1.716184e+45
1.260482e+15 3.348225e+33 3.799339e+33 1.145854e+06 1.719433e+45
1.263928e+15 3.353654e+33 3.806559e+33 1.145490e+06 1.722687e+45
1.267384e+15 3.359089e+33 3.813824e+33 1.145124e+06 1.725959e+45
1.270849e+15 3.364513e+33 3.821085e+33 1.144766e+06 1.729225e+45
1.274324e+15 3.369865e+33 3.828193e+33 1.144380e+06 1.732394e+45
1.277808e+15 3.375208e+33 3.835302e+33 1.143994e+06 1.735558e+45
1.281302e+15 3.380529e+33 3.842380e+33 1.143619e+06 1.738701e+45
1.284805e+15 3.385854e+33 3.849494e+33 1.143239e+06 1.741856e+45
1.288318e+15 3.391155e+33 3.856577e+33 1.142848e+06 1.744988e+45
1.291840e+15 3.396468e+33 3.863718e+33 1.142480e+06 1.748146e+45
1.295372e+15 3.401726e+33 3.870728e+33 1.142089e+06 1.751229e+45
1.298914e+15 3.407025e+33 3.877887e+33 1.141698e+06 1.754382e+45
1.302466e+15 3.412283e+33 3.884950e+33 1.141314e+06 1.757482e+45
1.306027e+15 3.417499e+33 3.891930e+33 1.140916e+06 1.760530e+45
1.309598e+15 3.422691e+33 3.898882e+33 1.140517e+06 1.763552e+45
1.313178e+15 3.427905e+33 3.905908e+33 1.140144e+06 1.766618e+45
1.316769e+15 3.433078e+33 3.912869e+33 1.139737e+06 1.769630e+45
1.320369e+15 3.438234e+33 3.919827e+33 1.139353e+06 1.772631e+45
1.323979e+15 3.443375e+33 3.926734e+33 1.138952e+06 1.775615e+45
1.327599e+15 3.448492e+33 3.933652e+33 1.138549e+06 1.778578e+45
1.331229e+15 3.453594e+33 3.940531e+33 1.138139e+06 1.781523e+45
1.334869e+15 3.458663e+33 3.947349e+33 1.137736e+06 1.784428e+45
1.338518e+15 3.463739e+33 3.954210e+33 1.137326e+06 1.787353e+45
1.342178e+15 3.468785e+33 3.961035e+33 1.136916e+06 1.790244e+45
1.345848e+15 3.473813e+33 3.967837e+33 1.136506e+06 1.793119e+45
1.349527e+15 3.478833e+33 3.974630e+33 1.136101e+06 1.795988e+45
1.353217e+15 3.483694e+33 3.981206e+33 1.135710e+06 1.798756e+45
1.356917e+15 3.488529e+33 3.987763e+33 1.135287e+06 1.801495e+45
1.360627e+15 3.493381e+33 3.994363e+33 1.134887e+06 1.804263e+45
1.364347e+15 3.498189e+33 4.000892e+33 1.134481e+06 1.806982e+45
1.368078e+15 3.502966e+33 4.007382e+33 1.134071e+06 1.809666e+45
1.371818e+15 3.507758e+33 4.013904e+33 1.133659e+06 1.812375e+45
1.375569e+15 3.512501e+33 4.020350e+33 1.133248e+06 1.815026e+45
1.379330e+15 3.517265e+33 4.026854e+33 1.132853e+06 1.817716e+45
1.383101e+15 3.521955e+33 4.033230e+33 1.132424e+06 1.820308e+45
1.386883e+15 3.526647e+33 4.039628e+33 1.132002e+06 1.822915e+45
1.390675e+15 3.531403e+33 4.046184e+33 1.131620e+06 1.825619e+45
1.394477e+15 3.536083e+33 4.052588e+33 1.131204e+06 1.828221e+45
1.398290e+15 3.540675e+33 4.058830e+33 1.130761e+06 1.830710e+45
1.402113e+15 3.545301e+33 4.065150e+33 1.130333e+06 1.833252e+45
1.405947e+15 3.549971e+33 4.071577e+33 1.129929e+06 1.835864e+45
1.409791e+15 3.554581e+33 4.077918e+33 1.129510e+06 1.838403e+45
1.413645e+15 3.559089e+33 4.084037e+33 1.129051e+06 1.840801e+45
1.417510e+15 3.563691e+33 4.090401e+33 1.128651e+06 1.843349e+45
1.421386e+15 3.568191e+33 4.096536e+33 1.128195e+06 1.845750e+45
1.425272e+15 3.572713e+33 4.102767e+33 1.127766e+06 1.848202e+45
1.429169e+15 3.577228e+33 4.108986e+33 1.127340e+06 1.850648e+45
1.433077e+15 3.581687e+33 4.115107e+33 1.126916e+06 1.853024e+45
1.436995e+15 3.586101e+33 4.121132e+33 1.126453e+06 1.855339e+45
1.440924e+15 3.590564e+33 4.127305e+33 1.126024e+06 1.857735e+45
1.444864e+15 3.595040e+33 4.133528e+33 1.125586e+06 1.860156e+45
1.448814e+15 3.599386e+33 4.139455e+33 1.125135e+06 1.862403e+45
1.452775e+15 3.603800e+33 4.145572e+33 1.124707e+06 1.864753e+45
1.456747e+15 3.608174e+33 4.151628e+33 1.124260e+06 1.867058e+45
1.460730e+15 3.612509e+33 4.157593e+33 1.123804e+06 1.869313e+45
1.464724e+15 3.616847e+33 4.163609e+33 1.123356e+06 1.871580e+45
1.468729e+15 3.621195e+33 4.169696e+33 1.122927e+06 1.873881e+45
1.472745e+15 3.625418e+33 4.175475e+33 1.122463e+06 1.876025e+45
1.476772e+15 3.629617e+33 4.181346e+33 1.122022e+06 1.878224e+45
1.480809e+15 3.633751e+33 4.187083e+33 1.121575e+06 1.880341e+45
1.484858e+15 3.637879e+33 4.192826e+33 1.121138e+06 1.882457e+45
1.488918e+15 3.642017e+33 4.198610e+33 1.120707e+06 1.884600e+45
1.492989e+15 3.646089e+33 4.204257e+33 1.120245e+06 1.886651e+45
1.497071e+15 3.650157e+33 4.209927e+33 1.119804e+06 1.888709e+45
1.501164e+15 3.654206e+33 4.215563e+33 1.119353e+06 1.890745e+45
1.505268e+15 3.658228e+33 4.221151e+33 1.118897e+06 1.892750e+45
1.509384e+15 3.662285e+33 4.226855e+33 1.118457e+06 1.894818e+45
1.513511e+15 3.666246e+33 4.232345e+33 1.117994e+06 1.896754e+45
1.517649e+15 3.670196e+33 4.237837e+33 1.117549e+06 1.898688e+45
1.521799e+15 3.674177e+33 4.243437e+33 1.117084e+06 1.900671e+45
1.525959e+15 3.678121e+33 4.248967e+33 1.116637e+06 1.902613e+45
1.530132e+15 3.682038e+33 4.254442e+33 1.116173e+06 1.904520e+45
1.534315e+15 3.685927e+33 4.259878e+33 1.115706e+06 1.906398e+45
1.538510e+15 3.689814e+33 4.265358e+33 1.115250e+06 1.908287e+45
1.542717e+15 3.693657e+33 4.270717e+33 1.114781e+06 1.910114e+45
1.546935e+15 3.697517e+33 4.276142e+33 1.114327e+06 1.911976e+45
1.551164e+15 3.701323e+33 4.281487e+33 1.113852e+06 1.913771e+45
1.555405e+15 3.705162e+33 4.286897e+33 1.113397e+06 1.915618e+45
1.559658e+15 3.708962e+33 4.292250e+33 1.112931e+06 1.917417e+45
1.563922e+15 3.712737e+33 4.297570e+33 1.112460e+06 1.919191e+45
1.568198e+15 3.716435e+33 4.302758e+33 1.111973e+06 1.920870e+45
1.572486e+15 3.720182e+33 4.308056e+33 1.111507e+06 1.922624e+45
1.576786e+15 3.723928e+33 4.313365e+33 1.111049e+06 1.924384e+45
1.581097e+15 3.727621e+33 4.318581e+33 1.110570e+06 1.926074e+45
1.585420e+15 3.731243e+33 4.323674e+33 1.110078e+06 1.927677e+45
1.589754e+15 3.734924e+33 4.328886e+33 1.109602e+06 1.929364e+45
1.594101e+15 3.738575e+33 4.334072e+33 1.109126e+06 1.931022e+45
1.598460e+15 3.742189e+33 4.339181e+33 1.108646e+06 1.932634e+45
1.602830e+15 3.745703e+33 4.344179e+33 1.108178e+06 1.934203e+45
1.607212e+15 3.749155e+33 4.349032e+33 1.107714e+06 1.935694e+45
1.611607e+15 3.752641e+33 4.354007e+33 1.107230e+06 1.937246e+45
1.616013e+15 3.756057e+33 4.358829e+33 1.106751e+06 1.938703e+45
1.620431e+15 3.759501e+33 4.363737e+33 1.106280e+06 1.940211e+45
1.624862e+15 3.762895e+33 4.368552e+33 1.105798e+06 1.941657e+45
1.629305e+15 3.766309e+33 4.373437e+33 1.105333e+06 1.943139e+45
1.633759e+15 3.769621e+33 4.378086e+33 1.104852e+06 1.944485e+45
1.638226e+15 3.773052e+33 4.383077e+33 1.104392e+06 1.946014e+45
1.642705e+15 3.776313e+33 4.387636e+33 1.103891e+06 1.947298e+45
1.647197e+15 3.779685e+33 4.392520e+33 1.103419e+06 1.948755e+45
1.651701e+15 3.782996e+33 4.397270e+33 1.102938e+06 1.950135e+45
1.656217e+15 3.786263e+33 4.401916e+33 1.102462e+06 1.951457e+45
1.660745e+15 3.789508e+33 4.406535e+33 1.101964e+06 1.952754e+45
1.665286e+15 3.792731e+33 4.411115e+33 1.101481e+06 1.954029e+45
1.669839e+15 3.795997e+33 4.415853e+33 1.101003e+06 1.955379e+45
1.674404e+15 3.799197e+33 4.420435e+33 1.100501e+06 1.956638e+45
1.678982e+15 3.802342e+33 4.424913e+33 1.100006e+06 1.957831e+45
1.683573e+15 3.805492e+33 4.429416e+33 1.099510e+06 1.959038e+45
1.688176e+15 3.808683e+33 4.434044e+33 1.099041e+06 1.960315e+45
1.692792e+15 3.811787e+33 4.438461e+33 1.098546e+06 1.961470e+45
1.697420e+15 3.814870e+33 4.442899e+33 1.098033e+06 1.962609e+45
1.702061e+15 3.817950e+33 4.447307e+33 1.097532e+06 1.963746e+45
1.706715e+15 3.821045e+33 4.451772e+33 1.097049e+06 1.964917e+45
1.711381e+15 3.824090e+33 4.456148e+33 1.096548e+06 1.966023e+45
1.716060e+15 3.827130e+33 4.460527e+33 1.096047e+06 1.967130e+45
1.720752e+15 3.830156e+33 4.464915e+33 1.095548e+06 1.968228e+45
1.725457e+15 3.833129e+33 4.469172e+33 1.095044e+06 1.969258e+45
1.730175e+15 3.836093e+33 4.473451e+33 1.094541e+06 1.970287e+45
1.734905e+15 3.839035e+33 4.477734e+33 1.094047e+06 1.971346e+45
1.739649e+15 3.841911e+33 4.481900e+33 1.093552e+06 1.972343e+45
1.744405e+15 3.844723e+33 4.485956e+33 1.093059e+06 1.973264e+45
1.749175e+15 3.847561e+33 4.490081e+33 1.092564e+06 1.974227e+45
1.753957e+15 3.850409e+33 4.494225e+33 1.092074e+06 1.975204e+45
1.758753e+15 3.853195e+33 4.498267e+33 1.091575e+06 1.976108e+45
1.763562e+15 3.855973e+33 4.502278e+33 1.091086e+06 1.977008e+45
1.768383e+15 3.858731e+33 4.506290e+33 1.090579e+06 1.977887e+45
1.773218e+15 3.861460e+33 4.510245e+33 1.090082e+06 1.978735e+45
1.778067e+15 3.864195e+33 4.514251e+33 1.089594e+06 1.979602e+45
1.782928e+15 3.866903e+33 4.518202e+33 1.089081e+06 1.980436e+45
1.787803e+15 3.869567e+33 4.522045e+33 1.088572e+06 1.981211e+45
1.792691e+15 3.872185e+33 4.525819e+33 1.088058e+06 1.981937e+45
1.797593e+15 3.874819e+33 4.529664e+33 1.087571e+06 1.982695e+45
1.802507e+15 3.877453e+33 4.533497e+33 1.087047e+06 1.983453e+45
1.807436e+15 3.880115e+33 4.537443e+33 1.086565e+06 1.984266e+45
1.812378e+15 3.882766e+33 4.541371e+33 1.086077e+06 1.985069e+45
1.817333e+15 3.885313e+33 4.545037e+33 1.085546e+06 1.985725e+45
1.822302e+15 3.887913e+33 4.548907e+33 1.085057e+06 1.986474e+45
1.827284e+15 3.890429e+33 4.552557e+33 1.084534e+06 1.987107e+45
1.832280e+15 3.892875e+33 4.556045e+33 1.084005e+06 1.987648e+45
1.837290e+15 3.895450e+33 4.559921e+33 1.083504e+06 1.988389e+45
1.842313e+15 3.897871e+33 4.563379e+33 1.082982e+06 1.988909e+45
1.847351e+15 3.900369e+33 4.567078e+33 1.082480e+06 1.989552e+45
1.852401e+15 3.902799e+33 4.570622e+33 1.081952e+06 1.990105e+45
1.857466e+15 3.905252e+33 4.574243e+33 1.081440e+06 1.990697e+45
1.862545e+15 3.907648e+33 4.577784e+33 1.080918e+06 1.991223e+45
1.867637e+15 3.910047e+33 4.581314e+33 1.080410e+06 1.991756e+45
1.872744e+15 3.912365e+33 4.584694e+33 1.079887e+06 1.992227e+45
1.877864e+15 3.914675e+33 4.588113e+33 1.079376e+06 1.992724e+45
1.882998e+15 3.916943e+33 4.591425e+33 1.078863e+06 1.993164e+45
1.888147e+15 3.919217e+33 4.594793e+33 1.078366e+06 1.993630e+45
1.893309e+15 3.921452e+33 4.598075e+33 1.077847e+06 1.994043e+45
1.898486e+15 3.923707e+33 4.601408e+33 1.077343e+06 1.994492e+45
1.903677e+15 3.925897e+33 4.604652e+33 1.076822e+06 1.994863e+45
1.908882e+15 3.928121e+33 4.607958e+33 1.076317e+06 1.995283e+45
1.914101e+15 3.930297e+33 4.611167e+33 1.075811e+06 1.995644e+45
1.919334e+15 3.932433e+33 4.614299e+33 1.075280e+06 1.995957e+45
1.924582e+15 3.934596e+33 4.617508e+33 1.074777e+06 1.996317e+45
1.929844e+15 3.936770e+33 4.620767e+33 1.074264e+06 1.996696e+45
1.935120e+15 3.938857e+33 4.623832e+33 1.073747e+06 1.996965e+45
1.940411e+15 3.940920e+33 4.626887e+33 1.073219e+06 1.997211e+45
1.945717e+15 3.943035e+33 4.630040e+33 1.072713e+06 1.997530e+45
1.951037e+15 3.945057e+33 4.633026e+33 1.072177e+06 1.997734e+45
1.956371e+15 3.947121e+33 4.636110e+33 1.071671e+06 1.998001e+45
1.961720e+15 3.949111e+33 4.639041e+33 1.071137e+06 1.998173e+45
1.967084e+15 3.951096e+33 4.641991e+33 1.070617e+06 1.998347e+45
1.972462e+15 3.953090e+33 4.644949e+33 1.070093e+06 1.998535e+45
1.977855e+15 3.955070e+33 4.647898e+33 1.069580e+06 1.998717e+45
1.983263e+15 3.957029e+33 4.650821e+33 1.069044e+06 1.998873e+45
1.988685e+15 3.958953e+33 4.653673e+33 1.068519e+06 1.998990e+45
1.994123e+15 3.960882e+33 4.656564e+33 1.067993e+06 1.999121e+45
1.999575e+15 3.962788e+33 4.659430e+33 1.067466e+06 1.999231e+45
2.005042e+15 3.964677e+33 4.662234e+33 1.066945e+06 1.999319e+45
2.010524e+15 3.966628e+33 4.665233e+33 1.066435e+06 1.999508e+45
2.016021e+15 3.968444e+33 4.667912e+33 1.065906e+06 1.999534e+45
2.021533e+15 3.970218e+33 4.670548e+33 1.065386e+06 1.999550e+45
2.027060e+15 3.971977e+33 4.673175e+33 1.064868e+06 1.999552e+45
2.032603e+15 3.973761e+33 4.675873e+33 1.064357e+06 1.999598e+45
2.038160e+15 3.975490e+33 4.678444e+33 1.063825e+06 1.999570e+45
2.043733e+15 3.977222e+33 4.681058e+33 1.063313e+06 1.999558e+45
2.049321e+15 3.978941e+33 4.683626e+33 1.062784e+06 1.999530e+45
2.054924e+15 3.980622e+33 4.686139e+33 1.062269e+06 1.999460e+45
2.060542e+15 3.982316e+33 4.688710e+33 1.061746e+06 1.999418e+45
2.066176e+15 3.983974e+33 4.691189e+33 1.061224e+06 1.999329e+45
2.071825e+15 3.985617e+33 4.693655e+33 1.060697e+06 1.999229e+45
2.077490e+15 3.987231e+33 4.696081e+33 1.060177e+06 1.999098e+45
2.083170e+15 3.988841e+33 4.698501e+33 1.059651e+06 1.998966e+45
2.088866e+15 3.990438e+33 4.700900e+33 1.059122e+06 1.998822e+45
2.094577e+15 3.992047e+33 4.703339e+33 1.058607e+06 1.998701e+45
2.100304e+15 3.993594e+33 4.705657e+33 1.058078e+06 1.998504e+45
2.106047e+15 3.995171e+33 4.708067e+33 1.057557e+06 1.998355e+45
2.111805e+15 3.996700e+33 4.710379e+33 1.057030e+06 1.998149e+45
2.117579e+15 3.998209e+33 4.712651e+33 1.056498e+06 1.997922e+45
2.123369e+15 3.999723e+33 4.714946e+33 1.055970e+06 1.997707e+45
2.129174e+15 4.001226e+33 4.717220e+33 1.055439e+06 1.997481e+45
2.134996e+15 4.002695e+33 4.719453e+33 1.054915e+06 1.997222e+45
2.140833e+15 4.004151e+33 4.721645e+33 1.054383e+06 1.996948e+45
2.146686e+15 4.005616e+33 4.723891e+33 1.053856e+06 1.996695e+45
2.152556e+15 4.007025e+33 4.726020e+33 1.053321e+06 1.996371e+45
2.158441e+15 4.008395e+33 4.728066e+33 1.052776e+06 1.995999e+45
2.164343e+15 4.009818e+33 4.730253e+33 1.052261e+06 1.995717e+45
2.170260e+15 4.011145e+33 4.732251e+33 1.051732e+06 1.995357e+45
2.176194e+15 4.012475e+33 4.734277e+33 1.051216e+06 1.995008e+45
2.182144e+15 4.013803e+33 4.736308e+33 1.050696e+06 1.994662e+45
2.188110e+15 4.015049e+33 4.738162e+33 1.050160e+06 1.994214e+45
2.194093e+15 4.016372e+33 4.740205e+33 1.049644e+06 1.993876e+45
2.200092e+15 4.017685e+33 4.742244e+33 1.049130e+06 1.993531e+45
2.206107e+15 4.018869e+33 4.743984e+33 1.048591e+06 1.993015e+45
2.212139e+15 4.020153e+33 4.745979e+33 1.048074e+06 1.992644e+45
2.218188e+15 4.021376e+33 4.747850e+33 1.047544e+06 1.992195e+45
2.224252e+15 4.022568e+33 4.749664e+33 1.047021e+06 1.991715e+45
2.230334e+15 4.023820e+33 4.751613e+33 1.046504e+06 1.991320e+45
2.236432e+15 4.024999e+33 4.753415e+33 1.045976e+06 1.990833e+45
2.242547e+15 4.026106e+33 4.755052e+33 1.045439e+06 1.990253e+45
2.248678e+15 4.027261e+33 4.756820e+33 1.044913e+06 1.989747e+45
2.254826e+15 4.028409e+33 4.758603e+33 1.044384e+06 1.989239e+45
2.260991e+15 4.029498e+33 4.760247e+33 1.043861e+06 1.988659e+45
2.267173e+15 4.030619e+33 4.761975e+33 1.043323e+06 1.988124e+45
2.273372e+15 4.031712e+33 4.763662e+33 1.042801e+06 1.987561e+45
2.279588e+15 4.032776e+33 4.765265e+33 1.042265e+06 1.986962e+45
2.285820e+15 4.033832e+33 4.766874e+33 1.041734e+06 1.986360e+45
2.292070e+15 4.034895e+33 4.768527e+33 1.041198e+06 1.985776e+45
2.298337e+15 4.035923e+33 4.770104e+33 1.040675e+06 1.985152e+45
2.304621e+15 4.036923e+33 4.771617e+33 1.040136e+06 1.984494e+45
2.310922e+15 4.037957e+33 4.773231e+33 1.039608e+06 1.983889e+45
2.317241e+15 4.038920e+33 4.774697e+33 1.039074e+06 1.983197e+45
2.323576e+15 4.039883e+33 4.776188e+33 1.038541e+06 1.982535e+45
2.329929e+15 4.040858e+33 4.777715e+33 1.038021e+06 1.981915e+45
2.336300e+15 4.041803e+33 4.779177e+33 1.037512e+06 1.981262e+45
2.342687e+15 4.042704e+33 4.780564e+33 1.036981e+06 1.980558e+45
2.349093e+15 4.043578e+33 4.781893e+33 1.036455e+06 1.979823e+45
2.355516e+15 4.044472e+33 4.783283e+33 1.035932e+06 1.979122e+45
2.361956e+15 4.045329e+33 4.784605e+33 1.035416e+06 1.978381e+45
2.368414e+15 4.046190e+33 4.785933e+33 1.034889e+06 1.977647e+45
2.374889e+15 4.047016e+33 4.787201e+33 1.034364e+06 1.976877e+45
2.381383e+15 4.047822e+33 4.788440e+33 1.033834e+06 1.976082e+45
2.387894e+15 4.048681e+33 4.789798e+33 1.033315e+06 1.975364e+45
2.394423e+15 4.049527e+33 4.791129e+33 1.032799e+06 1.974635e+45
2.400969e+15 4.050304e+33 4.792331e+33 1.032267e+06 1.973821e+45
2.407534e+15 4.051056e+33 4.793470e+33 1.031736e+06 1.972978e+45
2.414116e+15 4.051769e+33 4.794533e+33 1.031206e+06 1.972092e+45
2.420717e+15 4.052515e+33 4.795686e+33 1.030680e+06 1.971255e+45
2.427336e+15 4.053293e+33 4.796940e+33 1.030156e+06 1.970469e+45
2.433972e+15 4.053988e+33 4.797993e+33 1.029626e+06 1.969576e+45
2.440627e+15 4.054722e+33 4.799180e+33 1.029101e+06 1.968745e+45
2.447300e+15 4.055402e+33 4.800195e+33 1.028571e+06 1.967841e+45
2.453991e+15 4.056079e+33 4.801256e+33 1.028038e+06 1.966946e+45
2.460701e+15 4.056758e+33 4.802336e+33 1.027517e+06 1.966058e+45
2.467429e+15 4.057400e+33 4.803327e+33 1.026990e+06 1.965127e+45
2.474175e+15 4.058035e+33 4.804292e+33 1.026446e+06 1.964188e+45
2.480940e+15 4.058662e+33 4.805290e+33 1.025930e+06 1.963253e+45
2.487723e+15 4.059268e+33 4.806244e+33 1.025409e+06 1.962318e+45
2.494525e+15 4.059843e+33 4.807110e+33 1.024876e+06 1.961360e+45
2.501345e+15 4.060417e+33 4.808000e+33 1.024356e+06 1.960407e+45
2.508185e+15 4.060989e+33 4.808894e+33 1.023835e+06 1.959457e+45
2.515042e+15 4.061544e+33 4.809763e+33 1.023316e+06 1.958493e+45
2.521919e+15 4.062084e+33 4.810603e+33 1.022801e+06 1.957516e+45
2.528814e+15 4.062627e+33 4.811490e+33 1.022284e+06 1.956548e+45
2.535728e+15 4.063146e+33 4.812308e+33 1.021765e+06 1.955554e+45
2.542661e+15 4.063644e+33 4.813083e+33 1.021242e+06 1.954537e+45
2.549613e+15 4.064140e+33 4.813866e+33 1.020725e+06 1.953525e+45
2.556584e+15 4.064596e+33 4.814559e+33 1.020197e+06 1.952467e+45
2.563574e+15 4.065034e+33 4.815221e+33 1.019672e+06 1.951388e+45
2.570584e+15 4.065477e+33 4.815915e+33 1.019155e+06 1.950325e+45
2.577612e+15 4.065913e+33 4.816597e+33 1.018634e+06 1.949256e+45
2.584660e+15 4.066332e+33 4.817240e+33 1.018111e+06 1.948169e+45
2.591726e+15 4.066758e+33 4.817925e+33 1.017588e+06 1.947101e+45
2.598813e+15 4.067163e+33 4.818561e+33 1.017064e+06 1.946009e+45
2.605918e+15 4.067546e+33 4.819153e+33 1.016529e+06 1.944894e+45
2.613043e+15 4.067934e+33 4.819776e+33 1.016017e+06 1.943793e+45
2.620187e+15 4.068341e+33 4.820429e+33 1.015495e+06 1.942718e+45
2.627351e+15 4.068683e+33 4.820976e+33 1.014980e+06 1.941569e+45
2.634535e+15 4.069013e+33 4.821493e+33 1.014454e+06 1.940410e+45
2.641738e+15 4.069350e+33 4.822014e+33 1.013924e+06 1.939261e+45
2.648961e+15 4.069644e+33 4.822462e+33 1.013391e+06 1.938062e+45
2.656204e+15 4.069964e+33 4.822972e+33 1.012877e+06 1.936920e+45
2.663466e+15 4.070257e+33 4.823451e+33 1.012368e+06 1.935771e+45
2.670749e+15 4.070513e+33 4.823833e+33 1.011849e+06 1.934578e+45
2.678051e+15 4.070795e+33 4.824291e+33 1.011338e+06 1.933424e+45
2.685373e+15 4.071033e+33 4.824649e+33 1.010820e+06 1.932218e+45
2.692715e+15 4.071282e+33 4.825053e+33 1.010312e+06 1.931035e+45
2.700077e+15 4.071501e+33 4.825395e+33 1.009794e+06 1.929818e+45
2.707460e+15 4.071706e+33 4.825708e+33 1.009276e+06 1.928584e+45
2.714862e+15 4.071922e+33 4.826041e+33 1.008761e+06 1.927371e+45
2.722285e+15 4.072133e+33 4.826396e+33 1.008248e+06 1.926159e+45
2.729728e+15 4.072304e+33 4.826660e+33 1.007734e+06 1.924902e+45
2.737192e+15 4.072486e+33 4.826956e+33 1.007220e+06 1.923663e+45
2.744676e+15 4.072661e+33 4.827239e+33 1.006704e+06 1.922420e+45
2.752180e+15 4.072812e+33 4.827470e+33 1.006191e+06 1.921150e+45
2.759705e+15 4.072952e+33 4.827716e+33 1.005675e+06 1.919877e+45
2.767250e+15 4.073053e+33 4.827830e+33 1.005152e+06 1.918552e+45
2.774817e+15 4.073206e+33 4.828131e+33 1.004651e+06 1.917307e+45
2.782403e+15 4.073305e+33 4.828275e+33 1.004131e+06 1.915992e+45
2.790011e+15 4.073413e+33 4.828473e+33 1.003622e+06 1.914699e+45
2.797639e+15 4.073489e+33 4.828576e+33 1.003103e+06 1.913366e+45
2.805288e+15 4.073567e+33 4.828700e+33 1.002579e+06 1.912041e+45
2.812958e+15 4.073600e+33 4.828715e+33 1.002057e+06 1.910663e+45
2.820649e+15 4.073644e+33 4.828777e+33 1.001536e+06 1.909303e+45
2.828361e+15 4.073688e+33 4.828861e+33 1.001020e+06 1.907953e+45
2.836095e+15 4.073773e+33 4.829027e+33 1.000525e+06 1.906680e+45
2.843849e+15 4.073779e+33 4.829027e+33 1.000017e+06 1.905320e+45
2.851624e+15 4.073779e+33 4.829014e+33 9.995014e+05 1.903957e+45
2.859421e+15 4.073775e+33 4.828997e+33 9.989923e+05 1.902595e+45
2.867239e+15 4.073762e+33 4.828968e+33 9.984897e+05 1.901227e+45
2.875079e+15 4.073744e+33 4.828947e+33 9.979798e+05 1.899859e+45
2.882940e+15 4.073718e+33 4.828918e+33 9.974751e+05 1.898486e+45
2.890822e+15 4.073689e+33 4.828879e+33 9.969763e+05 1.897113e+45
2.898726e+15 4.073603e+33 4.828721e+33 9.964600e+05 1.895673e+45
2.906651e+15 4.073562e+33 4.828667e+33 9.959612e+05 1.894296e+45
2.914599e+15 4.073461e+33 4.828480e+33 9.954376e+05 1.892844e+45
2.922568e+15 4.073405e+33 4.828416e+33 9.949414e+05 1.891459e+45
2.930558e+15 4.073332e+33 4.828312e+33 9.944434e+05 1.890058e+45
2.938571e+15 4.073224e+33 4.828135e+33 9.939287e+05 1.888617e+45
2.946605e+15 4.073106e+33 4.827941e+33 9.934263e+05 1.887167e+45
2.954662e+15 4.073015e+33 4.827812e+33 9.929262e+05 1.885754e+45
2.962740e+15 4.072850e+33 4.827519e+33 9.924086e+05 1.884253e+45
2.970841e+15 4.072704e+33 4.827281e+33 9.919014e+05 1.882784e+45
2.978964e+15 4.072567e+33 4.827068e+33 9.913886e+05 1.881329e+45
2.987109e+15 4.072388e+33 4.826770e+33 9.908770e+05 1.879826e+45
2.995276e+15 4.072252e+33 4.826588e+33 9.903766e+05 1.878387e+45
3.003465e+15 4.072077e+33 4.826306e+33 9.898792e+05 1.876901e+45
3.011677e+15 4.071886e+33 4.826004e+33 9.893698e+05 1.875398e+45
3.019912e+15 4.071671e+33 4.825631e+33 9.888621e+05 1.873886e+45
3.028168e+15 4.071421e+33 4.825216e+33 9.883624e+05 1.872349e+45
3.036448e+15 4.071242e+33 4.824970e+33 9.878676e+05 1.870907e+45
3.044750e+15 4.071020e+33 4.824589e+33 9.873717e+05 1.869409e+45
3.053075e+15 4.070821e+33 4.824279e+33 9.868733e+05 1.867946e+45
3.061422e+15 4.070569e+33 4.823880e+33 9.863782e+05 1.866425e+45
3.069793e+15 4.070314e+33 4.823463e+33 9.858689e+05 1.864901e+45
3.078186e+15 4.070048e+33 4.823037e+33 9.853827e+05 1.863375e+45
3.086602e+15 4.069772e+33 4.822576e+33 9.848748e+05 1.861834e+45
3.095041e+15 4.069508e+33 4.822194e+33 9.843896e+05 1.860321e+45
3.103504e+15 4.069233e+33 4.821752e+33 9.838916e+05 1.858793e+45
3.111989e+15 4.068893e+33 4.821157e+33 9.833904e+05 1.857189e+45
3.120498e+15 4.068628e+33 4.820791e+33 9.828982e+05 1.855688e+45
3.129030e+15 4.068304e+33 4.820236e+33 9.824045e+05 1.854110e+45
3.137585e+15 4.067955e+33 4.819640e+33 9.818945e+05 1.852509e+45
3.146164e+15 4.067656e+33 4.819201e+33 9.814042e+05 1.850980e+45
3.154766e+15 4.067322e+33 4.818688e+33 9.809105e+05 1.849411e+45
3.163391e+15 4.066947e+33 4.818055e+33 9.804118e+05 1.847792e+45
3.172040e+15 4.066591e+33 4.817458e+33 9.799063e+05 1.846199e+45
3.180713e+15 4.066214e+33 4.816850e+33 9.794083e+05 1.844589e+45
3.189410e+15 4.065848e+33 4.816249e+33 9.789170e+05 1.842995e+45
3.198130e+15 4.065469e+33 4.815639e+33 9.784191e+05 1.841391e+45
3.206874e+15 4.065072e+33 4.815010e+33 9.779208e+05 1.839772e+45
3.215642e+15 4.064669e+33 4.814327e+33 9.774279e+05 1.838169e+45
3.224434e+15 4.064275e+33 4.813717e+33 9.769431e+05 1.836585e+45
3.233251e+15 4.063887e+33 4.813106e+33 9.764651e+05 1.835018e+45
3.242091e+15 4.063460e+33 4.812401e+33 9.759726e+05 1.833401e+45
3.250955e+15 4.063028e+33 4.811705e+33 9.754828e+05 1.831783e+45
3.259844e+15 4.062560e+33 4.810913e+33 9.749963e+05 1.830123e+45
3.268757e+15 4.062143e+33 4.810261e+33 9.745119e+05 1.828535e+45
3.277694e+15 4.061690e+33 4.809524e+33 9.740236e+05 1.826904e+45
3.286655e+15 4.061216e+33 4.808744e+33 9.735319e+05 1.825252e+45
3.295642e+15 4.060735e+33 4.807955e+33 9.730409e+05 1.823596e+45
3.304652e+15 4.060306e+33 4.807291e+33 9.725683e+05 1.822012e+45
3.313688e+15 4.059832e+33 4.806542e+33 9.720793e+05 1.820374e+45
3.322748e+15 4.059290e+33 4.805598e+33 9.715879e+05 1.818655e+45
3.331833e+15 4.058832e+33 4.804898e+33 9.711128e+05 1.817049e+45
3.340943e+15 4.058308e+33 4.804039e+33 9.706150e+05 1.815363e+45
3.350077e+15 4.057814e+33 4.803241e+33 9.701341e+05 1.813720e+45
3.359237e+15 4.057295e+33 4.802405e+33 9.696508e+05 1.812052e+45
3.368421e+15 4.056729e+33 4.801452e+33 9.691505e+05 1.810325e+45
3.377631e+15 4.056214e+33 4.800638e+33 9.686763e+05 1.808672e+45
3.386866e+15 4.055681e+33 4.799788e+33 9.681928e+05 1.807000e+45
3.396126e+15 4.055121e+33 4.798887e+33 9.677155e+05 1.805301e+45
3.405412e+15 4.054564e+33 4.797973e+33 9.672235e+05 1.803605e+45
3.414723e+15 4.053977e+33 4.796974e+33 9.667364e+05 1.801891e+45
3.424059e+15 4.053413e+33 4.796062e+33 9.662567e+05 1.800221e+45
3.433421e+15 4.052833e+33 4.795110e+33 9.657859e+05 1.798532e+45
3.442809e+15 4.052259e+33 4.794174e+33 9.653094e+05 1.796855e+45
3.452222e+15 4.051683e+33 4.793257e+33 9.648374e+05 1.795182e+45
3.461661e+15 4.051069e+33 4.792238e+33 9.643656e+05 1.793465e+45
3.471125e+15 4.050497e+33 4.791351e+33 9.638887e+05 1.791807e+45
3.480616e+15 4.049868e+33 4.790294e+33 9.634115e+05 1.790080e+45
3.490132e+15 4.049238e+33 4.789270e+33 9.629341e+05 1.788357e+45
3.499675e+15 4.048619e+33 4.788250e+33 9.624592e+05 1.786651e+45
3.509244e+15 4.048007e+33 4.787274e+33 9.619873e+05 1.784959e+45
3.518838e+15 4.047377e+33 4.786241e+33 9.615150e+05 1.783250e+45
3.528459e+15 4.046684e+33 4.785063e+33 9.610302e+05 1.781466e+45
3.538107e+15 4.046074e+33 4.784107e+33 9.605574e+05 1.779789e+45
3.547780e+15 4.045434e+33 4.783077e+33 9.600912e+05 1.778081e+45
3.557481e+15 4.044727e+33 4.781902e+33 9.596139e+05 1.776296e+45
3.567207e+15 4.044061e+33 4.780797e+33 9.591311e+05 1.774560e+45
3.576960e+15 4.043393e+33 4.779730e+33 9.586636e+05 1.772833e+45
3.586740e+15 4.042701e+33 4.778586e+33 9.581884e+05 1.771078e+45
3.596547e+15 4.042011e+33 4.777470e+33 9.577181e+05 1.769332e+45
3.606381e+15 4.041283e+33 4.776264e+33 9.572432e+05 1.767542e+45
3.616241e+15 4.040561e+33 4.775048e+33 9.567644e+05 1.765766e+45
3.626128e+15 4.039873e+33 4.773969e+33 9.563099e+05 1.764057e+45
3.636043e+15 4.039196e+33 4.772871e+33 9.558477e+05 1.762358e+45
3.645984e+15 4.038450e+33 4.771602e+33 9.553696e+05 1.760577e+45
3.655953e+15 4.037756e+33 4.770495e+33 9.549113e+05 1.758870e+45
3.665949e+15 4.037021e+33 4.769311e+33 9.544513e+05 1.757117e+45
3.675972e+15 4.036277e+33 4.768080e+33 9.539856e+05 1.755355e+45
3.686023e+15 4.035527e+33 4.766813e+33 9.535185e+05 1.753584e+45
3.696101e+15 4.034762e+33 4.765534e+33 9.530509e+05 1.751805e+45
3.706206e+15 4.034023e+33 4.764355e+33 9.525921e+05 1.750065e+45
3.716340e+15 4.033249e+33 4.763068e+33 9.521275e+05 1.748282e+45
3.726501e+15 4.032487e+33 4.761814e+33 9.516679e+05 1.746519e+45
3.736690e+15 4.031764e+33 4.760680e+33 9.512093e+05 1.744811e+45
3.746906e+15 4.030934e+33 4.759262e+33 9.507394e+05 1.742972e+45
3.757151e+15 4.030141e+33 4.757971e+33 9.502739e+05 1.741187e+45
3.767423e+15 4.029334e+33 4.756620e+33 9.498116e+05 1.739386e+45
3.777724e+15 4.028586e+33 4.755442e+33 9.493626e+05 1.737663e+45
3.788053e+15 4.027784e+33 4.754123e+33 9.488948e+05 1.735878e+45
3.798410e+15 4.026989e+33 4.752818e+33 9.484315e+05 1.734102e+45
3.808796e+15 4.026147e+33 4.751417e+33 9.479699e+05 1.732277e+45
3.819209e+15 4.025346e+33 4.750112e+33 9.475124e+05 1.730505e+45
3.829652e+15 4.024489e+33 4.748676e+33 9.470480e+05 1.728670e+45
3.840122e+15 4.023693e+33 4.747386e+33 9.465947e+05 1.726928e+45
3.850622e+15 4.022805e+33 4.745878e+33 9.461368e+05 1.725077e+45
3.861150e+15 4.021988e+33 4.744535e+33 9.456875e+05 1.723317e+45
3.871707e+15 4.021169e+33 4.743212e+33 9.452387e+05 1.721561e+45
3.882293e+15 4.020307e+33 4.741775e+33 9.447815e+05 1.719753e+45
3.892908e+15 4.019488e+33 4.740461e+33 9.443346e+05 1.718004e+45
3.903551e+15 4.018576e+33 4.738893e+33 9.438776e+05 1.716143e+45
3.914224e+15 4.017750e+33 4.737573e+33 9.434329e+05 1.714396e+45
3.924926e+15 4.016886e+33 4.736145e+33 9.429749e+05 1.712603e+45
3.935658e+15 4.016009e+33 4.734691e+33 9.425272e+05 1.710799e+45
3.946418e+15 4.015139e+33 4.733261e+33 9.420785e+05 1.709007e+45
3.957208e+15 4.014243e+33 4.731774e+33 9.416259e+05 1.707188e+45
3.968028e+15 4.013378e+33 4.730369e+33 9.411787e+05 1.705412e+45
3.978877e+15 4.012441e+33 4.728787e+33 9.407170e+05 1.703551e+45
3.989756e+15 4.011545e+33 4.727301e+33 9.402726e+05 1.701744e+45
4.000665e+15 4.010657e+33 4.725867e+33 9.398290e+05 1.699955e+45
4.011603e+15 4.009729e+33 4.724319e+33 9.393756e+05 1.698117e+45
4.022571e+15 4.008782e+33 4.722711e+33 9.389168e+05 1.696259e+45
4.033570e+15 4.007903e+33 4.721316e+33 9.384767e+05 1.694494e+45
4.044598e+15 4.006952e+33 4.719703e+33 9.380257e+05 1.692636e+45
4.055657e+15 4.006048e+33 4.718229e+33 9.375837e+05 1.690850e+45
4.066745e+15 4.005130e+33 4.716723e+33 9.371393e+05 1.689058e+45
4.077864e+15 4.004196e+33 4.715170e+33 9.367004e+05 1.687250e+45
4.089014e+15 4.003269e+33 4.713644e+33 9.362639e+05 1.685458e+45
4.100194e+15 4.002295e+33 4.712017e+33 9.358123e+05 1.683609e+45
4.111404e+15 4.001389e+33 4.710548e+33 9.353836e+05 1.681850e+45
4.122646e+15 4.000435e+33 4.708941e+33 9.349423e+05 1.680032e+45
4.133918e+15 3.999476e+33 4.707358e+33 9.345058e+05 1.678215e+45
4.145220e+15 3.998505e+33 4.705751e+33 9.340588e+05 1.676388e+45
4.156554e+15 3.997543e+33 4.704140e+33 9.336198e+05 1.674572e+45
4.167919e+15 3.996545e+33 4.702475e+33 9.331788e+05 1.672720e+45
4.179314e+15 3.995609e+33 4.700939e+33 9.327507e+05 1.670945e+45
4.190741e+15 3.994594e+33 4.699222e+33 9.322963e+05 1.669078e+45
4.202199e+15 3.993653e+33 4.697692e+33 9.318758e+05 1.667306e+45
4.213689e+15 3.992670e+33 4.696091e+33 9.314396e+05 1.665490e+45
4.225210e+15 3.991654e+33 4.694380e+33 9.309931e+05 1.663634e+45
4.236762e+15 3.990670e+33 4.692751e+33 9.305611e+05 1.661821e+45
4.248346e+15 3.989624e+33 4.690979e+33 9.301182e+05 1.659937e+45
4.259961e+15 3.988642e+33 4.689365e+33 9.296804e+05 1.658135e+45
4.271609e+15 3.987622e+33 4.687673e+33 9.292430e+05 1.656292e+45
4.283288e+15 3.986601e+33 4.685986e+33 9.288140e+05 1.654453e+45
