4.000000e+14 3.030646e+32 3.038627e+32 1.661315e+06 5.833047e+43
4.009428e+14 3.040731e+32 3.048888e+32 1.655131e+06 5.849784e+43
4.018877e+14 3.050777e+32 3.059113e+32 1.648876e+06 5.866082e+43
4.028349e+14 3.061097e+32 3.069614e+32 1.642793e+06 5.883713e+43
4.037844e+14 3.071397e+32 3.080097e+32 1.636675e+06 5.901093e+43
4.047361e+14 3.081828e+32 3.090712e+32 1.630879e+06 5.919077e+43
4.056900e+14 3.092254e+32 3.101326e+32 1.624760e+06 5.936773e+43
4.066462e+14 3.102811e+32 3.112073e+32 1.618992e+06 5.954967e+43
4.076046e+14 3.113449e+32 3.122904e+32 1.613103e+06 5.973455e+43
4.085653e+14 3.124071e+32 3.133719e+32 1.607364e+06 5.991755e+43
4.095282e+14 3.134854e+32 3.144700e+32 1.601603e+06 6.010677e+43
4.104934e+14 3.145545e+32 3.155589e+32 1.596013e+06 6.029066e+43
4.114609e+14 3.156431e+32 3.166678e+32 1.590415e+06 6.048127e+43
4.124307e+14 3.167368e+32 3.177817e+32 1.584781e+06 6.067580e+43
4.134027e+14 3.178372e+32 3.189028e+32 1.579280e+06 6.087030e+43
4.143771e+14 3.189465e+32 3.200331e+32 1.573765e+06 6.106680e+43
4.153537e+14 3.200649e+32 3.211727e+32 1.568419e+06 6.126842e+43
4.163327e+14 3.211886e+32 3.223179e+32 1.562973e+06 6.147048e+43
4.173139e+14 3.223108e+32 3.234615e+32 1.557706e+06 6.167035e+43
4.182975e+14 3.234415e+32 3.246143e+32 1.552447e+06 6.187260e+43
4.192834e+14 3.245935e+32 3.257886e+32 1.547177e+06 6.208437e+43
4.202716e+14 3.257411e+32 3.269586e+32 1.542007e+06 6.229332e+43
4.212621e+14 3.269038e+32 3.281442e+32 1.536948e+06 6.250779e+43
4.222550e+14 3.280652e+32 3.293285e+32 1.531835e+06 6.272003e+43
4.232502e+14 3.292332e+32 3.305197e+32 1.526763e+06 6.293372e+43
4.242478e+14 3.304117e+32 3.317219e+32 1.521733e+06 6.315124e+43
4.252477e+14 3.315914e+32 3.329253e+32 1.516910e+06 6.336880e+43
4.262499e+14 3.327849e+32 3.341429e+32 1.511880e+06 6.359054e+43
4.272546e+14 3.339927e+32 3.353753e+32 1.507060e+06 6.381940e+43
4.282616e+14 3.352332e+32 3.366413e+32 1.501999e+06 6.404518e+43
4.292709e+14 3.366247e+32 3.380612e+32 1.496643e+06 6.431446e+43
4.302827e+14 3.380116e+32 3.394768e+32 1.491506e+06 6.458126e+43
4.312968e+14 3.393841e+32 3.408781e+32 1.486119e+06 6.483686e+43
4.323133e+14 3.407750e+32 3.422983e+32 1.480912e+06 6.510058e+43
4.333323e+14 3.421700e+32 3.437230e+32 1.475680e+06 6.536301e+43
4.343536e+14 3.436083e+32 3.451918e+32 1.470659e+06 6.564552e+43
4.353773e+14 3.450374e+32 3.466513e+32 1.465559e+06 6.592168e+43
4.364034e+14 3.464759e+32 3.481210e+32 1.460533e+06 6.619924e+43
4.374320e+14 3.479194e+32 3.495960e+32 1.455614e+06 6.647794e+43
4.384630e+14 3.493863e+32 3.510948e+32 1.450679e+06 6.676600e+43
4.394964e+14 3.508512e+32 3.525920e+32 1.445793e+06 6.705109e+43
4.405322e+14 3.523410e+32 3.541147e+32 1.441028e+06 6.734486e+43
4.415705e+14 3.538351e+32 3.556422e+32 1.436196e+06 6.763996e+43
4.426113e+14 3.553446e+32 3.571855e+32 1.431453e+06 6.794003e+43
4.436545e+14 3.568570e+32 3.587321e+32 1.426830e+06 6.824018e+43
4.447001e+14 3.583946e+32 3.603045e+32 1.422165e+06 6.855008e+43
4.457482e+14 3.599247e+32 3.618699e+32 1.417541e+06 6.885279e+43
4.467988e+14 3.614848e+32 3.634657e+32 1.413016e+06 6.916971e+43
4.478519e+14 3.630411e+32 3.650582e+32 1.408468e+06 6.948310e+43
4.489074e+14 3.646332e+32 3.666871e+32 1.404080e+06 6.981118e+43
4.499654e+14 3.662102e+32 3.683013e+32 1.399599e+06 7.012983e+43
4.510259e+14 3.678160e+32 3.699451e+32 1.395220e+06 7.045993e+43
4.520890e+14 3.694187e+32 3.715859e+32 1.390942e+06 7.078760e+43
4.531545e+14 3.710452e+32 3.732512e+32 1.386592e+06 7.112488e+43
4.542225e+14 3.726662e+32 3.749114e+32 1.382392e+06 7.145745e+43
4.552931e+14 3.743292e+32 3.766146e+32 1.378207e+06 7.180732e+43
4.563662e+14 3.759668e+32 3.782925e+32 1.374015e+06 7.214330e+43
4.574418e+14 3.776413e+32 3.800082e+32 1.369860e+06 7.249499e+43
4.585199e+14 3.793322e+32 3.817407e+32 1.365820e+06 7.285233e+43
4.596006e+14 3.810032e+32 3.834536e+32 1.361743e+06 7.319911e+43
4.606838e+14 3.827145e+32 3.852079e+32 1.357737e+06 7.356280e+43
4.617696e+14 3.844253e+32 3.869617e+32 1.353811e+06 7.392566e+43
4.628580e+14 3.861474e+32 3.887276e+32 1.349912e+06 7.429125e+43
4.639489e+14 3.879035e+32 3.905284e+32 1.346008e+06 7.466995e+43
4.650424e+14 3.896483e+32 3.923183e+32 1.342177e+06 7.504173e+43
4.661384e+14 3.914066e+32 3.941223e+32 1.338373e+06 7.541944e+43
4.672371e+14 3.932087e+32 3.959712e+32 1.334634e+06 7.581503e+43
4.683383e+14 3.949763e+32 3.977853e+32 1.330917e+06 7.619383e+43
4.694421e+14 3.967751e+32 3.996318e+32 1.327147e+06 7.658273e+43
4.705485e+14 3.986507e+32 4.015570e+32 1.323528e+06 7.699689e+43
4.716576e+14 4.005588e+32 4.035166e+32 1.319676e+06 7.741141e+43
4.727692e+14 4.024976e+32 4.055076e+32 1.315947e+06 7.784070e+43
4.738835e+14 4.044284e+32 4.074907e+32 1.312322e+06 7.826508e+43
4.750004e+14 4.063890e+32 4.095051e+32 1.308515e+06 7.869682e+43
4.761199e+14 4.083663e+32 4.115366e+32 1.304962e+06 7.913880e+43
4.772421e+14 4.103556e+32 4.135814e+32 1.301390e+06 7.958296e+43
4.783669e+14 4.123547e+32 4.156361e+32 1.297877e+06 8.002927e+43
4.794943e+14 4.143640e+32 4.177021e+32 1.294301e+06 8.047801e+43
4.806245e+14 4.164085e+32 4.198045e+32 1.290860e+06 8.094104e+43
4.817572e+14 4.184396e+32 4.218935e+32 1.287393e+06 8.139703e+43
4.828927e+14 4.205180e+32 4.240313e+32 1.284040e+06 8.187167e+43
4.840308e+14 4.225710e+32 4.261438e+32 1.280640e+06 8.233491e+43
4.851716e+14 4.246801e+32 4.283143e+32 1.277302e+06 8.282060e+43
4.863151e+14 4.267812e+32 4.304770e+32 1.273985e+06 8.330042e+43
4.874613e+14 4.289106e+32 4.326690e+32 1.270772e+06 8.379251e+43
4.886102e+14 4.310236e+32 4.348451e+32 1.267494e+06 8.427315e+43
4.897618e+14 4.332115e+32 4.370980e+32 1.264370e+06 8.478866e+43
4.909162e+14 4.353656e+32 4.393172e+32 1.261192e+06 8.528567e+43
4.920732e+14 4.375353e+32 4.415527e+32 1.258086e+06 8.578908e+43
4.932330e+14 4.397359e+32 4.438206e+32 1.254946e+06 8.630399e+43
4.943955e+14 4.419433e+32 4.460958e+32 1.251896e+06 8.682109e+43
4.955607e+14 4.441820e+32 4.484040e+32 1.248941e+06 8.735019e+43
4.967287e+14 4.464274e+32 4.507193e+32 1.245936e+06 8.788168e+43
4.978994e+14 4.487004e+32 4.530634e+32 1.242987e+06 8.842281e+43
4.990729e+14 4.509626e+32 4.553972e+32 1.240030e+06 8.895722e+43
5.002492e+14 4.532726e+32 4.577808e+32 1.237173e+06 8.951258e+43
5.014282e+14 4.555773e+32 4.601590e+32 1.234329e+06 9.006386e+43
5.026100e+14 4.578993e+32 4.625562e+32 1.231421e+06 9.062144e+43
5.037946e+14 4.602384e+32 4.649710e+32 1.228710e+06 9.118500e+43
5.049820e+14 4.625971e+32 4.674070e+32 1.225930e+06 9.175639e+43
5.061722e+14 4.649576e+32 4.698452e+32 1.223192e+06 9.232660e+43
5.073652e+14 4.673539e+32 4.723208e+32 1.220559e+06 9.291263e+43
5.085610e+14 4.697430e+32 4.747899e+32 1.217884e+06 9.349330e+43
5.097596e+14 4.721664e+32 4.772948e+32 1.215224e+06 9.408790e+43
5.109611e+14 4.745982e+32 4.798088e+32 1.212608e+06 9.468384e+43
5.121654e+14 4.770609e+32 4.823555e+32 1.210027e+06 9.529393e+43
5.133725e+14 4.795152e+32 4.848942e+32 1.207485e+06 9.589785e+43
5.145825e+14 4.820060e+32 4.874710e+32 1.204962e+06 9.651732e+43
5.157953e+14 4.845099e+32 4.900620e+32 1.202471e+06 9.714124e+43
5.170110e+14 4.870296e+32 4.926700e+32 1.199962e+06 9.776870e+43
5.182295e+14 4.895801e+32 4.953103e+32 1.197569e+06 9.840946e+43
5.194509e+14 4.921477e+32 4.979690e+32 1.195127e+06 9.905566e+43
5.206752e+14 4.947100e+32 5.006232e+32 1.192750e+06 9.969777e+43
5.219024e+14 4.973130e+32 5.033205e+32 1.190375e+06 1.003578e+44
5.231325e+14 4.999330e+32 5.060354e+32 1.188067e+06 1.010235e+44
5.243654e+14 5.025742e+32 5.087722e+32 1.185757e+06 1.016977e+44
5.256013e+14 5.052027e+32 5.114975e+32 1.183454e+06 1.023635e+44
5.268401e+14 5.078839e+32 5.142782e+32 1.181215e+06 1.030542e+44
5.280818e+14 5.105658e+32 5.170598e+32 1.178963e+06 1.037422e+44
5.293264e+14 5.132705e+32 5.198664e+32 1.176799e+06 1.044407e+44
5.305740e+14 5.159798e+32 5.226781e+32 1.174601e+06 1.051388e+44
5.318245e+14 5.187041e+32 5.255054e+32 1.172428e+06 1.058431e+44
5.330780e+14 5.214557e+32 5.283625e+32 1.170295e+06 1.065583e+44
5.343344e+14 5.242265e+32 5.312399e+32 1.168224e+06 1.072807e+44
5.355937e+14 5.270149e+32 5.341365e+32 1.166097e+06 1.080107e+44
5.368561e+14 5.298167e+32 5.370479e+32 1.164058e+06 1.087454e+44
5.381214e+14 5.326455e+32 5.399881e+32 1.162053e+06 1.094917e+44
5.393897e+14 5.354964e+32 5.429520e+32 1.160092e+06 1.102480e+44
5.406610e+14 5.383613e+32 5.459304e+32 1.158082e+06 1.110069e+44
5.419353e+14 5.412527e+32 5.489376e+32 1.156106e+06 1.117785e+44
5.432125e+14 5.441373e+32 5.519389e+32 1.154171e+06 1.125452e+44
5.444928e+14 5.470532e+32 5.549735e+32 1.152277e+06 1.133250e+44
5.457762e+14 5.499715e+32 5.580118e+32 1.150398e+06 1.141052e+44
5.470625e+14 5.529255e+32 5.610876e+32 1.148526e+06 1.149006e+44
5.483519e+14 5.558974e+32 5.641826e+32 1.146685e+06 1.157034e+44
5.496443e+14 5.588619e+32 5.672709e+32 1.144847e+06 1.165020e+44
5.509397e+14 5.618799e+32 5.704159e+32 1.143149e+06 1.173254e+44
5.522382e+14 5.649033e+32 5.735675e+32 1.141261e+06 1.181463e+44
5.535398e+14 5.679507e+32 5.767445e+32 1.139568e+06 1.189818e+44
5.548444e+14 5.709768e+32 5.799009e+32 1.137810e+06 1.198037e+44
5.561522e+14 5.740592e+32 5.831165e+32 1.136098e+06 1.206515e+44
5.574629e+14 5.771839e+32 5.863766e+32 1.134436e+06 1.215185e+44
5.587768e+14 5.802916e+32 5.896202e+32 1.132770e+06 1.223751e+44
5.600938e+14 5.834294e+32 5.928968e+32 1.131126e+06 1.232465e+44
5.614139e+14 5.865717e+32 5.961787e+32 1.129480e+06 1.241176e+44
5.627371e+14 5.897427e+32 5.994914e+32 1.127870e+06 1.250015e+44
5.640634e+14 5.929462e+32 6.028389e+32 1.126309e+06 1.259015e+44
5.653928e+14 5.961304e+32 6.061672e+32 1.124694e+06 1.267879e+44
5.667254e+14 5.993485e+32 6.095324e+32 1.123136e+06 1.276909e+44
5.680611e+14 6.026005e+32 6.129334e+32 1.121639e+06 1.286114e+44
5.694000e+14 6.058438e+32 6.163269e+32 1.120133e+06 1.295270e+44
5.707420e+14 6.091203e+32 6.197555e+32 1.118660e+06 1.304590e+44
5.720872e+14 6.123904e+32 6.231788e+32 1.117187e+06 1.313855e+44
5.734355e+14 6.157209e+32 6.266661e+32 1.115735e+06 1.323402e+44
5.747871e+14 6.190477e+32 6.301507e+32 1.114314e+06 1.332935e+44
5.761418e+14 6.223734e+32 6.336355e+32 1.112889e+06 1.342435e+44
5.774997e+14 6.257369e+32 6.371606e+32 1.111519e+06 1.352122e+44
5.788608e+14 6.291124e+32 6.406998e+32 1.110118e+06 1.361845e+44
5.802251e+14 6.325319e+32 6.442851e+32 1.108781e+06 1.371788e+44
5.815926e+14 6.359370e+32 6.478574e+32 1.107439e+06 1.381632e+44
5.829634e+14 6.394096e+32 6.515013e+32 1.106131e+06 1.391820e+44
5.843374e+14 6.428159e+32 6.550781e+32 1.104792e+06 1.401640e+44
5.857146e+14 6.463528e+32 6.587901e+32 1.103538e+06 1.412141e+44
5.870951e+14 6.498437e+32 6.624568e+32 1.102262e+06 1.422369e+44
5.884788e+14 6.533610e+32 6.661521e+32 1.100970e+06 1.432720e+44
5.898658e+14 6.569037e+32 6.698753e+32 1.099798e+06 1.443200e+44
5.912560e+14 6.604733e+32 6.736277e+32 1.098557e+06 1.453810e+44
5.926496e+14 6.640351e+32 6.773738e+32 1.097240e+06 1.464332e+44
5.940464e+14 6.676482e+32 6.811743e+32 1.096156e+06 1.475155e+44
5.954465e+14 6.712647e+32 6.849801e+32 1.094969e+06 1.485958e+44
5.968499e+14 6.748723e+32 6.887780e+32 1.093794e+06 1.496701e+44
5.982566e+14 6.785568e+32 6.926570e+32 1.092720e+06 1.507855e+44
5.996666e+14 6.822085e+32 6.965048e+32 1.091514e+06 1.518785e+44
6.010800e+14 6.858944e+32 7.003881e+32 1.090432e+06 1.529901e+44
6.024967e+14 6.896041e+32 7.042993e+32 1.089293e+06 1.541122e+44
6.039167e+14 6.933452e+32 7.082429e+32 1.088217e+06 1.552509e+44
6.053401e+14 6.970857e+32 7.121890e+32 1.087114e+06 1.563867e+44
6.067668e+14 7.008714e+32 7.161826e+32 1.086137e+06 1.575464e+44
6.081969e+14 7.046832e+32 7.202055e+32 1.085121e+06 1.587181e+44
6.096303e+14 7.084849e+32 7.242195e+32 1.084030e+06 1.598825e+44
6.110672e+14 7.123189e+32 7.282688e+32 1.083009e+06 1.610627e+44
6.125074e+14 7.161613e+32 7.323288e+32 1.081996e+06 1.622460e+44
6.139510e+14 7.200491e+32 7.364371e+32 1.081046e+06 1.634541e+44
6.153980e+14 7.239642e+32 7.405758e+32 1.080115e+06 1.646747e+44
6.168485e+14 7.278812e+32 7.447190e+32 1.079139e+06 1.658953e+44
6.183023e+14 7.318246e+32 7.488906e+32 1.078189e+06 1.671283e+44
6.197596e+14 7.357679e+32 7.530644e+32 1.077219e+06 1.683589e+44
6.212203e+14 7.397923e+32 7.573243e+32 1.076548e+06 1.696406e+44
6.226844e+14 7.437521e+32 7.615193e+32 1.075403e+06 1.708720e+44
6.241520e+14 7.477680e+32 7.657743e+32 1.074518e+06 1.721397e+44
6.256231e+14 7.519022e+32 7.701560e+32 1.073629e+06 1.734498e+44
6.270976e+14 7.560735e+32 7.745787e+32 1.072728e+06 1.747726e+44
6.285756e+14 7.602745e+32 7.790348e+32 1.071868e+06 1.761116e+44
6.300571e+14 7.644894e+32 7.835074e+32 1.070977e+06 1.774553e+44
6.315421e+14 7.687331e+32 7.880123e+32 1.070118e+06 1.788138e+44
6.330306e+14 7.730110e+32 7.925544e+32 1.069274e+06 1.801886e+44
6.345226e+14 7.773112e+32 7.971218e+32 1.068457e+06 1.815766e+44
6.360181e+14 7.816206e+32 8.017016e+32 1.067635e+06 1.829670e+44
6.375171e+14 7.859765e+32 8.063324e+32 1.066786e+06 1.843811e+44
6.390197e+14 7.903440e+32 8.109762e+32 1.066067e+06 1.858018e+44
6.405258e+14 7.947234e+32 8.156357e+32 1.065270e+06 1.872263e+44
6.420354e+14 7.991468e+32 8.203437e+32 1.064497e+06 1.886747e+44
6.435486e+14 8.035820e+32 8.250655e+32 1.063735e+06 1.901284e+44
6.450654e+14 8.080353e+32 8.298091e+32 1.062983e+06 1.915906e+44
6.465858e+14 8.125200e+32 8.345878e+32 1.062290e+06 1.930697e+44
6.481097e+14 8.170208e+32 8.393863e+32 1.061531e+06 1.945559e+44
6.496372e+14 8.215505e+32 8.442167e+32 1.060824e+06 1.960577e+44
6.511684e+14 8.260955e+32 8.490649e+32 1.060111e+06 1.975662e+44
6.527031e+14 8.307037e+32 8.539829e+32 1.059455e+06 1.991115e+44
6.542415e+14 8.352743e+32 8.588634e+32 1.058755e+06 2.006310e+44
6.557834e+14 8.399288e+32 8.638345e+32 1.058117e+06 2.022001e+44
6.573290e+14 8.445653e+32 8.687896e+32 1.057441e+06 2.037550e+44
6.588783e+14 8.492274e+32 8.737732e+32 1.056813e+06 2.053247e+44
6.604312e+14 8.538989e+32 8.787695e+32 1.056135e+06 2.068969e+44
6.619878e+14 8.585938e+32 8.837945e+32 1.055485e+06 2.084814e+44
6.635480e+14 8.633410e+32 8.888751e+32 1.054873e+06 2.100971e+44
6.651119e+14 8.681088e+32 8.939805e+32 1.054283e+06 2.117223e+44
6.666795e+14 8.729146e+32 8.991289e+32 1.053678e+06 2.133691e+44
6.682508e+14 8.777312e+32 9.042903e+32 1.053106e+06 2.150204e+44
6.698258e+14 8.825531e+32 9.094613e+32 1.052512e+06 2.166731e+44
6.714045e+14 8.874153e+32 9.146776e+32 1.051955e+06 2.183493e+44
6.729870e+14 8.922984e+32 9.199182e+32 1.051406e+06 2.200363e+44
6.745731e+14 8.971991e+32 9.251795e+32 1.050846e+06 2.217319e+44
6.761630e+14 9.021565e+32 9.305007e+32 1.050320e+06 2.234607e+44
6.777567e+14 9.071083e+32 9.358217e+32 1.049756e+06 2.251833e+44
6.793541e+14 9.121201e+32 9.412083e+32 1.049302e+06 2.269440e+44
6.809552e+14 9.171169e+32 9.465826e+32 1.048776e+06 2.286922e+44
6.825602e+14 9.221403e+32 9.519880e+32 1.048253e+06 2.304545e+44
6.841689e+14 9.272001e+32 9.574352e+32 1.047767e+06 2.322387e+44
6.857814e+14 9.322827e+32 9.629084e+32 1.047284e+06 2.340351e+44
6.873977e+14 9.373898e+32 9.684113e+32 1.046793e+06 2.358449e+44
6.890179e+14 9.428021e+32 9.742441e+32 1.046329e+06 2.377737e+44
6.906418e+14 9.482369e+32 9.801055e+32 1.045858e+06 2.397091e+44
6.922696e+14 9.537050e+32 9.860057e+32 1.045369e+06 2.416637e+44
6.939012e+14 9.592090e+32 9.919470e+32 1.044915e+06 2.436388e+44
6.955367e+14 9.647353e+32 9.979155e+32 1.044469e+06 2.456255e+44
6.971760e+14 9.702847e+32 1.003913e+33 1.044001e+06 2.476242e+44
6.988191e+14 9.758826e+32 1.009964e+33 1.043588e+06 2.496521e+44
7.004662e+14 9.815163e+32 1.016057e+33 1.043152e+06 2.517001e+44
7.021171e+14 9.871596e+32 1.022165e+33 1.042741e+06 2.537524e+44
7.037719e+14 9.928407e+32 1.028315e+33 1.042334e+06 2.558267e+44
7.054306e+14 9.985588e+32 1.034509e+33 1.041941e+06 2.579227e+44
7.070933e+14 1.004300e+33 1.040730e+33 1.041530e+06 2.600308e+44
7.087598e+14 1.010055e+33 1.046971e+33 1.041140e+06 2.621471e+44
7.104303e+14 1.015868e+33 1.053278e+33 1.040799e+06 2.642988e+44
7.121047e+14 1.021707e+33 1.059615e+33 1.040431e+06 2.664646e+44
7.137831e+14 1.027559e+33 1.065972e+33 1.040058e+06 2.686374e+44
7.154654e+14 1.033457e+33 1.072380e+33 1.039708e+06 2.708374e+44
7.171516e+14 1.039372e+33 1.078810e+33 1.039364e+06 2.730467e+44
7.188419e+14 1.045355e+33 1.085316e+33 1.039062e+06 2.753011e+44
7.205361e+14 1.051327e+33 1.091816e+33 1.038719e+06 2.775446e+44
7.222344e+14 1.057354e+33 1.098379e+33 1.038413e+06 2.798232e+44
7.239366e+14 1.063378e+33 1.104942e+33 1.038098e+06 2.820957e+44
7.256428e+14 1.069449e+33 1.111561e+33 1.037787e+06 2.844005e+44
7.273531e+14 1.075537e+33 1.118202e+33 1.037465e+06 2.867128e+44
7.290674e+14 1.081715e+33 1.124942e+33 1.037250e+06 2.890864e+44
7.307857e+14 1.087864e+33 1.131655e+33 1.036950e+06 2.914358e+44
7.325081e+14 1.094057e+33 1.138421e+33 1.036670e+06 2.938138e+44
7.342346e+14 1.100286e+33 1.145230e+33 1.036406e+06 2.962163e+44
7.359651e+14 1.106537e+33 1.152067e+33 1.036145e+06 2.986291e+44
7.376997e+14 1.112837e+33 1.158960e+33 1.035901e+06 3.010753e+44
7.394384e+14 1.119154e+33 1.165875e+33 1.035656e+06 3.035311e+44
7.411811e+14 1.125488e+33 1.172817e+33 1.035408e+06 3.059973e+44
7.429280e+14 1.131817e+33 1.179756e+33 1.035146e+06 3.084576e+44
7.446790e+14 1.138266e+33 1.186827e+33 1.034957e+06 3.109999e+44
7.464342e+14 1.144720e+33 1.193907e+33 1.034748e+06 3.135428e+44
7.481934e+14 1.151203e+33 1.201024e+33 1.034553e+06 3.161059e+44
7.499569e+14 1.157707e+33 1.208169e+33 1.034345e+06 3.186816e+44
7.517244e+14 1.164229e+33 1.215341e+33 1.034147e+06 3.212685e+44
7.534962e+14 1.170772e+33 1.222540e+33 1.033948e+06 3.238680e+44
7.552721e+14 1.177404e+33 1.229836e+33 1.033814e+06 3.265304e+44
7.570522e+14 1.184030e+33 1.237133e+33 1.033628e+06 3.291857e+44
7.588365e+14 1.190594e+33 1.244365e+33 1.033435e+06 3.318159e+44
7.606250e+14 1.197169e+33 1.251617e+33 1.033285e+06 3.344667e+44
7.624177e+14 1.203756e+33 1.258885e+33 1.033115e+06 3.371235e+44
7.642146e+14 1.210399e+33 1.266216e+33 1.032989e+06 3.398198e+44
7.660158e+14 1.217018e+33 1.273530e+33 1.032788e+06 3.424944e+44
7.678212e+14 1.223773e+33 1.280991e+33 1.032714e+06 3.452700e+44
7.696309e+14 1.230471e+33 1.288402e+33 1.032545e+06 3.479999e+44
7.714448e+14 1.237238e+33 1.295889e+33 1.032445e+06 3.507817e+44
7.732631e+14 1.244006e+33 1.303383e+33 1.032312e+06 3.535623e+44
7.750856e+14 1.250820e+33 1.310930e+33 1.032211e+06 3.563759e+44
7.769124e+14 1.257644e+33 1.318494e+33 1.032099e+06 3.591968e+44
7.787435e+14 1.264506e+33 1.326106e+33 1.031994e+06 3.620425e+44
7.805789e+14 1.271408e+33 1.333766e+33 1.031902e+06 3.649175e+44
7.824186e+14 1.278324e+33 1.341447e+33 1.031799e+06 3.678008e+44
7.842627e+14 1.285280e+33 1.349177e+33 1.031715e+06 3.707146e+44
7.861111e+14 1.292252e+33 1.356930e+33 1.031632e+06 3.736397e+44
7.879639e+14 1.299255e+33 1.364720e+33 1.031545e+06 3.765850e+44
7.898211e+14 1.306287e+33 1.372552e+33 1.031479e+06 3.795536e+44
7.916826e+14 1.313306e+33 1.380370e+33 1.031344e+06 3.825077e+44
7.935485e+14 1.320414e+33 1.388294e+33 1.031303e+06 3.855327e+44
7.954188e+14 1.327557e+33 1.396265e+33 1.031266e+06 3.885818e+44
7.972935e+14 1.334707e+33 1.404243e+33 1.031224e+06 3.916353e+44
7.991727e+14 1.341884e+33 1.412261e+33 1.031172e+06 3.947101e+44
8.010562e+14 1.349089e+33 1.420313e+33 1.031111e+06 3.978032e+44
8.029442e+14 1.356316e+33 1.428393e+33 1.031070e+06 4.009133e+44
8.048367e+14 1.363566e+33 1.436511e+33 1.031022e+06 4.040411e+44
8.067336e+14 1.370853e+33 1.444671e+33 1.031004e+06 4.071977e+44
8.086350e+14 1.378155e+33 1.452854e+33 1.030954e+06 4.103640e+44
8.105409e+14 1.385518e+33 1.461105e+33 1.030959e+06 4.135781e+44
8.124512e+14 1.392876e+33 1.469366e+33 1.030881e+06 4.167862e+44
8.143661e+14 1.400268e+33 1.477667e+33 1.030884e+06 4.200211e+44
8.162855e+14 1.407709e+33 1.486025e+33 1.030890e+06 4.232933e+44
8.182094e+14 1.415173e+33 1.494417e+33 1.030890e+06 4.265842e+44
8.201378e+14 1.422649e+33 1.502828e+33 1.030873e+06 4.298839e+44
8.220708e+14 1.430158e+33 1.511283e+33 1.030859e+06 4.332107e+44
8.240083e+14 1.437691e+33 1.519772e+33 1.030880e+06 4.365551e+44
8.259504e+14 1.445249e+33 1.528295e+33 1.030882e+06 4.399203e+44
8.278971e+14 1.452840e+33 1.536857e+33 1.030893e+06 4.433115e+44
8.298484e+14 1.460456e+33 1.545453e+33 1.030886e+06 4.467210e+44
8.318043e+14 1.468086e+33 1.554076e+33 1.030919e+06 4.501442e+44
8.337647e+14 1.475765e+33 1.562757e+33 1.030950e+06 4.536057e+44
8.357298e+14 1.483452e+33 1.571453e+33 1.030939e+06 4.570695e+44
8.376996e+14 1.490790e+33 1.579765e+33 1.030952e+06 4.603925e+44
8.396739e+14 1.498067e+33 1.588008e+33 1.030995e+06 4.636999e+44
8.416530e+14 1.505347e+33 1.596262e+33 1.031020e+06 4.670114e+44
8.436366e+14 1.512662e+33 1.604560e+33 1.031066e+06 4.703542e+44
8.456250e+14 1.519979e+33 1.612866e+33 1.031092e+06 4.736985e+44
8.476181e+14 1.527349e+33 1.621236e+33 1.031149e+06 4.770886e+44
8.496158e+14 1.534678e+33 1.629571e+33 1.031166e+06 4.804458e+44
8.516183e+14 1.542050e+33 1.637960e+33 1.031186e+06 4.838372e+44
8.536254e+14 1.549456e+33 1.646387e+33 1.031252e+06 4.872610e+44
8.556373e+14 1.556881e+33 1.654845e+33 1.031284e+06 4.906997e+44
8.576540e+14 1.564331e+33 1.663335e+33 1.031343e+06 4.941611e+44
8.596754e+14 1.571745e+33 1.671800e+33 1.031333e+06 4.975926e+44
8.617016e+14 1.579259e+33 1.680369e+33 1.031417e+06 5.011121e+44
8.637325e+14 1.586755e+33 1.688932e+33 1.031474e+06 5.046168e+44
8.657682e+14 1.594271e+33 1.697523e+33 1.031524e+06 5.081397e+44
8.678088e+14 1.601811e+33 1.706151e+33 1.031587e+06 5.116852e+44
8.698541e+14 1.609354e+33 1.714782e+33 1.031630e+06 5.152331e+44
8.719043e+14 1.616934e+33 1.723464e+33 1.031699e+06 5.188141e+44
8.739592e+14 1.624527e+33 1.732166e+33 1.031767e+06 5.224084e+44
8.760191e+14 1.632134e+33 1.740890e+33 1.031822e+06 5.260162e+44
8.780838e+14 1.639763e+33 1.749650e+33 1.031889e+06 5.296447e+44
8.801533e+14 1.647399e+33 1.758416e+33 1.031957e+06 5.332807e+44
8.822277e+14 1.655084e+33 1.767251e+33 1.032032e+06 5.369599e+44
8.843071e+14 1.662757e+33 1.776082e+33 1.032088e+06 5.406295e+44
8.863913e+14 1.670461e+33 1.784946e+33 1.032157e+06 5.443288e+44
8.884804e+14 1.678177e+33 1.793837e+33 1.032236e+06 5.480405e+44
8.905745e+14 1.685914e+33 1.802756e+33 1.032306e+06 5.517714e+44
8.926735e+14 1.693682e+33 1.811709e+33 1.032383e+06 5.555310e+44
8.947774e+14 1.701460e+33 1.820688e+33 1.032466e+06 5.593010e+44
8.968863e+14 1.709238e+33 1.829675e+33 1.032550e+06 5.630749e+44
8.990002e+14 1.717030e+33 1.838686e+33 1.032602e+06 5.668618e+44
9.011190e+14 1.724866e+33 1.847756e+33 1.032710e+06 5.706920e+44
9.032429e+14 1.732691e+33 1.856816e+33 1.032770e+06 5.745095e+44
9.053717e+14 1.740581e+33 1.865957e+33 1.032861e+06 5.783859e+44
9.075056e+14 1.748431e+33 1.875062e+33 1.032939e+06 5.822355e+44
9.096445e+14 1.756307e+33 1.884204e+33 1.032998e+06 5.861039e+44
9.117884e+14 1.764237e+33 1.893410e+33 1.033094e+06 5.900250e+44
9.139374e+14 1.772171e+33 1.902631e+33 1.033169e+06 5.939508e+44
9.160915e+14 1.780117e+33 1.911870e+33 1.033270e+06 5.978894e+44
9.182506e+14 1.788069e+33 1.921126e+33 1.033348e+06 6.018360e+44
9.204148e+14 1.796043e+33 1.930409e+33 1.033445e+06 6.058083e+44
9.225842e+14 1.804048e+33 1.939737e+33 1.033531e+06 6.098067e+44
9.247586e+14 1.812058e+33 1.949082e+33 1.033622e+06 6.138153e+44
9.269382e+14 1.819911e+33 1.958247e+33 1.033708e+06 6.177506e+44
9.291229e+14 1.827765e+33 1.967425e+33 1.033782e+06 6.216883e+44
9.313127e+14 1.835654e+33 1.976652e+33 1.033880e+06 6.256619e+44
9.335077e+14 1.843545e+33 1.985881e+33 1.033957e+06 6.296394e+44
9.357079e+14 1.851425e+33 1.995116e+33 1.034053e+06 6.336156e+44
9.379133e+14 1.859397e+33 2.004454e+33 1.034153e+06 6.376700e+44
9.401238e+14 1.867322e+33 2.013746e+33 1.034239e+06 6.416897e+44
9.423396e+14 1.875247e+33 2.023048e+33 1.034316e+06 6.457122e+44
9.445606e+14 1.883212e+33 2.032403e+33 1.034411e+06 6.497730e+44
9.467868e+14 1.891182e+33 2.041771e+33 1.034487e+06 6.538404e+44
9.490183e+14 1.899168e+33 2.051167e+33 1.034589e+06 6.579292e+44
9.512550e+14 1.907195e+33 2.060604e+33 1.034686e+06 6.620557e+44
9.534971e+14 1.915176e+33 2.070017e+33 1.034766e+06 6.661467e+44
9.557443e+14 1.923231e+33 2.079505e+33 1.034865e+06 6.703068e+44
9.579969e+14 1.931264e+33 2.088984e+33 1.034953e+06 6.744496e+44
9.602548e+14 1.939304e+33 2.098491e+33 1.035026e+06 6.786010e+44
9.625181e+14 1.947404e+33 2.108067e+33 1.035157e+06 6.828151e+44
9.647866e+14 1.955477e+33 2.117615e+33 1.035239e+06 6.870061e+44
9.670605e+14 1.963554e+33 2.127171e+33 1.035314e+06 6.912015e+44
9.693398e+14 1.971648e+33 2.136745e+33 1.035405e+06 6.954224e+44
9.716244e+14 1.979740e+33 2.146344e+33 1.035486e+06 6.996428e+44
9.739144e+14 1.987858e+33 2.155975e+33 1.035578e+06 7.038906e+44
9.762099e+14 1.996003e+33 2.165638e+33 1.035667e+06 7.081686e+44
9.785107e+14 2.004165e+33 2.175339e+33 1.035785e+06 7.124667e+44
9.808169e+14 2.012303e+33 2.185020e+33 1.035851e+06 7.167429e+44
9.831286e+14 2.020441e+33 2.194702e+33 1.035921e+06 7.210243e+44
9.854457e+14 2.028637e+33 2.204478e+33 1.036031e+06 7.253660e+44
9.877683e+14 2.036814e+33 2.214228e+33 1.036109e+06 7.296906e+44
9.900964e+14 2.045013e+33 2.224011e+33 1.036199e+06 7.340420e+44
9.924300e+14 2.053219e+33 2.233802e+33 1.036294e+06 7.384085e+44
9.947690e+14 2.061406e+33 2.243586e+33 1.036365e+06 7.427561e+44
9.971136e+14 2.069655e+33 2.253447e+33 1.036480e+06 7.471717e+44
9.994637e+14 2.077894e+33 2.263307e+33 1.036546e+06 7.515762e+44
1.001819e+15 2.086153e+33 2.273196e+33 1.036652e+06 7.560069e+44
1.004181e+15 2.094401e+33 2.283085e+33 1.036714e+06 7.604306e+44
1.006547e+15 2.102661e+33 2.293005e+33 1.036807e+06 7.648728e+44
1.008920e+15 2.110960e+33 2.302956e+33 1.036898e+06 7.693543e+44
1.011297e+15 2.119251e+33 2.312923e+33 1.036993e+06 7.738322e+44
1.013681e+15 2.127545e+33 2.322904e+33 1.037080e+06 7.783172e+44
1.016070e+15 2.135856e+33 2.332908e+33 1.037168e+06 7.828250e+44
1.018465e+15 2.144147e+33 2.342897e+33 1.037234e+06 7.873201e+44
1.020865e+15 2.152454e+33 2.352922e+33 1.037314e+06 7.918343e+44
1.023271e+15 2.160776e+33 2.362953e+33 1.037395e+06 7.963699e+44
1.025683e+15 2.169197e+33 2.373131e+33 1.037471e+06 8.009612e+44
1.028101e+15 2.177895e+33 2.383641e+33 1.037546e+06 8.057174e+44
1.030524e+15 2.186595e+33 2.394183e+33 1.037630e+06 8.104817e+44
1.032953e+15 2.195338e+33 2.404762e+33 1.037720e+06 8.152923e+44
1.035387e+15 2.204067e+33 2.415343e+33 1.037806e+06 8.200950e+44
1.037827e+15 2.212804e+33 2.425947e+33 1.037875e+06 8.249089e+44
1.040273e+15 2.221547e+33 2.436559e+33 1.037952e+06 8.297345e+44
1.042725e+15 2.230311e+33 2.447213e+33 1.038032e+06 8.345850e+44
1.045183e+15 2.239081e+33 2.457884e+33 1.038110e+06 8.394465e+44
1.047646e+15 2.247876e+33 2.468604e+33 1.038194e+06 8.443367e+44
1.050115e+15 2.256662e+33 2.479317e+33 1.038271e+06 8.492237e+44
1.052590e+15 2.265473e+33 2.490062e+33 1.038342e+06 8.541400e+44
1.055071e+15 2.274293e+33 2.500827e+33 1.038419e+06 8.590727e+44
1.057558e+15 2.283052e+33 2.511528e+33 1.038473e+06 8.639522e+44
1.060051e+15 2.291877e+33 2.522332e+33 1.038529e+06 8.688974e+44
1.062549e+15 2.300722e+33 2.533148e+33 1.038612e+06 8.738739e+44
1.065053e+15 2.309570e+33 2.543993e+33 1.038680e+06 8.788555e+44
1.067564e+15 2.318420e+33 2.554850e+33 1.038743e+06 8.838452e+44
1.070080e+15 2.327282e+33 2.565731e+33 1.038821e+06 8.888540e+44
1.072602e+15 2.336159e+33 2.576656e+33 1.038860e+06 8.938768e+44
1.075130e+15 2.345051e+33 2.587582e+33 1.038945e+06 8.989294e+44
1.077664e+15 2.353921e+33 2.598504e+33 1.039019e+06 9.039657e+44
1.080204e+15 2.362818e+33 2.609464e+33 1.039083e+06 9.090349e+44
1.082750e+15 2.371713e+33 2.620438e+33 1.039142e+06 9.141059e+44
1.085302e+15 2.380619e+33 2.631433e+33 1.039201e+06 9.191958e+44
1.087860e+15 2.389516e+33 2.642448e+33 1.039251e+06 9.242814e+44
1.090423e+15 2.398445e+33 2.653484e+33 1.039316e+06 9.294086e+44
1.092993e+15 2.407374e+33 2.664526e+33 1.039377e+06 9.345426e+44
1.095570e+15 2.416290e+33 2.675591e+33 1.039429e+06 9.396690e+44
1.098152e+15 2.425243e+33 2.686694e+33 1.039498e+06 9.448415e+44
1.100740e+15 2.434174e+33 2.697789e+33 1.039530e+06 9.499947e+44
1.103334e+15 2.443131e+33 2.708922e+33 1.039597e+06 9.551861e+44
1.105935e+15 2.452079e+33 2.720056e+33 1.039650e+06 9.603733e+44
1.108541e+15 2.461020e+33 2.731194e+33 1.039686e+06 9.655607e+44
1.111154e+15 2.469982e+33 2.742373e+33 1.039735e+06 9.707787e+44
1.113773e+15 2.478929e+33 2.753541e+33 1.039771e+06 9.759872e+44
1.116398e+15 2.487932e+33 2.764764e+33 1.039838e+06 9.812610e+44
1.119029e+15 2.496914e+33 2.775995e+33 1.039885e+06 9.865214e+44
1.121667e+15 2.505899e+33 2.787261e+33 1.039923e+06 9.917902e+44
1.124310e+15 2.514863e+33 2.798477e+33 1.039971e+06 9.970491e+44
1.126960e+15 2.523850e+33 2.809745e+33 1.040003e+06 1.002339e+45
1.129616e+15 2.532835e+33 2.821025e+33 1.040048e+06 1.007634e+45
1.132279e+15 2.541830e+33 2.832332e+33 1.040080e+06 1.012946e+45
1.134947e+15 2.550819e+33 2.843639e+33 1.040115e+06 1.018261e+45
1.137622e+15 2.559798e+33 2.854950e+33 1.040149e+06 1.023574e+45
1.140304e+15 2.568830e+33 2.866331e+33 1.040173e+06 1.028930e+45
1.142991e+15 2.577902e+33 2.877779e+33 1.040207e+06 1.034324e+45
1.145685e+15 2.586983e+33 2.889240e+33 1.040255e+06 1.039740e+45
1.148385e+15 2.596026e+33 2.900689e+33 1.040242e+06 1.045117e+45
1.151092e+15 2.605125e+33 2.912212e+33 1.040294e+06 1.050565e+45
1.153805e+15 2.614229e+33 2.923743e+33 1.040331e+06 1.056026e+45
1.156524e+15 2.623301e+33 2.935244e+33 1.040354e+06 1.061466e+45
1.159250e+15 2.632393e+33 2.946787e+33 1.040382e+06 1.066932e+45
1.161982e+15 2.641450e+33 2.958309e+33 1.040369e+06 1.072367e+45
1.164721e+15 2.650580e+33 2.969920e+33 1.040418e+06 1.077896e+45
1.167466e+15 2.659609e+33 2.981426e+33 1.040420e+06 1.083326e+45
1.170218e+15 2.668696e+33 2.993003e+33 1.040442e+06 1.088824e+45
1.172976e+15 2.677784e+33 3.004600e+33 1.040463e+06 1.094334e+45
1.175740e+15 2.686893e+33 3.016228e+33 1.040487e+06 1.099877e+45
1.178512e+15 2.695954e+33 3.027829e+33 1.040492e+06 1.105375e+45
1.181289e+15 2.705068e+33 3.039496e+33 1.040506e+06 1.110942e+45
1.184073e+15 2.714115e+33 3.051075e+33 1.040498e+06 1.116446e+45
1.186864e+15 2.723201e+33 3.062742e+33 1.040521e+06 1.122006e+45
1.189661e+15 2.732253e+33 3.074367e+33 1.040508e+06 1.127536e+45
1.192465e+15 2.741308e+33 3.086006e+33 1.040490e+06 1.133076e+45
1.195276e+15 2.750402e+33 3.097710e+33 1.040513e+06 1.138675e+45
1.198093e+15 2.759487e+33 3.109424e+33 1.040522e+06 1.144272e+45
1.200917e+15 2.768531e+33 3.121083e+33 1.040510e+06 1.149834e+45
1.203747e+15 2.777583e+33 3.132779e+33 1.040507e+06 1.155415e+45
1.206584e+15 2.786645e+33 3.144484e+33 1.040493e+06 1.161018e+45
1.209428e+15 2.795701e+33 3.156197e+33 1.040482e+06 1.166627e+45
1.212279e+15 2.804775e+33 3.167979e+33 1.040491e+06 1.172268e+45
1.215136e+15 2.813840e+33 3.179736e+33 1.040488e+06 1.177909e+45
1.218000e+15 2.822858e+33 3.191443e+33 1.040454e+06 1.183507e+45
1.220870e+15 2.831904e+33 3.203199e+33 1.040442e+06 1.189146e+45
1.223748e+15 2.840948e+33 3.214967e+33 1.040431e+06 1.194797e+45
1.226632e+15 2.849978e+33 3.226727e+33 1.040413e+06 1.200443e+45
1.229523e+15 2.858998e+33 3.238489e+33 1.040386e+06 1.206089e+45
1.232421e+15 2.868019e+33 3.250265e+33 1.040367e+06 1.211748e+45
1.235326e+15 2.877032e+33 3.262046e+33 1.040346e+06 1.217411e+45
1.238237e+15 2.886018e+33 3.273799e+33 1.040316e+06 1.223055e+45
1.241156e+15 2.894953e+33 3.285487e+33 1.040268e+06 1.228654e+45
1.244081e+15 2.903944e+33 3.297260e+33 1.040245e+06 1.234331e+45
1.247013e+15 2.912951e+33 3.309094e+33 1.040212e+06 1.240033e+45
1.249952e+15 2.921934e+33 3.320897e+33 1.040184e+06 1.245722e+45
1.252898e+15 2.930931e+33 3.332742e+33 1.040154e+06 1.251438e+45
1.255851e+15 2.939897e+33 3.344558e+33 1.040117e+06 1.257132e+45
1.258811e+15 2.948830e+33 3.356343e+33 1.040065e+06 1.262800e+45
1.261778e+15 2.957777e+33 3.368140e+33 1.040030e+06 1.268497e+45
1.264752e+15 2.966721e+33 3.379974e+33 1.039984e+06 1.274206e+45
1.267733e+15 2.975645e+33 3.391779e+33 1.039936e+06 1.279901e+45
1.270721e+15 2.984361e+33 3.403323e+33 1.039895e+06 1.285476e+45
1.273716e+15 2.992730e+33 3.414437e+33 1.039841e+06 1.290824e+45
1.276718e+15 3.001142e+33 3.425602e+33 1.039794e+06 1.296235e+45
1.279727e+15 3.009499e+33 3.436704e+33 1.039744e+06 1.301597e+45
1.282743e+15 3.017849e+33 3.447823e+33 1.039699e+06 1.306963e+45
1.285766e+15 3.026186e+33 3.458929e+33 1.039632e+06 1.312326e+45
1.288797e+15 3.034506e+33 3.470029e+33 1.039566e+06 1.317683e+45
1.291834e+15 3.042868e+33 3.481187e+33 1.039523e+06 1.323105e+45
1.294879e+15 3.051151e+33 3.492247e+33 1.039458e+06 1.328447e+45
1.297931e+15 3.059405e+33 3.503280e+33 1.039390e+06 1.333766e+45
1.300990e+15 3.067680e+33 3.514348e+33 1.039325e+06 1.339126e+45
1.304056e+15 3.075927e+33 3.525405e+33 1.039254e+06 1.344464e+45
1.307130e+15 3.084193e+33 3.536497e+33 1.039194e+06 1.349842e+45
1.310210e+15 3.092412e+33 3.547536e+33 1.039121e+06 1.355177e+45
1.313299e+15 3.100623e+33 3.558581e+33 1.039041e+06 1.360516e+45
1.316394e+15 3.108822e+33 3.569625e+33 1.038963e+06 1.365854e+45
1.319496e+15 3.117008e+33 3.580663e+33 1.038891e+06 1.371189e+45
1.322606e+15 3.125181e+33 3.591677e+33 1.038807e+06 1.376522e+45
1.325724e+15 3.133383e+33 3.602787e+33 1.038735e+06 1.381901e+45
1.328848e+15 3.141540e+33 3.613835e+33 1.038649e+06 1.387243e+45
1.331980e+15 3.149669e+33 3.624836e+33 1.038569e+06 1.392568e+45
1.335120e+15 3.157771e+33 3.635809e+33 1.038478e+06 1.397873e+45
1.338266e+15 3.165881e+33 3.646816e+33 1.038392e+06 1.403202e+45
1.341420e+15 3.173960e+33 3.657785e+33 1.038294e+06 1.408507e+45
1.344582e+15 3.181979e+33 3.668677e+33 1.038189e+06 1.413754e+45
1.347751e+15 3.189974e+33 3.679554e+33 1.038081e+06 1.418986e+45
1.350928e+15 3.198008e+33 3.690485e+33 1.037985e+06 1.424282e+45
1.354112e+15 3.206027e+33 3.701424e+33 1.037883e+06 1.429572e+45
1.357303e+15 3.214011e+33 3.712319e+33 1.037785e+06 1.434837e+45
1.360502e+15 3.221991e+33 3.723228e+33 1.037674e+06 1.440106e+45
1.363709e+15 3.229946e+33 3.734113e+33 1.037565e+06 1.445362e+45
1.366923e+15 3.237894e+33 3.745002e+33 1.037445e+06 1.450622e+45
1.370144e+15 3.245816e+33 3.755862e+33 1.037327e+06 1.455865e+45
1.373374e+15 3.253748e+33 3.766748e+33 1.037237e+06 1.461139e+45
1.376611e+15 3.261647e+33 3.777607e+33 1.037122e+06 1.466386e+45
1.379855e+15 3.269530e+33 3.788452e+33 1.037013e+06 1.471626e+45
1.383107e+15 3.277439e+33 3.799398e+33 1.036894e+06 1.476912e+45
1.386367e+15 3.285223e+33 3.810098e+33 1.036762e+06 1.482060e+45
1.389635e+15 3.293031e+33 3.820866e+33 1.036641e+06 1.487257e+45
1.392910e+15 3.300809e+33 3.831638e+33 1.036497e+06 1.492422e+45
1.396193e+15 3.308637e+33 3.842460e+33 1.036391e+06 1.497674e+45
1.399484e+15 3.316419e+33 3.853273e+33 1.036262e+06 1.502880e+45
1.402782e+15 3.324133e+33 3.863960e+33 1.036116e+06 1.508014e+45
1.406088e+15 3.331878e+33 3.874716e+33 1.035995e+06 1.513205e+45
1.409402e+15 3.339520e+33 3.885308e+33 1.035840e+06 1.518284e+45
1.412724e+15 3.347173e+33 3.895968e+33 1.035684e+06 1.523390e+45
1.416054e+15 3.354897e+33 3.906743e+33 1.035560e+06 1.528599e+45
1.419391e+15 3.362540e+33 3.917399e+33 1.035404e+06 1.533723e+45
1.422737e+15 3.370163e+33 3.928039e+33 1.035266e+06 1.538835e+45
1.426090e+15 3.377371e+33 3.938097e+33 1.035120e+06 1.543670e+45
1.429451e+15 3.384159e+33 3.947600e+33 1.034985e+06 1.548228e+45
1.432820e+15 3.390927e+33 3.957075e+33 1.034845e+06 1.552775e+45
1.436197e+15 3.397680e+33 3.966547e+33 1.034714e+06 1.557319e+45
1.439582e+15 3.404402e+33 3.976007e+33 1.034572e+06 1.561834e+45
1.442975e+15 3.411114e+33 3.985422e+33 1.034421e+06 1.566354e+45
1.446376e+15 3.417766e+33 3.994802e+33 1.034267e+06 1.570812e+45
1.449785e+15 3.424441e+33 4.004199e+33 1.034130e+06 1.575315e+45
1.453202e+15 3.431065e+33 4.013529e+33 1.033979e+06 1.579768e+45
1.456627e+15 3.437704e+33 4.022852e+33 1.033830e+06 1.584251e+45
1.460060e+15 3.444299e+33 4.032157e+33 1.033664e+06 1.588693e+45
1.463501e+15 3.450910e+33 4.041518e+33 1.033537e+06 1.593176e+45
1.466951e+15 3.457457e+33 4.050790e+33 1.033366e+06 1.597585e+45
1.470408e+15 3.463951e+33 4.059972e+33 1.033200e+06 1.601940e+45
1.473874e+15 3.470441e+33 4.069178e+33 1.033043e+06 1.606311e+45
1.477347e+15 3.476927e+33 4.078365e+33 1.032886e+06 1.610692e+45
1.480829e+15 3.483366e+33 4.087526e+33 1.032709e+06 1.615021e+45
1.484319e+15 3.489834e+33 4.096701e+33 1.032556e+06 1.619404e+45
1.487818e+15 3.496257e+33 4.105852e+33 1.032385e+06 1.623744e+45
1.491324e+15 3.502603e+33 4.114927e+33 1.032204e+06 1.627999e+45
1.494839e+15 3.509004e+33 4.124078e+33 1.032042e+06 1.632338e+45
1.498363e+15 3.515372e+33 4.133188e+33 1.031879e+06 1.636652e+45
1.501894e+15 3.521644e+33 4.142099e+33 1.031686e+06 1.640852e+45
1.505434e+15 3.527970e+33 4.151149e+33 1.031517e+06 1.645137e+45
1.508982e+15 3.534228e+33 4.160119e+33 1.031321e+06 1.649345e+45
1.512539e+15 3.540495e+33 4.169111e+33 1.031151e+06 1.653590e+45
1.516103e+15 3.546687e+33 4.177970e+33 1.030954e+06 1.657744e+45
1.519677e+15 3.552920e+33 4.186914e+33 1.030777e+06 1.661971e+45
1.523258e+15 3.559101e+33 4.195802e+33 1.030571e+06 1.666137e+45
1.526849e+15 3.565213e+33 4.204603e+33 1.030375e+06 1.670228e+45
1.530447e+15 3.571395e+33 4.213508e+33 1.030204e+06 1.674432e+45
1.534054e+15 3.577500e+33 4.222286e+33 1.030008e+06 1.678546e+45
1.537670e+15 3.583601e+33 4.231100e+33 1.029824e+06 1.682668e+45
1.541294e+15 3.589672e+33 4.239899e+33 1.029620e+06 1.686762e+45
1.544927e+15 3.595709e+33 4.248630e+33 1.029416e+06 1.690829e+45
1.548568e+15 3.601723e+33 4.257311e+33 1.029213e+06 1.694882e+45
1.552218e+15 3.607670e+33 4.265930e+33 1.029002e+06 1.698863e+45
1.555876e+15 3.613643e+33 4.274603e+33 1.028801e+06 1.702887e+45
1.559543e+15 3.619582e+33 4.283239e+33 1.028579e+06 1.706879e+45
1.563219e+15 3.625524e+33 4.291881e+33 1.028380e+06 1.710890e+45
1.566903e+15 3.631407e+33 4.300438e+33 1.028152e+06 1.714842e+45
1.570596e+15 3.637268e+33 4.308961e+33 1.027951e+06 1.718779e+45
1.574298e+15 3.643110e+33 4.317470e+33 1.027733e+06 1.722702e+45
1.578009e+15 3.648925e+33 4.325941e+33 1.027512e+06 1.726601e+45
1.581728e+15 3.654744e+33 4.334465e+33 1.027295e+06 1.730522e+45
1.585456e+15 3.660529e+33 4.342904e+33 1.027072e+06 1.734408e+45
1.589192e+15 3.666274e+33 4.351316e+33 1.026846e+06 1.738260e+45
1.592938e+15 3.672001e+33 4.359723e+33 1.026625e+06 1.742107e+45
1.596692e+15 3.677692e+33 4.368052e+33 1.026395e+06 1.745916e+45
1.600456e+15 3.683366e+33 4.376349e+33 1.026168e+06 1.749717e+45
1.604228e+15 3.689003e+33 4.384615e+33 1.025929e+06 1.753477e+45
1.608009e+15 3.694660e+33 4.392954e+33 1.025701e+06 1.757279e+45
1.611799e+15 3.699635e+33 4.400295e+33 1.025475e+06 1.760574e+45
1.615597e+15 3.704639e+33 4.407675e+33 1.025259e+06 1.763930e+45
1.619405e+15 3.709593e+33 4.414986e+33 1.025054e+06 1.767232e+45
1.623222e+15 3.714576e+33 4.422338e+33 1.024847e+06 1.770587e+45
1.627048e+15 3.719457e+33 4.429549e+33 1.024616e+06 1.773814e+45
1.630883e+15 3.724308e+33 4.436743e+33 1.024381e+06 1.777014e+45
1.634726e+15 3.729190e+33 4.443954e+33 1.024171e+06 1.780274e+45
1.638579e+15 3.734053e+33 4.451160e+33 1.023950e+06 1.783518e+45
1.642441e+15 3.738886e+33 4.458325e+33 1.023736e+06 1.786736e+45
1.646312e+15 3.743666e+33 4.465415e+33 1.023508e+06 1.789895e+45
1.650193e+15 3.748485e+33 4.472567e+33 1.023291e+06 1.793116e+45
1.654082e+15 3.753214e+33 4.479596e+33 1.023057e+06 1.796231e+45
1.657980e+15 3.757960e+33 4.486697e+33 1.022825e+06 1.799376e+45
1.661888e+15 3.762665e+33 4.493680e+33 1.022592e+06 1.802482e+45
1.665805e+15 3.767341e+33 4.500648e+33 1.022354e+06 1.805563e+45
1.669731e+15 3.771991e+33 4.507562e+33 1.022114e+06 1.808619e+45
1.673666e+15 3.776625e+33 4.514527e+33 1.021887e+06 1.811672e+45
1.677611e+15 3.781244e+33 4.521405e+33 1.021655e+06 1.814713e+45
1.681565e+15 3.785814e+33 4.528249e+33 1.021407e+06 1.817696e+45
1.685528e+15 3.790365e+33 4.535044e+33 1.021157e+06 1.820670e+45
1.689501e+15 3.794878e+33 4.541852e+33 1.020909e+06 1.823603e+45
1.693483e+15 3.799434e+33 4.548678e+33 1.020667e+06 1.826604e+45
1.697474e+15 3.803927e+33 4.555417e+33 1.020435e+06 1.829537e+45
1.701475e+15 3.808387e+33 4.562106e+33 1.020178e+06 1.832434e+45
1.705485e+15 3.812844e+33 4.568826e+33 1.019930e+06 1.835338e+45
1.709505e+15 3.817268e+33 4.575487e+33 1.019684e+06 1.838213e+45
1.713534e+15 3.821650e+33 4.582085e+33 1.019424e+06 1.841040e+45
1.717573e+15 3.826063e+33 4.588722e+33 1.019178e+06 1.843923e+45
1.721621e+15 3.830396e+33 4.595242e+33 1.018911e+06 1.846709e+45
1.725679e+15 3.834743e+33 4.601800e+33 1.018665e+06 1.849524e+45
1.729746e+15 3.839062e+33 4.608334e+33 1.018402e+06 1.852306e+45
1.733823e+15 3.843360e+33 4.614855e+33 1.018153e+06 1.855079e+45
1.737909e+15 3.847576e+33 4.621225e+33 1.017878e+06 1.857757e+45
1.742005e+15 3.851834e+33 4.627669e+33 1.017611e+06 1.860491e+45
1.746111e+15 3.856078e+33 4.634116e+33 1.017357e+06 1.863223e+45
1.750226e+15 3.860211e+33 4.640381e+33 1.017080e+06 1.865822e+45
1.754351e+15 3.864407e+33 4.646800e+33 1.016816e+06 1.868509e+45
1.758486e+15 3.868526e+33 4.653074e+33 1.016538e+06 1.871110e+45
1.762631e+15 3.872657e+33 4.659300e+33 1.016272e+06 1.873738e+45
1.766785e+15 3.876747e+33 4.665563e+33 1.015997e+06 1.876317e+45
1.770949e+15 3.880833e+33 4.671795e+33 1.015726e+06 1.878901e+45
1.775123e+15 3.884909e+33 4.678039e+33 1.015441e+06 1.881477e+45
1.779307e+15 3.888946e+33 4.684201e+33 1.015171e+06 1.884023e+45
1.783501e+15 3.892939e+33 4.690294e+33 1.014885e+06 1.886515e+45
1.787704e+15 3.896897e+33 4.696322e+33 1.014600e+06 1.888975e+45
1.791918e+15 3.900877e+33 4.702430e+33 1.014323e+06 1.891470e+45
1.796141e+15 3.904829e+33 4.708506e+33 1.014037e+06 1.893937e+45
1.800374e+15 3.908755e+33 4.714529e+33 1.013752e+06 1.896381e+45
1.804618e+15 3.912649e+33 4.720520e+33 1.013472e+06 1.898796e+45
1.808871e+15 3.916417e+33 4.726307e+33 1.013154e+06 1.901050e+45
1.813134e+15 3.920282e+33 4.732243e+33 1.012884e+06 1.903456e+45
1.817408e+15 3.924072e+33 4.738048e+33 1.012579e+06 1.905757e+45
1.821691e+15 3.927894e+33 4.743981e+33 1.012288e+06 1.908114e+45
1.825985e+15 3.931709e+33 4.749877e+33 1.012003e+06 1.910468e+45
1.830288e+15 3.935155e+33 4.755176e+33 1.011730e+06 1.912568e+45
1.834602e+15 3.938561e+33 4.760409e+33 1.011460e+06 1.914637e+45
1.838926e+15 3.941992e+33 4.765788e+33 1.011187e+06 1.916737e+45
1.843260e+15 3.945357e+33 4.770929e+33 1.010909e+06 1.918762e+45
1.847604e+15 3.948660e+33 4.776060e+33 1.010630e+06 1.920722e+45
1.851959e+15 3.952014e+33 4.781258e+33 1.010361e+06 1.922756e+45
1.856324e+15 3.955322e+33 4.786389e+33 1.010080e+06 1.924732e+45
1.860699e+15 3.958602e+33 4.791474e+33 1.009803e+06 1.926682e+45
1.865085e+15 3.961851e+33 4.796531e+33 1.009508e+06 1.928597e+45
1.869480e+15 3.965090e+33 4.801576e+33 1.009232e+06 1.930513e+45
1.873887e+15 3.968295e+33 4.806580e+33 1.008941e+06 1.932390e+45
1.878303e+15 3.971529e+33 4.811590e+33 1.008655e+06 1.934314e+45
1.882730e+15 3.974683e+33 4.816550e+33 1.008361e+06 1.936136e+45
1.887168e+15 3.977881e+33 4.821503e+33 1.008089e+06 1.938034e+45
1.891615e+15 3.981030e+33 4.826409e+33 1.007805e+06 1.939873e+45
1.896074e+15 3.984172e+33 4.831396e+33 1.007517e+06 1.941704e+45
1.900543e+15 3.987255e+33 4.836132e+33 1.007225e+06 1.943477e+45
1.905022e+15 3.990311e+33 4.840878e+33 1.006921e+06 1.945212e+45
1.909512e+15 3.993399e+33 4.845739e+33 1.006644e+06 1.947007e+45
1.914012e+15 3.996408e+33 4.850431e+33 1.006347e+06 1.948701e+45
1.918524e+15 3.999418e+33 4.855204e+33 1.006040e+06 1.950396e+45
1.923045e+15 4.002443e+33 4.859924e+33 1.005752e+06 1.952134e+45
1.927578e+15 4.005354e+33 4.864479e+33 1.005438e+06 1.953716e+45
1.932121e+15 4.008397e+33 4.869286e+33 1.005159e+06 1.955485e+45
1.936675e+15 4.011347e+33 4.873936e+33 1.004859e+06 1.957143e+45
1.941239e+15 4.014207e+33 4.878392e+33 1.004545e+06 1.958687e+45
1.945814e+15 4.017128e+33 4.882996e+33 1.004242e+06 1.960315e+45
1.950401e+15 4.020015e+33 4.887552e+33 1.003944e+06 1.961913e+45
1.954997e+15 4.022853e+33 4.892028e+33 1.003639e+06 1.963455e+45
1.959605e+15 4.025654e+33 4.896440e+33 1.003322e+06 1.964951e+45
1.964224e+15 4.028469e+33 4.900890e+33 1.003015e+06 1.966476e+45
1.968853e+15 4.031299e+33 4.905389e+33 1.002716e+06 1.968027e+45
1.973494e+15 4.034055e+33 4.909759e+33 1.002402e+06 1.969485e+45
1.978145e+15 4.036851e+33 4.914170e+33 1.002093e+06 1.971004e+45
1.982807e+15 4.039555e+33 4.918436e+33 1.001783e+06 1.972417e+45
1.987481e+15 4.042284e+33 4.922764e+33 1.001466e+06 1.973862e+45
1.992165e+15 4.044955e+33 4.926994e+33 1.001154e+06 1.975244e+45
1.996860e+15 4.047642e+33 4.931268e+33 1.000837e+06 1.976651e+45
2.001567e+15 4.050348e+33 4.935597e+33 1.000526e+06 1.978087e+45
2.006284e+15 4.052932e+33 4.939691e+33 1.000195e+06 1.979375e+45
2.011013e+15 4.055521e+33 4.943808e+33 9.998762e+05 1.980672e+45
2.015752e+15 4.058121e+33 4.947950e+33 9.995574e+05 1.981995e+45
2.020503e+15 4.060715e+33 4.952097e+33 9.992347e+05 1.983314e+45
2.025265e+15 4.063339e+33 4.956303e+33 9.989155e+05 1.984680e+45
2.030039e+15 4.065855e+33 4.960299e+33 9.985980e+05 1.985917e+45
2.034823e+15 4.068362e+33 4.964311e+33 9.982714e+05 1.987141e+45
2.039619e+15 4.070872e+33 4.968294e+33 9.979478e+05 1.988386e+45
2.044426e+15 4.073425e+33 4.972414e+33 9.976316e+05 1.989686e+45
2.049245e+15 4.075884e+33 4.976367e+33 9.973022e+05 1.990870e+45
2.054075e+15 4.078289e+33 4.980178e+33 9.969696e+05 1.991990e+45
2.058916e+15 4.080744e+33 4.984144e+33 9.966405e+05 1.993185e+45
2.063769e+15 4.083076e+33 4.987871e+33 9.962974e+05 1.994223e+45
2.068633e+15 4.085405e+33 4.991573e+33 9.959567e+05 1.995268e+45
2.073508e+15 4.087752e+33 4.995372e+33 9.956198e+05 1.996340e+45
2.078395e+15 4.090107e+33 4.999148e+33 9.952865e+05 1.997430e+45
2.083294e+15 4.092460e+33 5.002916e+33 9.949588e+05 1.998526e+45
2.088204e+15 4.094765e+33 5.006634e+33 9.946167e+05 1.999562e+45
2.093126e+15 4.096936e+33 5.010152e+33 9.943170e+05 2.000583e+45
2.098059e+15 4.098996e+33 5.013454e+33 9.939938e+05 2.001457e+45
2.103004e+15 4.101102e+33 5.016876e+33 9.936850e+05 2.002398e+45
2.107960e+15 4.103217e+33 5.020269e+33 9.933728e+05 2.003360e+45
2.112929e+15 4.105258e+33 5.023632e+33 9.930551e+05 2.004226e+45
2.117909e+15 4.107346e+33 5.026995e+33 9.927482e+05 2.005166e+45
2.122900e+15 4.109311e+33 5.030153e+33 9.924146e+05 2.005946e+45
2.127904e+15 4.111321e+33 5.033382e+33 9.921054e+05 2.006792e+45
2.132919e+15 4.113269e+33 5.036556e+33 9.917776e+05 2.007563e+45
2.137946e+15 4.115281e+33 5.039831e+33 9.914637e+05 2.008428e+45
2.142985e+15 4.117190e+33 5.042874e+33 9.911397e+05 2.009159e+45
2.148036e+15 4.119132e+33 5.046036e+33 9.908212e+05 2.009939e+45
2.153099e+15 4.121073e+33 5.049223e+33 9.904984e+05 2.010725e+45
2.158173e+15 4.122973e+33 5.052288e+33 9.901717e+05 2.011462e+45
2.163260e+15 4.124874e+33 5.055389e+33 9.898505e+05 2.012207e+45
2.168358e+15 4.126769e+33 5.058502e+33 9.895290e+05 2.012953e+45
2.173469e+15 4.128587e+33 5.061451e+33 9.891926e+05 2.013599e+45
2.178592e+15 4.130368e+33 5.064306e+33 9.888618e+05 2.014205e+45
2.183726e+15 4.132203e+33 5.067353e+33 9.885340e+05 2.014888e+45
2.188873e+15 4.134076e+33 5.070421e+33 9.882236e+05 2.015629e+45
2.194032e+15 4.135839e+33 5.073287e+33 9.878832e+05 2.016225e+45
2.199203e+15 4.137626e+33 5.076215e+33 9.875571e+05 2.016864e+45
2.204386e+15 4.139301e+33 5.078950e+33 9.872167e+05 2.017355e+45
2.209582e+15 4.141019e+33 5.081740e+33 9.868749e+05 2.017913e+45
2.214790e+15 4.142810e+33 5.084678e+33 9.865565e+05 2.018570e+45
2.220010e+15 4.144518e+33 5.087505e+33 9.862230e+05 2.019128e+45
2.225242e+15 4.146156e+33 5.090154e+33 9.858866e+05 2.019599e+45
2.230487e+15 4.147881e+33 5.093009e+33 9.855565e+05 2.020184e+45
2.235744e+15 4.149618e+33 5.095862e+33 9.852335e+05 2.020796e+45
2.241013e+15 4.151151e+33 5.098367e+33 9.848795e+05 2.021143e+45
2.246295e+15 4.152784e+33 5.101048e+33 9.845450e+05 2.021630e+45
2.251589e+15 4.154413e+33 5.103751e+33 9.842086e+05 2.022117e+45
2.256896e+15 4.155955e+33 5.106222e+33 9.838599e+05 2.022493e+45
2.262215e+15 4.157545e+33 5.108876e+33 9.835298e+05 2.022937e+45
2.267547e+15 4.159142e+33 5.111505e+33 9.831917e+05 2.023395e+45
2.272892e+15 4.160655e+33 5.113988e+33 9.828438e+05 2.023750e+45
2.278249e+15 4.162186e+33 5.116543e+33 9.825049e+05 2.024136e+45
2.283618e+15 4.163703e+33 5.119051e+33 9.821632e+05 2.024506e+45
2.289000e+15 4.165233e+33 5.121571e+33 9.818222e+05 2.024898e+45
2.294395e+15 4.166700e+33 5.123961e+33 9.814762e+05 2.025213e+45
2.299803e+15 4.168138e+33 5.126320e+33 9.811258e+05 2.025495e+45
2.305223e+15 4.169605e+33 5.128784e+33 9.807858e+05 2.025826e+45
2.310657e+15 4.171055e+33 5.131242e+33 9.804387e+05 2.026136e+45
2.316103e+15 4.172430e+33 5.133475e+33 9.800870e+05 2.026351e+45
2.321561e+15 4.173886e+33 5.135906e+33 9.797445e+05 2.026681e+45
2.327033e+15 4.175278e+33 5.138216e+33 9.793962e+05 2.026927e+45
2.332518e+15 4.176640e+33 5.140488e+33 9.790444e+05 2.027141e+45
2.338015e+15 4.178040e+33 5.142836e+33 9.787000e+05 2.027415e+45
2.343526e+15 4.179302e+33 5.144873e+33 9.783327e+05 2.027502e+45
2.349049e+15 4.180704e+33 5.147239e+33 9.779956e+05 2.027792e+45
2.354586e+15 4.182013e+33 5.149424e+33 9.776462e+05 2.027959e+45
2.360135e+15 4.183266e+33 5.151505e+33 9.772821e+05 2.028053e+45
2.365698e+15 4.184496e+33 5.153505e+33 9.769213e+05 2.028124e+45
2.371273e+15 4.185785e+33 5.155667e+33 9.765690e+05 2.028281e+45
2.376862e+15 4.186999e+33 5.157664e+33 9.762083e+05 2.028345e+45
2.382464e+15 4.188301e+33 5.159871e+33 9.758659e+05 2.028534e+45
2.388079e+15 4.189519e+33 5.161885e+33 9.755056e+05 2.028608e+45
2.393708e+15 4.190717e+33 5.163931e+33 9.751493e+05 2.028665e+45
2.399350e+15 4.191941e+33 5.166011e+33 9.747945e+05 2.028764e+45
2.405005e+15 4.193085e+33 5.167874e+33 9.744178e+05 2.028753e+45
2.410673e+15 4.194184e+33 5.169749e+33 9.740789e+05 2.028759e+45
2.416355e+15 4.195249e+33 5.171523e+33 9.737525e+05 2.028775e+45
2.422050e+15 4.196305e+33 5.173278e+33 9.734172e+05 2.028778e+45
2.427758e+15 4.197389e+33 5.175132e+33 9.730884e+05 2.028824e+45
2.433480e+15 4.198385e+33 5.176754e+33 9.727487e+05 2.028754e+45
2.439216e+15 4.199421e+33 5.178493e+33 9.724129e+05 2.028746e+45
2.444965e+15 4.200446e+33 5.180296e+33 9.720794e+05 2.028728e+45
2.450727e+15 4.201430e+33 5.181910e+33 9.717409e+05 2.028655e+45
2.456503e+15 4.202379e+33 5.183498e+33 9.714016e+05 2.028546e+45
2.462293e+15 4.203331e+33 5.185102e+33 9.710573e+05 2.028444e+45
2.468096e+15 4.204321e+33 5.186802e+33 9.707274e+05 2.028401e+45
2.473914e+15 4.205215e+33 5.188284e+33 9.703815e+05 2.028228e+45
2.479744e+15 4.206183e+33 5.189960e+33 9.700452e+05 2.028162e+45
2.485589e+15 4.207138e+33 5.191580e+33 9.697084e+05 2.028083e+45
2.491447e+15 4.207967e+33 5.192929e+33 9.693622e+05 2.027841e+45
2.497319e+15 4.208886e+33 5.194458e+33 9.690201e+05 2.027724e+45
2.503205e+15 4.209788e+33 5.195967e+33 9.686895e+05 2.027591e+45
2.509105e+15 4.210593e+33 5.197396e+33 9.683340e+05 2.027332e+45
2.515019e+15 4.211491e+33 5.198862e+33 9.680015e+05 2.027202e+45
2.520946e+15 4.212230e+33 5.200134e+33 9.676413e+05 2.026864e+45
2.526888e+15 4.213081e+33 5.201570e+33 9.673034e+05 2.026683e+45
2.532843e+15 4.213891e+33 5.202966e+33 9.669585e+05 2.026449e+45
2.538813e+15 4.214691e+33 5.204342e+33 9.666080e+05 2.026205e+45
2.544797e+15 4.215486e+33 5.205684e+33 9.662676e+05 2.025963e+45
2.550795e+15 4.216213e+33 5.206883e+33 9.659100e+05 2.025631e+45
2.556807e+15 4.217016e+33 5.208227e+33 9.655740e+05 2.025404e+45
2.562833e+15 4.217883e+33 5.209774e+33 9.652465e+05 2.025271e+45
2.568873e+15 4.218473e+33 5.210699e+33 9.648750e+05 2.024772e+45
2.574928e+15 4.219362e+33 5.212245e+33 9.645536e+05 2.024678e+45
2.580996e+15 4.220063e+33 5.213457e+33 9.642063e+05 2.024335e+45
2.587080e+15 4.220645e+33 5.214404e+33 9.638403e+05 2.023842e+45
2.593177e+15 4.221384e+33 5.215686e+33 9.634853e+05 2.023558e+45
2.599289e+15 4.222018e+33 5.216769e+33 9.631397e+05 2.023144e+45
2.605415e+15 4.222657e+33 5.217822e+33 9.627855e+05 2.022739e+45
2.611556e+15 4.223339e+33 5.218997e+33 9.624426e+05 2.022395e+45
2.617711e+15 4.224003e+33 5.220146e+33 9.620915e+05 2.022032e+45
2.623881e+15 4.224662e+33 5.221282e+33 9.617468e+05 2.021668e+45
2.630065e+15 4.225256e+33 5.222292e+33 9.613871e+05 2.021219e+45
2.636264e+15 4.225884e+33 5.223414e+33 9.610423e+05 2.020824e+45
2.642477e+15 4.226451e+33 5.224327e+33 9.606815e+05 2.020344e+45
2.648705e+15 4.227042e+33 5.225344e+33 9.603356e+05 2.019909e+45
2.654948e+15 4.227577e+33 5.226214e+33 9.599744e+05 2.019402e+45
2.661205e+15 4.228229e+33 5.227464e+33 9.596342e+05 2.019057e+45
2.667478e+15 4.228697e+33 5.228161e+33 9.592708e+05 2.018468e+45
2.673765e+15 4.229231e+33 5.229093e+33 9.589107e+05 2.017971e+45
2.680066e+15 4.229762e+33 5.229966e+33 9.585605e+05 2.017476e+45
2.686383e+15 4.230281e+33 5.230886e+33 9.582028e+05 2.016969e+45
2.692714e+15 4.230745e+33 5.231712e+33 9.578424e+05 2.016392e+45
2.699061e+15 4.231220e+33 5.232477e+33 9.574837e+05 2.015836e+45
2.705422e+15 4.231750e+33 5.233408e+33 9.571233e+05 2.015355e+45
2.711799e+15 4.232228e+33 5.234264e+33 9.567670e+05 2.014812e+45
2.718190e+15 4.232749e+33 5.235208e+33 9.564358e+05 2.014337e+45
2.724597e+15 4.233111e+33 5.235779e+33 9.560610e+05 2.013642e+45
2.731018e+15 4.233505e+33 5.236424e+33 9.556973e+05 2.013000e+45
2.737455e+15 4.233968e+33 5.237257e+33 9.553394e+05 2.012454e+45
2.743907e+15 4.234376e+33 5.237920e+33 9.549887e+05 2.011842e+45
2.750374e+15 4.234769e+33 5.238602e+33 9.546229e+05 2.011211e+45
2.756856e+15 4.235174e+33 5.239336e+33 9.542678e+05 2.010601e+45
2.763354e+15 4.235500e+33 5.239863e+33 9.538981e+05 2.009891e+45
2.769867e+15 4.235904e+33 5.240570e+33 9.535422e+05 2.009285e+45
2.776395e+15 4.236253e+33 5.241194e+33 9.531831e+05 2.008618e+45
2.782939e+15 4.236576e+33 5.241723e+33 9.528096e+05 2.007909e+45
2.789498e+15 4.236953e+33 5.242411e+33 9.524611e+05 2.007287e+45
2.796073e+15 4.237284e+33 5.242947e+33 9.520974e+05 2.006600e+45
2.802663e+15 4.237627e+33 5.243592e+33 9.517396e+05 2.005941e+45
2.809268e+15 4.237872e+33 5.244037e+33 9.513849e+05 2.005205e+45
2.815889e+15 4.238109e+33 5.244384e+33 9.510459e+05 2.004493e+45
2.822526e+15 4.238424e+33 5.244949e+33 9.507109e+05 2.003887e+45
2.829178e+15 4.238647e+33 5.245329e+33 9.503756e+05 2.003167e+45
2.835847e+15 4.238843e+33 5.245650e+33 9.500266e+05 2.002409e+45
2.842530e+15 4.239088e+33 5.246063e+33 9.496939e+05 2.001724e+45
2.849230e+15 4.239403e+33 5.246739e+33 9.493726e+05 2.001140e+45
2.855945e+15 4.239534e+33 5.246837e+33 9.490193e+05 2.000306e+45
2.862676e+15 4.239785e+33 5.247328e+33 9.486866e+05 1.999641e+45
2.869423e+15 4.239992e+33 5.247697e+33 9.483526e+05 1.998921e+45
2.876186e+15 4.240157e+33 5.247982e+33 9.480113e+05 1.998150e+45
2.882965e+15 4.240327e+33 5.248284e+33 9.476678e+05 1.997385e+45
2.889760e+15 4.240495e+33 5.248544e+33 9.473316e+05 1.996624e+45
2.896571e+15 4.240660e+33 5.248890e+33 9.469919e+05 1.995867e+45
2.903398e+15 4.240761e+33 5.248971e+33 9.466522e+05 1.995026e+45
2.910241e+15 4.240944e+33 5.249360e+33 9.463066e+05 1.994293e+45
2.917100e+15 4.241107e+33 5.249639e+33 9.459735e+05 1.993544e+45
2.923975e+15 4.241202e+33 5.249745e+33 9.456361e+05 1.992705e+45
2.930867e+15 4.241363e+33 5.250062e+33 9.452998e+05 1.991956e+45
2.937775e+15 4.241411e+33 5.250189e+33 9.449547e+05 1.991066e+45
2.944699e+15 4.241539e+33 5.250376e+33 9.446173e+05 1.990283e+45
2.951639e+15 4.241602e+33 5.250532e+33 9.442746e+05 1.989417e+45
2.958596e+15 4.241692e+33 5.250643e+33 9.439369e+05 1.988593e+45
2.965569e+15 4.241775e+33 5.250816e+33 9.435950e+05 1.987761e+45
2.972558e+15 4.241848e+33 5.250933e+33 9.432535e+05 1.986920e+45
2.979564e+15 4.241899e+33 5.250998e+33 9.429083e+05 1.986050e+45
2.986587e+15 4.241924e+33 5.251052e+33 9.425618e+05 1.985152e+45
2.993626e+15 4.241916e+33 5.251038e+33 9.422202e+05 1.984218e+45
3.000682e+15 4.242042e+33 5.251236e+33 9.418918e+05 1.983461e+45
3.007754e+15 4.241985e+33 5.251171e+33 9.415313e+05 1.982464e+45
3.014843e+15 4.241978e+33 5.251128e+33 9.411866e+05 1.981542e+45
3.021949e+15 4.241959e+33 5.251065e+33 9.408425e+05 1.980606e+45
3.029071e+15 4.241950e+33 5.251036e+33 9.404993e+05 1.979687e+45
3.036210e+15 4.242035e+33 5.251263e+33 9.401746e+05 1.978895e+45
3.043366e+15 4.242033e+33 5.251343e+33 9.398323e+05 1.977995e+45
3.050539e+15 4.241904e+33 5.251005e+33 9.394749e+05 1.976927e+45
3.057729e+15 4.241833e+33 5.250830e+33 9.391243e+05 1.975939e+45
3.064936e+15 4.241827e+33 5.250933e+33 9.387878e+05 1.975042e+45
3.072159e+15 4.241820e+33 5.250893e+33 9.384553e+05 1.974147e+45
3.079400e+15 4.241705e+33 5.250611e+33 9.381006e+05 1.973110e+45
3.086658e+15 4.241625e+33 5.250544e+33 9.377560e+05 1.972131e+45
3.093933e+15 4.241530e+33 5.250403e+33 9.374082e+05 1.971129e+45
3.101225e+15 4.241454e+33 5.250203e+33 9.370655e+05 1.970157e+45
3.108534e+15 4.241354e+33 5.250103e+33 9.367205e+05 1.969160e+45
3.115861e+15 4.241179e+33 5.249699e+33 9.363593e+05 1.968060e+45
3.123205e+15 4.241045e+33 5.249411e+33 9.360181e+05 1.967026e+45
3.130566e+15 4.240934e+33 5.249254e+33 9.356692e+05 1.966020e+45
3.137944e+15 4.240806e+33 5.249059e+33 9.353261e+05 1.965001e+45
3.145340e+15 4.240687e+33 5.248829e+33 9.349883e+05 1.963998e+45
3.152753e+15 4.240546e+33 5.248551e+33 9.346364e+05 1.962962e+45
3.160184e+15 4.240358e+33 5.248238e+33 9.342819e+05 1.961869e+45
3.167632e+15 4.240235e+33 5.248046e+33 9.339473e+05 1.960874e+45
3.175098e+15 4.240038e+33 5.247676e+33 9.335990e+05 1.959779e+45
3.182581e+15 4.239830e+33 5.247302e+33 9.332441e+05 1.958670e+45
3.190082e+15 4.239693e+33 5.247100e+33 9.329104e+05 1.957667e+45
3.197601e+15 4.239440e+33 5.246608e+33 9.325449e+05 1.956502e+45
3.205137e+15 4.239265e+33 5.246352e+33 9.322062e+05 1.955456e+45
3.212692e+15 4.238972e+33 5.245722e+33 9.318394e+05 1.954248e+45
3.220264e+15 4.238796e+33 5.245445e+33 9.315013e+05 1.953203e+45
3.227853e+15 4.238585e+33 5.245045e+33 9.311530e+05 1.952115e+45
3.235461e+15 4.238446e+33 5.244918e+33 9.308255e+05 1.951128e+45
3.243087e+15 4.238076e+33 5.244132e+33 9.304538e+05 1.949832e+45
3.250730e+15 4.237891e+33 5.243840e+33 9.301222e+05 1.948795e+45
3.258392e+15 4.237598e+33 5.243363e+33 9.297686e+05 1.947611e+45
3.266072e+15 4.237365e+33 5.242934e+33 9.294240e+05 1.946510e+45
3.273770e+15 4.237060e+33 5.242335e+33 9.290669e+05 1.945318e+45
3.281485e+15 4.236792e+33 5.241911e+33 9.287249e+05 1.944182e+45
3.289220e+15 4.236475e+33 5.241325e+33 9.283631e+05 1.942978e+45
3.296972e+15 4.236247e+33 5.240995e+33 9.280297e+05 1.941904e+45
3.304743e+15 4.235916e+33 5.240300e+33 9.276730e+05 1.940687e+45
3.312531e+15 4.235575e+33 5.239696e+33 9.273252e+05 1.939486e+45
3.320339e+15 4.235270e+33 5.239131e+33 9.270013e+05 1.938380e+45
3.328164e+15 4.234982e+33 5.238631e+33 9.266794e+05 1.937297e+45
3.336009e+15 4.234656e+33 5.238032e+33 9.263562e+05 1.936172e+45
3.343871e+15 4.234471e+33 5.237767e+33 9.260583e+05 1.935235e+45
3.351752e+15 4.234112e+33 5.237129e+33 9.257290e+05 1.934071e+45
3.359652e+15 4.233767e+33 5.236454e+33 9.254005e+05 1.932929e+45
3.367571e+15 4.233363e+33 5.235713e+33 9.250781e+05 1.931718e+45
3.375508e+15 4.233038e+33 5.235126e+33 9.247558e+05 1.930607e+45
3.383463e+15 4.232692e+33 5.234511e+33 9.244397e+05 1.929477e+45
3.391438e+15 4.232353e+33 5.233982e+33 9.241125e+05 1.928354e+45
3.399431e+15 4.232033e+33 5.233374e+33 9.237997e+05 1.927261e+45
3.407443e+15 4.231731e+33 5.232847e+33 9.234864e+05 1.926194e+45
3.415474e+15 4.231291e+33 5.232046e+33 9.231574e+05 1.924954e+45
3.423524e+15 4.230952e+33 5.231418e+33 9.228378e+05 1.923839e+45
3.431593e+15 4.230593e+33 5.230847e+33 9.225207e+05 1.922711e+45
3.439681e+15 4.230156e+33 5.229999e+33 9.221886e+05 1.921475e+45
3.447788e+15 4.229794e+33 5.229395e+33 9.218776e+05 1.920348e+45
3.455914e+15 4.229404e+33 5.228636e+33 9.215592e+05 1.919185e+45
3.464059e+15 4.228978e+33 5.227868e+33 9.212266e+05 1.917976e+45
3.472224e+15 4.228644e+33 5.227388e+33 9.209230e+05 1.916895e+45
3.480407e+15 4.228214e+33 5.226579e+33 9.205955e+05 1.915685e+45
3.488610e+15 4.227727e+33 5.225612e+33 9.202673e+05 1.914410e+45
3.496832e+15 4.227320e+33 5.224916e+33 9.199504e+05 1.913240e+45
3.505074e+15 4.226867e+33 5.224069e+33 9.196221e+05 1.912008e+45
3.513335e+15 4.226466e+33 5.223466e+33 9.193100e+05 1.910857e+45
3.521616e+15 4.225992e+33 5.222566e+33 9.189855e+05 1.909608e+45
3.529916e+15 4.225558e+33 5.221728e+33 9.186647e+05 1.908413e+45
3.538236e+15 4.225146e+33 5.221116e+33 9.183505e+05 1.907255e+45
3.546575e+15 4.224681e+33 5.220259e+33 9.180357e+05 1.906030e+45
3.554934e+15 4.224189e+33 5.219330e+33 9.177071e+05 1.904767e+45
3.563312e+15 4.223701e+33 5.218387e+33 9.173834e+05 1.903513e+45
3.571711e+15 4.223276e+33 5.217677e+33 9.170619e+05 1.902344e+45
3.580129e+15 4.222765e+33 5.216766e+33 9.167426e+05 1.901072e+45
3.588567e+15 4.222291e+33 5.215924e+33 9.164218e+05 1.899844e+45
3.597025e+15 4.221792e+33 5.215002e+33 9.160923e+05 1.898585e+45
3.605503e+15 4.221303e+33 5.214143e+33 9.157810e+05 1.897351e+45
3.614000e+15 4.220765e+33 5.213112e+33 9.154569e+05 1.896051e+45
3.622518e+15 4.220305e+33 5.212316e+33 9.151356e+05 1.894850e+45
3.631056e+15 4.219735e+33 5.211320e+33 9.148115e+05 1.893520e+45
3.639614e+15 4.219204e+33 5.210360e+33 9.144813e+05 1.892241e+45
3.648192e+15 4.218683e+33 5.209375e+33 9.141691e+05 1.890976e+45
3.656791e+15 4.218109e+33 5.208320e+33 9.138430e+05 1.889645e+45
3.665409e+15 4.217535e+33 5.207310e+33 9.135206e+05 1.888320e+45
3.674048e+15 4.217032e+33 5.206356e+33 9.132038e+05 1.887085e+45
3.682708e+15 4.216499e+33 5.205450e+33 9.128759e+05 1.885812e+45
3.691388e+15 4.215912e+33 5.204384e+33 9.125580e+05 1.884481e+45
3.700088e+15 4.215341e+33 5.203348e+33 9.122381e+05 1.883169e+45
3.708808e+15 4.214737e+33 5.202224e+33 9.119022e+05 1.881811e+45
3.717550e+15 4.214187e+33 5.201252e+33 9.115873e+05 1.880533e+45
3.726312e+15 4.213608e+33 5.200227e+33 9.112693e+05 1.879221e+45
3.735094e+15 4.213087e+33 5.199272e+33 9.109576e+05 1.877984e+45
3.743897e+15 4.212514e+33 5.198237e+33 9.106325e+05 1.876680e+45
3.752721e+15 4.211965e+33 5.197360e+33 9.103206e+05 1.875416e+45
3.761566e+15 4.211250e+33 5.195965e+33 9.099845e+05 1.873937e+45
3.770432e+15 4.210696e+33 5.195011e+33 9.096659e+05 1.872671e+45
3.779318e+15 4.210047e+33 5.193762e+33 9.093390e+05 1.871281e+45
3.788226e+15 4.209477e+33 5.192806e+33 9.090270e+05 1.870001e+45
3.797154e+15 4.208818e+33 5.191540e+33 9.086988e+05 1.868604e+45
3.806104e+15 4.208246e+33 5.190563e+33 9.083857e+05 1.867323e+45
3.815074e+15 4.207686e+33 5.189587e+33 9.080781e+05 1.866066e+45
3.824066e+15 4.206932e+33 5.188113e+33 9.077309e+05 1.864552e+45
3.833079e+15 4.206264e+33 5.186918e+33 9.074034e+05 1.863157e+45
3.842113e+15 4.205728e+33 5.186067e+33 9.071007e+05 1.861937e+45
3.851169e+15 4.204982e+33 5.184624e+33 9.067595e+05 1.860443e+45
3.860245e+15 4.204332e+33 5.183433e+33 9.064433e+05 1.859080e+45
3.869344e+15 4.203650e+33 5.182197e+33 9.061202e+05 1.857678e+45
3.878463e+15 4.203122e+33 5.181284e+33 9.058224e+05 1.856481e+45
3.887604e+15 4.202377e+33 5.179935e+33 9.054879e+05 1.855004e+45
3.896767e+15 4.201657e+33 5.178568e+33 9.051590e+05 1.853560e+45
3.905951e+15 4.200981e+33 5.177348e+33 9.048379e+05 1.852178e+45
3.915157e+15 4.200360e+33 5.176317e+33 9.045236e+05 1.850869e+45
3.924385e+15 4.199636e+33 5.174978e+33 9.041960e+05 1.849430e+45
3.933634e+15 4.198981e+33 5.173812e+33 9.038879e+05 1.848094e+45
3.942905e+15 4.198341e+33 5.172610e+33 9.035892e+05 1.846801e+45
3.952198e+15 4.197608e+33 5.171229e+33 9.032714e+05 1.845386e+45
3.961513e+15 4.196964e+33 5.170050e+33 9.029810e+05 1.844096e+45
3.970850e+15 4.196374e+33 5.169064e+33 9.026893e+05 1.842873e+45
3.980209e+15 4.195691e+33 5.167865e+33 9.023877e+05 1.841537e+45
3.989590e+15 4.194941e+33 5.166415e+33 9.020719e+05 1.840113e+45
3.998993e+15 4.194285e+33 5.165196e+33 9.017785e+05 1.838815e+45
4.008418e+15 4.193592e+33 5.164004e+33 9.014773e+05 1.837473e+45
4.017866e+15 4.192895e+33 5.162722e+33 9.011737e+05 1.836126e+45
4.027336e+15 4.192243e+33 5.161579e+33 9.008823e+05 1.834843e+45
4.036828e+15 4.191485e+33 5.160172e+33 9.005680e+05 1.833425e+45
4.046342e+15 4.190747e+33 5.158748e+33 9.002648e+05 1.832033e+45
4.055879e+15 4.190090e+33 5.157610e+33 8.999771e+05 1.830750e+45
4.065438e+15 4.189377e+33 5.156268e+33 8.996742e+05 1.829395e+45
4.075020e+15 4.188713e+33 5.155152e+33 8.993756e+05 1.828102e+45
4.084624e+15 4.187997e+33 5.153871e+33 8.990702e+05 1.826753e+45
4.094251e+15 4.187295e+33 5.152569e+33 8.987835e+05 1.825419e+45
4.103901e+15 4.186566e+33 5.151276e+33 8.984833e+05 1.824057e+45
4.113573e+15 4.185854e+33 5.149992e+33 8.981850e+05 1.822715e+45
4.123269e+15 4.185133e+33 5.148675e+33 8.978894e+05 1.821366e+45
4.132987e+15 4.184371e+33 5.147262e+33 8.975877e+05 1.819968e+45
4.142728e+15 4.183633e+33 5.145948e+33 8.972836e+05 1.818602e+45
4.152492e+15 4.182843e+33 5.144446e+33 8.969773e+05 1.817173e+45
4.162279e+15 4.182163e+33 5.143293e+33 8.966975e+05 1.815888e+45
4.172089e+15 4.181360e+33 5.141787e+33 8.963850e+05 1.814443e+45
4.181922e+15 4.180554e+33 5.140235e+33 8.960783e+05 1.813002e+45
4.191779e+15 4.179794e+33 5.138889e+33 8.957759e+05 1.811618e+45
4.201658e+15 4.179104e+33 5.137733e+33 8.954930e+05 1.810331e+45
