0.001994015960095852	-15.87991304366733	-16.867239837098168
0.004177874184203678	-10.998912289884174	-11.986972640355816
0.006352155742777643	-8.94215923655429	-9.931063005613396
0.008516902631457712	-7.741374597680988	-8.73119508093805
0.010672156661723109	-6.932287283561891	-7.923081007815199
0.012817959461702388	-6.3405712343228515	-7.3323847940482665
0.01495435247697563	-5.884139375266386	-6.877011103759287
0.017081376971376294	-5.518605855613714	-6.512569538637763
0.019199074027786422	-5.21760082183755	-6.2126864859310444
0.021307484548931943	-4.9643447917478625	-5.960579161677742
0.023406649258171486	-4.747585726930993	-5.744993476517266
0.025496608700283807	-4.559460710413987	-5.558064084412763
0.027577403242250553	-4.394287054397864	-5.394106668623863
0.029649073074035304	-4.2478424820292275	-5.248897689656587
0.03171165820936139	-4.116915997030446	-5.1192249375453684
0.03376519848648246	-3.9990165057533886	-5.002596273756353
0.03580973356895456	-3.8921779552765656	-4.897044706827728
0.03784530294640015	-3.794825515447883	-4.800994290824747
0.039871945935271824	-3.7056795287353452	-4.71316561466665
0.04188970167961159	-3.623690710432129	-4.632507781585446
0.043898609151806434	-3.5479870519193355	-4.55814852975891
0.04589870715334171	-3.4778382591030095	-4.489357038430171
0.047890034315550556	-3.4126270644774195	-4.425515771697974
0.049872629100359445	-3.351828452636255	-4.3660988836491015
0.05184652980103166	-3.294991600123467	-4.310655454610242
0.0538117745429062	-3.2417278786597308	-4.25879631107091
0.055768401284135294	-3.191699648363283	-4.210183580202283
0.05771644781641655	-3.144612270029029	-4.164522329083411
0.05965595176572319	-3.100207278766902	-4.121553795732325
0.06158695059303132	-3.058256835473003	-4.081049894593889
0.06350948159504216	-3.018559256946901	-4.042808696016436
0.06542358190490388	-2.980935266794404	-4.006650704162894
0.06732928849292807	-2.9452249164751265	-3.9724157527380157
0.0692266381673039	-2.9112849671801087	-3.93996041387436
0.07111566757480914	-2.87898673422751	-3.909155822271714
0.07299641320151784	-2.848214236990316	-3.879885825124802
0.07486891137350504	-2.818862654356053	-3.8520454274548683
0.07673319825754882	-2.790836935484549	-3.825539440003922
0.07858930986182827	-2.764050712721655	-3.800281349947909
0.08043728203661943	-2.738425282033859	-3.7761923198995646
0.08227715047498763	-2.7138887640612666	-3.7532003455853555
0.08410895071347602	-2.6903755909588654	-3.731239506363636
0.08593271813279357	-2.667824936535908	-3.710249327152269
0.08774848795849782	-2.6461815467628185	-3.6901742163172457
0.08955629526167386	-2.6253943167685065	-3.6709629677061457
0.09135617495961396	-2.605416088277707	-3.652568325138418
0.09314816181649055	-2.586203269805992	-3.6349466076644603
0.09493229044402779	-2.5677154939912725	-3.618057363521075
0.09670859530217074	-2.549915325565962	-3.601863073039567
0.09847711069975035	-2.532767991273431	-3.5863288836262655
0.10023787079514651	-2.516241135104792	-3.5714223683753517
0.10199090959694729	-2.5003046157362405	-3.55711331506609
0.10373626096460625	-2.484930315782549	-3.543373538792366
0.10547395860909659	-2.4700917754962575	-3.5301767080964055
0.10720403609356155	-2.4557648072077427	-3.5174981913587544
0.10892652683396348	-2.4419262124283705	-3.505314921756508
0.11064146409972858	-2.4285544148588087	-3.4936052706616465
0.11234888101439017	-2.4156290181272198	-3.482348934543552
0.11404881055622773	-2.4031312868755776	-3.471526831999654
0.11574128555890462	-2.3910431727708783	-3.4611210142902564
0.11742633871210145	-2.379347817535745	-3.4511145792494062
0.11910400256214804	-2.3680293318175245	-3.441491593635874
0.12077430951265217	-2.357072722603334	-3.4322370222362224
0.12243729182512458	-2.34646383751533	-3.4233366687840316
0.12409298161960314	-2.336189364810707	-3.414777113503078
0.12574141087527274	-2.326236353983404	-3.406545659090625
0.12738261143108287	-2.316593176248716	-3.398630281764781
0.12901661498636274	-2.3072483344876673	-3.3910195924399886
0.13064345310143355	-2.2981910540547688	-3.383702784398338
0.13226315719821785	-2.289411110599758	-3.3766696045931894
0.13387575856084677	-2.2808987929311115	-3.369910314824665
0.13548128833626438	-2.272644872631645	-3.363415654603159
0.13707977753482836	-2.2646405719860923	-3.3571768208930735
0.13867125703091038	-2.2568775352847297	-3.3511854326643515
0.14025575756349118	-2.249347803503042	-3.345433507260168
0.14183330973675473	-2.24204379573348	-3.3399134384526405
0.1434039440206798	-2.234958277113037	-3.3346179711224977
0.1449676907516277	-2.22808434869512	-3.329540184378857
0.14652458013292863	-2.22141542044119	-3.3246734662388917
0.14807464223546535	-2.214945196028566	-3.3200115034996998
0.14961790699825295	-2.2086676644103136	-3.315548263170058
0.1511544042290185	-2.2025770660548005	-3.3112779705261346
0.15268416360477588	-2.196667898009764	-3.3071951057354454
0.1542072146723989	-2.190934885205934	-3.3032943768484984
0.15572358684919252	-2.185372980457032	-3.299570721486816
0.15723330942346087	-2.1799773442035075	-3.296019284898648
0.15873641155507262	-2.1747433343844023	-3.292635413206881
0.16023292227602481	-2.1696664996852633	-3.2894146415928844
0.1617228704910028	-2.1647425710980315	-3.2863526875444222
0.16320628497793932	-2.15996744504082	-3.2834454356634524
0.1646831943885697	-2.1553371816698927	-3.2806889359781053
0.16615362724898575	-2.150847996439552	-3.2780793904385064
0.16761761196018654	-2.1464962465979625	-3.2756131495407317
0.16907517679862666	-2.1422784345631953	-3.273286703886697
0.1705263499167632	-2.138191189354984	-3.2710966774320696
0.17197115934359813	-2.134231269970769	-3.269039815670112
0.17340963298522144	-2.1303955552575644	-3.2671129923837725
0.1748417986253486	-2.1266810354718473	-3.2653131927654613
0.1762676839258579	-2.1230848173436243	-3.2636375100410078
0.17768731642732477	-2.1196041038201656	-3.26208314546966
0.1791007235495533	-2.1162362025061157	-3.2606474015919957
0.18050793259210657	-2.11297851553536	-3.25932767210179
0.18190897073483314	-2.109828536194982	-3.2581214469100814
0.1833038650383924	-2.1067838438611943	-3.2570262986409944
0.18469264244477723	-2.1038421006232966	-3.256039887695806
0.18607532977783459	-2.1010010512836743	-3.2551599538128357
0.18745195374378293	-2.0982585149176884	-3.2543843126914
0.18882254093172884	-2.095612383185653	-3.253710850927746
0.19018711781418013	-2.093060618644813	-3.2531375327671412
0.1915457107475571	-2.090601247997256	-3.252662383223651
0.19289834597270206	-2.0882323739060666	-3.252283494832227
0.1942450496153854	-2.0859521462989505	-3.251999020896619
0.19558584768681103	-2.0837587826245	-3.2518071754893754
0.19692076608411835	-2.081650554348016	-3.2517062317638192
0.19824983059088236	-2.0796257886395324	-3.2516945152019616
0.19957306687761195	-2.0776828649977688	-3.2517704036145005
0.20089050050224544	-2.0758202135621104	-3.251932327140821
0.2022021569106443	-2.074036311736563	-3.2521787665609736
0.20350806143708505	-2.072329687565798	-3.2525082465435844
0.20480823930474795	-2.0706989096070174	-3.2529193373338785
0.20610271562620425	-2.069142591994023	-3.2534106530656572
0.20739151540390183	-2.067659389373148	-3.2539808534493204
0.2086746635306475	-2.0662479985912796	-3.254628631955711
0.20995218479008804	-2.064907151943771	-3.255352725944249
0.21122410385718898	-2.0636356222385075	-3.2561519065347966
0.21249044529871092	-2.0624322143557947	-3.257024987047771
0.21375123357368403	-2.061295773688471	-3.257970807811944
0.21500649303388114	-2.060225170949707	-3.2589882479805965
0.21625624792428716	-2.059219317365205	-3.2600762187794317
0.21750052238356776	-2.0582771494810004	-3.2612336601305287
0.2187393404445359	-2.0573976359155495	-3.2624595457164105
0.21997272603461548	-2.0565797773597296	-3.2637528745399322
0.2212007029763039	-2.055822593072662	-3.265112675988348
0.22242329498763175	-2.0551251377619337	-3.2665380081452895
0.22364052568262172	-2.0544864897674415	-3.2680279510386754
0.2248524185717437	-2.0539057544374373	-3.269581613392802
0.22605899706236954	-2.053382059064461	-3.271198129252298
0.22726028445922497	-2.0529145545733627	-3.272876656294102
0.22845630396483968	-2.0525024172093254	-3.2746163690753747
0.2296470786799955	-2.0521445581980515	-3.276416474225698
0.23083263160417278	-2.051840764848748	-3.278276193566853
0.2320129856359942	-2.051589990587672	-3.2801947708649095
0.23318816357366756	-2.0513914943730924	-3.2821714718302246
0.23435818811542547	-2.0512445554195438	-3.2842055790533777
0.23552308185996434	-2.051148471509805	-3.286296395381214
0.23668286730688098	-2.0511025556188542	-3.288443243916845
0.23783756685710628	-2.051106142665958	-3.290645462955581
0.2389872028133388	-2.05115858107456	-3.292902409360977
0.2401317973804752	-2.05125923952437	-3.2952134551887866
0.24127137266603899	-2.051407498511253	-3.297577991063008
0.24240595068060788	-2.0516027587873396	-3.299995424487861
0.2435355533382385	-2.051844432920916	-3.3024651714076754
0.2446602024568899	-2.052131948672468	-3.3049866713990923
0.24577991975884478	-2.0524647506827023	-3.3075593724788632
0.24689472687112946	-2.0528422920324374	-3.3101827395439614
0.24800464532593114	-2.053264044370735	-3.312856249307515
0.24910969656101406	-2.0537294911628123	-3.31557939198683
0.25020990192013337	-2.0542381260020193	-3.3183516729914118
0.2513052826534474	-2.0547894593619276	-3.321172606170876
0.2523958599179285	-2.05538301015622	-3.3240417222550604
0.25348165477777107	-2.056018310802756	-3.3269585587258916
0.254562688204799	-2.0566949021595065	-3.3299226682574954
0.25563898107887006	-2.0574123470287304	-3.3329336119641084
0.2567105541882798	-2.0581701963965315	-3.335990966152167
0.2577774282301628	-2.0589680299453903	-3.3390943121921737
0.2588396238108925	-2.059805435797898	-3.3422432449588086
0.2598971614464791	-2.060682007140713	-3.345437369454885
0.26095006156296596	-2.0615973506646696	-3.3486762991233263
0.26199834449682396	-2.0625510781246703	-3.3519596558471676
0.2630420304953446	-2.0635428130917717	-3.355287075013621
0.2640811397170304	-2.0645721875771414	-3.3586581953859422
0.2651156922319855	-2.0656388437200803	-3.3620726692315657
0.26614570802230175	-2.0667424287239555	-3.3655301555700134
0.2671712069824458	-2.0678825999202672	-3.3690303184848744
0.2681922089196429	-2.0690590230806265	-3.372572837251937
0.26920873355425967	-2.070271370728733	-3.3761573911469895
0.2702208005201847	-2.0715193255164195	-3.37978367463802
0.27122842936520825	-2.0728025717835408	-3.383451382193016
0.2722316395513993	-2.074120807374129	-3.387160223472165
0.27323045045548144	-2.075473733508261	-3.3909099064476322
0.27422488136920786	-2.0768610581581015	-3.3947001559718046
0.2752149514997333	-2.078282499423949	-3.398530695209047
0.2762006799699848	-2.079737777094124	-3.4024012574518565
0.27718208581903214	-2.0812266210850794	-3.40631158274482
0.2781591880024543	-2.0827487663773354	-3.4102614161965903
0.27913200539270633	-2.084303951327456	-3.414250511355931
0.28010055677948387	-2.085891926108161	-3.41827862514765
0.28106486087008564	-2.0875124408921693	-3.4223455229366664
0.2820249362897753	-2.089165254292311	-3.426450971775921
0.2829808015821408	-2.0908501316735055	-3.430594748846488
0.28393247520945236	-2.0925668384006713	-3.4347766330174636
0.28487997555301986	-2.094315158406971	-3.438996413286077
0.2858233209135471	-2.0960948570573237	-3.443253878649557
0.28676252951148556	-2.0979057267250028	-3.447548826545244
0.28769761948738626	-2.0997475564072374	-3.4518810560985003
0.2886286089022505	-2.1016201384773012	-3.456250378250843
0.28955551573787786	-2.1035242848738562	-3.460656598879723
0.29047835789721455	-2.1054577758477535	-3.4650995373667683
0.29139715320469844	-2.1074214284017216	-3.4695790130936075
0.29231191940660367	-2.1094150585413445	-3.474094850505935
0.29322267417138326	-2.1114384788961615	-3.47864687742549
0.29412943509001044	-2.1134915139118675	-3.483234930114122
0.29503221967631854	-2.115573986346135	-3.4878588448336814
0.29593104536733905	-2.1176857240207028	-3.492518462910084
0.2968259295236385	-2.119826563197421	-3.497213630733313
0.2977168894296539	-2.1219963435141835	-3.5019441963813733
0.2986039422940262	-2.124194894480752	-3.506710016372381
0.2994871052499334	-2.126422067551175	-3.5115109472244512
0.3003663953554203	-2.1286777091154363	-3.5163468471437227
0.30124182959372947	-2.1309616706275847	-3.521217584464466
0.302113424873628	-2.133273805229692	-3.5261230241449084
0.30298119802973456	-2.135613972815918	-3.531063041271409
0.30384516582284476	-2.137982034968445	-3.5360375075542834
0.3047053449402547	-2.140377854957478	-3.54104630483198
0.30556175199608315	-2.14280130280531	-3.5460893115669023
0.3064144035315926	-2.145252246846212	-3.5511664129735436
0.3072633160155086	-2.1477305621665437	-3.556277499330463
0.30810850584433813	-2.150236127228709	-3.5614224609162193
0.30894998934268625	-2.1527688188070897	-3.5666011913854163
0.3097877827635711	-2.155328523804201	-3.571813587768702
0.3106219022887379	-2.157915125746513	-3.577059550472768
0.3114523640289717	-2.1605285132245626	-3.5823389832803514
0.31227918402440863	-2.163168581580976	-3.5876517899741884
0.3131023782448453	-2.165835217718268	-3.592997879401082
0.3139219625900477	-2.16852832204313	-3.59837716378388
0.3147379528900579	-2.171247793274233	-3.6037895570334513
0.31555036490550004	-2.173993531818269	-3.609234974748688
0.31635921432788483	-2.176765443145996	-3.6147133359045256
0.3171645167799122	-2.1795634344161954	-3.620224562851945
0.31796628781577385	-2.182387412787648	-3.625768577941926
0.3187645429214526	-2.185237290483201	-3.631345308589516
0.3195592975150223	-2.188112981413724	-3.636954683897784
0.3203505669469455	-2.1910143994900864	-3.642596636345843
0.3211383665003698	-2.193941461999202	-3.648271095036762
0.3219227113914228	-2.196894094668096	-3.653977999201743
0.32270361676950665	-2.199872218159726	-3.659717286383966
0.3234810977175899	-2.20287575313705	-3.665488895814633
0.32425516925249953	-2.20590463039116	-3.6712927701009903
0.3250258463252105	-2.2089589444512967	-3.6771288535383064
0.32579314382113456	-2.2120382901921403	-3.682997092109872
0.32655707656040805	-2.2151427672069985	-3.688897435175022
0.3273176592981779	-2.2182723130390514	-3.6948298320930917
0.3280749067248868	-2.2214268618554343	-3.7007942372874822
0.3288288334665569	-2.224606351199327	-3.706790601805551
0.32957945408507194	-2.227810723677976	-3.712818885134766
0.330326783078459	-2.2310399185225833	-3.718879045074573
0.33107083488116834	-2.2342938817164395	-3.7249710394244175
0.33181162386435226	-2.237572557554813	-3.7310948327358346
0.3325491643361427	-2.240875893709017	-3.7372503861843143
0.333283470541927	-2.244203837850364	-3.743437666009413
0.3340145566646242	-2.2475563427142333	-3.749656641826732
0.33474243682495797	-2.2509333593479823	-3.755907278187806
0.33546712508172993	-2.2543348421750125	-3.7621895497723017
0.33618863543209065	-2.257760745618725	-3.768503426195821
0.33690698181181067	-2.2612110274785664	-3.7748488838260528
0.33762217809554906	-2.2646856438659597	-3.781225895654643
0.33833423809712204	-2.2681845576444175	-3.787634439737303
0.33904317556976893	-2.2717077283014078	-3.7940744941297453
0.33974900420641857	-2.275255118700443	-3.8005460402637254
0.3404517376399535	-2.2788266950810794	-3.807049059571
0.3411513894434732	-2.282422421994852	-3.8135835334833246
0.3418479731305563	-2.2860422690573614	-3.8201493674714584
0.3425415021555217	-2.2896862025081646	-3.826746710081352
0.34323198991368853	-2.2933541919628624	-3.833375466783764
0.34391944974163424	-2.2970462121011224	-3.8400356291385833
0.34460389491745314	-2.3007622308505233	-3.846727183641633
0.34528533866101196	-2.3045022279547993	-3.8534501252288464
0.34596379413420586	-2.3082661764055956	-3.8602044454601128
0.3466392744412125	-2.3120540508825798	-3.8669901409593876
0.3473117926287448	-2.3158658294414636	-3.8738072049745824
0.347981361686303	-2.3197014935140032	-3.880655637505697
0.34864799454642637	-2.3235610228439327	-3.887535433488665
0.3493117040849417	-2.327444397174986	-3.894446596299531
0.349972503121213	-2.3313515996269416	-3.9013891242502723
0.35063040441838866	-2.335282616695622	-3.9083630224049557
0.3512854206836479	-2.3392374315008055	-3.915368290763581
0.3519375645684465	-2.343216030538315	-3.9224049377662595
0.3525868486687611	-2.347218400303973	-3.929472966789035
0.3532332855253323	-2.3512445306696463	-3.9365723862720188
0.353876887623907	-2.355294408131158	-3.943703202967299
0.35451766739547935	-2.3593680276244413	-3.9508654286910314
0.35515563721653143	-2.363465377333341	-3.9580590735713486
0.35579080940927155	-2.367586452193791	-3.9652841477363836
0.3564231962418729	-2.371731252205791	-3.972540664690314
0.35705280992871	-2.375899758801097	-3.979828639625339
0.357679662630595	-2.3800919753557537	-3.987148086045636
0.3583037664550123	-2.3843078968056943	-3.9944990225194488
0.35892513345635246	-2.388547523150919	-4.001881462550955
0.35954377563614515	-2.3928108527034055	-4.009295428084442
0.36015970494329097	-2.3970978820871096	-4.016740936000133
0.36077293327429194	-2.4014086163660977	-4.024218009930337
0.3613834724734815	-2.40574305554037	-4.031726666755276
0.3619913343332535	-2.4101012029859703	-4.039266931795282
0.3625965305942894	-2.4144830620789435	-4.046838828682667
0.3631990729457857	-2.4188886361953337	-4.054442381049739
0.3637989730256791	-2.4233179320872296	-4.062077614216832
0.3643962424208717	-2.4277709548186976	-4.069744555192301
0.36499089266745466	-2.4322477195819374	-4.0774432309845
0.365582935250931	-2.4367482230009045	-4.085173670289805
0.3661723816064374	-2.4412724785797764	-4.092935901804594
0.3667592431189652	-2.445820496446686	-4.100729955913266
0.3673435311235802	-2.4503922884177882	-4.108555864688242
0.3679252569056416	-2.4549878646212164	-4.11641365851392
0.3685044317010201	-2.4596072368731257	-4.124303372838767
0.3690810666963146	-2.4642504203657154	-4.132225038047181
0.3696551730290685	-2.468917428603163	-4.140178692963673
0.3702267617879851	-2.4736082750896458	-4.148164371348685
0.37079584401314103	-2.4783229767053854	-4.1561821086506825
0.37136243069620034	-2.4830615503306035	-4.164231943694176
0.37192653278062593	-2.487824012845522	-4.1723139153036755
0.3724881611618919	-2.4926103878824506	-4.18042806230369
0.3730473266876928	-2.4974206838815007	-4.18857442351873
0.37360404015815457	-2.5022549261630047	-4.196753039461328
0.3741583123260418	-2.5071131332952064	-4.204963955708081
0.3747101538969664	-2.511995328910416	-4.2132072110835
0.37525957552959355	-2.5169015315768775	-4.2214828494761605
0.37580658783584847	-2.5218317666149233	-4.229790916462662
0.3763512013811206	-2.5267860576568637	-4.23813145593158
0.37689342668446807	-2.531764426646987	-4.246504513459513
0.3774332742188209	-2.5367669005936477	-4.254910137999104
0.3779707544111829	-2.5417935031291563	-4.26334837343893
0.3785058776428336	-2.5468442612618674	-4.271819270419655
0.3790386542495283	-2.55191920537618	-4.280322877893923
0.3795690945216982	-2.5570183591044042	-4.288859244814375
0.3800972087046484	-2.562141941889422	-4.297428421821678
0.3806230069987566	-2.5672896009346005	-4.306030461244518
0.3811464995596696	-2.5724615590588655	-4.314665412035538
0.38166769649849963	-2.577657843270572	-4.323333331587492
0.3821866078820196	-2.582878489018185	-4.332034270541044
0.38270324373285763	-2.5881235233100597	-4.340768282912904
0.38321761402969057	-2.5933929815946613	-4.3495354260958266
0.38372972870743666	-2.598686897632433	-4.35833575410652
0.3842395976574474	-2.6040053034957964	-4.3671693226497155
0.384747230727699	-2.6093482329451945	-4.3760361908061896
0.3852526377229819	-2.614715723117115	-4.384936417656718
0.3857558284050908	-2.6201078077720013	-4.393870058906032
0.38625681249301286	-2.625524524046341	-4.402837175322929
0.38675559966311535	-2.630965910764644	-4.411837827676209
0.3872521995493329	-2.6364320016873535	-4.420872076734668
0.3877466217433532	-2.6419228373270016	-4.429939983267104
0.3882388757948026	-2.647438454820076	-4.439041609730339
0.38872897121143024	-2.652978896367131	-4.448177018581191
0.3892169174592917	-2.658544200792676	-4.457346275652526
0.3897027239629324	-2.664134408609243	-4.466549443401163
0.39018640010556876	-2.669749562017387	-4.475786585971946
0.3906679552292701	-2.675389701529639	-4.485057772573782
0.3911473986351388	-2.6810548693465535	-4.494363065663492
0.39162473958349003	-2.686745111044729	-4.503702534449985
0.39209998729403056	-2.692460467136698	-4.513076246454148
0.3925731509460368	-2.6982009882631246	-4.522484270884888
0.3930442396785322	-2.703966711560497	-4.531926675263094
0.3935132625904638	-2.70975766403717	-4.541403530485695
0.3939802287408778	-2.7155739334702957	-4.550914907449624
0.39444514714909457	-2.7214155468682293	-4.560460875363788
0.39490802679488307	-2.727282551495591	-4.570041506813141
0.39536887661863407	-2.733174994617002	-4.579656874382636
0.3958277055215328	-2.7390929218090605	-4.589307050657226
0.39628452236573114	-2.7450363854004536	-4.598992111597909
0.3967393359745185	-2.7510054461599793	-4.608712128101615
0.39719215513249234	-2.7570001327840146	-4.618467176129343
0.39764298858572794	-2.763020504353335	-4.628257333330112
0.3980918450419473	-2.769066613196628	-4.6380826756649185
0.39853873317068705	-2.7751385099545587	-4.647943277406739
0.3989836616034664	-2.781236246955814	-4.657839217892615
0.39942663893395336	-2.787359878217103	-4.6677705764595885
0.3998676737181311	-2.793509454379091	-4.677737429068657
0.400306774474463	-2.7996850328345317	-4.687739856744884
0.40074394968405713	-2.805886665912112	-4.697777940513333
0.4011792077908304	-2.812114409316564	-4.707851759711048
0.40161255720167105	-2.8183683170645963	-4.717961397051113
0.40204400628660186	-2.824648454989074	-4.72810693187057
0.402473563378941	-2.8309548652905505	-4.738288450258551
0.4029012367754634	-2.8372876104258467	-4.748506031552097
0.40332703473656106	-2.843646749475738	-4.75875976352836
0.4037509654864023	-2.8500323398329783	-4.769049727212405
0.4041730372130909	-2.856444438890321	-4.779376010381384
0.404593258068824	-2.8628831074165646	-4.789738695748383
0.4050116361700499	-2.8693484061805066	-4.800137872778578
0.4054281795976244	-2.8758403925749008	-4.810573625873076
0.40584289639696725	-2.8823591290565673	-4.82104604280903
0.4062557945782171	-2.8889046763943043	-4.831555213051615
0.406666882116387	-2.8954770970449317	-4.842101224377984
0.40707616695151744	-2.9020764602173585	-4.852684167941334
0.40748365698883054	-2.908702818240272	-4.863304129830794
0.4078893600988822	-2.9153562369465362	-4.873961202887585
0.40829328411771443	-2.922036782169016	-4.884655479952926
0.40869543684700654	-2.9287445180525538	-4.895387048803968
0.40909582605422595	-2.9354795087419916	-4.9061560056579765
0.409494459472778	-2.942241820070194	-4.916962439980125
0.40989134480215567	-2.9490315161820035	-4.9278064479876775
0.41028648970808784	-2.955848667974351	-4.938688122521853
0.4106799018226878	-2.9626933379040565	-4.949607559799915
0.4110715887446004	-2.9695656002440955	-4.960564852663083
0.41146155803914886	-2.976465515763266	-4.97156009732862
0.4118498172384809	-2.9833931536704767	-4.982593393389834
0.4122363738417143	-2.990348586550681	-4.993664833687944
0.41262123531508155	-2.997332104743691	-5.004774519504281
0.41300440909207425	-3.0043433318205643	-5.015922547056107
0.4133859025735867	-3.0113825631851796	-5.02710901593673
0.4137657231280586	-3.0184498663584236	-5.038334025739459
0.4141438780916176	-3.025545317301294	-5.049597676057601
0.414520374768221	-3.032668983534677	-5.0609000681724865
0.4148952204297967	-3.0398209410195705	-5.072241303365445
0.4152684223163836	-3.0470012623409275	-5.083621481229784
0.4156399876362718	-3.054210018395679	-5.095040708110901
0.4160099235661413	-3.061447290208889	-5.1064990836021025
0.41637823725120104	-3.0687131419254	-5.117996714048786
0.4167449358053267	-3.0760076528822538	-5.129533700732281
0.4171100263111982	-3.0833308990404475	-5.141110151686007
0.41747351582043646	-3.090682956360979	-5.152726169879315
0.4178354113537395	-3.098063902492868	-5.164381861657603
0.41819571990101834	-3.1054738133971114	-5.1760773333662655
0.41855444842153167	-3.1129127667227294	-5.1878126930387225
0.41891160384402026	-3.1203808401187416	-5.199588048708392
0.4192671930668413	-3.1278781129221898	-5.211403508408694
0.41962122295810095	-3.1354046627820935	-5.223259180173045
0.4199737003557874	-3.142960574099561	-5.235155173722887
0.42032463206790305	-3.150545917771524	-5.247091600467684
0.4206740248725955	-3.158160779887112	-5.259068570128875
0.421021885518289	-3.1658052414713893	-5.271086194115924
0.4213682207238146	-3.17347938354942	-5.283144583838293
0.4217130371785397	-3.1811832871462684	-5.295243850705447
0.42205634154249766	-3.188917033286998	-5.307384111190913
0.42239814044651613	-3.1966807080607396	-5.319565475016134
0.4227384404923452	-3.2044743958686013	-5.331788058654638
0.42307724825278503	-3.212298177735647	-5.344051978579955
0.4234145702718126	-3.2201521380629856	-5.356357346201548
0.42375041306470834	-3.228036361251725	-5.368704279680969
0.4240847831181817	-3.2359509350790177	-5.381092895491747
0.42441768689049664	-3.24389594225795	-5.393523310107412
0.42474913081159626	-3.251871472253697	-5.405995641689515
0.4250791212832272	-3.2598775976512115	-5.41851001008763
0.42540766467906305	-3.2679144281719346	-5.431066531775286
0.42573476734482735	-3.2759820414648857	-5.443665328290081
0.42606043559841666	-3.2840805253072176	-5.456306519481586
0.42638467573002203	-3.2922099708521273	-5.468990223511355
0.42670749400225083	-3.3003704658767674	-5.481716565293027
0.42702889665024757	-3.3085620981582906	-5.494485664676176
0.42734888988181446	-3.316784960537916	-5.507297644886421
0.4276674798775312	-3.3250391441688407	-5.520152629149379
0.42798467279087427	-3.3333247385162394	-5.533050739002647
0.42830047474833605	-3.3416417773405556	-5.545992102735909
0.4286148918495429	-3.3499904665804934	-5.558976841886761
0.428927930167373	-3.3583708433725405	-5.572005084744887
0.429239595748074	-3.3667830022459384	-5.585076954535907
0.42954989461137916	-3.375227036041906	-5.598192579549504
0.4298588327506243	-3.3837030443537515	-5.611352086387342
0.43016641613286294	-3.392211113270605	-5.624555605027126
0.43047265069898205	-3.40075133900973	-5.63780326207052
0.4307775423638165	-3.4093238211644348	-5.651095185807208
0.43108109701626346	-3.41792865426396	-5.664431507902918
0.43138332051939604	-3.42656593452557	-5.677812358335359
0.4316842187105766	-3.4352357598545495	-5.691237867082236
0.4319837974015694	-3.4439382281561848	-5.704708165809279
0.4322820623786531	-3.452673435647739	-5.718223386182217
0.432579019402732	-3.4614414836105425	-5.7317836632428225
0.43287467420944803	-3.470242475013947	-5.745389130344847
0.43316903250929106	-3.479076502699172	-5.759039917465998
0.43346209998770907	-3.4879436679475475	-5.772736163024092
0.4337538823052185	-3.4968440737284254	-5.786478002060903
0.434044385097513	-3.5057778196351137	-5.800265567930182
0.43433361397557274	-3.5147450086369645	-5.814098999049747
0.43462157452577244	-3.5237460036587436	-5.827978430461371
0.43490827230998963	-3.5327803843829315	-5.841904003958916
0.4351937128657116	-3.5418485154223163	-5.855875852896133
0.4354779017061428	-3.55095049974625	-5.869894119066885
0.4357608443203112	-3.560086443700129	-5.88395894257701
0.43604254617317406	-3.569256451941328	-5.898070460156305
0.4363230127057238	-3.5784606308152433	-5.912228816974675
0.4366022493350931	-3.587699081603205	-5.926434151449939
0.4368802614546591	-3.596971910650609	-5.940686605375959
0.43715705443414815	-3.606279227678897	-5.9549863222346175
0.43743263361973916	-3.6156211390334647	-5.969333447195822
0.43770700433416687	-3.6249977527477313	-5.983728122053435
0.43798017187682486	-3.634409176855115	-5.99817049028934
0.4382521415238677	-3.6438555227650795	-6.012660698761465
0.43852291852831293	-3.6533368968230207	-6.027198894327739
0.4387925081201427	-3.6628534087503795	-6.041785220470047
0.43906091550640447	-3.672405171644641	-6.05641982742236
0.43932814587131164	-3.6819922952272464	-6.071102860354586
0.439594204376344	-3.691614887531614	-6.085834467812674
0.43985909616034696	-3.7012730785354506	-6.100614800030598
0.4401228263396313	-3.710966956015909	-6.115444007242331
0.4403854000080715	-3.7206966431986075	-6.130322236305801
0.44064682223720447	-3.7304622582450975	-6.1452496425190475
0.4409070980763274	-3.7402639075007755	-6.160226374428021
0.44116623255259524	-3.7501017091271933	-6.175252583954716
0.44142423067111775	-3.759975777909858	-6.190328426397173
0.44168109741505646	-3.7698862303222995	-6.205454053677386
0.44193683774572057	-3.779833184526069	-6.220629619405372
0.442191456602663	-3.789816755306674	-6.235855280567193
0.44244495890377566	-3.7998370591376442	-6.251131189084845
0.4426973495453844	-3.809894204052398	-6.266457505320432
0.442948633402344	-3.819988328468753	-6.281834381195949
0.44319881532813166	-3.830119538732106	-6.297261978761526
0.4434479001549413	-3.8402879580680747	-6.3127404533152
0.4436958926937766	-3.8504937063262332	-6.328269965219079
0.44394279773454387	-3.860736901668133	-6.343850671459222
0.444188620046145	-3.871017667319393	-6.359482734085759
0.4444333643765691	-3.8813361231295858	-6.375166315148817
0.44467703545298437	-3.8916923940123525	-6.390901571634458
0.4449196379818294	-3.9020865998172667	-6.406688670656877
0.4451611766489041	-3.9125188637699466	-6.422527770890156
0.4454016561194602	-3.9229893090960104	-6.438419037760468
0.44564108103829136	-3.9334980623971205	-6.454362635005964
0.4458794560298229	-3.9440452485869173	-6.470358728052815
0.44611678569820085	-3.954630990891019	-6.486407480639173
0.44635307462738155	-3.96525541759911	-6.5025090615672525
0.44658832738121934	-3.9759186536248308	-6.518663634575205
0.4468225485035554	-3.986620827257866	-6.534871370153269
0.44705574251830504	-3.9973620667879004	-6.5511324337276164
0.44728791392954537	-4.008142497128574	-6.567446995788487
0.4475190672216023	-4.0189622516336385	-6.583815225138096
0.4477492068591368	-4.029821455216734	-6.600237292266684
0.4479783372872316	-4.040720241231611	-6.616713367664488
0.4482064629314767	-4.051658737967955	-6.63324362350977
0.4484335881980552	-4.062637077091495	-6.6498282336688135
0.4486597174738279	-4.073655391955981	-6.6664673686318565
0.44888485512641846	-4.084713812539121	-6.683161203953205
0.44910900550429766	-4.095812472194666	-6.699909911811119
0.4493321729368672	-4.106951504276367	-6.716713669447927
0.44955436173454366	-4.118131042137975	-6.733572652417934
0.4497755761888414	-4.129351220821263	-6.7504870362754446
0.44999582057245563	-4.140612096030964	-6.767456999950809
0.45021509913934504	-4.151914351416053	-6.784482718998333
0.4504334161248137	-4.163257186854025	-6.801564375724411
0.45065077574559304	-4.174641285993857	-6.818702145683346
0.45086718219992333	-4.186066707916325	-6.8358962111815345
0.45108263966763457	-4.19753359441529	-6.853146751149325
0.4512971523102275	-4.20904207546846	-6.870453949581133
0.4515107242709537	-4.220592292869696	-6.887817988783354
0.4517233596748958	-4.232184385036817	-6.905239049374359
0.45193506262904715	-4.243818493763683	-6.922717317036586
0.4521458372223909	-4.25549476253218	-6.940252974076429
0.45235568752597943	-4.267213329760125	-6.957846209552372
0.4525646175930126	-4.278974340617424	-6.975497205770807
0.45277263145891605	-4.290777935209917	-6.993206151790218
0.45297973314141937	-4.30262425870751	-7.010973234981066
0.45318592664063373	-4.314513452904066	-7.028798641025787
0.4533912159391287	-4.3264456629694905	-7.046682560670888
0.4535956050020096	-4.33842103407369	-7.064625184662873
0.453799097776994	-4.350439728266792	-7.082626700372202
0.4540016981944878	-4.362501865398372	-7.100687301921425
0.45420341016766147	-4.374607602454489	-7.118807180057047
0.4544042375925252	-4.3867570879810955	-7.136986527213594
0.4546041843480044	-4.398950470524142	-7.155225537513616
0.45480325429601487	-4.411187898629578	-7.173524403391639
0.45500145128153674	-4.423469520843355	-7.191883322346257
0.45519877913268936	-4.435795487399446	-7.210302490188042
0.4553952416608049	-4.448165950219845	-7.228782101039542
0.4555908426605021	-4.460581061226549	-7.247322352399351
0.4557855859097595	-4.473040970653528	-7.265923443454085
0.45597947516998844	-4.485545843926957	-7.284585573390359
0.4561725141861057	-4.498095814400585	-7.303308941394789
0.45636470668660584	-4.51069104243652	-7.322093746653991
0.4565560563836331	-4.523331685020821	-7.340940193418646
0.4567465669730534	-4.536017894075485	-7.359848479187349
0.45693624213452544	-4.5487498265865725	-7.378818809898803
0.4571250855315718	-4.561527639540145	-7.397851388115669
0.45731310081164983	-4.574351489922265	-7.41694641977665
0.457500291606222	-4.587221534718992	-7.436104105756385
0.45768666153082616	-4.6001379393565	-7.455324657057645
0.45787221418514523	-4.613100850692717	-7.474608276243089
0.4580569531530767	-4.626110435841838	-7.493955174315488
0.45824088200280205	-4.639166851789923	-7.5133655555255245
0.4584240042868555	-4.652270274091279	-7.5328396325639915
0.4586063235421927	-4.6654208377876785	-7.552377614745637
0.458787843290259	-4.678618718433427	-7.571979711385211
0.4589685670370576	-4.691864078078652	-7.591646135173505
0.4591484982732169	-4.705157082149526	-7.611377098801313
0.4593276404740585	-4.7184978943842	-7.631172813271405
0.45950599709966383	-4.731886676832801	-7.651033494650619
0.4596835715949411	-4.745323599985568	-7.67095935731777
0.459860367389692	-4.758808825892629	-7.690950617339695
0.46003638789867785	-4.772342523356201	-7.711007490783231
0.4602116365216854	-4.785924859490478	-7.731130195403239
0.46038611664359286	-4.7995560047857	-7.751318948954577
0.4605598316344348	-4.8132361246680375	-7.771573969192104
0.4607327848494677	-4.8269653896277305	-7.791895478934748
0.4609049796292346	-4.84074397184304	-7.812283695937367
0.4610764192996292	-4.854572040116182	-7.832738843018888
0.46124710717196094	-4.86844976831344	-7.853261142998235
0.4614170465430182	-4.882377326925052	-7.873850818694336
0.4615862406951323	-4.896354891505325	-7.894508094614139
0.46175469289624105	-4.910382990405196	-7.915233195264591
0.4619224063999514	-4.924461086833617	-7.936026346840663
0.4620893844456029	-4.9385897091415245	-7.956887777225347
0.46225563025832955	-4.952769036259269	-7.977817710925592
0.4624211470491228	-4.9669992437411565	-7.998816377512412
0.46258593801489306	-4.981280505453469	-8.019884008244844
0.46275000633853175	-4.995613002014579	-8.04102083100588
0.4629133551889726	-5.009996914042858	-8.06222707874258
0.4630759877212528	-5.024432418780634	-8.08350298271398
0.46323790707657436	-5.0389196985343006	-8.104848774179118
0.4633991163823642	-5.053458932234207	-8.126264689461095
0.46355961875233487	-5.06805030387477	-8.147750961506972
0.46371941728654476	-5.082693994074361	-8.16930782495183
0.46387851507145783	-5.097390185139375	-8.190935519494815
0.4640369151800033	-5.112139062752249	-8.21263427977101
0.46419462067163475	-5.1269408125954214	-8.234404345479561
0.46435163459238976	-5.141795615287265	-8.256245954631595
0.46450795997494815	-5.156703661574284	-8.278159346926259
0.464663599838691	-5.171665135450894	-8.300144765438745
0.46481855718975856	-5.186680128070293	-8.3222024498682
0.4649728350211088	-5.20174902092549	-8.344332643289817
0.46512643631257483	-5.216871908545727	-8.36653559046681
0.46527936403092257	-5.232048978301464	-8.388811536162393
0.46543162112990805	-5.247280420939205	-8.41116072513978
0.4655832105503345	-5.262566427205456	-8.433583403850207
0.46573413522010926	-5.277907204726944	-8.456079820432933
0.4658843980542999	-5.293302925681928	-8.478650221339194
0.46603400195519107	-5.3087537909450475	-8.501294858084293
0.46618294981234015	-5.324259992950829	-8.52401398049551
0.4663312445026334	-5.339821727509843	-8.54680784008815
0.4664788888903413	-5.355439190432662	-8.569676688377513
0.4666258858271736	-5.371112579217879	-8.592620776878903
0.46677223815233526	-5.386842089676065	-8.615640363859711
0.4669179486925803	-5.402627920993837	-8.638735699147219
0.4670630202622671	-5.418470272357808	-8.66190704269684
0.46720745566341226	-5.4343693530827295	-8.685154651087942
0.4673512576857453	-5.450325348851038	-8.708478780899895
0.4674944291067619	-5.4663384639134165	-8.731879692088114
0.467636972691778	-5.482408904208569	-8.75535764291999
0.467778891193983	-5.498536870611133	-8.778912895038957
0.46792018735449314	-5.514722569059813	-8.802545711776474
0.46806086390240415	-5.530966200429248	-8.826256354775978
0.46820092355484405	-5.547267972346162	-8.850045089056948
0.4683403690170259	-5.563628092437284	-8.873912296112394
0.46847920298229984	-5.580046773393406	-8.897858006326715
0.4686174281322049	-5.596524211025098	-8.921882604568964
0.4687550471365212	-5.613060618023155	-8.945986357546644
0.46889206265332134	-5.629656205390347	-8.970169535343302
0.46902847732902153	-5.646311182441423	-8.994432406354463
0.46916429379843316	-5.663025761867175	-9.018775244039716
0.4692995146848133	-5.679800152982352	-9.04319831848261
0.4694341425999154	-5.696634568477748	-9.067701904830756
0.46956818014404006	-5.713529229484266	-9.092286273167701
0.4697016299060848	-5.730484343628632	-9.116951702017104
0.4698344944635946	-5.747500125289662	-9.141698466526577
0.469966776382811	-5.764576792222215	-9.166526841843734
0.4700984782187223	-5.781714557117084	-9.191437108180253
0.4702296025151126	-5.798914068174781	-9.216429544059793
0.47036015180461094	-5.816174697451061	-9.241504431382054
0.4704901286087403	-5.833497084706323	-9.266662046982674
0.47061953543796625	-5.850881451071473	-9.29190267782542
0.4707483747917455	-5.868328012613347	-9.317226605809992
0.47087664915857413	-5.885836995526915	-9.342634114524117
0.47100436101603554	-5.903408624319127	-9.368125490931561
0.4711315128308485	-5.921043121808907	-9.393701020308072
0.47125810705891474	-5.938740712503204	-9.419361102714902
0.47138414614536633	-5.956501625973033	-9.445105803984916
0.471509632524613	-5.974326085037319	-9.470936125115259
0.4716345686203889	-5.992214317579055	-9.496851159638027
0.47175895684579977	-6.010166553169256	-9.52285179545288
0.47188279960336943	-6.028183019690914	-9.548938327963697
0.47200609928508597	-6.046263946715044	-9.575111050886335
0.4721288582724483	-6.064409565500682	-9.601370259624673
0.4722510789365119	-6.082620108994888	-9.62771624958259
0.47237276363793457	-6.100895810144721	-9.65414931954001
0.4724939147270224	-6.119236900209216	-9.680669768276857
0.4726145345437746	-6.137643617199501	-9.707277892885031
0.47273462541792927	-6.156116194062633	-9.733973997208523
0.47285418966900794	-6.174654868809739	-9.7607583834033
0.47297322960636073	-6.193259877763921	-9.78763135362533
0.4730917475292106	-6.211931460624328	-9.814593211718602
0.47320974572669816	-6.230669853714062	-9.84164426321513
0.4733272264779254	-6.249475300108315	-9.868784815334948
0.4734441920520003	-6.268348044570303	-9.89601517529809
0.47356064470808007	-6.2872883318632375	-9.92333565201261
0.4736765866954152	-6.306296391558135	-9.950746557762614
0.4737920202533927	-6.3253724751702975	-9.978248199768132
0.4739069476115794	-6.344516824086895	-10.00584089368931
0.4740213709897651	-6.363729688135209	-10.03352495181025
0.47413529259800524	-6.38301131039043	-10.061300688103074
0.47424871463666385	-6.402361825894332	-10.08916841991595
0.4743616392964558	-6.421781724173343	-10.117128464597045
0.47447406875848935	-6.441271121700993	-10.145181137806503
0.474586005194308	-6.460830275056651	-10.17332676195656
0.4746974507659327	-6.480459437443642	-10.201565656083403
0.47480840762590343	-6.500158860377269	-10.229898142599268
0.47491887791732096	-6.519928798748879	-10.25832454560441
0.4750288637738879	-6.539769505761797	-10.28684518582304
0.4751383673199504	-6.559681237995392	-10.315460392419482
0.4752473906705388	-6.579664258781122	-10.344170491182012
0.47535593593140846	-6.599718814570224	-10.372975809586933
0.4754640051990808	-6.619845167006133	-10.401876676798565
0.47557160056088343	-6.6400435777322855	-10.430873423669254
0.4756787240949907	-6.660314306704095	-10.459966381051345
0.4757853778704636	-6.680657615564996	-10.489155883173225
0.47589156394728993	-6.701073764270404	-10.518442262575263
0.47599728437642413	-6.721563021215843	-10.547825855173869
0.47610254119982665	-6.742125646356726	-10.577306998573476
0.4762073364505035	-6.762761916528689	-10.606886028690496
0.47631167215254566	-6.783472083247034	-10.636563284817385
0.47641555032116795	-6.804256421659375	-10.66633910962264
0.47651897296274826	-6.825115200161235	-10.696213844086742
0.47662194207486575	-6.846048687148141	-10.726187829190167
0.4767244596463401	-6.867057154391659	-10.756261410977459
0.4768265276572695	-6.8881413733179215	-10.78643493380514
0.476928148079069	-6.9093006180773955	-10.816708747093799
0.4770293228745086	-6.930535660096211	-10.847083195199957
0.4771300539977511	-6.951846771145938	-10.877558629232226
0.47723034339438997	-6.973234229750233	-10.908135401987238
0.4773301930014869	-6.994698316120775	-10.93881386119756
0.4774296047476089	-7.016239327349467	-10.969594363035867
0.47752858055286623	-7.037857509887544	-11.000477263674838
0.4776271223289487	-7.059553157450864	-11.031462914223084
0.4777252319791632	-7.08132655362715	-11.062551675917348
0.47782291139847016	-7.103177978628082	-11.093743906618329
0.4779201624735202	-7.125107717729406	-11.12503996756277
0.4780169870826905	-7.147116057894891	-11.156440216611372
0.4781133870961215	-7.16920328271226	-11.187945018376922
0.4782093643757523	-7.19136967745726	-11.219554737472208
0.4783049207753572	-7.213615532469703	-11.251269738510018
0.4784000581405813	-7.2359411364013795	-11.283090389479185
0.47849477830897624	-7.258346761023859	-11.315017056680517
0.4785890831100355	-7.280832737189485	-11.347050109790871
0.47868297436522994	-7.303399338357849	-11.379189921863144
0.4787764538880428	-7.326046854868764	-11.411436862574192
0.47886952348400497	-7.348775585502153	-11.443791306664934
0.4789621849507296	-7.371585823973874	-11.476253628876293
0.47905444007794695	-7.394477869063849	-11.508824207325233
0.47914629064753905	-7.41745201786398	-11.541503416752676
0.4792377384335738	-7.440508584346389	-11.574291640339652
0.47932878520233974	-7.463647848722758	-11.607189254515106
0.4794194327123796	-7.486870119901141	-11.640196645836113
0.4795096827145247	-7.510175700037507	-11.673314194107661
0.4795995369519286	-7.5335648946638685	-11.706542285886826
0.4796889971601006	-7.5570380076242145	-11.739881307730684
0.47977806506693976	-7.58059534613858	-11.773331646196311
0.4798667423927676	-7.6042372174269985	-11.80689369290485
0.47995503085036195	-7.627963930397527	-11.8405678361014
0.4800429321449896	-7.6517758074624	-11.874354469095124
0.4801304479744395	-7.675673140649451	-11.90825398688321
0.4802175800290553	-7.69965624899487	-11.942266782774823
0.48030432999176825	-7.7237254481588025	-11.976393253455171
0.4803906995381297	-7.747881052113371	-12.010633797297487
0.4804766903363431	-7.772123376518721	-12.044988816051045
0.4805623040472967	-7.796452740411041	-12.079458706401056
0.4806475423245955	-7.820869459450478	-12.11404387516086
0.4807324068145927	-7.845373864489375	-12.148744724079734
0.4808168991564224	-7.869966261059744	-12.183561658282997
0.4809010209820304	-7.894646873668535	-12.218495086272014
0.4809847739162062	-7.9194162357307505	-12.25354541654815
0.48106815957661436	-7.9442745683772955	-12.28871305930079
0.48115117957382547	-7.9692221940204035	-12.32399842471932
0.4812338355113476	-7.994259441824397	-12.359401928057196
0.4813161289856569	-8.01938664939371	-12.394923982879845
0.481398061586229	-8.044604132388486	-12.430565006128745
0.481479634895569	-8.069912226725137	-12.46632541474537
0.4815608504892426	-8.09531126494403	-12.502205627359217
0.48164170993590616	-8.120801581273554	-12.53820606766385
0.48172221479733734	-8.146383509942098	-12.574327157664811
0.481802366628465	-8.17205797767383	-12.610569319367642
0.4818821669773992	-8.197824142145691	-12.64693297984195
0.4819616173854615	-8.223682925017783	-12.683418566157343
0.48204071938721416	-8.249634670646628	-12.720026507071452
0.48211947451049025	-8.275679721700726	-12.75675723302993
0.4821978842764229	-8.301818446168909	-12.793611177854473
0.48227595019947483	-8.328051147895167	-12.830588773678755
0.48235367378746746	-8.354378189804265	-12.867690454324475
0.4824310565416101	-8.380799916252727	-12.904916660365416
0.48250809995652905	-8.407316678349162	-12.942267827311298
0.4825848055202962	-8.433928825514158	-12.979744395735906
0.48266117471445813	-8.460636705480283	-13.017346809589071
0.48273720901406436	-8.487440674420213	-13.0550755111326
0.4828129098876962	-8.514341081754537	-13.092930944316322
0.48288827879749474	-8.541338285343954	-13.130913558154134
0.4829633171991894	-8.56843263967312	-13.16902379997191
0.4830380265421259	-8.595624505978776	-13.207262118783547
0.4831124082692943	-8.62291426237789	-13.245628968667006
0.4831864638173568	-8.650302232970716	-13.284124803700252
0.4832601946166756	-8.677788795874221	-13.322750076273223
0.4833336020913404	-8.705374310637126	-13.361505245527951
0.4834066876591961	-8.733059145248262	-13.40039076723042
0.4834794527318699	-8.760843664320419	-13.439407105586724
0.4835518987147988	-8.788728234154405	-13.478554721426917
0.48362402700725676	-8.816713226115098	-13.517834077269072
0.48369583900238156	-8.844799011567375	-13.557245639007306
0.4837673360872017	-8.872985975380288	-13.596789875911782
0.48383851964266333	-8.901274470350472	-13.636467253876617
0.483909391043657	-8.929664876282914	-13.67627824554802
0.4839799516590439	-8.958157567918533	-13.716223323572194
0.48405020285168254	-8.98675292506232	-13.756302962283371
0.48412014597845515	-9.015451221173862	-13.796517636015778
0.48418978239029353	-9.044253048748942	-13.836867824167712
0.4842591134322055	-9.073158676183084	-13.877354006137466
0.4843281404433008	-9.102168491721386	-13.917976663011359
0.4843968647568167	-9.131282881920924	-13.958736279251752
0.48446528770014413	-9.160502231650753	-13.999633339321008
0.4845334105948531	-9.18982692915597	-14.040668327681487
0.48460123475671824	-9.219257364369696	-14.081841737235663
0.4846687614957443	-9.248793928913074	-14.12315405413392
0.48473599211619117	-9.278437011031201	-14.164605772966752
0.4848029279165996	-9.308187020913465	-14.206197388324654
0.4848695701898158	-9.338044331612764	-14.247929396486143
0.4849359202230166	-9.36800934994244	-14.289802293729736
0.4850019792977344	-9.398082472587703	-14.331816579709994
0.4850677486898816	-9.428264101297827	-14.3739727557695
0.48513322966977573	-9.458554634446045	-14.416271328314906
0.4851984235021634	-9.488954478845699	-14.458712800376816
0.48526333144624545	-9.519464034558041	-14.50129767836188
0.48532795475570045	-9.550083721900592	-14.544026472052792
0.48539229467870965	-9.580813930806471	-14.586899694608292
0.48545635245798063	-9.611655076529132	-14.629917855811073
0.48552012933077143	-9.642607570945984	-14.67308147388394
0.48558362652891446	-9.673671825934434	-14.716391061985632
0.48564684527884044	-9.704848953901092	-14.759847140026977
0.4857097868016017	-9.736137861007592	-14.803450231294846
0.4857724523128962	-9.767539879103424	-14.847200854012044
0.4858348430230907	-9.79905532047269	-14.89109953652951
0.48589696013724437	-9.830684603744885	-14.935146802134113
0.48595880485513177	-9.862428193126107	-14.979343182552839
0.4860203783712664	-9.894286448165076	-15.023689206136623
0.48608168187492345	-9.926259821251733	-15.06818540461245
0.48614271655016295	-9.958348739455687	-15.112832314771367
0.4862034835758526	-9.990553631534567	-15.157630471716402
0.48626398412569033	-10.022874926246004	-15.202580413926626
0.48632421936822745	-10.055313055723673	-15.247682683257153
0.4863841904668908	-10.087868455477292	-15.292937818187056
0.4864438985800053	-10.120541557640536	-15.338346367323538
0.48650334486081653	-10.15333280278719	-15.38390887589776
0.4865625304575127	-10.186242626426974	-15.429625892516924
0.486621456513247	-10.219271494454006	-15.475497967476258
0.48668012416615974	-10.25241980861756	-15.52152565275901
0.48673853454940025	-10.28568802974769	-15.567709505412495
0.4867966887911487	-10.319076605170267	-15.614050079107983
0.48685458801463793	-10.352585982211167	-15.660547935956856
0.48691223333817524	-10.386216606508242	-15.707203634694451
0.486969625875164	-10.41996892876341	-15.754017740808195
0.487026766734125	-10.453843401366612	-15.800990816409467
0.48708365701871775	-10.487840480083833	-15.848123430361738
0.48714029782776236	-10.521960620681057	-15.895416153216502
0.48719669025526013	-10.556204305932624	-15.942869553837227
0.487252835390415	-10.590571957844077	-15.990484209527494
0.48730873431765453	-10.62506404906162	-16.03826069252682
0.48736438811665084	-10.65968104210333	-16.086199583514826
0.4874197978623415	-10.694423402863322	-16.13430146148312
0.48747496462495027	-10.729291597235715	-16.182566908799345
0.4875298894700077	-10.764286094490672	-16.230996511207195
0.4875845734583717	-10.799407363898354	-16.27959085276234
0.4876390176462483	-10.834655889921123	-16.32835052596056
0.48769322308521174	-10.870032126636943	-16.37727611992159
0.48774719082222484	-10.905536558508174	-16.42636822714121
0.4878009218996594	-10.941169661557069	-16.47562744349125
0.48785441735531604	-10.9769319134939	-16.525054369907593
0.48790767822244463	-11.012823798781028	-16.57464960226207
0.4879607055297638	-11.048845798504772	-16.624413744866615
0.48801350030148116	-11.084998397127492	-16.674347402033163
0.488066063557313	-11.121282094303751	-16.724451181449695
0.48811839631250387	-11.157697168557206	-16.77472569080419
0.48817049957784625	-11.194244492595317	-16.82517154116067
0.4882223743597002	-11.23092437532614	-16.87578934864723
0.4882740216600125	-11.267737309652148	-16.926579726015916
0.4883254424763363	-11.30468380197999	-16.977543294458883
0.48837663780185037	-11.34176433677203	-17.028680671792245
0.48842760862537804	-11.378979418746894	-17.079992482584203
0.4884783559314065	-11.416329549247166	-17.13147935140296
0.4885288807001057	-11.453815234679496	-17.18314190788078
0.48857918390734745	-11.491436976386467	-17.234980779961916
0.4886292665247241	-11.529195285838796	-17.286996598966653
0.48867912951956743	-11.567091489821905	-17.33919000127935
0.48872877385496716	-11.6051244539849	-17.391561624972383
0.48877820048978976	-11.643295516929356	-17.44411210643011
0.48882741037869687	-11.681605213758303	-17.496842090477003
0.48887640447216363	-11.72005403568619	-17.54975221856148
0.4889251837164973	-11.758642511063954	-17.602843140572077
0.4889737490538553	-11.79737116486649	-17.656115503021283
0.4890221014222636	-11.836240518692648	-17.709569957485655
0.4890702417556345	-11.875251099205343	-17.763207158917794
0.48911817098378524	-11.914403434755513	-17.817027763958322
0.48916589003245536	-11.953698052006075	-17.871032430935884
0.4892133998233249	-11.993135486060055	-17.92522182155517
0.48926070127403215	-12.03271617073915	-17.97959659920889
0.48930779529819146	-12.072440840333002	-18.0341574306658
0.48935468280541067	-12.112309932039352	-18.08890498438268
0.4894013647013089	-12.152324019785738	-18.14383993219235
0.4894478418875339	-12.192483591410564	-18.198962947615655
0.48949411526177944	-12.23278921408928	-18.254274705861462
0.4895401857178028	-12.273241433053045	-18.309775887202704
0.489586054145442	-12.313840796909062	-18.365467173600337
0.4896317214306328	-12.354587857640581	-18.421349248703336
0.4896771884554261	-12.395483170606894	-18.477422797848703
0.48972245609800474	-12.43652728779125	-18.533688511437504
0.4897675252327005	-12.477720767928986	-18.590147079870803
0.4898123967300112	-12.519064166379394	-18.646799200301757
0.48985707145661717	-12.560558075638255	-18.703645566507475
0.4899015502753982	-12.602203020680463	-18.76068688070518
0.4899458340454504	-12.643999577121576	-18.81792384342407
0.4899899236221022	-12.685948312137043	-18.87535716025741
0.4900338198569315	-12.728049796278356	-18.932987538486486
0.49007752359778184	-12.770304601785028	-18.990815688768635
0.49012103568877863	-12.81271330427262	-19.048842321761185
0.49016435697034577	-12.85527647935669	-19.10706815487356
0.4902074882792218	-12.897994721221039	-19.1654939072032
0.49025043044847566	-12.940868588601006	-19.22412029784755
0.49029318430752344	-12.983898672304349	-19.282948050968116
0.490335750682144	-13.027085559762781	-19.341977892414434
0.4903781303944949	-13.070429836719995	-19.4012105531001
0.49042032426312837	-13.113932093983749	-19.46064676225069
0.49046233310300724	-13.157592925737845	-19.52028725584387
0.4905041577255205	-13.201412924478063	-19.580132771545323
0.4905457989384989	-13.245392702956451	-19.64018404870876
0.490587257546231	-13.289532838476589	-19.700441830063937
0.49062853434947806	-13.333833940414479	-19.760906860028626
0.49066963014549003	-13.378296614770079	-19.821579889772693
0.4907105457280207	-13.422921465855325	-19.882461668777978
0.490751281887343	-13.467709103046218	-19.943552953278413
0.4907918394102646	-13.512660137406783	-20.004854496131884
0.49083221908014263	-13.557775183377089	-20.06636706032441
0.49087242167689904	-13.60305485202116	-20.12809140884201
0.4909124479770358	-13.648499761155108	-20.190028304670705
0.4909522987536497	-13.694110580923734	-20.2521785175486
0.49099197477644735	-13.739888827170944	-20.314542818901828
0.49103147681175996	-13.785832886147546	-20.37712198184454
0.4910708056225582	-13.83194500967511	-20.439916786242975
0.4911099619684673	-13.878225498221582	-20.502928008587332
0.4911489466057809	-13.92467498985934	-20.56615643380792
0.4911877602874764	-13.971294124348788	-20.62960284683504
0.49122640376322924	-14.018083536386257	-20.693268037663074
0.49126487777942723	-14.06504386573215	-20.757152797974413
0.49130318307918536	-14.112175755522912	-20.821257921139477
0.4913413204023597	-14.159479852271033	-20.88558420559275
0.49137929048556195	-14.206956802489003	-20.95013245314476
0.4914170940621737	-14.254607254377333	-21.01490346729406
0.4914547318623604	-14.302431878080824	-21.079898053227225
0.4914922046130856	-14.350431303231744	-21.145117022882914
0.49152951303812503	-14.398606199974893	-21.210561186511768
0.49156665785808046	-14.446957224950893	-21.27623136449256
0.4916036397903937	-14.495485041552456	-21.342128370451974
0.49164045954936036	-14.544190316548338	-21.40825303152087
0.4916771178461439	-14.593073716707295	-21.474606169766048
0.49171361538878894	-14.642135913862148	-21.541188614006387
0.49174995288223533	-14.691377578157699	-21.608001196436817
0.4917861310283316	-14.740799399995012	-21.67504475262831
0.49182215052584843	-14.790402037702734	-21.742320118151838
0.4918580120704925	-14.840186083776643	-21.80982813364244
0.49189371635491935	-14.890152412612224	-21.877569646487245
0.4919292640687473	-14.94030164371361	-21.945545499009313
0.4919646558985705	-14.990634432033403	-22.013756547035882
0.4919998925279722	-15.041151481476845	-22.082203639642103
0.49203497463753804	-15.09185347906896	-22.15088763771928
0.4920699029048692	-15.1427411219629	-22.21980939709465
0.49210467800459523	-15.193815112375887	-22.28896978541161
0.4921393006083876	-15.2450761491491	-22.358369665249484
0.4921737713849722	-15.296524939563824	-22.428009909315733
0.49220809100014234	-15.348162206093548	-22.497891388629796
0.4922422601167718	-15.399988637451315	-22.56801498265122
0.49227627939482754	-15.452004952734569	-22.63838156746351
0.4923101494913824	-15.504211871040752	-22.708992027590284
0.49234387106062777	-15.556610108091263	-22.779847250931198
0.4923774447538863	-15.609200388047611	-22.850948125385912
0.4924108712196245	-15.661983431695262	-22.922295545606175
0.4924441511034653	-15.714959969947813	-22.993890406243736
0.49247728504820015	-15.768130745535018	-23.06573360701441
0.492510273693802	-15.82149647080223	-23.137826052698074
0.49254311767743736	-15.875057888479205	-23.210168649762636
0.4925758176334785	-15.928815736231627	-23.282762308052042
0.49260837419351594	-15.982770758477272	-23.355607940786285
0.49264078798637057	-16.03692369456985	-23.42870646287338
0.49267305963810565	-16.091275297367247	-23.50205879934947
0.4927051897720391	-16.145826311287237	-23.57566587018664
0.4927371790087555	-16.20057749087573	-23.64952860379708
0.492769027966118	-16.255529588990612	-23.723647931969026
0.49280073725928025	-16.31068340744241	-23.798024788178736
0.49283230750069845	-16.36603962650406	-23.872660110966535
0.4928637393001429	-16.421600226225564	-23.94755484056077
0.49289503326471	-16.477363631682238	-24.022709923941875
0.492926189998834	-16.533331784099573	-24.098126308090286
0.4929572101042984	-16.5895054549037	-24.173804945050506
0.49298809418024786	-16.645885423960863	-24.249746791931102
0.49301884282319974	-16.702472469449276	-24.325952805840643
0.4930494566270554	-16.759267372923205	-24.40242395232781
0.4930799361831119	-16.816270921000978	-24.479161196941277
0.49311028208007335	-16.87348390367697	-24.556165510293795
0.49314049490406225	-16.93090715314611	-24.63343786468613
0.49317057523863084	-16.988541395257926	-24.710979239171138
0.49320052366477235	-17.04638745545526	-24.78879061617772
0.49323034076093225	-17.10444567471859	-24.86687297813478
0.49326002710301936	-17.162717773142504	-24.945227315911325
0.49328958326441713	-17.221204103523633	-25.02385462206439
0.4933190098159945	-17.279905476112617	-25.102755890839035
0.4933483073261171	-17.338822704536142	-25.1819321232324
0.49337747636065815	-17.397956607484957	-25.261384323617676
0.4934065174830093	-17.457308001961792	-25.341113498056075
0.4934354312540918	-17.51687772522564	-25.421120661048917
0.493464218232367	-17.5766665841511	-25.501406825409504
0.4934928789738473	-17.63667541599716	-25.5819730090152
0.493521414032107	-17.696905052958755	-25.662820238183485
0.4935498239582926	-17.757356330606854	-25.743949537543813
0.493578109301134	-17.818030089576496	-25.825361936789704
0.49360627060695456	-17.878927175566787	-25.90705847236677
0.49363430841968214	-17.940048444404965	-25.989040182408644
0.4936622232808592	-18.001394735038048	-26.071308110113023
0.49369001572965343	-18.06296691004536	-26.15386330036563
0.4937176863028682	-18.124765803309856	-26.23670680311625
0.493745235534953	-18.186792284162948	-26.319839673378738
0.4937726639580134	-18.24904714259901	-26.403262969542993
0.4937999721018217	-18.3115314032475	-26.48697775506298
0.4938271604938272	-18.374245837534545	-26.570985095080687