0.001994015960095852	-0.06330051208666418	-0.04216496156448766	-0.31752367134949366	-0.2962522819659475
0.003973160096400197	-0.08956513421133679	-0.059608961907130935	-0.4507134546020763	-0.42036969652282524
0.005940529547998619	-0.10977621284722469	-0.07299591318834896	-0.5541949209381265	-0.5166984927929349
0.007896217532795735	-0.12685925524322977	-0.08428198242443641	-0.6424977145587145	-0.5988090086957157
0.009840316348033173	-0.14194701328230497	-0.09422307233629293	-0.721229743703596	-0.6719407003948665
0.011772917381180081	-0.1556219252963744	-0.10320965371824029	-0.7932560217794268	-0.7387710408192593
0.01369411112067248	-0.16822645625745944	-0.11147121972553713	-0.8602714641066302	-0.8008842792448533
0.015603987166506572	-0.17998511522303035	-0.11915768700634718	-0.9233758798916665	-0.8593084927072238
0.017502634240684434	-0.19105409093523637	-0.1263738202539663	-0.9833298339114352	-0.9147540917776636
0.019390140197519168	-0.20154567128388876	-0.13319570304171885	-1.040686782757622	-0.9677399862797061
0.02126659203379727	-0.21154588855586703	-0.13967993906697768	-1.0958598297686248	-1.018650310217703
0.02313207589880395	-0.22112050306162712	-0.14587196400981192	-1.1491707114508158	-1.06778832020058
0.024986677104210542	-0.2303216901910455	-0.15180651002795148	-1.2008745752221148	-1.1153890992735718
0.026830480133828827	-0.2391930123017277	-0.1575118642360042	-1.2511732593081886	-1.1616477159496568
0.028663568653232052	-0.24776878746348072	-0.1630126569716784	-1.300240149675612	-1.2067174091150468
0.03048602551924695	-0.2560775000627367	-0.16832817469594785	-1.3482104831737016	-1.2507322838446355
0.03229793278931603	-0.26414432456869796	-0.17347415711055572	-1.3952041486082702	-1.2937995830154654
0.034099371730735184	-0.2719913202335147	-0.17846511222290723	-1.4413238154244694	-1.3360150847471342
0.03589042282976607	-0.2796358067730646	-0.1833143542067856	-1.4866503839447254	-1.3774594909541322
0.03767116580062618	-0.28709274754218495	-0.18803225851584934	-1.531261760884596	-1.4182009252680976
0.039441679594358625	-0.29437607958441186	-0.19262713783376295	-1.5752247196574192	-1.4583003910619887
0.04120204240758352	-0.30149880110659905	-0.1971071150531746	-1.618591827202566	-1.4978104610409353
0.042952331691131884	-0.3084720338857453	-0.2014801160271261	-1.661414520429512	-1.5367778526572813
0.04469262415856501	-0.3153042859519306	-0.20575349479807017	-1.7037392904411313	-1.5752446008701182
0.0464229957945802	-0.3220036251677242	-0.20993231448445238	-1.7456056277765588	-1.6132474353429955
0.04814352186330523	-0.32857791194073055	-0.21402103835097624	-1.7870474878378755	-1.650819322297768
0.04985427691648214	-0.33503477677519483	-0.21802431846353554	-1.828097481061795	-1.6879898334196628
0.051555334801544506	-0.34138120349126	-0.22194691827577037	-1.8687838301210966	-1.7247856617689852
0.05324676866958539	-0.3476221388545979	-0.22579359582578612	-1.9091314459123834	-1.7612306848557233
0.054928650983222915	-0.3537620840768606	-0.22956777484947138	-1.9491659802314405	-1.7973463555558666
0.05660105352436112	-0.35980565076239895	-0.23327181443493347	-1.9889079265987617	-1.833152626118096
0.058264047401848595	-0.3657575121895748	-0.23690832686033178	-2.028376844328888	-1.8686674438970703
0.05991770305903804	-0.3716223657916033	-0.2404801563949313	-2.067590386763608	-1.903907238682165
0.06156209028124582	-0.37740452412745235	-0.24399032125991232	-2.1065643535425655	-1.9388868578994065
0.06319727820311433	-0.3831066799786745	-0.24744193856326827	-2.145314221224		-1.9736193270509756
0.06482333531587925	-0.38873133646925584	-0.25083715210232876	-2.1838536066277827	-2.008117489127673
0.0664403294745412	-0.3942812032858334	-0.2541771496787184	-2.2221947235836503	-2.0423935008696863
0.06804832790494508	-0.39975915182527755	-0.2574633698040887	-2.2603485677700625	-2.0764570532423536
0.06964739721076729	-0.40516817742883754	-0.26069750488359617	-2.298325682090971	-2.1103175312318094
0.0712376033804123	-0.4105113161355211	-0.26388145424056986	-2.336136125298868	-2.1439843598952115
0.07281901179382139	-0.4157906825876248	-0.2670172840610169	-2.3737896348479377	-2.177463187602986
0.07439168722919226	-0.4210077749244239	-0.2701069382869224	-2.411291299745368	-2.210765417528065
0.07595569386961304	-0.42616427163846443	-0.2731512986638271	-2.448652491278503	-2.2438957283121193
0.07751109530961053	-0.431262003818623	-0.27615119759280776	-2.4858785655273126	-2.2768608832792787
0.07905795456161552	-0.4363029276072268	-0.27910767365858713	-2.5229755378141534	-2.309666336603124
0.08059633406234445	-0.44128910475271077	-0.28202193463781866	-2.559948641944239	-2.342316842200569
0.08212629567909946	-0.4462222004301572	-0.2848953298549415	-2.5968040766535876	-2.3748163655985777
0.08364790071598976	-0.4511031143746449	-0.2877292953963962	-2.633546085317731	-2.4071717363212795
0.08516120992007176	-0.4559328769988784	-0.29052461017438347	-2.6701792974319227	-2.4393853861889383
0.08666628348741207	-0.4607127100430919	-0.2932816840082947	-2.7067105106413	-2.4714605004453034
0.08816318106907461	-0.4654439994546366	-0.2960011450165009	-2.743139696922117	-2.5034006028741738
0.08965196177703061	-0.4701282714152731	-0.2986838183221453	-2.779470891472639	-2.5352090418088484
0.09113268418999432	-0.4747670626849396	-0.30133069911520494	-2.8157058875882734	-2.5668886706255956
0.09260540635918552	-0.47936111841933216	-0.3039429298896153	-2.851849955354039	-2.5984418846685293
0.09407018581401966	-0.48391095215529023	-0.30652147660271056	-2.887904734992926	-2.6298706555409477
0.09552707956772521	-0.48841726575366246	-0.30906654922410653	-2.9238734743394854	-2.661176562336177
0.0969761441228928	-0.4928809277006247	-0.31157840460653063	-2.9597541006087744	-2.6923608163178514
0.09841743547695214	-0.49730295242980127	-0.31405748792185817	-2.995553196827659	-2.723424631248033
0.09985100912758371	-0.5016844817682025	-0.3165044100474964	-3.031269195483259	-2.754369602935153
0.1012769200780596	-0.5060267328396392	-0.31891992724160817	-3.066903387752037	-2.78519703012707
0.10269522284252064	-0.5103303092638548	-0.32130492292710566	-3.102455654347855	-2.815907857291766
0.10410597145118644	-0.5145954168634307	-0.3236602591736154	-3.1379289623496183	-2.8465026989472433
0.10550921945550096	-0.5188224301263834	-0.32598607580910177	-3.1733228027884297	-2.8769818620845418
0.10690501993321483	-0.5230118847661198	-0.3282824149174384	-3.2086367389357795	-2.90734536687542
0.10829342549340448	-0.5271644601757302	-0.3305494935961389	-3.2438709241922	-2.9375929654007367
0.10967448828142962	-0.5312809634946005	-0.3327876851410492	-3.279025775703961	-2.9677242826413264
0.11104825998382906	-0.5353623151308484	-0.3349975019474385	-3.3141013826302292	-2.997739436732315
0.11241479183315717	-0.5394094567048233	-0.33717957996608444	-3.3490975069483766	-3.0276384854127993
0.11377413461276037	-0.5434226442192138	-0.33933466637557735	-3.3840136021358758	-3.057421214850769
0.1151263386614948	-0.5474019125755107	-0.34146339844916895	-3.4188488305571707	-3.0870871569053646
0.11647145387838759	-0.5513474558915253	-0.3435657292712026	-3.4536020796731015	-3.116635605241221
0.11780952972723985	-0.5552596130593674	-0.345641607679698	-3.488271977183467	-3.146065630397977
0.11914061524117386	-0.5591388536065074	-0.3476911353759243	-3.5228569546996504	-3.175376093910477
0.12046475902712556	-0.5629857647248566	-0.3497145519720241	-3.5573559361814504	-3.204565661566534
0.12178200927028171	-0.566801039366786	-0.3517122212729448	-3.591767993580304	-3.2336328424487966
0.12309241373846402	-0.5705854379990021	-0.35368461868943807	-3.6260919275039383	-3.2625765555706057
0.12439601978645937	-0.5743392478524609	-0.3556323196832161	-3.660326279327727	-3.291395902780733
0.1256928743602974	-0.5780624835928599	-0.3575559032849996	-3.694469344831114	-3.320089779342939
0.1269830240014792	-0.5817552880325922	-0.3594554057733866	-3.728519187057869	-3.348656883248557
0.1282665148511507	-0.5854179069916253	-0.3613307919508013	-3.7624736484783985	-3.377095727452785
0.12954339265422998	-0.5890506799557202	-0.36318214407833216	-3.7963303625101896	-3.4054046514637353
0.1308137027634823	-0.5926540314419745	-0.36500964091598675	-3.8300867626608053	-3.4335818323413885
0.13207749014354792	-0.5962284630158251	-0.3668135487458265	-3.8637402249856416	-3.4616252951571744
0.13333479937492054	-0.5997745333667802	-0.3685942130771878	-3.897288735512056	-3.4895329229556156
0.13458567465787963	-0.6032923524369632	-0.3703520538269255	-3.9307302725067066	-3.5173024578429293
0.1358301598163742	-0.6067818625025461	-0.37208748938524877	-3.964062597834199	-3.5449318526152256
0.13706829830186185	-0.6102431344791577	-0.37380046328673044	-3.9972832681077333	-3.572419489257989
0.13830013319710172	-0.6136763576961106	-0.3754908973266034	-4.030389645344843	-3.599763630106414
0.13952570721990187	-0.617081829995995	-0.37715883383463955	-4.063378907172292	-3.626962402435918
0.1407450627268228	-0.6204599485238366	-0.37880442540154347	-4.096248056622227	-3.654013733364596
0.14195824171683763	-0.6238112011561157	-0.38042792532923525	-4.128993931551474	-3.6809154911859663
0.14316528583494814	-0.6271360763892108	-0.38202967875214006	-4.161613213721387	-3.7076653968649924
0.14436623637575913	-0.6304345670593504	-0.3836101152801759	-4.194102467413129	-3.7342610581569313
0.14556113428701	-0.6337065603641754	-0.3851695803736889	-4.226458711408419	-3.760699977980697
0.14675002017306543	-0.6369520591104073	-0.3867079552258644	-4.258679061048662	-3.786979562498317
0.1479329342983644	-0.6401711728777536	-0.38822512629991257	-4.290760443589492	-3.813097128919627
0.14910991659083056	-0.6433641096896117	-0.3897210871711429	-4.322699666730078	-3.839050187012251
0.15028100664523975	-0.6465311682226145	-0.3911959299607394	-4.354493425903898	-3.8648366159683514
0.15144624372655208	-0.6496727305197297	-0.3926498373322077	-4.386138311369706	-3.8904541003893396
0.15260566677320142	-0.6527892572889041	-0.394083075013371	-4.417630815116458	-3.915900257681842
0.15375931440034984	-0.6558810212669896	-0.39549598480786735	-4.448967337600886	-3.9411726449989
0.15490722490310177	-0.6589478498224409	-0.3968889729735788	-4.480144194326134	-3.9662687652271833
0.15604943625968298	-0.6619896245920391	-0.3982621645067063	-4.511157588402621	-3.991186072795312
0.15718598613458118	-0.6650063315052095	-0.39961536821096816	-4.542003748357417	-4.015921979315504
0.15831691188165126	-0.6679980532267629	-0.4009484770014639	-4.572679286088427	-4.0404738590658935
0.15944225054718497	-0.6709649620566343	-0.4022614793612335	-4.603180800924337	-4.06483905432425
0.16056203887294362	-0.6739073132571985	-0.4035544521119719	-4.633504770572295	-4.089014849436081
0.1616763132991586	-0.6768254387820946	-0.4048275536301086	-4.663647567608668	-4.112998512775125
0.16278510996749496	-0.6797197430646934	-0.40608101747818953	-4.693605467261067	-4.13678770006813
0.1638884647239825	-0.6825905599102127	-0.4073151464275152	-4.723374655033023	-4.160380058445912
0.16498641312191292	-0.6854377280580741	-0.4085303096080596	-4.752951234183711	-4.183773178016008
0.16607899042470375	-0.6882610659591635	-0.40972672863400167	-4.7823312330732	-4.2069645985598925
0.1671662316087303	-0.6910604900150021	-0.4109034850238092	-4.811510612379242	-4.229951816055836
0.16824817136612424	-0.6938360079277514	-0.41206112647993137	-4.840485289951285	-4.2527322890321875
0.16932484410754162	-0.6965877124268115	-0.4131998106724221	-4.869251507311262	-4.275303444760326
0.17039628396489864	-0.699315775347602	-0.41431966896088357	-4.8978057452491806	-4.297662685295146
0.17146252479407703	-0.7020204420432161	-0.4154208386270699	-4.926144420476116	-4.319807393365353
0.17252360017759816	-0.704702026110048	-0.41650347023169393	-4.954263885834157	-4.341732821224534
0.17357954342726772	-0.7073608919433985	-0.41756767777002046	-4.982160437444298	-4.363440237903523
0.17463038758679017	-0.7099970878614764	-0.41861346954503603	-5.009830321735119	-4.3849278899439925
0.17567616543435383	-0.7126104542058898	-0.4196408603052438	-5.03726974235448	-4.406189089070826
0.1767169094851868	-0.7152009228375635	-0.4206498783665355	-5.064474866970691	-4.427223854761965
0.17775265199408496	-0.7177684914644681	-0.4216405646093632	-5.091441833965017	-4.448030001952509
0.17878342495791033	-0.7203132193488326	-0.4226129715351864	-5.118166759023694	-4.46860529913242
0.17980926011806292	-0.7228352232410395	-0.42356716237647374	-5.144645741624292	-4.488947525147448
0.18083018896292408	-0.7253346735295659	-0.4245032102574064	-5.170874866169909	-4.509054461624614
0.1818462427302726	-0.7278117905942384	-0.42542119740362905	-5.196850569400772	-4.528923898019601
0.18285745240967516	-0.7302668580571241	-0.426321214396911	-5.222569543643375	-4.548553636523758
0.18386384874484818	-0.7326999213243562	-0.4272033594735524	-5.24802845508052	-4.567941496832878
0.18486546223599531	-0.7351107987877596	-0.4280677378624973	-5.273223947938896	-4.5870853207843485
0.18586232314211798	-0.7374993892704581	-0.42891446116280546	-5.298152651224786	-4.605982976855635
0.18685446148330115	-0.7398656727908552	-0.42974364675695487	-5.322811185337753	-4.624632364537288
0.18784190704297293	-0.7422097054757117	-0.430555401185342	-5.34719616856448	-4.643031526388234
0.18882468937014024	-0.7445316147286722	-0.4313497229317817	-5.371304223456039	-4.661178781251827
0.1898028377815993	-0.7468315946419858	-0.43212663846984845	-5.395131983086247	-4.67907239981181
0.19077638136412184	-0.7491099016387519	-0.4328861904128692	-5.418676110613891	-4.6967106832960175
0.19174534897661794	-0.7513668304864504	-0.4336284260307975	-5.441933249053378	-4.714091969934101
0.19270976925227373	-0.753602376649814	-0.4343533968817736	-5.464899300953416	-4.7312142495395
0.19366967060066825	-0.7558163452623946	-0.4350611584642506	-5.487572389653704	-4.748076278695962
0.194625081209864	-0.758008616088619	-0.43575176988858444	-5.509949955681966	-4.764676596828725
0.19557602904847765	-0.7601791437229012	-0.4364252935670861	-5.532027760550216	-4.781013765510567
0.19652254186772639	-0.7623279531049489	-0.4370817949217025	-5.553803910941993	-4.797086386982535
0.19746464720345241	-0.7644551352493261	-0.43772134210811037	-5.575275709514843	-4.812893107499671
0.19840237237812608	-0.7665608431794694	-0.43834400575550664	-5.596440497027408	-4.828432620544989
0.19933574450282654	-0.7686452880568072	-0.4389498587215079	-5.61729565751525	-4.84370366991174
0.20026479047920165	-0.770708736237595	-0.4395389875874684	-5.6378386233278075	-4.858703381343153
0.20118953700140585	-0.7727514204105553	-0.44011182609542554	-5.65806688002547	-4.873433586001588
0.2021100105580187	-0.7747731930259513	-0.44066868950972815	-5.677977971137704	-4.8878919196845985
0.20302623743394022	-0.7767738706305616	-0.44120692928580696	-5.6975695027801665	-4.902077405226559
0.20393824371226899	-0.7787533434452797	-0.44173029845831385	-5.716839148129485	-4.9159891342782025
0.2048460552761575	-0.7807115711634529	-0.44223675439325655	-5.73578465116305	-4.929628496660106
0.20574969781064878	-0.782648578940878	-0.44272554901817646	-5.7544038700034355	-4.942991002970589
0.2066491968044935	-0.7845644535677885	-0.4431981344934279	-5.772694970128976	-4.956076742354651
0.207544577551947	-0.7864593398158762	-0.44365544941008656	-5.790656238423527	-4.9688854909850955
0.20843586515454787	-0.7883334369519595	-0.44409580065329346	-5.80828602336408	-4.981416846151073
0.20932308452287685	-0.7901869954103669	-0.4445198881446827	-5.825582738977209	-4.993669275706449
0.21020626037829804	-0.7920202840828915	-0.4449274025247587	-5.84254698548001	-5.005645458415974
0.2110854172546801	-0.7938332280033431	-0.4453215673168322	-5.859172605430934	-5.017343403667544
0.2119605795001009	-0.7956239275185902	-0.44569718070967623	-5.8754616053073	-5.028764109257499
0.21283177127853292	-0.7973953432607563	-0.4460555607934978	-5.891411732318493	-5.039903925223146
0.2136990165715114	-0.7991462152801385	-0.4463997523837476	-5.907021746952481	-5.050764656015834
0.21456233917978468	-0.800876553421435	-0.4467268965809035	-5.92229056767757	-5.061346262914796
0.21542176272494684	-0.8025863766703529	-0.44704066203908366	-5.937217217641705	-5.071648772497874
0.21627731065105438	-0.8042757126073424	-0.44733546069081814	-5.951800766971481	-5.081672723701178
0.21712900622622405	-0.8059445968863745	-0.44761555739790265	-5.966040544879319	-5.091417707238591
0.21797687254421555	-0.807593072737039	-0.44787942825311416	-5.979933356081801	-5.100882442128636
0.21882093252599683	-0.8092211904899446	-0.4481291057661473	-5.993483747217606	-5.110070319764682
0.21966120892129326	-0.810829007123161	-0.4483623668291316	-6.00668883687108	-5.118980188121772
0.22049772431012027	-0.8124165858301733	-0.448579331348986	-6.019548200441619	-5.127612009845602
0.22133050110430097	-0.8139839956068892	-0.4487807907728925	-6.03206259019184	-5.135967173321055
0.2221595615489665	-0.8155313108584612	-0.44896910574534743	-6.0442291308311855	-5.144045844363984
0.22298492772404205	-0.8170586110236162	-0.4491384932491592	-6.056048606827944	-5.151853138573733
0.22380662154571695	-0.8185659889463666	-0.4492940596434785	-6.06752131612173	-5.159380771825524
0.22462466476789938	-0.8200535023516101	-0.44943381589434855	-6.078647668389101	-5.166633816949279
0.2254390789836564	-0.8215211314738781	-0.4495588052389185	-6.08942807749206	-5.173613183634799
0.2262498856266386	-0.8229688633219102	-0.4496679716355842	-6.0998629806203954	-5.180319831665982
0.22705710597249096	-0.8243966949150244	-0.44976173536846387	-6.109953012756057	-5.186752576924903
0.2278607611402475	-0.8258046327369046	-0.44984154480224525	-6.119698734365002	-5.192917160969237
0.22866087209371377	-0.8271926922119659	-0.44990577181683916	-6.12910031632774	-5.19881166951881
0.2294574596428331	-0.8285608972047933	-0.4499540919695503	-6.138158470899958	-5.204438272784751
0.23025054444504028	-0.8299092795403679	-0.4499870036492009	-6.146875302773995	-5.209797694056938
0.23104014700660053	-0.8312378785445476	-0.45000531530257454	-6.155248998957308	-5.214892517450868
0.2318262876839352	-0.8325467406046234	-0.4500086730926387	-6.163282038209717	-5.219721238526189
0.23260898668493363	-0.8338359187481904	-0.44999838146639054	-6.170975517143402	-5.224284920020553
0.23338826407025198	-0.8351054722404168	-0.4499714025689163	-6.178330624474318	-5.228589324063858
0.23416413975459838	-0.8363554661983529	-0.44993052480909185	-6.185348671854479	-5.232626678911979
0.2349366335080056	-0.837585971221895	-0.4498743284294238	-6.192030864761416	-5.236417546261022
0.2357057649570901	-0.8387970630408655	-0.44980383323046236	-6.198378854384337	-5.239944549564378
0.236471553586299	-0.8399888221770117	-0.4497167312029296	-6.204397513199051	-5.243214113532897
0.23723401873914385	-0.8411612973243	-0.44961791796690925	-6.210081352649549	-5.246231236280914
0.2379931796194223	-0.8423144589996119	-0.44950204376875474	-6.215435776566878	-5.248999216035162
0.23874905529242707	-0.843448325297454	-0.4493724467063733	-6.220462643466084	-5.251511530675739
0.23950166468614326	-0.8445629203487343	-0.4492292920466354	-6.225163872689923	-5.253777369375802
0.2402510265924333	-0.8456582717977917	-0.44906932248957415	-6.229537421409811	-5.255799477588714
0.24099715966820978	-0.8467344106052855	-0.44889800549775977	-6.2335936336271045	-5.257576357776615
0.24174008243659673	-0.8477913708592045	-0.4487086350564483	-6.237333993480928	-5.259110272339569
0.24247981328807944	-0.8488291895940053	-0.44850676273566276	-6.240753308766324	-5.2604030808455295
0.24321637048164235	-0.8498479066170807	-0.4482920840498413	-6.2438575073003895	-5.261456802792114
0.24394977214589614	-0.8508475643427373	-0.4480616178735794	-6.246647695227752	-5.262273194218275
0.24468003628019264	-0.8518282076331348	-0.44781683639914893	-6.249127831319509	-5.262855151818566
0.24540718075572993	-0.8527898836459811	-0.4475559158250118	-6.25130066979708	-5.263204557269465
0.2461312233166451	-0.8537326416885799	-0.44728294091106624	-6.253166783186892	-5.263325609667942
0.24685218158109712	-0.8546565330784164	-0.44699500429293937	-6.2547312563534225	-5.2632189183982785
0.2475700730423384	-0.8555616178044759	-0.4466948568750963	-6.255995247097272	-5.262886695132527
0.248284915069776	-0.8564479933506081	-0.4463786044276056	-6.256961815480027	-5.262331204359527
0.24899672491002273	-0.8573156706314988	-0.44604879940700387	-6.257636531869315	-5.261554772556621
0.2497055196879362	-0.8581646485327266	-0.4457048449029939	-6.258012308214308	-5.260559804877926
0.25041131640765046	-0.8589949342476043	-0.44534739853188315	-6.258102730054422	-5.259348788899953
0.2511141319535942	-0.8598065428564091	-0.4449781587367211	-6.2579072859796305	-5.257924424438538
0.251813983091502	-0.8605994969224999	-0.4445929455287788	-6.2574287279337035	-5.256287081067152
0.252510886469413	-0.8613738261033543	-0.44419379771612844	-6.2566715246145534	-5.254441544451257
0.253204858618662	-0.8621295667766854	-0.4437810423215328	-6.255634788531036	-5.25238971823755
0.25389591595485883	-0.8628667616810819	-0.4433527999233433	-6.254322837790036	-5.2501339942003105
0.25458407477886	-0.8635854595704765	-0.4429129609163955	-6.252740935121417	-5.2476794735868095
0.25526935127772954	-0.8642855279240237	-0.4424589792702046	-6.250891026591402	-5.245024788651766
0.25595176152569077	-0.8649672088273167	-0.4419918306563607	-6.248775628356578	-5.242172595211575
0.2566313214850695	-0.8656316617924806	-0.4415109009488849	-6.2463986942401055	-5.239125295774396
0.25730804700722665	-0.8662774443331281	-0.4410163276182462	-6.24376574169266	-5.235888687947765
0.2579819538334832	-0.8669050494774695	-0.44050827235552975	-6.2408738153314856	-5.232459788575903
0.25865305759603585	-0.8675140717738179	-0.4399867969841537	-6.2377315652429886	-5.228849815947745
0.2593213738188626	-0.8681045412619878	-0.43945196715930246	-6.234341391298203	-5.225052116940373
0.2599869179186215	-0.8686768822268682	-0.4389038521245676	-6.230706132597896	-5.221073414829951
0.2606497052055392	-0.869230801759447	-0.4383425266011534	-6.2268291507552584	-5.2169187790332785
0.2613097508842914	-0.8697679872953163	-0.4377680340591367	-6.222713834996578	-5.212589418697796
0.2619670700548754	-0.8702871366318677	-0.43718038025488726	-6.2183636033005465	-5.2080829662374475
0.262621677713473	-0.8707873576402128	-0.43657957599812913	-6.213782180169716	-5.203407892127227
0.2632735887533063	-0.8712714169648472	-0.43596563812527583	-6.208972451301577	-5.198564975336745
0.26392281796548483	-0.8717358307774619	-0.43533858919012264	-6.203937775413158	-5.193556742314106
0.26456938003984415	-0.8721822836208598	-0.43469845716633754	-6.1986819078614035	-5.188388428356067
0.2652132895657773	-0.8726115317022991	-0.4340452751605978	-6.19320787319879	-5.183053544547202
0.2658545610330574	-0.873024308999369	-0.43337908113735185	-6.187522685503844	-5.177564942098349
0.26649320883265304	-0.8734176909023951	-0.43269991765374344	-6.181620411798524	-5.171927134825436
0.26712924725753573	-0.8737931480649405	-0.43200783160484474	-6.175514088687782	-5.166127198755911
0.2677626905034791	-0.8741524468869724	-0.4313028739785761	-6.169201542295738	-5.16018599129915
0.268393552669852	-0.8744921822536692	-0.4305850996201741	-6.162695667906384	-5.154090869138976
0.2690218477604017	-0.8748166792717147	-0.4298545670060038	-6.155985808817893	-5.1478555292184165
0.2696475896840325	-0.8751238750067248	-0.4291113380254097	-6.149088481702165	-5.141472902459541
0.27027079225557427	-0.8754105142701172	-0.42835547777219435	-6.141992601490752	-5.134953936492351
0.27089146919654583	-0.8756824597238533	-0.4275870543434029	-6.134719937880485	-5.128300886064463
0.27150963413590956	-0.8759376146089923	-0.4268061456049674	-6.127257924821687	-5.121508537849883
0.2721253006108202	-0.8761730336389439	-0.42601279902663275	-6.119617161879066	-5.114589012784957
0.2727384820673654	-0.8763929789117685	-0.42520701822695917	-6.111803387383603	-5.107534561082286
0.27334919186130047	-0.8765948847637262	-0.42438881203666035	-6.1038148222518815	-5.100357881585617
0.27395744325877514	-0.8767805524283983	-0.423558195224174	-6.095651229921438	-5.09305835064202
0.27456324943705424	-0.8769477196925809	-0.422715187855416	-6.087330524239472	-5.0856340817581245
0.27516662348523124	-0.8770976257004708	-0.4218598157201028	-6.078842404339821	-5.078084792377645
0.27576757840493565	-0.8772321608768234	-0.42099211082117877	-6.070193711507084	-5.070427584073165
0.276366127111033	-0.877349372474821	-0.4201121089548136	-6.061390859644037	-5.062652469980959
0.27696228243231863	-0.8774486542118751	-0.41921985037364684	-6.0524350530736175	-5.054765821301976
0.2775560571122058	-0.8775317251856928	-0.4183153795511097	-6.043329494394995	-5.0467693921325525
0.2781474638094059	-0.8775980446995211	-0.4173987449545288	-6.034077641375902	-5.038665634713009
0.2787365150986038	-0.877647823554298	-0.416469998826693	-6.024685987981243	-5.030456764485875
0.2793232234711255	-0.8776799770505602	-0.41552919697503427	-6.015148884708321	-5.022144626738765
0.2799076013356012	-0.8776955839610615	-0.41457639856933515	-6.005481448202103	-5.01373203423083
0.28048966101862083	-0.8776944466336484	-0.41361166594654913	-5.995670300477334	-5.0052210165477895
0.2810694147653843	-0.877677855142086	-0.4126350644227012	-5.985741451046209	-4.996612127247067
0.28164687474034555	-0.8776434143410746	-0.41164666211242446	-5.975677790344117	-4.987912608844093
0.2822220530278505	-0.8775927210643727	-0.4106465235933479	-5.965493545363026	-4.979122179957134
0.2827949616327695	-0.8775261506461409	-0.4096366177140618	-5.955180021030319	-4.97024111752007
0.28336561248112335	-0.8774453998483585	-0.4086129026914054	-5.944754476572644	-4.961273085264827
0.28393401742070434	-0.8773456902318166	-0.40757736158950947	-5.934219436923087	-4.952220279366337
0.2845001882216913	-0.8772285388135417	-0.40653007954670184	-5.923566811041641	-4.9430848551032
0.28506413657725843	-0.8770962888071948	-0.40547116499686664	-5.912804103913273	-4.933868937178813
0.28562587410417917	-0.8769467832173282	-0.40440074855191277	-5.901936390276477	-4.924574610963656
0.2861854123434248	-0.87678191195522	-0.4033189819227715	-5.890963709990975	-4.915203940855259
0.2867427627607574	-0.8766022870138603	-0.40222601895931015	-5.8798943219511735	-4.905758964187084
0.28729793674731596	-0.8764053624346313	-0.40112182852376926	-5.868727316628139	-4.896241692057517
0.2878509456202002	-0.8761925360318729	-0.40000632177923	-5.857463080047676	-4.886654110023872
0.2884018006230458	-0.875963705199865	-0.3988794399496226	-5.846107705970158	-4.876999999495924
0.288950512926597	-0.8757182417879738	-0.3977402631258167	-5.834661742503865	-4.867277574667617
0.2894970936292719	-0.8754576299825705	-0.39659037845471107	-5.823129345504298	-4.857490625931926
0.2900415537577248	-0.8751820335255425	-0.39542919409891303	-5.811513324391649	-4.847640848811531
0.2905839042674013	-0.8748892950233733	-0.3942567812839516	-5.799813663930836	-4.8377304952644655
0.2911241560430902	-0.8745818035146662	-0.3930732286178572	-5.788037353503907	-4.827761250767025
0.2916623198994692	-0.8742584795728221	-0.3918786412810703	-5.776184699074759	-4.817734934299882
0.292198406581646	-0.8739203368962901	-0.39067314986939555	-5.764258165627856	-4.807652126219393
0.29273242676569533	-0.8735651924566126	-0.3894568480493224	-5.752260167073496	-4.797516956389845
0.29326439105918956	-0.8731950798853879	-0.3882296687400549	-5.740193123913772	-4.7873300336660245
0.2937943100017263	-0.8728094469681326	-0.38699155804163243	-5.728059018665163	-4.777093079766938
0.29432219406544974	-0.8724083394450992	-0.38574249911087827	-5.71586075515608	-4.76680779199232
0.2948480536555688	-0.8719918609025904	-0.38448247002733793	-5.7036006907556995	-4.756475843284642
0.295371899110869	-0.8715592684246114	-0.3832115004475286	-5.691281137737466	-4.74609888221952
0.29589374070422136	-0.8711110756000086	-0.38192965208411495	-5.678904365170219	-4.735678532909774
0.29641358864308587	-0.8706487441559266	-0.38063701717979187	-5.666472600615076	-4.7252163947143995
0.2969314530700101	-0.8701727893288879	-0.37933371703268604	-5.653988031645474	-4.7147140416332425
0.2974473440631248	-0.8696804199220092	-0.37801990056942825	-5.641452807199277	-4.7041730211793436
0.29796127163663355	-0.8691730321071613	-0.37669573722674526	-5.628869038777434	-4.693594783089276
0.2984732457412993	-0.8686504927888203	-0.37536125377334817	-5.61623880149916	-4.682980786514584
0.29898327626492527	-0.8681128338524535	-0.374016353841664	-5.603566039850462	-4.672332603247659
0.29949137303283335	-0.8675601168562627	-0.3726609724562469	-5.590848786901018	-4.6616516812623825
0.29999754580833615	-0.8669924317413188	-0.3712950791980122	-5.578090431262104	-4.650939443502088
0.3005018042932073	-0.8664098955804989	-0.3699186766482452	-5.565294191292706	-4.640197195990815
0.3010041581281451	-0.8658126513669576	-0.36853179888364157	-5.552461292554089	-4.629426325039262
0.3015046168932344	-0.8652008668410068	-0.36713451270965963	-5.5395937321998145	-4.618628163558094
0.3020031901084026	-0.864574722113379	-0.36572690934277785	-5.526693299673151	-4.60780410508498
0.30249988723387233	-0.8639342185043667	-0.36430910605567973	-5.513761805210361	-4.596955531132997
0.30299471767061115	-0.8632792639696407	-0.36288124526329507	-5.5008010247402055	-4.586083761776582
0.30348769076077514	-0.862609799503319	-0.36144349380553875	-5.487812699795245	-4.575189942891711
0.30397881578815067	-0.8619257986594251	-0.3599959214219245	-5.474798537194533	-4.56427531011274
0.3044681019785913	-0.8612272662092987	-0.3585384351917777	-5.4617602081382275	-4.55334153844942
0.304955558500451	-0.860514236840455	-0.3570709624482071	-5.448699336188873	-4.5423889480050414
0.30544119446501367	-0.8597867738938586	-0.35559346327034136	-5.4356175139378085	-4.53141906858344
0.30592501892691876	-0.8590449681407011	-0.35410592904336474	-5.422516683906686	-4.520433115601093
0.3064070408845835	-0.858288936595299	-0.35260838106319553	-5.409397868802513	-4.509432200557124
0.3068872692806214	-0.857518821365962	-0.3511008691862297	-5.396262803215683	-4.498417622816372
0.3073657130022569	-0.8567347811859756	-0.34958347052131183	-5.3831129719684	-4.487390108165236
0.30784238088173616	-0.8559370610720879	-0.3480562881637139	-5.369949826423925	-4.476350869324883
0.3083172816967355	-0.855125704308607	-0.3465194499690902	-5.356773518472597	-4.465300936527888
0.30879042417076463	-0.8543005731262403	-0.34497310736874515	-5.343587967549727	-4.454240796168249
0.3092618169735682	-0.8534615708199925	-0.343417428146006	-5.330393300080783	-4.443172374596693
0.30973146872152174	-0.8526086456829354	-0.34185242138414906	-5.317190865917414	-4.432096227768832
0.3101993879780267	-0.8517417891150628	-0.34027798750176963	-5.303982091355526	-4.421012982762327
0.3106655832538998	-0.8508610337952818	-0.33869405782098255	-5.2907680742866505	-4.409924306560922
0.31113006300776064	-0.8499664519032992	-0.33710059530904435	-5.277550099327387	-4.398832037086276
0.31159283564641516	-0.8490581533969461	-0.33549759320715256	-5.264329385778549	-4.387734292230606
0.31205390952523593	-0.8481362843407138	-0.3338850737030489	-5.251107126132718	-4.376633421510897
0.31251329294853936	-0.8472010252881768	-0.33226308664480303	-5.2378844863477525	-4.36553027975987
0.31297099416995994	-0.8462525897064229	-0.3306317082945423	-5.224662606152089	-4.354425700979095
0.3134270213928206	-0.8452910845907915	-0.32899104012038205	-5.211442333981749	-4.343320499383567
0.31388138277050026	-0.8443164037156518	-0.32734120762775504	-5.198225275421608	-4.332215470189719
0.3143340864067985	-0.8433284913495002	-0.3256823592267642	-5.185012685581267	-4.321111390229426
0.31478514035629673	-0.8423273256191484	-0.3240146414798198	-5.171804688759424	-4.310009018444055
0.31523455262471667	-0.841312917125127	-0.3223380176645643	-5.158602784903818	-4.298909096294057
0.31568233116927524	-0.8402853075959341	-0.320652428480101	-5.145408558656201	-4.287812344139237
0.3161284838990373	-0.8392445685834518	-0.31895784600315336	-5.132221745343424	-4.276719470554731
0.3165730186752642	-0.8381908001939737	-0.3172542682814726	-5.119043884260752	-4.265631168447611
0.31701594331176075	-0.8371241298602984	-0.3155417143879275	-5.105875213626542	-4.254548112690232
0.31745726557521825	-0.8360447111458298	-0.3138202230017295	-5.09271796541681	-4.243471467802455
0.317896993185555	-0.8349527361655115	-0.31208985205952766	-5.0795718092894315	-4.232400853344919
0.31833513381625383	-0.8338481943100754	-0.3103506779011208	-5.0664385868946	-4.221337580592918
0.31877169509469705	-0.8327309839731684	-0.30860279444153904	-5.053318636833171	-4.210281945961098
0.31920668460249824	-0.8316010492265171	-0.3068468991061505	-5.04021276495606	-4.199234644279714
0.3196401098758318	-0.8304583779523285	-0.30508152337891853	-5.027123172589563	-4.188196532896618
0.32007197840575863	-0.8293030000196098	-0.3033076915811179	-5.014047817778172	-4.177166785101882
0.3205022976385503	-0.8281349855132925	-0.3015255208983984	-5.000987865446674	-4.166149133579359
0.3209310749760105	-0.8269544458996144	-0.29973495000397965	-4.9879459811350335	-4.1551408943606685
0.32135831777579205	-0.8257615235289071	-0.29793593426955645	-4.9749218624061475	-4.144143794379117
0.3217840333517138	-0.8245563949143123	-0.29612845399503485	-4.961917740188517	-4.133157705169185
0.32220822897407286	-0.8233392658947146	-0.2943125106919792	-4.948930871377583	-4.122185787670543
0.3226309118699554	-0.8221101963535148	-0.29248812619400955	-4.9359636859101945	-4.111225341632908
0.3230520892235444	-0.8208690779177297	-0.29065534179374336	-4.923016805050706	-4.100278010209974
0.3234717681764246	-0.8196158356240791	-0.2888142174057995	-4.9100908314199945	-4.08934337844165
0.3238899558278858	-0.818350436264491	-0.28696483075482265	-4.897186347408681	-4.0784235102974575
0.3243066592352226	-0.8170728866872351	-0.2851072765875774	-4.8843039159417	-4.067518237556787
0.32472188541403235	-0.8157832321431857	-0.28324166656263045	-4.871444082770811	-4.056627847403121
0.3251356413385106	-0.8144815546818984	-0.28136813442972686	-4.858607377524451	-4.0457532294732514
0.32554793394174353	-0.8131679715919451	-0.2794866546567465	-4.8457940362122205	-4.034893512567016
0.32595877011599894	-0.8118426338888934	-0.2775971625980128	-4.833005114787366	-4.024049918944219
0.32636815671301356	-0.8105057248458901	-0.2756996228501594	-4.820240784399587	-4.0132234840285195
0.3267761005442795	-0.8091574515560421	-0.2737940280433499	-4.80750150290874	-4.002412550617151
0.32718260838132723	-0.8077978411205082	-0.2718803976690726	-4.79478771300429	-3.9916184288220813
0.3275876869560064	-0.8064267789156492	-0.2699587769408336	-4.782099840965847	-3.980842376568484
0.3279913429607648	-0.8050441890531272	-0.26802923568942993	-4.769438299410911	-3.9700854648787858
0.32839358304892485	-0.8036500369643151	-0.2660918672914184	-4.7568034859563575	-3.9593457311286295
0.3287944138349576	-0.8022443277379283	-0.2641467876300214	-4.744195783975701	-3.948622894838295
0.32919384189475454	-0.8008271045037638	-0.2621941342194143	-4.731616694005475	-3.937918735835864
0.3295918737658975	-0.7993984468623716	-0.2602340288995665	-4.719063586860915	-3.9272367966027737
0.32998851594792616	-0.7979584693595795	-0.2582664273599323	-4.706539498874943	-3.9165706186783478
0.3303837749026035	-0.7965073200039612	-0.25629126228625776	-4.694043954450855	-3.905924757954934
0.3307776570541784	-0.7950451788291664	-0.2543084945796082	-4.681577462358569	-3.8952992870216674
0.33117016878964756	-0.793572257932625	-0.2523181122118311	-4.669139814933219	-3.884694700605467
0.33156131645901343	-0.7920886603221338	-0.2503201291102719	-4.656731527314739	-3.8741084618032304
0.33195110637554215	-0.7905942704223642	-0.248314584078313	-4.644352898096831	-3.863542624290796
0.3323395448160173	-0.7890889935366159	-0.246301542645484	-4.632003895980424	-3.8529998631586553
0.332726638020993	-0.7875727766959142	-0.2442810890627824	-4.61968423011813	-3.8424749504988447
0.3331123921950448	-0.7860456070083625	-0.24225332673191136	-4.60739753052263	-3.8319731282308744
0.33349681350701776	-0.7845075113678527	-0.24021837952379244	-4.59513993869196	-3.821490484373028
0.3338799080902737	-0.7829585547483242	-0.23817636549703292	-4.5829132256175935	-3.8110318317071714
0.33426168204293516	-0.7813988332942873	-0.23612704766831782	-4.570717688528562	-3.8005932970742076
0.3346421414281288	-0.7798284755179431	-0.23407055069280702	-4.558553659320047	-3.790176027537546
0.3350212922742255	-0.778247641042474	-0.2320069250877314	-4.546421170096207	-3.779783841019445
0.3353991405750796	-0.7766565192752221	-0.22993622365260935	-4.534320614604787	-3.769408847191044
0.3357756922902656	-0.7750552718578408	-0.2278585013420831	-4.522251534571368	-3.759059235705628
0.336150953345313	-0.7734438292397923	-0.22577381514329747	-4.510214404519643	-3.748735630705945
0.3365249296319396	-0.7718221311763434	-0.22368222826026804	-4.498209753800771	-3.7384279112450094
0.3368976270082831	-0.7701901522299882	-0.22158378330855175	-4.486237084741709	-3.728146876479195
0.33726905129912976	-0.7685478965750342	-0.21947849097738262	-4.474297061239744	-3.7178845579426825
0.3376392082961426	-0.7668953968434729	-0.21736636517310254	-4.4623895418821276	-3.707648632223919
0.33800810375808665	-0.7652327130069616	-0.21524742377119638	-4.45051439509488	-3.697434938700825
0.33837574341105375	-0.7635599312854363	-0.21312140964098183	-4.438673024112387	-3.687243356242911
0.3387421329486838	-0.7618771630893871	-0.210988988045351	-4.426863468549096	-3.67707487388942
0.33910727803238594	-0.7601845439877832	-0.2088498267372739	-4.415087227255859	-3.6669305968890873
0.33947118429155676	-0.7584822442926369	-0.20670394159240282	-4.403344576295247	-3.6568095820980937
0.33983385732379756	-0.7567703530922106	-0.2045513580279268	-4.391634362342319	-3.6467117139900256
0.34019530269512954	-0.7550487781586152	-0.20239211038201796	-4.379957308075302	-3.63663730930015
0.34055552594020727	-0.7533174557097188	-0.20022624131833602	-4.3683133416528275	-3.626587046228821
0.3409145325625307	-0.7515763619971105	-0.19805372481660258	-4.356702443791364	-3.616560612461137
0.3412723280346553	-0.7498255117391394	-0.19587481714921468	-4.345125705385026	-3.6065568270086574
0.34162891779840054	-0.7480649565967517	-0.19368944270274327	-4.333582250249597	-3.596576927384753
0.3419843072650569	-0.7462947836894873	-0.19149766880892571	-4.322072231498406	-3.586621797518163
0.3423385018155914	-0.744515114153904	-0.18929956967717612	-4.310594180259419	-3.5766892734600235
0.3426915068008506	-0.7427261017423813	-0.18709522780537316	-4.299152350414501	-3.5667820997582247
0.34304332754176337	-0.7409279319058392	-0.1848847173646365	-4.287742816534113	-3.5568982828674645
0.34339396932954114	-0.73912075211748	-0.18266802545837654	-4.2763679386398294	-3.5470379843515567
0.3437434374258769	-0.7373044886188704	-0.18044513513010574	-4.265026347574395	-3.537201221761404
0.34409173706314244	-0.7354790556602709	-0.17821604167952965	-4.253713059962814	-3.527388360647886
0.34443887344458435	-0.7336444074131547	-0.17598075187765283	-4.242437440635758	-3.5175998810685414
0.34478485174451823	-0.7318005364345336	-0.17373928321821686	-4.231195912415358	-3.5078357610251927
0.3451296771085219	-0.7299474734554876	-0.1714916641203155	-4.219988377780482	-3.4980954790198586
0.34547335465362605	-0.7280852856952307	-0.16923793267442158	-4.208810662881143	-3.488378540613684
0.3458158894685045	-0.7262140698480675	-0.16697813323303326	-4.19766900271265	-3.478686225501342
0.34615728661366274	-0.7243339392615342	-0.16471231839742273	-4.186559980908645	-3.469018176567908
0.3464975511216244	-0.7224450395826204	-0.16244054789953122	-4.175485151925428	-3.4593743999650166
0.34683668799711687	-0.7205478371653573	-0.160162888071287	-4.164445816463366	-3.449753093551841
0.34717470221725555	-0.7186422401530935	-0.15787941133766925	-4.153435751052319	-3.4401568775302924
0.3475115987317261	-0.7167279625940631	-0.1555901939883296	-4.142459339320203	-3.430585143512862
0.347847382462966	-0.7148048461006116	-0.15329524355072305	-4.131516900003753	-3.4210370322304766
0.348182058306344	-0.7128714397592603	-0.1509945543956919	-4.120608404705231	-3.411512379010886
0.3485156311303389	-0.7109308856381354	-0.14868837504799987	-4.109732612604729	-3.4020115446666543
0.3488481057767162	-0.7089818153260752	-0.14637643889842786	-4.098887305491039	-3.3925351257081156
0.34917948706070423	-0.7070243114074118	-0.1440582776961459	-4.088077287820884	-3.3830819306877613
0.34950977977116826	-0.7050584672285317	-0.14173484662461944	-4.077299628300439	-3.3736529462661515
0.34983898867078345	-0.7030843860138619	-0.1394058225564604	-4.066554421807126	-3.3642478850257453
0.35016711849620663	-0.7011021760881223	-0.13707124284986455	-4.055842317691538	-3.354866511462687
0.3504941739582467	-0.6991118599453331	-0.13473114565380775	-4.045161910112787	-3.345508685176995
0.35082015974203384	-0.6971134197899537	-0.13238556984294536	-4.034515312287121	-3.3361743504157384
0.351145080507187	-0.6951068538117823	-0.1300345552226128	-4.0239006475401595	-3.3268635149098986
0.35146894088798064	-0.6930921752948974	-0.12767814119590612	-4.013317829438702	-3.3175762322164886
0.35179174549350967	-0.6910694115821181	-0.1253163884332066	-4.002767794048391	-3.308312590057009
0.352113498907854	-0.6890384707005667	-0.12294933852933444	-3.9922497721650685	-3.2990725972027195
0.35243420569024064	-0.6869997984284992	-0.12057700336821903	-3.981763987101015	-3.289856031045597
0.3527538703752059	-0.6849531836605761	-0.11819939844659377	-3.971310071623828	-3.2806627153071553
0.3530724974727549	-0.6828986824460606	-0.11581654273386584	-3.9608880892242184	-3.271492541225096
0.3533900914685212	-0.6808363624201121	-0.11342845852315801	-3.9504978192296583	-3.2623454440689503
0.35370665682392455	-0.678766301922482	-0.11103517128668851	-3.9401391704099114	-3.2532214141689826
0.3540221979763276	-0.6766885891609765	-0.10863670953488097	-3.9298120295795735	-3.2441204809815742
0.3543367193391912	-0.6746033214179955	-0.10623310467994707	-3.9195163062469422	-3.2350427050519053
0.3546502253022289	-0.6725106025300811	-0.10382439090289589	-3.9092519219973982	-3.225988142024625
0.3549627202315601	-0.6704104629013008	-0.10141060502467203	-3.899018967180233	-3.2169565150368533
0.35527420846986213	-0.6683028867027939	-0.09899178638112166	-3.888817162215915	-3.2079469526013003
0.3555846943365208	-0.6661878723749578	-0.09656797670084206	-3.8786461722969463	-3.198960567082099
0.3558941821277807	-0.6640654322850392	-0.09413921998742387	-3.8685058294906756	-3.1899968198620097
0.35620267611689316	-0.6619355917901606	-0.09170556248504336	-3.858396084745872	-3.181055643787664
0.35651018055426453	-0.6597983890559218	-0.08926705267046423	-3.8483169699011146	-3.172136975556499
0.3568166996676017	-0.6576538740752788	-0.08682373996474829	-3.8382685688107756	-3.1632407572309584
0.3571222376620582	-0.6555021053630924	-0.08437566893034518	-3.828250738329907	-3.1543670095466667
0.3574267987203779	-0.6533431505188686	-0.0819228536237764	-3.8182631155446556	-3.145515585498436
0.3577303870030385	-0.6511770855764196	-0.07946530620165249	-3.808305433885865	-3.1366863105073493
0.35803300664839344	-0.6490039943502531	-0.0770030420315007	-3.7983775396327104	-3.127879057302899
0.3583346617728128	-0.6468239600451707	-0.07453607955646332	-3.7884793534822867	-3.1190937352343626
0.3586353564708238	-0.6446370644269096	-0.07206444016285242	-3.778610921235589	-3.1103301114914457
0.35893509481524893	-0.6424433313622965	-0.06958814805267921	-3.7687723430780298	-3.1015885868227104
0.35923388085734476	-0.6402427730849827	-0.06710723011839986	-3.7589631078103696	-3.092868816902868
0.3595317186269382	-0.6380354087845989	-0.06462171582226768	-3.7491832325090715	-3.084170787847448
0.35982861213256256	-0.6358212630093881	-0.06213163707838008	-3.739432517711144	-3.07549428854902
0.36012456536159243	-0.6336003648500671	-0.05963702813814025	-3.729710810792613	-3.0668392968581233
0.3604195822803776	-0.6313727479703448	-0.057137925479289274	-3.720017983442492	-3.058205754715453
0.36071366683437617	-0.6291384504021553	-0.05463436769779367	-3.71035391792933	-3.0495936119896183
0.3610068229482859	-0.6268975143472696	-0.05212639540286188	-3.70071849385608	-3.0410027144140876
0.3612990545261754	-0.624649985983628	-0.04961405111493181	-3.6911116913035475	-3.0324329276464823
0.3615903654516145	-0.6223959152775712	-0.047097379166762196	-3.681533311466594	-3.023884139311749
0.36188075958780286	-0.6201353558014332	-0.044576425607336996	-3.6719827570217505	-3.0153562525432114
0.3621702407776981	-0.6178683645555642	-0.04205124117211545	-3.662460476582998	-3.006849180395358
0.36245881284414294	-0.6155950017963358	-0.03952186172459563	-3.6529660940088413	-2.998362841091272
0.3627464795899915	-0.6133153308679629	-0.03698829480340789	-3.6434994973147186	-2.989897154097284
0.3630332447982346	-0.6110294180401916	-0.03445055009525117	-3.634060514756332	-2.981452037053995
0.3633191122321242	-0.6087373336345017	-0.03190864050994418	-3.6246490089742975	-2.9730274036477917
0.36360408563529645	-0.6064391466160742	-0.029362582046974683	-3.615264852797733	-2.9646231625545014
0.3638881687318946	-0.6041348742500477	-0.026812393665720764	-3.6059079223997084	-2.956239226507309
0.3641713652266909	-0.6018245284311474	-0.024258097159103105	-3.5965781170549636	-2.9478754843738812
0.36445367880520696	-0.599508126399918	-0.021699717030681756	-3.5872753285481624	-2.939531826933458
0.36473511313383356	-0.5971856905162698	-0.019137280375201505	-3.5779993278167606	-2.9312081620900288
0.3650156718599503	-0.5948572480405149	-0.01657081676229435	-3.5687499212501237	-2.9229043890112214
0.36529535861204326	-0.5925228309195536	-0.01400035812357237	-3.559526945956905	-2.91462044890054
0.3655741769998224	-0.59018247557896	-0.01142593864242276	-3.550330259764422	-2.906356657940224
0.36585213061433836	-0.5878362227205873	-0.008847594647491554	-3.5411597327750766	-2.8981118246430606
0.3661292230280975	-0.5854841171261892	-0.00626536450850889	-3.5320152403837723	-2.8898865863995957
0.3664054577951771	-0.583126207465847	-0.0036792885356293488	-3.5228966577127654	-2.8816807802888253
0.3666808384513394	-0.5807625461120703	-0.001089408880766874	-3.513803855518395	-2.8734939111017312
0.36695536851414456	-0.5783931889590747	0.0015042305572665966	-3.5047366977035566	-2.865326702032883
0.36722905148306295	-0.5760181952463558	0.004101584253569998	-3.495695025987269	-2.8571787653373284
0.36750189083958673	-0.5736376273885724	0.006702633969952922	-3.486678734400466	-2.849049210204709
0.36777389004734057	-0.5712515508086453	0.009307375998503986	-3.4776877140785407	-2.840939075951966
0.36804505255219166	-0.5688600320577496	0.011915789145504998	-3.4687216443183484	-2.8328477265140974
0.3683153817823589	-0.5664630895582227	0.01452785109481799	-3.459780496878774	-2.8247750217467154
0.36858488114852067	-0.5640607377370224	0.017143538463035513	-3.450864183330433	-2.8167206624190713
0.3688535540439234	-0.5616530061011146	0.019762826853602915	-3.4419728855329432	-2.8086847540922655
0.36912140384448744	-0.5592399263766702	0.022385690908779364	-3.4331054383249406	-2.800667244813286
0.36938843390891385	-0.5568215324053596	0.0250121043610386	-3.4242624235797714	-2.792668368934854
0.3696546475787892	-0.5543978600430939	0.02764204008176157	-3.4154435878479807	-2.7846877754340222
0.3699200481786902	-0.5519689472259831	0.030275470129654355	-3.406648468342995	-2.7767250439240567
0.3701846390162875	-0.5495348341090072	0.03291236579730215	-3.3978778231904943	-2.7687799737121837
0.3704484233824492	-0.5470955618084078	0.03555269765624907	-3.3891305654461394	-2.7608531679671393
0.3707114045513425	-0.5446511737314362	0.03819643560110228	-3.3804070357080707	-2.7529441566873674
0.3709735857805355	-0.5422017127469855	0.04084354889211737	-3.371707066661951	-2.745052833436047
0.3712349703110984	-0.5397472248457438	0.043494006196538856	-3.36303086445076	-2.73717909918766
0.37149556136770334	-0.5372877567545846	0.046147774431087196	-3.354377443739727	-2.7293228643101632
0.371755362158724	-0.53482335638547	0.04880479953662108	-3.3457467175275797	-2.721484039868076
0.37201437587633424	-0.5323540816493463	0.051465061314977446	-3.3371389616032494	-2.713662606095245
0.37227260569660614	-0.5298799993731059	0.054128551775029295	-3.3285542215975217	-2.705858446128807
0.37253005477960766	-0.5274011234476054	0.05679525985233911	-3.3199923066684756	-2.6980713604581674
0.372786726269499	-0.5249174678480312	0.05946517153523209	-3.3114529050547246	-2.6903011698068564
0.3730426232946287	-0.5224290514195696	0.0621382699865358	-3.3029354797813126	-2.68254802088767
0.37329774896762896	-0.519935897670802	0.06481453566329416	-3.2944404021841294	-2.6748115770864804
0.3735521063855103	-0.5174380345718157	0.06749394643246119	-3.2859677273413066	-2.6670917484936507
0.3738056986297556	-0.5149354943586093	0.07017647871460023	-3.277516922266413	-2.659388486930437
0.3740585287664133	-0.5124283133418287	0.07286210437826576	-3.2690877875130546	-2.6517017750700296
0.3743105998461902	-0.5099165317210766	0.0755507941207042	-3.260680196035538	-2.644031625956265
0.37456191490454344	-0.507400193404129	0.07824251646922269	-3.252293571437831	-2.636377970361278
0.3748124769617718	-0.5048793458309982	0.08093723790108355	-3.2439290175782536	-2.628740186512011
0.3750622890231066	-0.5023540398023492	0.08363492294179932	-3.2355858277546887	-2.621118713230748
0.37531135407880184	-0.49982432931352616	0.08633553426102898	-3.227263773271116	-2.613513267438995
0.37555967510422333	-0.4972902713920382	0.08903903276615707	-3.2189626508082103	-2.605923766596069
0.375807255059938	-0.49475192649344585	0.09174537698208393	-3.210682447938963	-2.5983501408074314
0.37605409689180186	-0.4922093477522524	0.09445454133483028	-3.2024227068849282	-2.590792380199723
0.37630020353104776	-0.4896625475443142	0.09716652020505119	-3.194183539883026	-2.583250296384732
0.3765455778943725	-0.48711153557510317	0.09988130586057296	-3.1859649768231484	-2.5757234928098
0.37679022288402264	-0.4845563263476238	0.10259888775706996	-3.1777669775908475	-2.5682123200769444
0.3770341413878813	-0.48199693895999257	0.10531925265321487	-3.1695892691972496	-2.5607165266868366
0.37727733627955273	-0.47943339690840836	0.10804238472275607	-3.1614315749960866	-2.5532360242813037
0.37751981041844707	-0.4768657278957335	0.11076826566385044	-3.153293706713306	-2.5457707130065415
0.37776156664986416	-0.4742939636442245	0.11349687480528892	-3.14517556656932	-2.5383205228268793
0.3780026078050778	-0.47171813971384374	0.11622818921031926	-3.137077026096922	-2.5308854554671125
0.3782429367014176	-0.46913829532527523	0.11896218377770823	-3.128998031443158	-2.52346530362286
0.3784825561423523	-0.46655447318726573	0.12169883134001423	-3.120938550892662	-2.5160598923252757
0.37872146891757075	-0.4639667193288256	0.12443810275930971	-3.1128986948097763	-2.5086691169323676
0.3789596778030632	-0.46137508293618523	0.12717996702041218	-3.104877895941232	-2.5012929285668033
0.3791971855612027	-0.4587796161935964	0.12992439132201405	-3.0968760747038178	-2.493931546616598
0.3794339949408242	-0.4561803741774557	0.1326713411646097	-3.0888931183715473	-2.486584357276741
0.37967010867730466	-0.4535774160139168	0.1354207804371904	-3.080928996460795	-2.479251652372252
0.3799055294926418	-0.45097078916180566	0.13817267099096042	-3.072983697582887	-2.4719332733584047
0.3801402600955328	-0.4483605008703723	0.14092697319264905	-3.065056977005501	-2.4646290942775804
0.380374303181452	-0.4457465578553189	0.1436836785175629	-3.05714883439287	-2.4573390211465
0.3806076614327283	-0.4431289714990521	0.14644278393670895	-3.0492590380293985	-2.450062963930275
0.38084033751862195	-0.4405077576560315	0.14920428347075437	-3.041387374676263	-2.442800835925114
0.3810723340954012	-0.437882936463557	0.15196816830786172	-3.0335337021420994	-2.43555255317991
0.3813036538064178	-0.4352545321580094	0.15473442691876033	-3.025697934442967	-2.4283180339471517
0.38153429928218247	-0.43262257289481754	0.15750304516859057	-3.0178800301941533	-2.421097225988602
0.38176427314043937	-0.4299870905738806	0.16027400642642575	-3.010079982761118	-2.413890079461935
0.3819935779862409	-0.4273481206687871	0.16304729167134685	-3.0022976058536033	-2.4066964309968455
0.38222221641202103	-0.424705702061018	0.16582287959659403	-2.994532696301382	-2.399516148044653
0.38245019099766875	-0.42205987687832713	0.16860074671082326	-2.986785185182522	-2.392349131869922
0.3826775043106009	-0.4194106903373869	0.1713808674364777	-2.979054949863868	-2.38519531270007
0.3829041589058343	-0.41675819059013025	0.1741632142062155	-2.97134187736998	-2.3780546456666376
0.3831301573260576	-0.4141024285748464	0.17694775755654651	-2.9636458566912594	-2.370927113180501
0.38335550210170266	-0.411443457870623	0.17973446621895536	-2.9559667783915056	-2.363812657518316
0.38358019575101543	-0.40878132039469905	0.18252330720942347	-2.9483045912369206	-2.3567111696165797
0.3838042407801262	-0.40611601484207893	0.1853142459145929	-2.940659178605145	-2.3496225156579302
0.38402763968311926	-0.40344755855716835	0.18810724617669228	-2.9330303498215833	-2.3425465833096735
0.38425039494210284	-0.40077597278177035	0.19090228863827757	-2.9254179526364172	-2.33548327865241
0.3844725090272776	-0.3981012808087479	0.19369937733036297	-2.9178218683384456	-2.32843252323692
0.3846939843970055	-0.39542350788592956	0.19649849838647387	-2.910242007185345	-2.3213941640922684
0.38491482349787715	-0.39274268112225497	0.1992996366463263	-2.9026783041673454	-2.314368360787478
0.38513502876478023	-0.390058829397199	0.20210277592918657	-2.895130716270369	-2.30735495738587
0.3853546026209661	-0.3873719832711924	0.20490789908440085	-2.887599220465792	-2.300354174382859
0.38557354747811656	-0.3846821748995679	0.20771498803962393	-2.8800836029519914	-2.293365291028024
0.38579186573641	-0.38198943794821194	0.21052402384865446	-2.872583646338056	-2.2863884212119463
0.3860095597845874	-0.3792938075112605	0.21333498673746648	-2.8650993494120565	-2.279423506196794
0.38622663200001733	-0.37659532003140134	0.21614785614937404	-2.857630417987413	-2.2724705206894544
0.3864430847487613	-0.3738940132220119	0.21896261078888626	-2.850176894514751	-2.2655294671633253
0.38665892038563787	-0.3711899308783609	0.22177922866419836	-2.8427387583707158	-2.2586003212824592
0.38687414125428676	-0.368483130006748	0.22459768712890768	-2.8353159862217674	-2.251682923810487
0.3870887496872327	-0.3657736190149667	0.2274179629223837	-2.82790842012646	-2.244777431015126
0.3873027480059483	-0.3630614032568225	0.23024003220919242	-2.8205154950434643	-2.237883382337636
0.38751613852091715	-0.360346492847504	0.23306386880364124	-2.8131376935216728	-2.2310007544302413
0.3877289235316958	-0.35762890246204015	0.23588942938889507	-2.8057747025848765	-2.2241294671828373
0.3879411053269761	-0.35490865112749165	0.23871670330341963	-2.798426432498327	-2.217269476344216
0.3881526861846466	-0.35218576305254295	0.24154568764491766	-2.791092950027954	-2.2104207687662827
0.38836366837185354	-0.34946026608086034	0.24437637670663973	-2.783773763893485	-2.2035833556892928
0.38857405414506185	-0.3467321873532531	0.24720876209221918	-2.7764690848268487	-2.196757145851763
0.38878384575011526	-0.34400156662015774	0.25004283282758993	-2.7691789558193527	-2.189942009926568
0.3889930454222962	-0.34126843906210624	0.2528785754708488	-2.761902626478875	-2.183138170926481
0.38920165538638574	-0.3385328448326296	0.2557159742187165	-2.754641132384845	-2.176344953960576
0.3894096778567223	-0.33579482691916157	0.25855501101099104	-2.747393171715774	-2.169562508248859
0.3896171150372605	-0.3330544310025342	0.2613956656328689	-2.7401590719062483	-2.1627908001344576
0.38982396912162964	-0.3303117059098804	0.2642379158138842	-2.732938789371646	-2.1560298249788006
0.39003024229319183	-0.32756667996377503	0.26708173732584783	-2.7257323102553768	-2.149279607092119
0.39023593672509926	-0.32481935507515053	0.2699271040771779	-2.7185396094850387	-2.1425401074836445
0.3904410545803516	-0.32206973626535257	0.27277398820612714	-2.711360698711526	-2.1358111229936796
0.39064559801185295	-0.3193178327645865	0.27562236017114883	-2.704195093670557	-2.1290925071028672
0.39084956916246827	-0.3165636578321158	0.2784721888392954	-2.697042848889107	-2.122384225112577
0.3910529701650795	-0.3138072285810616	0.28132344233482265	-2.689903757122962	-2.1156858189250927
0.39125580314264113	-0.3110485658074737	0.284176111036033	-2.6827782017388335	-2.1089982399316676
0.3914580702082361	-0.3082876938228045	0.28703019415899206	-2.6756655295981795	-2.1023205221600505
0.3916597734651301	-0.3055246402918141	0.28988568826948763	-2.6685660015379473	-2.09565296500236
0.391860915006827	-0.30275943607323336	0.292742587392762	-2.661479626869892	-2.088995603395873
0.3920614969171228	-0.2999921150646185	0.29560088312099847	-2.654405949788494	-2.082348269030967
0.39226152127015934	-0.2972227140514682	0.29846056471823	-2.6473450212770087	-2.0757107905474546
0.39246099013047847	-0.29445127255923587	0.3013216192228896	-2.640296762649403	-2.0690831264050638
0.39265990555307495	-0.2916778327097493	0.3041840315483572	-2.6332611035119626	-2.062465214158882
0.39285826958344966	-0.288902439307753	0.3070477845810825	-2.6262380868679336	-2.055856988609348
0.39305608425766175	-0.2861251390899575	0.3099128592764007	-2.619227415056168	-2.0492580837729824
0.39325335160238134	-0.2833459395616669	0.3127792347524684	-2.612229100225591	-2.04266910381726
0.3934500736349411	-0.28056483904460006	0.3156468883821474	-2.605243127851945	-2.036089788734531
0.39364625236338807	-0.27778184045112575	0.3185157958826772	-2.5982693386249522	-2.029519929602964
0.3938418897865349	-0.27499695108928357	0.3213859314032562	-2.5913078198749964	-2.022959440745711
0.3940369878940104	-0.2722101824722206	0.3242572676113961	-2.5843581377378313	-2.0164082721245826
0.3942315486663106	-0.26942155013248165	0.3271297757766331	-2.577420389206116	-2.0098663582977796
0.39442557407484874	-0.26663107344027065	0.3300034235676438	-2.5704945178649194	-2.0033336389040026
0.3946190660820052	-0.26383877542597345	0.3328781954923636	-2.5635804576234458	-1.9968097820113697
0.39481202664117737	-0.26104468260729075	0.3357540936286509	-2.5566781502053226	-1.9902953564326122
0.3950044576968285	-0.25824882481982664	0.33863111760988623	-2.549787481903973	-1.9837899849303193
0.3951963611845372	-0.25545123505183526	0.3415092644674445	-2.542908368715029	-1.977293638291299
0.3953877390310458	-0.252651949283277	0.3443885287429534	-2.5360407300414307	-1.9708062343270296
0.3955785931543087	-0.2498510094735012	0.3472689025986457	-2.5291845857416235	-1.9643276728928112
0.3957689254635406	-0.24704845171164413	0.3501503759244889	-2.522339629658998	-1.9578578712395294
0.3959587378592641	-0.24424431815134265	0.3530329364445839	-2.5155059357492653	-1.95139683552569
0.39614803223335726	-0.24143862323522794	0.3559165698199856	-2.508683452314242	-1.9449444902659594
0.3963368104691007	-0.2386313663719625	0.35880125975029065	-2.501872120943697	-1.938500784401997
0.3965250744412242	-0.23582255971762459	0.3616869880729375	-2.4950720477819415	-1.9320656563288772
0.3967128260159537	-0.23301221747792203	0.36457373486074	-2.4882824042590106	-1.9256390568009378
0.39690006705105724	-0.23020035578190723	0.36746147851706606	-2.4815039081566868	-1.9192210089366524
0.39708679939589103	-0.22738699255962044	0.37035019586961576	-2.474736213752697	-1.9128113958354356
0.397273024891445	-0.22457214742173748	0.373239862262653	-2.46797925943573	-1.9064101420804729
0.3974587453703882	-0.22175584154309017	0.3761304516465034	-2.4612329762974654	-1.90001729632819
0.39764396265711416	-0.21893809754833937	0.37902193779384596	-2.4544972890643524	-1.8936325330293968
0.39782867856778525	-0.21611893940104543	0.3819142929222597	-2.4477721686825578	-1.887255955526978
0.39801289491037756	-0.213298392295415	0.38480697527813185	-2.441057477815762	-1.880887365581841
0.3981966134847249	-0.21047648255043608	0.3877011420026544	-2.4343532924887	-1.874527138148415
0.398379836082563	-0.2076532375071469	0.3905960482023959	-2.427659147334076	-1.868174874678236
0.3985625644875729	-0.20482868544605606	0.3934917891694522	-2.4209753965465497	-1.8618306064941648
0.39874480047542454	-0.20200287105380585	0.39638792265591993	-2.4143018281210815	-1.8554942897786089
0.3989265458138202	-0.19917581435172638	0.3992852951117853	-2.4076383669482433	-1.8491658839784078
0.3991078022625366	-0.1963475140344372	0.4021851027152973	-2.400984961112428	-1.8428453191635974
0.3992885715734682	-0.1935179729683968	0.405084155242001	-2.394341578327737	-1.8365325707511453
0.39946885549066924	-0.19068719800835174	0.40798398523312146	-2.387708129665579	-1.8302275804712718
0.3996486557503959	-0.18785519981780321	0.4108846522089683	-2.381084571493821	-1.8239302874103749
0.39982797408114784	-0.18502199269251995	0.41378664814827953	-2.374470899440421	-1.817640456167237
0.40000681220371015	-0.1821875943888342	0.4166887203853892	-2.3678663972561145	-1.8113585292008858
0.4001851718311944	-0.1793520259543498	0.4195914359595198	-2.3612718973071587	-1.8050839777519503
0.4003630546690797	-0.17651531156294578	0.4224946175965143	-2.354686992614468	-1.798816887257625
0.4005404624152535	-0.17367747835255815	0.4253992128491339	-2.348111621400574	-1.7925572893977815
0.4007173967600518	-0.17083855626698105	0.4283044507574408	-2.341545720305798	-1.7863047577791904
0.4008938593863002	-0.16799857789969228	0.4312100782037886	-2.3349893030514255	-1.780059889570045
0.40106985196935285	-0.16515757834188208	0.4341163862281865	-2.3284421318579382	-1.7738222007706066
0.40124537617713324	-0.16231559545241558	0.43702337929330126	-2.3219042892435167	-1.767591956015863
0.40142043367017294	-0.15947265355453763	0.4399310534134133	-2.315375509185898	-1.7613687442629617
0.4015950261016513	-0.15662875019036424	0.44283939971742353	-2.308856059614902	-1.7551527580036288
0.40176915511743433	-0.15378388454151343	0.4457483977948003	-2.3023455676693456	-1.7489440979206383
0.40194282235611356	-0.1509380597150438	0.44865801761009844	-2.295844443752908	-1.7427418907780476
0.4021160294490445	-0.14809128260230342	0.4515682211263868	-2.2893521420668965	-1.7365473403294214
0.402288778020385	-0.14524356439226918	0.4544789629310709	-2.282868554319662	-1.7303595240622034
0.4024610696871333	-0.142394919117266	0.4573901931205171	-2.276393900708545	-1.724178818758384
0.4026329060591661	-0.139545363535744	0.4603019107709046	-2.269928099227965	-1.7180045802762642
0.40280428873927554	-0.13669491719089066	0.4632141460528726	-2.2634711521305966	-1.7118374620828742
0.4029752193232074	-0.1338436022532623	0.4661271148859566	-2.257022721624101	-1.7056771284592251
0.40314569939969763	-0.1309914433671052	0.4690403971872352	-2.2505830826024815	-1.6995234887536197
0.4033157305505095	-0.128138467498705	0.47195420326189924	-2.2441518166875576	-1.693376706272326
0.4034853143504704	-0.12528470378762102	0.47486854214420904	-2.2377291230201024	-1.6872364494384877
0.403654452367508	-0.12243018340032533	0.4777834103674723	-2.2313149595910686	-1.6811029563257662
0.4038231461626867	-0.11957493967380484	0.48069879291120743	-2.224909471304159	-1.6749759066703078
0.4039913972902437	-0.1167190060478473	0.48361466410207843	-2.218512060226233	-1.6688554937644293
0.40415920729762456	-0.11386238454315323	0.48653098846729725	-2.2121230020805194	-1.6627414954632107
0.4043265777255191	-0.11100496684674412	0.4894477215452263	-2.2057421198012266	-1.6566338671136418
0.4044935101078965	-0.10814688480846643	0.49236481024606765	-2.199369539383463	-1.650532931192576
0.4046600059720406	-0.10528811593910231	0.4952822274721044	-2.193005085456619	-1.6444382609800017
0.40482606683858463	-0.10242867514933775	0.4982000065586533	-2.186648780749481	-1.6383498979071311
0.4049916942215463	-0.09956857870172584	0.5011183526812311	-2.180300422382136	-1.6322678727953641
0.40515688962836205	-0.0967078440887442	0.504036895913995	-2.173959773403022	-1.6261921383879356
0.4053216545599211	-0.09384648991531931	0.5069558250135615	-2.1676273477182835	-1.620122525255063
0.4054859905106001	-0.09098453578356736	0.5098751520976745	-2.161302758951853	-1.6140590789130083
0.40564989896829684	-0.08812200218043871	0.5127948747186918	-2.15498636402322	-1.6080016018708203
0.40581338141446355	-0.08525891036849424	0.5157149770380545	-2.148677238236689	-1.6019505579289588
0.4059764393241408	-0.08239528297313757	0.5186354309355153	-2.1423760295424388	-1.5959055142205754
0.4061390741659906	-0.07953115806281826	0.5215561970593284	-2.136082609524743	-1.5898663638155182
0.40630128740232946	-0.0766665437302124	0.5244772258213692	-2.129796795304114	-1.5838332730525702
0.40646308048916147	-0.07380143731279663	0.5273984608320873	-2.123518232703771	-1.5778060657110853
0.4066244548762106	-0.07093583993512725	0.5303199022097564	-2.117247513088353	-1.571784791050196
0.40678541200695345	-0.0680697566679668	0.5332417370240552	-2.1109843567130686	-1.5657693947278029
0.40694595331865147	-0.0652031954530632	0.5361635929877594	-2.1047284968152735	-1.5597598513612665
0.40710608024238304	-0.062336167178897645	0.5390858554973917	-2.098479863961392	-1.553755986335418
0.4072657942030753	-0.05946868549246341	0.5420085930796913	-2.092238937938917	-1.5477580663715989
0.40742509661953596	-0.056600766614079874	0.544931690187082	-2.0860051563752933	-1.541765705876756
0.4075839889044847	-0.05373250931808697	0.54785471390282	-2.079778501421048	-1.5357792015213334
0.4077424724645846	-0.050863920225416706	0.5507778520534259	-2.0735592625339017	-1.529798224028049
0.4079005487004732	-0.047994935204702514	0.5537011364405398	-2.067347050488785	-1.5238228051550768
0.4080582190067934	-0.04512556240834313	0.5566246149688379	-2.0611419456413147	-1.5178532903292807
0.40821548477222436	-0.04225581359111682	0.5595483280774338	-2.054943897188705	-1.511888831453165
0.408372347379512	-0.039385703936600035	0.5624724016568741	-2.048752781317048	-1.5059301447845341
0.40852880820549936	-0.036515251886092844	0.565396232868536	-2.0425688932883683	-1.4999769228358457
0.4086848686211568	-0.03364447897138433	0.5683205327673544	-2.036391617440297	-1.494029159862389
0.40884052999161224	-0.030773409649903334	0.5712449571093526	-2.030221537321724	-1.4880869761404472
0.4089957936761807	-0.02790207114326806	0.5741695191013266	-2.024058198824788	-1.4821499892418044
0.4091506610283942	-0.025030493278499284	0.5770938373475982	-2.017901578501252	-1.4762183402830698
0.40930513339603114	-0.022158708300250088	0.5800182629645534	-2.011751565925731	-1.4702919943847033
0.4094592121211458	-0.019286724779607856	0.5829429194745696	-2.0056085146724194	-1.4643707278483982
0.40961289854009714	-0.01641453351718393	0.5858684223706957	-1.9994723729518462	-1.4584549457298217
0.40976619398357816	-0.013542139068503486	0.588792278452662	-1.9933425982815147	-1.4525443588178355
0.40991909977664454	-0.010669548675204863	0.5917171604150698	-1.9872192106744544	-1.4466388923007267
0.4100716172387433	-0.007796770449181989	0.5946421757521472	-1.9811025663921142	-1.4407385856200414
0.41022374768374104	-0.004923814376455167	0.5975673320152481	-1.9749925233984975	-1.4348432805654383
0.4103754924199527	-0.0020506919720228627	0.6004932608668361	-1.9688888578492982	-1.428953220522753
0.41052685275016926	0.000822583811381066	0.6034185005903232	-1.9627916104789194	-1.4230681590365881
0.410677829971686	0.003695998673114636	0.6063437665265932	-1.9567007579539237	-1.4171878436496734
0.41082842537632996	0.006569540335880723	0.6092690665622303	-1.9506160903621104	-1.4113127487383947
0.41097864025048797	0.009443191790058187	0.6121943747587104	-1.9445378942715315	-1.405442816311272
0.41112847587513385	0.012316925584017308	0.6151196746428874	-1.93846596420684	-1.3995776080027726
0.41127793352585584	0.015190414647225524	0.6180449512897531	-1.932400260441998	-1.3937171688682701
0.4114270144728837	0.01806429869744816	0.6209701893890549	-1.9263406260421119	-1.3878616960559644
0.41157571998111564	0.02093829408065483	0.6238953719746629	-1.9202872623308853	-1.3820110620269033
0.4117240513101453	0.023812361775213994	0.6268204900143064	-1.9142400091437335	-1.37616523497917
0.4118720097142883	0.02668644625555662	0.6297455447227601	-1.9081987901822495	-1.3703241817854133
0.41201959644260877	0.029560700739974376	0.6326702734709355	-1.9021636482022275	-1.3644878686354738
0.41216681273894584	0.032434775915984905	0.6355954623024068	-1.8961344249700325	-1.3586562617476483
0.4123136598419397	0.03530882643331801	0.6385203207470722	-1.8901112666114253	-1.3528292018691828
0.41246013898505757	0.03818282437619928	0.6414451049991833	-1.884093954237272	-1.3470069083793585
0.41260625139662	0.04105676470543953	0.6443697971219331	-1.878082520055312	-1.3411892554700777
0.4127519982998261	0.04393065475464349	0.6472944227735734	-1.8720770264205944	-1.3353761982478887
0.41289738091277955	0.04680449812811592	0.6502189817848008	-1.8660772607983513	-1.3295677149071656
0.4130424004485138	0.04967829661607621	0.6531434892151535	-1.8600832922681847	-1.3237637737101213
0.4131870581150176	0.05255204668102666	0.6560684068539266	-1.8540950826101368	-1.3179642586579767
0.41333135511525987	0.05542574096704032	0.6589922098562191	-1.848112551618212	-1.312169274672811
0.413475292647215	0.05829936864283986	0.661916343952096	-1.8421357192372143	-1.3063787577913073
0.41361887190388735	0.06117291572828646	0.6648402172321046	-1.8361644990198545	-1.3005925575845998
0.41376209407333653	0.06404636540424918	0.6677638129988553	-1.830198893536024	-1.294810869446387
0.4139049603387014	0.06691969830749485	0.6706876514634611	-1.824238854491901	-1.2890335347686102
0.4140474718782248	0.06979289281084404	0.6736111295139571	-1.8182843476141362	-1.2832605797642385
0.41418962986527785	0.07266592528959606	0.6765344230128367	-1.8123353389083823	-1.277491918957532
0.4143314354683841	0.07553877369716526	0.6794575257007665	-1.806391885674276	-1.2717275960544252
0.4144728898512432	0.07841144505338349	0.6823803422335234	-1.800453750786566	-1.2659675135338904
0.4146139941727556	0.08128393843913224	0.68530337013614	-1.7945211642934091	-1.2602116511017494
0.41475474958704506	0.08415624723952311	0.6882256367141373	-1.7885937578710447	-1.25446003877912
0.41489515724348347	0.0870283636206961	0.6911479089590453	-1.7826718676331341	-1.2487125828782855
0.4150352182867136	0.0899002787228167	0.6940699539998574	-1.7767548965463853	-1.2429693018626224
0.4151749338566726	0.09277198284497347	0.6969917651560391	-1.7708434425536144	-1.2372303131964624
0.4153143050886153	0.09564346561878488	0.6999133668056327	-1.7649372176723772	-1.2314952956650111
0.4154533331131369	0.09851471617621255	0.7028347659237978	-1.7590362067582894	-1.2257643620580643
0.4155920190561967	0.10138549317285392	0.7057558716856508	-1.7531403566810257	-1.2200373273495715
0.4157303640391398	0.10425630336052218	0.7086767637493253	-1.7472496705304286	-1.2143145393606638
0.4158683691787207	0.10712685390678714	0.7115974153325393	-1.7413642437022605	-1.2085957171556616
0.41600603558712534	0.10999711620788548	0.7145177918983174	-1.735483748555303	-1.202880911729087
0.41614336437199373	0.11286706515800675	0.7174378194798507	-1.7296081872444447	-1.197170030626912
0.41628035663644203	0.11573669719578862	0.7203576283425184	-1.7237377548772268	-1.1914631001653362
0.4164170134790849	0.11860602364827179	0.7232771432518231	-1.7178722909902855	-1.185760114117744
0.4165533359940574	0.12147503945098756	0.726196351380611	-1.7120117839982036	-1.1800611341628853
0.416689325271037	0.12434373754338125	0.7291152267866647	-1.7061562034154378	-1.1743659086764333
0.4168249823952653	0.12721210973467967	0.7320337695866141	-1.7003054414658458	-1.1686745231738775
0.41696030844756954	0.13008014724771683	0.7349519883305359	-1.6944595991685016	-1.1629869402161381
0.41709530450438426	0.13294774300489812	0.7378698880196868	-1.6886186080341568	-1.1573031888113325
0.417229971637773	0.1358151909183416	0.7407874704326679	-1.6827823737580352	-1.1516232129529484
0.4173643109154489	0.13868217592709356	0.7437047344383979	-1.6769508836918527	-1.1459468406569666
0.41749832340079646	0.14154879104827334	0.7466216762988583	-1.6711242204080172	-1.1402743316797128
0.41763201015289236	0.1444150253711205	0.7495382899631273	-1.6653022815036616	-1.134605572967592
0.41776537222652643	0.14728087123668143	0.7524545673537582	-1.6594850323907981	-1.1289404572139898
0.41789841067222233	0.1501463135222438	0.7553704986461757	-1.6536724611018006	-1.1232790164337796
0.41803112653625835	0.15301131732066744	0.7582860725439537	-1.6478645066730708	-1.1176212279122246
0.4181635208606881	0.15587588624645227	0.7612012765485243	-1.6420611690395723	-1.1119670790884086
0.41829559468336064	0.15874003065162864	0.7641160972267568	-1.636262401795713	-1.1063165926886798
0.41842734903794115	0.1616037557181932	0.7670305197236467	-1.6304682047447994	-1.1006695164580154
0.41855878495393095	0.16446706182762813	0.769944475087639	-1.6246785306320575	-1.0950260823940652
0.4186899034566878	0.1673295960685452	0.7728580150343572	-1.6188933524806426	-1.08938617547218
0.4188207055674455	0.17019255632511848	0.7757711458576728	-1.6131126458155987	-1.0837497778248941
0.41895119230333433	0.17305446474418043	0.7786838710543375	-1.6073364121134828	-1.0781168752342043
0.41908136467740037	0.17591570640115153	0.7815961871424781	-1.601564586902116	-1.0724874376976496
0.41921122369862546	0.17877675551591252	0.7845080972241949	-1.5957970948340412	-1.066861464196051
0.4193407703719465	0.18163734190283895	0.7874196053892075	-1.5900340414922913	-1.0612389314944737
0.4194700056982752	0.18449724158493375	0.790330706258623	-1.5842752823388087	-1.0556198186935164
0.419598930674517	0.18735673497394784	0.7932413918863772	-1.578520885431203	-1.0500040872090142
0.41972754629359066	0.19021573555687007	0.7961516524164995	-1.5727707453656583	-1.0443917058021392
0.4198558535444472	0.19307448457690715	0.7990614767213295	-1.567025027299977	-1.0387826842804613
0.41998385341208905	0.19593244942920054	0.8019710594248981	-1.561283384331735	-1.0331769956969314
0.4201115468775888	0.19878987883686047	0.8048799203031561	-1.5555459801903482	-1.0275746281494098
0.42023893491810793	0.20164675514127653	0.8077882905298909	-1.5498127628987945	-1.0219755381943683
0.4203660185069159	0.2045030863119153	0.8106961730741626	-1.5440836011269867	-1.016379705205067
0.4204927986134083	0.2073588712899889	0.8136035740833638	-1.5383587124866893	-1.010787140041857
0.42061927620312545	0.2102141074655226	0.8165104959720618	-1.5326379989449608	-1.0051978142642717
0.42074545223777093	0.21306879084665048	0.8194170494619273	-1.5269212965843892	-0.9996117017051116
0.4208713276752299	0.21592291622434162	0.8223227377068415	-1.5212086792323798	-0.9940287745310423
0.42099690346958696	0.21877647733024091	0.8252284538045379	-1.5154999337942465	-0.9884490257539849
0.42112218057114437	0.22162946878444192	0.8281333272916542	-1.5097953964606905	-0.9828724859811035
0.4212471599264404	0.22448189984661562	0.8310380418968404	-1.5040948010779427	-0.9772989559343795
0.42137184247826653	0.22733371903977675	0.8339422224976444	-1.4983981830231587	-0.9717286234157125
0.4214962291656859	0.2301849557762585	0.8368457152728888	-1.492705521958896	-0.9661613738790436
0.4216203209240505	0.2330355841379981	0.8397486102813574	-1.487016791646092	-0.9605972329001117
0.4217441186850189	0.23588568296897475	0.842651002158704	-1.4813319700828356	-0.9550361344708536
0.42186762337657385	0.23873497360145246	0.8455529004071995	-1.475651022791244	-0.9494781007181364
0.4219908359230397	0.24158371641916143	0.8484537937771811	-1.469973928131705	-0.9439230758254512
0.42211375724509936	0.24443177641195993	0.8513545744680552	-1.4643006973247747	-0.9383710661158671
0.422236388259812	0.2472791543475974	0.8542548159209079	-1.4586312536324164	-0.9328220737286929
0.4223587298806296	0.2501259605411881	0.857154749735349	-1.45296561099116	-0.927276016617116
0.4224807830174144	0.25297200900119743	0.8600538660048919	-1.4473037590262148	-0.9217329590578408
0.42260254857645563	0.255817471981189	0.8629524036804584	-1.441645638248152	-0.9161928177448347
0.42272402746048643	0.2586622661399899	0.8658503760520871	-1.4359912314342418	-0.9106555946900884
0.42284522056870044	0.2615064038668116	0.8687473741785396	-1.4303405284104747	-0.9051212847569227
0.4229661287967685	0.2643498246549374	0.8716440661115272	-1.4246935062433164	-0.8995898616437947
0.42308675303685517	0.2671923808090828	0.8745403678032538	-1.419050287128415	-0.8940613121161397
0.42320709417763547	0.2700344816384816	0.8774362397766499	-1.4134104130049794	-0.8885356192539464
0.4233271531043106	0.272875892637244	0.8803312852066162	-1.407774302843856	-0.8830127644507142
0.42344693069862516	0.27571660397315617	0.8832263858984558	-1.4021418230454445	-0.8774927372928876
0.42356642783888226	0.278556540440864	0.8861201200375617	-1.3965128934520914	-0.871975523204542
0.42368564539996056	0.28139578277708305	0.8890133519324686	-1.3908875504460319	-0.8664610886350934
0.42380458425332973	0.28423422461038833	0.8919062897982712	-1.3852657202558682	-0.8609494794237629
0.4239232452670665	0.2870722876474987	0.8947982928821128	-1.3796473857058023	-0.8554405095716034
0.4240416293058707	0.2899090805929564	0.8976897984474308	-1.3740325689722388	-0.8499343540498113
0.42415973723108064	0.29274544212919484	0.9005807236395629	-1.3684212536967253	-0.8444309101246371
0.42427756990068916	0.29558099797054205	0.9034707659225967	-1.362813369424194	-0.8389301774324072
0.424395128169359	0.2984158341454058	0.9063603776701881	-1.3572089161216967	-0.8334321368609415
0.42451241288843816	0.30124991631833364	0.9092494278686072	-1.351607867302132	-0.8279367759797669
0.42462942490597577	0.30408323867325915	0.9121379140931204	-1.3460102297683745	-0.8224440783586346
0.424746165066737	0.3069157891389543	0.915025464719593	-1.3404160014990878	-0.8169540327364613
0.4248626342122184	0.3097474352040798	0.9179124292575518	-1.3348250919369575	-0.8114666089943342
0.4249788331806632	0.31257839989484026	0.9207988095982885	-1.3292375372439749	-0.8059818205391307
0.4250947628070763	0.31540868391080623	0.9236846237572778	-1.3236533067689031	-0.8004996200321477
0.42521042392323916	0.31823809803046094	0.9265698532274972	-1.31807236448494	-0.795020005767573
0.42532581735772496	0.321066787115895	0.9294544374780723	-1.3124947028739642	-0.7895429531535842
0.42544094393591336	0.32389477677242456	0.932338266059058	-1.3069203045352007	-0.7840684662137425
0.42555580448000496	0.326722083900196	0.9352212017114321	-1.3013491362518421	-0.7785965208069849
0.4256703998090365	0.32954836663044224	0.9381037541348051	-1.2957812315429633	-0.7731271017960561
0.42578473073889506	0.3323734186409401	0.9409855418151012	-1.2902165147959017	-0.76766019547941
0.4258987980823328	0.33519829286164904	0.9438666899856711	-1.2846549860459415	-0.7621957899951534
0.42601260264898116	0.3380220235475595	0.9467469652962371	-1.2790966467723817	-0.7567338626353076
0.4261261452453656	0.34084510090853615	0.9496267673195303	-1.2735414458014462	-0.75127443308478
0.42623942667491954	0.34366726993936864	0.9525057772258757	-1.2679893810112794	-0.7458174064902756
0.42635244773799874	0.34648862507924	0.9553841479717421	-1.2624404346454756	-0.7403628634634479
0.4264652092318954	0.3493092191502771	0.9582618458507229	-1.2568945889964014	-0.7349107678215017
0.42657771195085226	0.35212905191524985	0.9611387470939313	-1.251351826059691	-0.7294610036407247
0.4266899566860765	0.35494796770826664	0.964015022351039	-1.2458121108678406	-0.7240136820359598
0.42680194422575374	0.357765980413389	0.9668905115774579	-1.2402754605151474	-0.7185687393674283
0.42691367535506186	0.3605830279383056	0.9697653197261503	-1.2347418532432648	-0.7131262317813241
0.4270251508561847	0.36339924733612805	0.972639222806328	-1.2292112354328717	-0.7076859625145354
0.42713637150832573	0.3662146946669277	0.9755128734244087	-1.2236836352120481	-0.7022481071449597
0.427247338087722	0.3690297739016366	0.9783848904785158	-1.2181590017498283	-0.6968125695033541
0.427358051367657	0.3718432273720314	0.9812570985870543	-1.2126373183830883	-0.6913793535952569
0.42746851211847486	0.3746561460685807	0.9841280930279681	-1.2071186189572671	-0.6859484454909256
0.4275787211075934	0.377467944365488	0.9869984572489463	-1.2016028301197628	-0.6805198446332026
0.42768867909951735	0.38027892677326935	0.9898689119151072	-1.1960899545557295	-0.675093502115265
0.42779838685585186	0.3830892650343794	0.9927379675440723	-1.190579970309532	-0.6696694160460106
0.4279078451353156	0.3858987652644542	0.9956062901632531	-1.185072873840208	-0.664247660377982
0.4280170546937538	0.38870730093809996	0.9984737969638533	-1.1795686489189114	-0.6588280586467357
0.4281260162841513	0.3915147004047391	1.001340562609657	-1.1740672731364445	-0.6534107202301018
0.42823473065664586	0.3943214524062275	1.0042065635740258	-1.168568749178443	-0.6479955821085839
0.4283431985585403	0.3971273436172552	1.0070719093496738	-1.1630730238313034	-0.6425826457503867
0.42845142073431636	0.39993218839728084	1.009936409052873	-1.157580088211996	-0.6371718985858608
0.4285593979256466	0.40273591266485936	1.0128000309090026	-1.1520899503902533	-0.6317632900954869
0.42866713087140773	0.40553902853533125	1.0156632186990653	-1.1466025883036604	-0.6263568882356154
0.4287746203076927	0.4083414486894368	1.0185249478237868	-1.1411179755400052	-0.62095265658104
0.4288818669678238	0.4111426213031157	1.02138639857202	-1.135636102128498	-0.6155505356077491
0.42898887158236476	0.4139426763663106	1.024246772216746	-1.1301569276635166	-0.6101505144034812
0.42909563487913344	0.41674211246608167	1.0271071482980636	-1.1246805112132003	-0.6047526463916403
0.42920215758321406	0.4195407344335956	1.0299661880931386	-1.1192067689499487	-0.5993569969969197
0.4293084404169696	0.42233826434403204	1.032824484834371	-1.113735697011395	-0.5939633171357626
0.429414484100054	0.42513476870319206	1.0356826494024525	-1.1082672996143994	-0.5885715999810236
0.4295202893494245	0.42793030764493917	1.038539382869464	-1.1028015474688326	-0.5831820663571183
0.42962585687935334	0.4307247654480323	1.0413955080572352	-1.0973384369754795	-0.5777946205812535
0.42973118740144034	0.4335186836528004	1.044250697352701	-1.0918779443041913	-0.5724091835314936
0.42983628162462456	0.4363115279220877	1.0471051032936811	-1.0864200609963544	-0.5670257816682267
0.42994114025519625	0.43910335877578516	1.0499587703087996	-1.0809647641540425	-0.5616444221676812
0.4300457639968088	0.4418940349581524	1.0528116627334796	-1.075512176023562	-0.5562650594473395
0.4301501535504907	0.4446840498686735	1.0556636391249583	-1.0700620245173025	-0.5508876955285107
0.4302543096146568	0.4474731726937329	1.058514779213115	-1.0646142818234081	-0.5455123229208415
0.43035823288512065	0.45026120945714	1.061365170497333	-1.059169221209646	-0.5401389197140908
0.4304619240551054	0.453048222060092	1.0642148115188468	-1.0537266717289986	-0.5347676072051317
0.43056538381525616	0.45583427953690675	1.0670637898334165	-1.048286631206332	-0.5293979917126207
0.43066861285365055	0.4586190549628314	1.069911509778515	-1.0428490849291998	-0.5240304616538818
0.4307716118558111	0.46140335115834236	1.0727582181239603	-1.0374140187299317	-0.5186649044765971
0.430874381504716	0.4641863655804525	1.0756047251713348	-1.0319814193898482	-0.5133012011880095
0.43097692248081065	0.4669685848785636	1.078450314973124	-1.0265512634147076	-0.5079394327063931
0.43107923546201893	0.4697499382144019	1.0812951358727951	-1.0211235575715116	-0.5025795646689615
0.4311813211237543	0.472530260190341	1.0841388694585963	-1.015698278091398	-0.49722158618250056
0.43128318013893097	0.4753095837600113	1.0869820248330746	-1.0102754467799733	-0.4918655127260656
0.4313848131779751	0.47808769278065455	1.0898243586658296	-1.0048549643723699	-0.48651127354550205
0.4314862209088358	0.4808648616657805	1.0926655634730174	-0.9994369952786968	-0.48115903817997585
0.431587403996996	0.4836412097416455	1.0955059936429181	-0.9940213009896658	-0.47580848322614816
0.43168836310548353	0.4864165895723288	1.098345610183088	-0.9886079784596874	-0.47045980226559014
0.4317890988948816	0.4891907205480399	1.1011846236873442	-0.9831968202829908	-0.46511284212632736
0.43188961202334025	0.4919642208789565	1.1040229790218867	-0.9777881696892643	-0.4597678078532465
0.43198990314658653	0.49473613195312266	1.106859983445699	-0.9723818475266425	-0.454424536915208
0.4320899729179355	0.4975075208015756	1.1096961504586458	-0.9669778046027262	-0.449083098292057
0.4321898219883007	0.5002776141464672	1.1125316038948352	-0.9615760636251897	-0.44374344556452305
0.4322894510062048	0.503046892073871	1.1153662643359294	-0.9561766163735336	-0.43840556906190803
0.43238886061779025	0.5058150175804766	1.1182002596264597	-0.9507794673124688	-0.4330694720021165
0.43248805146682956	0.5085820623194648	1.121033429434015	-0.9453845285257954	-0.42773509335134374
0.4325870241947358	0.5113483122580443	1.1238652396684854	-0.9399918771650502	-0.42240254421557827
0.43268577944057307	0.5141136654662801	1.1266963450281964	-0.9346014496170286	-0.4170716361586809
0.4327843178410666	0.5168777087606488	1.1295270565517856	-0.9292132379642757	-0.4117425085214108
0.4328826400306132	0.5196408734767042	1.1323565649943197	-0.9238272415770876	-0.4064151119279535
0.43298074664129144	0.5224028040803812	1.1351852908925026	-0.918443457370936	-0.4010893718720332
0.4330786383028717	0.5251638211881438	1.1380130622798483	-0.9130618215523444	-0.3957653494728861
0.43317631564282644	0.5279238874606912	1.1408399921874526	-0.9076824091078031	-0.39044302742702813
0.43327377928634003	0.530682949261344	1.143666013577551	-0.9023051415891459	-0.3851223844410312
0.43337102985631915	0.5334409098467408	1.1464911628748748	-0.8969300300374581	-0.3798034113657798
0.4334680679734022	0.5361976571217872	1.1493154147396665	-0.8915570543466522	-0.3744861015721238
0.43356489425596967	0.5389537375268028	1.1521388596638236	-0.8861862119447015	-0.3691704314439322
0.4336615093201537	0.5417085916803976	1.1549613852575102	-0.8808174841745824	-0.3638564143128806
0.433757913779848	0.544462524658224	1.1577830280298098	-0.8754508435276447	-0.3585440533507006
0.4338541082467178	0.5472150292477979	1.160603866325866	-0.8700863186427387	-0.35323329316139
0.43395009333020895	0.549966800735192	1.1634236838437395	-0.8647238932286815	-0.3479241516911741
0.4340458696375583	0.5527173227590139	1.1662427598835416	-0.8593635304061523	-0.3426166117982928
0.4341414377738029	0.5554669384153078	1.1690609186805923	-0.8540052171551896	-0.33731067941808696
0.4342367983417896	0.5582155756084484	1.1718780220437084	-0.8486489488697923	-0.3320063488527572
0.43433195194218444	0.5609631087387817	1.1746944093890395	-0.8432947287243133	-0.3267035704362817
0.4344268991734825	0.5637095251061237	1.1775098457754365	-0.8379425649165699	-0.32140237971028734
0.4345216406320169	0.5664550093418568	1.180324357191516	-0.8325923984984974	-0.31610277211091536
0.43461617691196847	0.5691991529971191	1.1831384385143273	-0.8272442337436392	-0.3108046883706732
0.43471050860537475	0.5719425422228975	1.1859511951575494	-0.8218980727620563	-0.3055081573685278
0.43480463630213945	0.5746846031283416	1.1887630397517581	-0.816553865252808	-0.3002131640282744
0.43489856059004184	0.5774259605094195	1.191573990788735	-0.8112116871006242	-0.2949197143942557
0.4349922820547455	0.5801660615807327	1.1943840400536117	-0.8058714392269921	-0.28962777729960426
0.43508580127980795	0.5829050230852757	1.197192997333952	-0.800533137099888	-0.28433734939704675
0.43517911884668925	0.585643042208303	1.200001231518925	-0.7951967978861971	-0.27904842349643955
0.43527223533476134	0.588379715941511	1.2028087201479207	-0.7898623897414201	-0.273761003707834
0.4353651513213169	0.5911156172478267	1.2056151639321164	-0.7845299022290267	-0.26847507705787715
0.4354578673815786	0.5938504958153857	1.2084207077145375	-0.7791993387310971	-0.26319059829479935
0.4355503840887074	0.5965842526760727	1.2112253458694717	-0.7738706735858812	-0.25790762979918486
0.43564270201381194	0.5993168476101918	1.2140290600396175	-0.7685439089507367	-0.25262609038693246
0.4357348217259573	0.6020483479760901	1.2168317976753573	-0.7632190070965088	-0.2473460221649155
0.4358267437921734	0.604778631353711	1.2196335310307767	-0.7578959624225879	-0.2420674002427671
0.4359184687774641	0.6075082693293339	1.22243451668118	-0.7525748218163963	-0.23679021333627248
0.43600999724481576	0.6102365377433387	1.2252346459628656	-0.7472554904672939	-0.23151448215951004
0.4361013297552059	0.6129637228481132	1.2280337995609947	-0.741938035285738	-0.22624014292226005
0.4361924668676117	0.6156898266547436	1.2308319878254637	-0.7366224120012876	-0.22096722295994894
0.43628340913901864	0.6184148518821413	1.233629133551579	-0.7313085931226995	-0.21569571564956586
0.43637415712442895	0.6211388028046099	1.23642550612945	-0.7259966139963141	-0.21042561825896344
0.43646471137687026	0.6238616825290962	1.239221173834056	-0.7206864146724277	-0.20515690016273014
0.43655507244740377	0.6265834789842435	1.2420155866283802	-0.7153780137081166	-0.19988958026758194
0.4366452408851328	0.6293042239700807	1.244809091272343	-0.7100714050418113	-0.19462363340118055
0.4367352172372109	0.6320238732977425	1.2476017163817577	-0.7047665804433559	-0.18935905353282872
0.43682500204885066	0.634742406584305	1.250393465563903	-0.6994635195096982	-0.18409584988127986
0.4369145958633315	0.6374598424935467	1.253184316413641	-0.6941621916187461	-0.17883398065218767
0.4370039992220077	0.6401761884519983	1.25597423876606	-0.6888626368512939	-0.17357345373908467
0.43709321266431755	0.6428914414313343	1.2587630220838077	-0.6835648121656137	-0.16831428456733086
0.4371822367277904	0.6456055988463939	1.2615509901546569	-0.6782687125122796	-0.16305645149675682
0.43727107194805515	0.6483186590857437	1.2643380546297363	-0.6729743767312539	-0.15779992325649536
0.4373597188588486	0.6510306217824549	1.2671242009821784	-0.6676816698449451	-0.1525447366124657
0.4374481779920232	0.6537414877314532	1.2699094436579856	-0.6623907167930102	-0.14729086596373833
0.43753644987755486	0.6564512583649466	1.2726937662343545	-0.6571014472918385	-0.14203827504040561
0.43762453504355125	0.6591598728479947	1.275477000176213	-0.6518138578488695	-0.13678698362857178
0.4377124340162594	0.6618674145044287	1.2782593268156104	-0.646527971485546	-0.13153700011539313
0.4378001473200739	0.6645738712486796	1.2810408477713247	-0.6412437481422967	-0.12628827561176093
0.43788767547754437	0.6672792424986169	1.2838213005047432	-0.6359611492167634	-0.12104084612358203
0.43797501900938324	0.6699835239500893	1.2866008277209562	-0.6306802178106329	-0.11579467157850447
0.43806217843447387	0.6726867214456153	1.2893794272550276	-0.6254009130338077	-0.11054977251433636
0.43814915426987794	0.6753888615783163	1.292156904039465	-0.6201232568367062	-0.10530612052715826
0.43823594703084323	0.6780897674613722	1.2949337227146112	-0.6148472762591926	-0.1000637237830724
0.4383225572308111	0.6807895841891679	1.297709478358619	-0.6095728256953579	-0.09482257746930295
0.43840898538142437	0.6834884123871042	1.3004840722310058	-0.6042999998786242	-0.08958264978678532
0.43849523199253465	0.6861860906107643	1.3032579085972829	-0.5990287929423117	-0.08434394007710148
0.43858129757220987	0.6888826005313464	1.306030812181842	-0.5937591833887671	-0.0791064646604656
0.4386671826267418	0.6915780161295048	1.3088027813641074	-0.5884911183474029	-0.07387020911681243
0.4387528876606537	0.6942723449343472	1.3115737592320225	-0.5832246739042382	-0.06863515168209229
0.43883841317670724	0.6969655873037549	1.314343949611291	-0.577959753764205	-0.06340131588560223
0.4389237596759104	0.6996576964820195	1.3171130062517968	-0.5726964188254796	-0.0581686474121276
0.4390089276575246	0.7023487236182491	1.3198811258181784	-0.567434614624522	-0.05293717941413337
0.4390939176190718	0.7050385729279517	1.3226483020015678	-0.5621743659416265	-0.04770689814703287
0.43917873005634206	0.7077272723659725	1.3254144793503493	-0.5569156776575641	-0.04247780466923056
0.4392633654634006	0.710415028589464	1.3281796864883775	-0.5516584711628251	-0.03724984070079565
0.4393478243325952	0.713101546851404	1.330943896640794	-0.5464027761191018	-0.03202307159745852
0.439432107154563	0.7157870643412829	1.3337070661805794	-0.5411486192384707	-0.026797469357620875
0.43951621441823796	0.7184713088916129	1.336469213198161	-0.5358959462333542	-0.021572986044283708
0.4396001466108579	0.7211545366063561	1.3392309862139067	-0.5306447618992525	-0.016349672246484592
0.4396839042179712	0.7238365865320698	1.3419914675621019	-0.5253950691696215	-0.011127478889222085
0.43976748772344454	0.726517716747259	1.344750538255271	-0.5201468672148516	-0.005906454849279956
0.43985089760946916	0.7291975364196399	1.3475094034784925	-0.5149001232059157	-0.000686495416452741
0.43993413435656803	0.7318763633753985	1.3502666608518765	-0.5096548528825859	0.0045322926161321525
0.44001719844360315	0.7345539186253541	1.353023455452903	-0.5044110284920612	0.009749987332318135
0.44010009034778197	0.7372304071324127	1.355779173432238	-0.49916865668509824	0.014966592319810505
0.44018281054466435	0.7399058622538736	1.3585338130375304	-0.49392773386622246	0.02018207627636875
0.44026535950816953	0.7425801789431391	1.361287437045744	-0.4886882575784279	0.02539644802342638
0.4403477377105829	0.7452532980516061	1.364040213171087	-0.4834502042526764	0.03060971035378038
0.4404299456225625	0.7479254946697182	1.3667917456066023	-0.47821350625924924	0.03582194827375707
0.44051198371314615	0.7505963637702282	1.3695426075457617	-0.4729782816701509	0.041033112208353775
0.4405938524497578	0.7532662765415818	1.3722924234655596	-0.4677444218742523	0.04624311779219884
0.4406755522982142	0.7559349916037506	1.3750414299730636	-0.4625119841205635	0.05145217413396961
0.44075708372273187	0.7586022904988181	1.3777893169230218	-0.4572809444919325	0.056660076209377616
0.44083844718593335	0.7612688802913675	1.3805362156301455	-0.45205127647731036	0.061867003450417186
0.44091964314885373	0.763934333725981	1.383282000762984	-0.44682297888026	0.06707281572130892
0.44100067207094756	0.7665986215467845	1.3860270458296424	-0.4415960390087245	0.07227757331643893
0.441081534410095	0.7692616540215036	1.388771020356708	-0.43637047434255494	0.07748132841042267
0.4411622306226083	0.7719236320833516	1.3915140338053147	-0.4311462676327087	0.0826840664678288
0.4412427611632386	0.7745844235974472	1.39425603975834	-0.42592339239267124	0.08788579975056003
0.4413231264851817	0.7772441468009039	1.396997070086392	-0.42070187668789405	0.09308638506546876
0.4414033270400852	0.7799029740179945	1.3997369668361501	-0.41548168317906115	0.09828602103787061
0.44148336327805426	0.7825605781544328	1.4024762432530988	-0.4102628050290151	0.10348468421418067
0.44156323564765804	0.78521681010423	1.4052142016919538	-0.4050452673406243	0.10868238903379403
0.4416429445959363	0.7878720695021169	1.4079513634103946	-0.3998290450928119	0.11387894067432841
0.44172249056840507	0.7905261404530393	1.41068764634988	-0.39461410899476534	0.11907459953278006
0.44180187400906346	0.7931791678167694	1.4134228820097692	-0.38940048746061323	0.12426925956888017
0.44188109536039966	0.7958312840922659	1.4161571140353213	-0.3841881461071962	0.12946290760136553
0.4419601550633968	0.7984821490364984	1.4188903516112272	-0.37897709723299927	0.13465566496695253
0.44203905355753964	0.8011316437287656	1.4216224945100664	-0.37376732649509936	0.13984730442079216
0.4421177912808201	0.8037801469424803	1.4243537485802433	-0.3685588335351633	0.14503805558973465
0.44219636866974393	0.8064276388220402	1.4270840382862646	-0.3633516121996232	0.1502278622493104
0.44227478615933613	0.8090740808210178	1.4298132241304589	-0.3581456403211212	0.15541671110757618
0.4423530441831475	0.8117192655047509	1.4325416146432781	-0.35294093175718466	0.1606045720161865
0.44243114317326043	0.8143633945134018	1.4352690808554944	-0.3477374615666443	0.16579148948388026
0.44250908356029467	0.8170063164507356	1.43799531762394	-0.34253522953015464	0.17097745414662943
0.4425868657734137	0.8196480889358806	1.4407207305003584	-0.33733424188225425	0.1761624966171784
0.4426644902403303	0.8222886656556291	1.4434451668348125	-0.3321344851986318	0.1813466139832142
0.4427419573873123	0.824928417831555	1.4461683755872974	-0.3269359419585469	0.1865298037370727
0.442819267639189	0.8275668631500953	1.448890980810112	-0.3217386210640408	0.1917121216314446
0.44289642141935653	0.8302039989346165	1.451612198296568	-0.3165425009064175	0.19689341911388436
0.44297341914978366	0.8328401835589592	1.4543327371657244	-0.31134760346377305	0.20207384526642874
0.4430502612510178	0.8354754445089996	1.4570522111487065	-0.30615389078371624	0.20725338753432884
0.4431269481421905	0.8381095526973615	1.4597707751082782	-0.3009613591260488	0.21243204142656885
0.4432034802410234	0.840742421538918	1.4624882488256692	-0.2957700266191075	0.21760973970071779
0.44327985796383385	0.8433741559546679	1.4652047304566083	-0.2905798648707443	0.22278664176588467
0.4433560817255402	0.8460046348650604	1.4679201581235877	-0.2853908809951277	0.22796253959981622
0.4434321519396682	0.8486341124793612	1.4706347016316161	-0.28020307435704295	0.23313759369425388
0.44350806901835577	0.8512626158769256	1.4733482044939632	-0.275016425953428	0.23831180419029585
0.4435838333723593	0.8538897351600483	1.4760607717539234	-0.269830927891595	0.24348505152877978
0.44365944541105873	0.8565158157107535	1.4787722445616758	-0.2646465663364503	0.24865753199666818
0.44373490554246314	0.8591408328250095	1.4814828880292696	-0.2594633762227449	0.2538290453375165
0.44381021417321653	0.8617647766296037	1.484192473200815	-0.25428130837594753	0.2589998096289949
0.4438853717086031	0.8643875485300673	1.4869011179833267	-0.24910037215707662	0.2641696513445677
0.44396037855255255	0.8670093388891056	1.4896084552477344	-0.2439205671785703	0.26933864893864734
0.4440352351076459	0.8696298353517922	1.4923151827546244	-0.23874187238118322	0.27450682029166446
0.44410994177512053	0.8722490786565743	1.495020752849369	-0.23356430178355436	0.2796739601595717
0.44418449895487566	0.8748673739252053	1.4977254209575708	-0.2283878422757329	0.2848406315705957
0.44425890704547794	0.8774846127023416	1.500428923439491	-0.22321250089599406	0.29000625262444185
0.4443331664441663	0.880100749364164	1.5031316219662267	-0.21803823144353354	0.2951710268250606
